#chan	code	gain	vt50	innse	comment
   0	     0	75.8	141.3	 963	OK
   1	     0	74.1	141.0	 939	OK
   2	     0	75.4	143.9	 953	OK
   3	     0	75.7	143.0	 953	OK
   4	     0	76.2	145.8	 935	OK
   5	     0	73.7	140.2	 945	OK
   6	     0	74.9	143.6	 940	OK
   7	     0	74.6	142.5	 924	OK
   8	     0	75.8	143.8	 912	OK
   9	     0	76.5	145.1	 929	OK
  10	     0	74.7	141.9	 917	OK
  11	     0	74.3	142.7	 921	OK
  12	     0	75.1	141.7	 929	OK
  13	     0	74.3	143.0	 944	OK
  14	     0	75.4	143.5	 932	OK
  15	     0	74.0	141.7	 926	OK
  16	     0	73.9	140.2	 938	OK
  17	     0	74.4	141.2	 945	OK
  18	     0	76.1	145.9	 934	OK
  19	     0	76.7	146.5	 955	OK
  20	     0	74.2	139.3	 961	OK
  21	     0	75.9	145.2	 972	OK
  22	     0	73.4	141.3	 977	OK
  23	     0	71.5	137.9	 987	OK
  24	     0	73.5	141.2	 968	OK
  25	     0	75.3	141.4	 993	OK
  26	     0	71.5	136.1	1008	OK
  27	     0	74.5	141.8	1007	OK
  28	     0	74.8	140.7	1006	OK
  29	     0	75.9	144.1	1008	OK
  30	     0	76.5	144.7	1009	OK
  31	     0	75.2	142.3	 991	OK
  32	     0	72.9	137.1	1010	OK
  33	     0	75.6	140.8	1007	OK
  34	     0	74.9	140.4	1013	OK
  35	     0	73.7	139.4	 993	OK
  36	     0	73.9	139.4	1021	OK
  37	     0	75.4	142.3	 989	OK
  38	     0	74.9	142.7	 985	OK
  39	     0	74.6	141.8	1013	OK
  40	     0	75.8	142.5	1005	OK
  41	     0	75.8	144.4	 997	OK
  42	     0	76.5	145.5	 985	OK
  43	     0	74.6	143.7	1024	OK
  44	     0	75.7	143.0	 999	OK
  45	     0	73.9	139.3	1009	OK
  46	     0	71.2	135.3	 999	OK
  47	     0	74.3	139.7	1000	OK
  48	     0	74.7	139.3	1038	OK
  49	     0	74.1	142.3	1005	OK
  50	     0	72.1	137.0	1048	OK
  51	     0	74.0	140.4	1022	OK
  52	     0	73.1	138.5	1014	OK
  53	     0	73.2	139.4	1018	OK
  54	     0	75.8	142.2	1017	OK
  55	     0	72.8	139.2	1038	OK
  56	     0	74.7	142.1	1037	OK
  57	     0	74.5	140.9	1028	OK
  58	     0	74.9	141.2	1026	OK
  59	     0	75.1	143.1	1033	OK
  60	     0	75.2	141.7	1012	OK
  61	     0	73.3	138.4	1036	OK
  62	     0	73.3	138.7	1027	OK
  63	     0	73.1	141.4	1033	OK
  64	     0	73.2	138.4	1035	OK
  65	     0	75.8	142.1	1026	OK
  66	     0	73.8	140.3	1026	OK
  67	     0	74.2	139.9	1037	OK
  68	     0	73.1	138.2	1011	OK
  69	     0	72.3	136.9	1036	OK
  70	     0	71.9	133.4	1032	OK
  71	     0	73.3	137.5	1022	OK
  72	     0	72.4	136.1	1012	OK
  73	     0	74.6	142.8	 999	OK
  74	     0	72.8	137.4	1042	OK
  75	     0	70.3	135.7	1031	OK
  76	     0	72.5	137.4	1029	OK
  77	     0	76.4	145.7	1007	OK
  78	     0	74.5	140.6	1021	OK
  79	     0	73.6	139.2	1020	OK
  80	     0	72.2	136.0	1036	OK
  81	     0	71.6	135.8	1004	OK
  82	     0	73.4	139.8	1006	OK
  83	     0	73.4	139.2	1026	OK
  84	     0	73.2	137.2	1012	OK
  85	     0	73.1	139.4	1030	OK
  86	     0	74.1	139.8	1033	OK
  87	     0	72.1	135.8	1028	OK
  88	     0	70.5	136.3	1020	OK
  89	     0	73.8	141.3	1022	OK
  90	     0	76.2	142.2	1025	OK
  91	     0	72.4	137.5	1015	OK
  92	     0	73.2	139.8	1023	OK
  93	     0	73.8	139.2	1035	OK
  94	     0	74.4	142.7	1029	OK
  95	     0	75.2	142.3	1014	OK
  96	     0	74.0	142.2	1018	OK
  97	     0	70.8	133.8	1019	OK
  98	     0	72.0	137.8	1016	OK
  99	     0	74.4	140.4	1024	OK
 100	     0	72.3	136.2	1013	OK
 101	     0	73.8	141.2	1024	OK
 102	     0	73.9	141.4	1011	OK
 103	     0	73.0	138.2	 996	OK
 104	     0	74.4	138.5	1016	OK
 105	     0	74.5	140.5	1027	OK
 106	     0	74.2	140.9	1003	OK
 107	     0	71.4	136.0	1030	OK
 108	     0	72.5	137.5	1024	OK
 109	     0	71.7	137.3	1036	OK
 110	     0	72.3	138.0	1024	OK
 111	     0	74.6	141.1	1016	OK
 112	     0	72.8	139.3	1004	OK
 113	     0	71.7	136.2	1015	OK
 114	     0	73.8	141.4	1012	OK
 115	  4000	73.8	139.0	1602	high noise
 116	     0	74.3	141.2	1034	OK
 117	     0	71.8	138.8	1021	OK
 118	     0	74.4	138.2	1033	OK
 119	     0	72.2	136.0	1008	OK
 120	     0	73.2	137.2	1017	OK
 121	     0	73.2	138.5	1037	OK
 122	     0	73.1	139.9	1031	OK
 123	     0	75.1	141.9	 996	OK
 124	     0	74.1	139.2	1012	OK
 125	     0	72.2	135.7	1009	OK
 126	     0	75.2	142.2	1007	OK
 127	     0	75.9	143.2	1009	OK
 128	     0	76.9	147.1	1030	OK
 129	     0	82.3	153.3	1007	OK
 130	     0	80.7	152.7	 987	OK
 131	     0	80.9	150.4	1013	OK
 132	     0	82.0	151.2	1031	OK
 133	     0	78.8	148.9	1024	OK
 134	     0	80.9	150.9	1008	OK
 135	     0	81.0	153.0	 989	OK
 136	     0	81.1	151.1	1004	OK
 137	     0	77.6	143.7	1021	OK
 138	     0	81.6	153.6	1016	OK
 139	     0	80.5	149.1	 994	OK
 140	     0	78.9	147.5	1001	OK
 141	     0	82.1	151.9	1024	OK
 142	     0	78.6	148.1	 988	OK
 143	     0	78.6	146.3	1003	OK
 144	     0	78.7	146.1	 989	OK
 145	     0	81.1	152.4	 977	OK
 146	     0	79.0	147.7	 994	OK
 147	     0	77.1	144.6	 997	OK
 148	     0	77.4	144.6	 985	OK
 149	     0	80.4	150.4	1012	OK
 150	     0	79.4	147.4	1002	OK
 151	     0	81.7	152.2	 998	OK
 152	     0	80.2	149.1	1010	OK
 153	     0	75.9	140.2	1001	OK
 154	     0	81.1	149.9	1002	OK
 155	     0	81.2	153.1	1004	OK
 156	     0	79.1	149.5	 992	OK
 157	     0	78.3	144.4	 977	OK
 158	     0	79.2	146.3	 984	OK
 159	     0	83.1	156.5	 989	OK
 160	     0	79.4	148.9	 985	OK
 161	     0	78.4	146.0	1004	OK
 162	     0	79.7	150.1	 988	OK
 163	     0	79.3	149.7	 974	OK
 164	     0	79.0	148.5	 988	OK
 165	     0	77.6	144.4	 986	OK
 166	     0	81.2	151.7	 991	OK
 167	     0	78.7	147.3	 988	OK
 168	     0	80.0	150.4	 984	OK
 169	     0	77.0	142.6	 970	OK
 170	     0	78.3	144.9	 989	OK
 171	     0	78.7	147.8	 988	OK
 172	     0	79.1	150.1	 984	OK
 173	     0	78.4	146.8	 989	OK
 174	     0	77.8	145.7	 982	OK
 175	     0	77.1	147.2	 982	OK
 176	     0	79.6	148.6	 997	OK
 177	     0	79.4	149.5	 975	OK
 178	     0	81.7	156.1	 969	OK
 179	     0	81.3	153.1	1008	OK
 180	     0	79.7	147.7	 997	OK
 181	     0	78.1	148.5	 975	OK
 182	     0	80.2	148.5	 979	OK
 183	     0	79.2	147.5	 985	OK
 184	     0	78.7	149.2	 987	OK
 185	     0	76.3	147.3	 993	OK
 186	     0	77.8	147.3	 991	OK
 187	     0	78.4	146.7	 991	OK
 188	     0	79.2	145.8	 993	OK
 189	     0	81.7	151.3	 972	OK
 190	     0	79.0	150.0	 990	OK
 191	     0	82.0	153.4	 977	OK
 192	     0	78.6	145.2	 997	OK
 193	     0	80.7	151.7	 971	OK
 194	     0	79.2	148.9	 953	OK
 195	     0	78.2	146.3	 965	OK
 196	     0	78.9	148.1	1000	OK
 197	     0	77.3	143.1	 987	OK
 198	     0	79.0	148.5	 981	OK
 199	     0	79.6	149.6	 971	OK
 200	     0	79.5	147.8	 983	OK
 201	     0	78.9	146.8	 985	OK
 202	     0	81.6	150.7	 972	OK
 203	     0	79.6	147.2	 963	OK
 204	     0	77.3	145.9	 981	OK
 205	     0	78.3	146.8	 958	OK
 206	     0	79.1	147.4	 986	OK
 207	     0	80.0	150.5	 967	OK
 208	     0	78.5	147.2	 979	OK
 209	     0	77.7	144.7	 959	OK
 210	     0	80.8	152.2	 970	OK
 211	     0	78.4	147.7	 965	OK
 212	     0	80.9	150.7	 970	OK
 213	     0	77.3	144.6	 982	OK
 214	     0	80.4	149.3	 957	OK
 215	     0	78.0	144.8	 978	OK
 216	     0	79.0	150.6	 948	OK
 217	     0	78.7	145.7	 976	OK
 218	     0	78.5	147.2	 952	OK
 219	     0	78.6	146.1	 981	OK
 220	     0	77.5	147.4	 958	OK
 221	     0	78.7	148.1	 970	OK
 222	     0	77.0	144.8	 958	OK
 223	     0	78.3	146.8	 972	OK
 224	     0	80.9	149.2	 966	OK
 225	     0	78.0	145.6	 964	OK
 226	     0	80.0	148.9	 974	OK
 227	     0	77.6	145.0	 970	OK
 228	     0	78.2	146.2	 980	OK
 229	     0	80.4	151.6	 988	OK
 230	     0	80.7	150.6	 985	OK
 231	     0	83.1	154.1	 978	OK
 232	     0	82.9	155.0	 986	OK
 233	     0	77.7	145.5	 971	OK
 234	     0	80.1	148.6	 977	OK
 235	     0	79.6	148.3	 979	OK
 236	     0	80.0	148.6	 974	OK
 237	     0	82.1	153.7	 976	OK
 238	     0	80.3	149.7	 982	OK
 239	     0	79.1	149.1	 979	OK
 240	     0	78.1	145.1	 998	OK
 241	     0	76.3	142.2	 966	OK
 242	     0	79.5	148.1	 979	OK
 243	     0	79.1	145.8	 981	OK
 244	     0	77.8	147.8	 979	OK
 245	     0	80.8	148.4	 988	OK
 246	     0	81.1	150.2	 981	OK
 247	     0	80.9	149.2	 996	OK
 248	     0	81.0	149.9	 997	OK
 249	     0	79.6	145.2	 972	OK
 250	     0	80.8	150.8	 954	OK
 251	     0	80.5	148.0	 983	OK
 252	     0	82.3	157.0	 993	OK
 253	     0	79.5	148.9	 993	OK
 254	     0	79.6	146.7	 987	OK
 255	     0	78.8	146.6	 969	OK
 256	     0	81.0	151.8	1000	OK
 257	     0	80.3	150.0	 993	OK
 258	     0	81.8	150.4	 998	OK
 259	     0	79.5	151.0	1005	OK
 260	     0	81.1	150.5	1000	OK
 261	     0	81.1	149.1	 990	OK
 262	     0	78.4	146.2	 999	OK
 263	     0	80.0	149.5	 984	OK
 264	     0	78.4	143.9	 988	OK
 265	     0	82.0	153.0	 977	OK
 266	     0	81.9	153.1	 972	OK
 267	     0	80.6	149.4	1008	OK
 268	     0	82.8	153.5	1009	OK
 269	     0	81.9	152.5	 991	OK
 270	     0	80.0	151.4	1008	OK
 271	     0	79.5	150.1	 995	OK
 272	     0	84.3	156.2	 997	OK
 273	     0	81.9	153.4	 990	OK
 274	     0	80.2	150.3	 987	OK
 275	     0	80.8	150.4	 970	OK
 276	     0	82.9	153.2	 999	OK
 277	     0	78.8	146.0	 992	OK
 278	     0	78.1	149.2	 982	OK
 279	     0	80.7	152.2	 978	OK
 280	     0	79.3	147.3	1005	OK
 281	     0	81.3	148.2	 984	OK
 282	     0	80.5	151.2	1001	OK
 283	     0	78.1	146.9	1004	OK
 284	     0	82.8	154.4	 983	OK
 285	     0	80.7	149.1	 996	OK
 286	     0	79.4	147.0	 994	OK
 287	     0	76.3	140.4	 997	OK
 288	     0	78.5	146.4	 990	OK
 289	     0	79.9	151.2	 997	OK
 290	     0	79.4	147.5	 982	OK
 291	     0	78.6	145.9	1019	OK
 292	     0	80.5	151.3	 982	OK
 293	     0	81.0	152.9	 988	OK
 294	     0	80.7	148.9	 991	OK
 295	     0	78.6	146.9	1013	OK
 296	     0	76.9	145.2	 984	OK
 297	     0	79.2	148.3	1004	OK
 298	     0	81.4	153.4	 991	OK
 299	     0	79.5	150.2	1017	OK
 300	     0	81.3	152.9	 994	OK
 301	     0	78.2	147.1	1014	OK
 302	     0	78.7	148.6	1003	OK
 303	     0	80.0	149.0	 982	OK
 304	     0	80.2	146.6	1016	OK
 305	     0	80.2	148.0	1003	OK
 306	     0	78.0	146.9	1007	OK
 307	     0	79.7	151.1	1000	OK
 308	     0	79.8	148.3	1014	OK
 309	     0	81.9	153.3	1015	OK
 310	     0	78.9	147.7	 993	OK
 311	     0	79.9	149.6	1007	OK
 312	     0	78.5	146.8	1000	OK
 313	     0	78.1	147.5	 990	OK
 314	     0	81.2	152.0	 998	OK
 315	     0	82.4	155.6	 999	OK
 316	     0	80.5	149.8	1010	OK
 317	     0	80.4	149.0	 998	OK
 318	     0	81.7	151.6	1003	OK
 319	     0	78.4	145.4	1027	OK
 320	     0	80.0	151.4	 988	OK
 321	     0	82.1	152.1	 988	OK
 322	     0	77.8	147.5	 999	OK
 323	     0	75.7	142.6	1009	OK
 324	     0	78.6	146.1	1023	OK
 325	     0	77.3	146.6	1008	OK
 326	     0	77.1	143.0	1013	OK
 327	     0	78.8	150.8	1006	OK
 328	     0	76.1	143.6	1001	OK
 329	     0	76.4	141.9	1008	OK
 330	     0	77.8	143.7	 993	OK
 331	     0	76.4	142.7	1016	OK
 332	     0	77.2	145.5	 986	OK
 333	     0	78.0	145.6	1005	OK
 334	     0	76.5	143.5	1002	OK
 335	     0	78.9	147.1	 995	OK
 336	     0	76.7	142.9	1017	OK
 337	     0	77.8	145.0	1000	OK
 338	     0	78.0	145.3	1001	OK
 339	     0	79.0	146.5	 981	OK
 340	     0	74.9	142.1	1015	OK
 341	     0	74.9	143.4	1014	OK
 342	     0	77.5	145.0	 990	OK
 343	     0	78.9	148.4	 996	OK
 344	     0	76.6	143.5	 990	OK
 345	     0	76.6	145.8	 973	OK
 346	     0	77.5	146.0	 998	OK
 347	     0	77.1	143.0	1005	OK
 348	     0	76.9	143.9	 997	OK
 349	     0	77.5	143.8	1008	OK
 350	     0	78.6	145.7	 995	OK
 351	     0	76.5	142.6	 988	OK
 352	     0	75.7	142.4	1000	OK
 353	     0	78.1	147.5	1005	OK
 354	     0	78.8	147.2	 988	OK
 355	     0	75.9	141.6	1004	OK
 356	     0	78.3	148.2	 988	OK
 357	     0	76.3	143.8	1009	OK
 358	     0	78.0	146.8	 976	OK
 359	     0	77.3	144.7	 996	OK
 360	     0	73.7	138.6	 992	OK
 361	     0	76.7	142.4	1001	OK
 362	     0	80.4	150.4	 992	OK
 363	     0	77.8	143.9	 997	OK
 364	     0	77.1	144.7	 997	OK
 365	     0	76.5	143.4	 983	OK
 366	     0	78.0	147.8	1007	OK
 367	     0	77.5	144.3	 995	OK
 368	     0	77.7	142.6	 988	OK
 369	     0	79.9	149.8	1000	OK
 370	     0	77.2	145.6	 997	OK
 371	     0	77.5	142.9	 993	OK
 372	     0	78.4	148.0	 972	OK
 373	     0	78.4	146.7	1007	OK
 374	     0	76.2	142.2	 980	OK
 375	     0	79.9	148.2	 976	OK
 376	     0	77.5	142.8	 980	OK
 377	     0	79.8	147.6	 991	OK
 378	     0	78.9	147.5	 978	OK
 379	     0	77.5	145.6	 953	OK
 380	     0	77.1	144.8	 955	OK
 381	     0	76.0	143.7	 985	OK
 382	     0	77.3	144.9	 964	OK
 383	     0	76.8	143.4	 993	OK
 384	     0	75.3	144.1	 968	OK
 385	     0	74.7	138.3	 965	OK
 386	     0	74.7	141.2	 974	OK
 387	     0	78.0	146.7	 953	OK
 388	     0	78.0	146.5	 948	OK
 389	     0	75.9	143.2	 950	OK
 390	     0	75.2	138.8	 958	OK
 391	     0	77.1	145.2	 975	OK
 392	     0	76.6	145.0	 950	OK
 393	     0	77.2	143.9	 948	OK
 394	     0	76.9	142.8	 977	OK
 395	     0	77.4	145.5	 950	OK
 396	     0	77.0	145.3	 965	OK
 397	     0	76.9	144.0	 960	OK
 398	     0	76.8	144.7	 956	OK
 399	     0	74.5	138.6	 957	OK
 400	     0	76.9	146.6	 937	OK
 401	     0	76.3	142.8	 955	OK
 402	     0	75.9	141.0	 978	OK
 403	     0	75.6	142.9	 963	OK
 404	     0	77.8	145.6	 931	OK
 405	     0	75.3	140.8	 957	OK
 406	     0	76.1	142.7	 949	OK
 407	     0	76.6	143.5	 951	OK
 408	     0	77.3	145.5	 937	OK
 409	     0	74.3	139.3	 968	OK
 410	     0	76.0	142.5	 962	OK
 411	     0	75.9	141.8	 962	OK
 412	     0	76.2	142.4	 964	OK
 413	     0	75.7	140.8	 926	OK
 414	     0	74.8	141.3	 965	OK
 415	     0	74.4	140.9	 952	OK
 416	     0	76.8	144.7	 944	OK
 417	     0	76.1	143.2	 946	OK
 418	     0	76.3	141.5	 944	OK
 419	     0	75.2	142.1	 946	OK
 420	     0	73.1	138.1	 962	OK
 421	     0	77.3	146.6	 966	OK
 422	     0	75.2	142.3	 959	OK
 423	     0	73.5	136.4	 959	OK
 424	     0	77.4	145.7	 952	OK
 425	     0	78.1	144.9	 939	OK
 426	     0	76.3	142.9	 946	OK
 427	     0	75.1	143.2	 967	OK
 428	     0	73.7	138.9	 974	OK
 429	     0	74.5	142.6	 976	OK
 430	     0	73.8	141.9	 953	OK
 431	     0	74.9	138.5	 975	OK
 432	     0	75.9	142.3	 956	OK
 433	     0	75.2	140.0	 948	OK
 434	     0	77.2	145.0	 948	OK
 435	     0	76.7	143.7	 967	OK
 436	     0	73.5	138.9	 934	OK
 437	     0	75.0	139.3	 949	OK
 438	     0	73.7	140.4	 964	OK
 439	     0	76.3	142.6	 979	OK
 440	     0	74.9	139.5	 969	OK
 441	     0	73.6	138.9	 985	OK
 442	     0	74.2	139.6	 964	OK
 443	     0	77.0	143.6	 962	OK
 444	     0	75.8	141.0	 979	OK
 445	     0	74.2	138.5	 985	OK
 446	     0	75.6	140.9	 975	OK
 447	     0	76.9	144.6	 978	OK
 448	     0	75.6	143.7	 944	OK
 449	     0	77.1	144.9	 984	OK
 450	     0	75.4	141.4	 953	OK
 451	     0	75.8	143.3	 967	OK
 452	     0	75.2	140.4	 977	OK
 453	     0	75.0	140.4	 974	OK
 454	     0	75.8	142.5	 980	OK
 455	     0	76.9	145.6	 958	OK
 456	     0	73.9	141.1	 963	OK
 457	     0	74.0	140.6	 961	OK
 458	     0	76.3	144.9	 968	OK
 459	     0	74.0	139.5	 987	OK
 460	     0	75.5	143.9	 971	OK
 461	     0	74.4	141.5	 952	OK
 462	     0	75.1	142.0	 964	OK
 463	     0	73.8	138.4	 992	OK
 464	     0	75.5	141.4	 966	OK
 465	     0	75.0	141.7	 964	OK
 466	     0	74.9	141.3	 960	OK
 467	     0	75.6	142.7	 952	OK
 468	     0	74.7	139.4	 953	OK
 469	     0	75.3	142.3	 963	OK
 470	     0	77.5	145.8	 965	OK
 471	     0	76.7	141.9	 966	OK
 472	     0	76.2	141.4	 941	OK
 473	     0	76.8	145.5	 955	OK
 474	     0	73.8	138.7	 970	OK
 475	     0	76.5	142.6	 957	OK
 476	     0	77.1	144.1	 971	OK
 477	     0	75.5	141.1	 982	OK
 478	     0	77.3	144.5	 956	OK
 479	     0	75.2	140.8	 978	OK
 480	     0	75.1	141.8	 966	OK
 481	     0	75.3	142.8	 948	OK
 482	     0	73.9	140.4	 959	OK
 483	     0	75.8	142.1	 972	OK
 484	     0	75.8	143.7	 949	OK
 485	     0	75.9	141.9	 978	OK
 486	     0	75.4	141.6	 974	OK
 487	     0	72.1	138.1	 964	OK
 488	     0	75.3	141.9	 951	OK
 489	     0	77.2	143.1	 980	OK
 490	     0	75.3	143.5	 980	OK
 491	     0	76.2	144.1	 978	OK
 492	     0	75.3	141.9	 936	OK
 493	     0	78.4	145.6	 972	OK
 494	     0	74.5	138.2	 970	OK
 495	     0	76.4	141.2	 971	OK
 496	     0	74.8	142.3	 961	OK
 497	     0	75.7	140.8	 969	OK
 498	     0	75.6	141.5	 964	OK
 499	     0	79.5	148.5	 947	OK
 500	     0	75.7	143.5	 963	OK
 501	     0	76.0	143.9	 958	OK
 502	     0	74.2	138.9	 965	OK
 503	     0	73.0	137.3	 956	OK
 504	     0	75.1	143.6	 957	OK
 505	     0	74.8	140.5	 940	OK
 506	     0	77.9	146.4	 956	OK
 507	     0	77.6	143.7	 951	OK
 508	     0	77.0	143.5	 960	OK
 509	     0	76.7	145.6	 957	OK
 510	     0	76.9	146.1	 944	OK
 511	     0	76.3	144.7	 943	OK
 512	     0	75.4	142.5	1000	OK
 513	     0	73.8	140.0	 999	OK
 514	     0	75.7	140.9	 981	OK
 515	     0	76.8	145.0	 982	OK
 516	     0	74.8	142.4	 983	OK
 517	     0	77.4	145.4	 987	OK
 518	     0	74.0	137.8	 976	OK
 519	     0	76.6	144.6	 980	OK
 520	     0	76.3	144.2	 992	OK
 521	     0	74.4	140.4	 994	OK
 522	     0	74.8	142.6	1003	OK
 523	     0	73.7	140.0	 978	OK
 524	     0	74.7	139.7	 981	OK
 525	     0	75.9	143.1	 964	OK
 526	     0	73.2	137.3	 976	OK
 527	     0	72.5	137.3	1006	OK
 528	     0	73.1	136.2	 981	OK
 529	     0	75.9	144.2	 977	OK
 530	     0	74.0	139.7	 983	OK
 531	     0	75.5	141.6	 985	OK
 532	     0	75.8	140.3	 974	OK
 533	     0	72.2	138.5	 989	OK
 534	     0	75.3	140.4	 975	OK
 535	     0	77.5	142.7	 972	OK
 536	     0	74.6	141.6	 985	OK
 537	     0	74.6	139.4	 974	OK
 538	     0	74.2	139.2	 982	OK
 539	     0	73.5	137.7	 974	OK
 540	     0	75.5	141.7	 997	OK
 541	     0	74.8	142.5	 986	OK
 542	     0	71.9	135.6	 977	OK
 543	     0	74.8	138.3	 967	OK
 544	     0	73.5	138.6	 993	OK
 545	     0	76.7	141.8	 999	OK
 546	     0	74.6	140.2	 979	OK
 547	     0	77.1	145.0	 963	OK
 548	     0	73.8	141.1	 992	OK
 549	     0	75.0	142.0	 988	OK
 550	     0	75.2	142.8	 970	OK
 551	     0	74.5	140.5	 984	OK
 552	     0	75.9	141.4	 972	OK
 553	     0	75.5	141.4	 980	OK
 554	     0	76.1	143.4	 982	OK
 555	     0	76.5	143.9	 976	OK
 556	     0	74.7	141.5	 984	OK
 557	     0	73.5	138.5	 979	OK
 558	     0	73.6	138.6	 976	OK
 559	     0	74.3	138.3	 976	OK
 560	     0	73.9	140.0	 974	OK
 561	     0	73.7	140.2	 992	OK
 562	     0	74.9	140.7	 985	OK
 563	     0	74.6	140.3	 978	OK
 564	     0	74.0	141.3	 986	OK
 565	     0	75.4	142.7	 977	OK
 566	     0	75.8	142.6	 988	OK
 567	     0	73.6	138.6	 990	OK
 568	     0	75.7	143.4	 968	OK
 569	     0	75.4	141.1	 976	OK
 570	     0	75.8	141.4	 996	OK
 571	     0	73.8	139.3	 984	OK
 572	     0	74.6	141.3	1002	OK
 573	     0	73.7	137.7	 977	OK
 574	     0	76.5	144.4	 979	OK
 575	     0	75.9	144.4	 977	OK
 576	     0	75.7	150.1	 976	OK
 577	     0	76.4	145.2	 999	OK
 578	     0	76.0	143.8	 976	OK
 579	     0	78.0	147.9	 960	OK
 580	     0	75.4	139.8	 987	OK
 581	     0	72.9	139.4	 998	OK
 582	     0	72.9	138.4	 987	OK
 583	     0	76.9	144.9	 972	OK
 584	     0	74.8	141.3	 983	OK
 585	     0	74.4	140.0	 999	OK
 586	     0	77.5	145.1	 974	OK
 587	     0	75.1	142.9	 977	OK
 588	     0	73.8	138.8	 999	OK
 589	     0	75.9	144.1	 982	OK
 590	     0	72.8	137.9	 977	OK
 591	     0	76.0	141.2	 981	OK
 592	     0	75.5	145.1	 996	OK
 593	     0	75.7	143.0	 982	OK
 594	     0	76.0	144.6	 979	OK
 595	     0	76.8	145.2	 981	OK
 596	     0	76.2	144.5	 982	OK
 597	     0	75.2	141.4	 992	OK
 598	     0	73.9	140.0	1004	OK
 599	     0	75.9	143.6	1012	OK
 600	     0	76.1	142.9	 977	OK
 601	     0	76.3	142.7	 985	OK
 602	     0	76.4	142.5	1004	OK
 603	     0	76.0	143.0	1011	OK
 604	     0	73.6	140.5	1019	OK
 605	     0	74.7	142.0	 992	OK
 606	     0	72.5	138.1	1008	OK
 607	     0	75.9	141.1	1003	OK
 608	     0	74.6	143.9	1011	OK
 609	     0	77.9	149.0	1001	OK
 610	     0	76.0	144.0	1012	OK
 611	     0	75.9	141.6	 990	OK
 612	     0	74.5	140.4	1016	OK
 613	     0	77.3	143.5	1012	OK
 614	     0	74.3	141.4	1035	OK
 615	     0	75.5	139.4	1021	OK
 616	     0	75.3	140.3	1042	OK
 617	     0	76.8	145.7	1009	OK
 618	     0	75.3	140.8	1020	OK
 619	     0	76.2	142.6	1018	OK
 620	     0	77.4	147.5	1000	OK
 621	     0	75.4	141.1	1032	OK
 622	     0	78.6	147.2	1031	OK
 623	     0	78.2	144.7	1018	OK
 624	     0	73.8	138.8	1005	OK
 625	     0	75.8	141.9	1014	OK
 626	     0	78.2	148.2	1035	OK
 627	     0	77.3	146.2	1006	OK
 628	     0	76.9	142.1	1027	OK
 629	     0	75.9	143.3	1037	OK
 630	     0	78.0	148.0	1023	OK
 631	     0	76.6	144.7	1035	OK
 632	     0	75.2	141.3	1011	OK
 633	     0	76.3	145.1	1021	OK
 634	     0	76.5	142.9	1033	OK
 635	     0	75.0	139.8	1043	OK
 636	     0	78.5	146.9	1038	OK
 637	     0	78.7	148.5	1025	OK
 638	     0	76.9	144.8	1006	OK
 639	     0	75.2	143.0	1027	OK
 640	     0	79.8	151.9	1053	OK
 641	     0	80.4	147.8	1033	OK
 642	     0	80.4	152.2	1056	OK
 643	     0	80.6	148.9	1046	OK
 644	     0	78.7	147.1	1028	OK
 645	     0	77.6	147.7	1057	OK
 646	     0	80.8	150.4	1029	OK
 647	     0	79.3	147.8	1014	OK
 648	     0	81.9	154.1	1028	OK
 649	     0	81.1	153.1	1047	OK
 650	     0	79.0	148.2	1027	OK
 651	     0	79.5	148.8	1028	OK
 652	     0	79.5	148.8	1051	OK
 653	     0	79.7	150.5	1004	OK
 654	     0	80.0	149.6	1036	OK
 655	     0	81.8	154.6	1022	OK
 656	     0	82.8	154.7	1033	OK
 657	     0	78.2	146.6	1023	OK
 658	     0	80.4	150.1	1036	OK
 659	     0	79.4	146.5	1013	OK
 660	     0	77.9	146.1	1015	OK
 661	     0	78.2	147.1	1028	OK
 662	     0	79.1	146.3	1032	OK
 663	     0	79.8	149.5	1029	OK
 664	     0	77.6	144.8	1002	OK
 665	     0	79.2	147.6	1022	OK
 666	     0	77.1	143.3	1025	OK
 667	     0	81.6	148.4	1023	OK
 668	     0	78.8	147.3	1020	OK
 669	     0	81.2	149.4	 997	OK
 670	     0	78.2	147.6	1030	OK
 671	     0	79.5	148.8	1018	OK
 672	     0	80.0	149.3	1024	OK
 673	     0	78.4	146.4	1026	OK
 674	     0	78.7	147.9	1026	OK
 675	     0	78.8	147.2	1014	OK
 676	     0	80.2	149.3	1036	OK
 677	     0	80.7	152.8	1029	OK
 678	     0	81.9	152.9	1018	OK
 679	     0	77.6	146.3	1018	OK
 680	     0	80.2	148.6	1005	OK
 681	     0	81.5	150.9	1009	OK
 682	     0	80.0	148.6	1023	OK
 683	     0	81.5	151.0	1021	OK
 684	     0	78.5	146.6	1019	OK
 685	     0	78.8	148.4	1025	OK
 686	     0	79.2	148.8	1011	OK
 687	     0	77.6	146.5	1017	OK
 688	     0	79.3	147.9	1029	OK
 689	     0	79.1	147.9	1025	OK
 690	     0	80.9	148.7	1018	OK
 691	     0	78.9	147.2	1035	OK
 692	     0	81.0	149.1	1028	OK
 693	     0	81.1	150.9	1015	OK
 694	     0	79.5	149.2	1040	OK
 695	     0	79.7	147.6	1023	OK
 696	     0	80.0	151.7	1043	OK
 697	     0	79.7	150.6	1041	OK
 698	     0	79.5	147.5	1011	OK
 699	     0	79.8	149.2	1022	OK
 700	     0	80.7	149.1	1012	OK
 701	     0	79.8	148.7	1054	OK
 702	     0	79.8	147.6	1008	OK
 703	     0	79.5	148.4	1016	OK
 704	     0	76.2	142.8	1013	OK
 705	     0	79.1	149.7	1021	OK
 706	     0	77.3	145.4	1037	OK
 707	     0	77.0	147.4	1020	OK
 708	     0	78.9	147.6	1022	OK
 709	     0	78.2	147.4	1027	OK
 710	     0	78.2	147.1	1040	OK
 711	     0	79.4	149.0	1014	OK
 712	     0	79.3	152.1	1019	OK
 713	     0	76.8	147.1	1021	OK
 714	     0	78.7	147.3	1024	OK
 715	     0	76.6	145.3	1035	OK
 716	     0	79.4	148.9	1019	OK
 717	     0	79.4	149.7	1028	OK
 718	     0	78.4	145.5	1008	OK
 719	     0	76.7	145.6	1048	OK
 720	     0	77.1	145.5	1005	OK
 721	     0	79.9	150.8	1030	OK
 722	     0	80.3	149.1	1020	OK
 723	     0	80.4	149.4	1030	OK
 724	     0	78.6	145.9	1013	OK
 725	     0	78.2	146.4	1009	OK
 726	     0	81.5	152.0	1033	OK
 727	     0	80.0	149.5	1038	OK
 728	     0	78.3	147.2	1007	OK
 729	     0	79.9	148.0	1036	OK
 730	     0	78.0	145.9	1036	OK
 731	     0	78.3	146.1	1028	OK
 732	     0	79.8	147.5	1021	OK
 733	     0	75.9	141.8	1036	OK
 734	     0	78.7	148.8	1004	OK
 735	     0	76.7	143.6	1017	OK
 736	     0	76.5	143.1	1037	OK
 737	     0	76.5	142.2	1009	OK
 738	     0	77.6	143.2	1030	OK
 739	     0	80.7	155.5	1034	OK
 740	     0	79.4	148.4	1015	OK
 741	     0	74.5	141.7	1029	OK
 742	     0	76.6	143.3	1032	OK
 743	     0	80.0	150.5	1015	OK
 744	     0	76.9	144.4	1027	OK
 745	     0	78.8	148.0	1018	OK
 746	     0	79.8	148.4	1035	OK
 747	     0	77.5	144.8	1027	OK
 748	     0	76.9	144.3	1028	OK
 749	     0	79.3	149.5	1057	OK
 750	     0	78.0	146.5	1023	OK
 751	     0	78.6	144.9	1023	OK
 752	     0	79.7	149.1	1051	OK
 753	     0	79.5	147.6	1025	OK
 754	     0	78.0	148.3	1033	OK
 755	     0	78.0	146.0	1038	OK
 756	     0	76.9	141.9	1028	OK
 757	     0	79.0	147.7	1019	OK
 758	     0	78.3	146.3	1028	OK
 759	     0	78.6	148.4	1039	OK
 760	     0	78.9	146.3	1046	OK
 761	     0	77.6	144.3	1018	OK
 762	     0	78.3	145.2	1032	OK
 763	     0	77.5	145.1	1033	OK
 764	     0	78.8	148.9	1058	OK
 765	     0	76.4	145.0	1042	OK
 766	     0	76.1	140.5	1059	OK
 767	     0	75.9	142.7	1059	OK
 768	     0	77.4	145.9	1069	OK
 769	     0	79.7	148.2	1074	OK
 770	     0	78.3	150.0	1091	OK
 771	     0	78.7	147.5	1099	OK
 772	     0	77.7	144.2	1082	OK
 773	     0	79.7	150.0	1083	OK
 774	     0	83.4	156.9	1108	OK
 775	     0	80.8	150.4	1071	OK
 776	     0	77.2	145.5	1091	OK
 777	     0	77.2	142.9	1092	OK
 778	     0	76.7	141.7	1086	OK
 779	     0	77.6	145.9	1076	OK
 780	     0	82.3	151.3	1071	OK
 781	     0	79.7	147.3	1087	OK
 782	     0	75.5	143.4	1074	OK
 783	     0	76.6	144.9	1068	OK
 784	     0	79.3	146.4	1080	OK
 785	     0	78.1	147.2	1047	OK
 786	     0	76.7	145.8	1064	OK
 787	     0	78.5	147.0	1065	OK
 788	     0	78.6	148.2	1106	OK
 789	     0	78.9	149.2	1076	OK
 790	     0	77.4	148.7	1086	OK
 791	     0	77.1	145.5	1051	OK
 792	     0	78.5	146.6	1057	OK
 793	     0	79.7	151.7	1084	OK
 794	     0	76.6	146.5	1039	OK
 795	     0	77.3	144.5	1061	OK
 796	     0	75.8	142.7	1072	OK
 797	     0	77.0	146.7	1061	OK
 798	     0	80.0	148.7	1045	OK
 799	     0	78.6	146.6	1046	OK
 800	     0	76.6	143.3	1059	OK
 801	     0	78.1	145.9	1028	OK
 802	     0	76.9	144.2	1021	OK
 803	     0	78.6	148.6	1022	OK
 804	     0	79.8	151.8	1033	OK
 805	     0	79.0	146.8	1028	OK
 806	     0	79.1	148.8	1046	OK
 807	     0	79.3	148.5	1048	OK
 808	     0	81.0	149.7	1047	OK
 809	     0	75.8	144.2	1069	OK
 810	     0	77.6	146.7	1055	OK
 811	     0	78.3	146.2	1043	OK
 812	     0	78.5	149.7	1026	OK
 813	     0	76.0	143.8	1075	OK
 814	     0	78.7	148.6	1036	OK
 815	     0	81.7	150.0	1058	OK
 816	     0	75.7	142.0	1069	OK
 817	     0	75.8	144.8	1073	OK
 818	     0	77.9	146.2	1068	OK
 819	     0	77.5	145.6	1062	OK
 820	     0	77.8	144.5	1089	OK
 821	     0	78.5	148.0	1083	OK
 822	     0	79.8	148.1	1087	OK
 823	     0	77.0	145.3	1061	OK
 824	     0	75.9	143.5	1044	OK
 825	     0	77.4	143.7	1066	OK
 826	     0	80.0	150.1	1042	OK
 827	     0	79.9	148.1	1063	OK
 828	     0	80.1	148.3	1055	OK
 829	     0	76.9	144.1	1051	OK
 830	     0	76.7	145.3	1071	OK
 831	     0	81.0	151.6	1054	OK
 832	     0	79.3	148.5	1044	OK
 833	     0	77.8	145.3	1030	OK
 834	     0	75.3	141.1	1052	OK
 835	     0	78.5	146.5	1038	OK
 836	     0	78.2	146.4	1065	OK
 837	     0	78.8	148.5	1057	OK
 838	     0	76.7	145.1	1050	OK
 839	     0	77.9	146.2	1039	OK
 840	     0	77.0	144.8	1041	OK
 841	     0	77.2	145.3	1046	OK
 842	     0	78.0	145.2	1036	OK
 843	     0	78.6	147.1	1057	OK
 844	     0	76.9	145.4	1048	OK
 845	     0	75.3	141.8	1060	OK
 846	     0	76.0	142.2	1058	OK
 847	     0	74.3	139.9	1041	OK
 848	     0	75.5	142.1	1049	OK
 849	     0	78.7	148.0	1057	OK
 850	     0	77.2	146.1	1067	OK
 851	     0	75.8	142.1	1049	OK
 852	     0	78.1	145.5	1042	OK
 853	     0	77.9	147.3	1035	OK
 854	     0	74.9	141.6	1037	OK
 855	     0	77.9	146.3	1046	OK
 856	     0	78.1	145.4	1030	OK
 857	     0	79.2	149.4	1045	OK
 858	     0	77.7	146.9	1031	OK
 859	     0	79.8	149.5	1049	OK
 860	     0	77.8	146.6	1037	OK
 861	     0	78.5	146.0	1048	OK
 862	     0	78.6	144.9	1045	OK
 863	     0	77.3	145.9	1037	OK
 864	     0	76.8	143.9	1039	OK
 865	     0	79.1	151.5	1032	OK
 866	     0	75.7	140.4	1014	OK
 867	     0	79.3	149.5	1039	OK
 868	     0	76.8	145.6	1042	OK
 869	     0	76.5	143.8	1031	OK
 870	     0	75.4	142.4	1053	OK
 871	     0	77.3	145.7	1052	OK
 872	     0	76.6	144.1	1030	OK
 873	     0	77.8	148.2	1060	OK
 874	     0	75.9	143.0	1029	OK
 875	     0	77.6	146.0	1038	OK
 876	     0	78.5	148.5	1031	OK
 877	     0	75.5	142.1	1028	OK
 878	     0	78.0	147.1	1015	OK
 879	     0	76.9	143.2	1013	OK
 880	     0	75.5	140.6	1041	OK
 881	     0	79.5	148.2	1080	OK
 882	     0	76.2	143.0	1024	OK
 883	     0	76.6	144.7	1045	OK
 884	     0	77.7	146.7	1023	OK
 885	     0	77.3	148.7	1028	OK
 886	     0	78.2	146.0	1038	OK
 887	     0	80.4	150.9	1039	OK
 888	     0	76.1	143.2	1026	OK
 889	     0	77.6	145.0	1025	OK
 890	     0	77.8	144.0	1033	OK
 891	     0	77.8	144.4	1016	OK
 892	     0	82.1	153.0	1041	OK
 893	     0	77.8	144.2	1045	OK
 894	     0	77.2	144.6	1036	OK
 895	  4000	77.9	142.9	1328	high noise
 896	     0	74.7	140.9	1011	OK
 897	     0	75.0	141.5	1011	OK
 898	     0	72.5	139.4	1025	OK
 899	     0	77.5	148.9	1024	OK
 900	  4000	75.0	139.2	1036	high noise
 901	     0	74.7	141.8	1011	OK
 902	     0	76.1	145.2	1031	OK
 903	  4000	77.6	145.5	1042	high noise
 904	  4000	74.0	143.4	1042	high noise
 905	  4000	75.6	143.1	1040	high noise
 906	  4000	75.0	140.0	1048	high noise
 907	     0	75.7	145.2	1029	OK
 908	  4000	76.7	147.7	1036	high noise
 909	  4000	75.8	142.5	1057	high noise
 910	  4000	76.0	145.6	1034	high noise
 911	  4000	73.8	141.0	1044	high noise
 912	  4000	75.2	141.2	1033	high noise
 913	  4000	76.6	145.2	1037	high noise
 914	  4000	73.2	140.1	1058	high noise
 915	     0	75.9	142.4	1014	OK
 916	     0	74.0	142.0	1029	OK
 917	     0	75.8	144.9	1024	OK
 918	     0	76.5	143.9	1024	OK
 919	     0	74.2	139.9	1006	OK
 920	     0	74.8	142.1	1008	OK
 921	     0	75.5	143.5	1011	OK
 922	     0	77.3	145.0	1021	OK
 923	     0	76.1	141.4	1018	OK
 924	     0	75.5	141.9	1008	OK
 925	     0	75.7	141.9	1006	OK
 926	     0	75.0	142.6	1016	OK
 927	     0	77.9	145.2	1027	OK
 928	     0	78.3	148.0	1019	OK
 929	     0	76.6	146.8	1003	OK
 930	     0	78.7	145.7	1023	OK
 931	     0	76.2	145.9	 999	OK
 932	     0	75.6	143.8	1014	OK
 933	     0	75.2	142.3	1012	OK
 934	     0	76.4	144.8	1025	OK
 935	     0	74.9	144.0	1008	OK
 936	     0	75.9	143.4	1021	OK
 937	     0	75.8	145.1	1000	OK
 938	     0	77.6	147.1	1011	OK
 939	     0	76.2	141.8	 995	OK
 940	     0	75.2	140.8	1011	OK
 941	     0	73.9	140.0	1015	OK
 942	     0	75.9	144.4	1001	OK
 943	     0	77.5	147.3	 995	OK
 944	     0	77.5	145.9	 998	OK
 945	     0	74.1	140.0	1014	OK
 946	     0	74.6	140.3	 987	OK
 947	     0	76.1	144.5	1017	OK
 948	     0	74.0	140.6	 970	OK
 949	     0	75.6	142.7	 993	OK
 950	     0	76.6	145.8	 992	OK
 951	     0	74.7	141.7	 981	OK
 952	     0	74.2	141.3	 993	OK
 953	     0	77.5	146.9	 992	OK
 954	     0	76.6	142.5	 971	OK
 955	     0	76.7	145.9	 962	OK
 956	     0	76.5	144.7	 983	OK
 957	     0	78.1	147.3	 994	OK
 958	     0	75.6	142.8	 961	OK
 959	     0	76.0	145.4	 997	OK
 960	     0	74.8	144.8	 971	OK
 961	     0	77.4	146.3	 975	OK
 962	     0	74.5	142.7	1004	OK
 963	     0	74.6	139.1	 974	OK
 964	     0	76.9	146.7	 972	OK
 965	     0	72.9	141.1	 975	OK
 966	     0	76.1	145.0	 970	OK
 967	     0	72.2	137.7	 967	OK
 968	     0	73.0	139.9	 978	OK
 969	     0	72.9	141.2	 981	OK
 970	     0	75.0	144.7	 971	OK
 971	     0	73.0	139.8	 976	OK
 972	     0	77.0	146.6	 979	OK
 973	     0	73.5	139.7	 993	OK
 974	     0	75.1	142.3	 974	OK
 975	     0	75.2	146.7	 969	OK
 976	     0	77.1	145.6	 975	OK
 977	     0	73.8	140.0	 987	OK
 978	     0	75.1	144.1	 977	OK
 979	     0	76.1	145.6	 984	OK
 980	     0	74.9	140.8	 969	OK
 981	     0	73.3	139.2	 958	OK
 982	     0	76.0	143.7	 973	OK
 983	     0	75.9	145.5	 980	OK
 984	     0	75.2	144.0	 960	OK
 985	     0	77.0	146.3	 977	OK
 986	     0	73.4	139.0	 976	OK
 987	     0	73.2	141.2	 975	OK
 988	     0	76.1	145.4	 959	OK
 989	     0	73.7	141.2	 973	OK
 990	     0	73.7	141.0	 972	OK
 991	     0	74.9	144.4	 954	OK
 992	     0	73.8	142.7	 963	OK
 993	     0	72.3	138.7	 963	OK
 994	     0	76.0	150.0	 964	OK
 995	     0	74.0	141.1	 964	OK
 996	     0	73.5	139.9	 962	OK
 997	     0	74.4	139.1	 984	OK
 998	     0	73.5	140.2	 967	OK
 999	     0	75.0	143.9	 974	OK
1000	     0	72.6	138.5	 974	OK
1001	     0	75.5	142.6	 964	OK
1002	     0	75.2	141.5	 958	OK
1003	     0	72.9	140.2	 968	OK
1004	     0	73.8	139.6	 975	OK
1005	     0	73.4	139.3	 940	OK
1006	     0	75.9	145.1	 961	OK
1007	     0	77.1	144.9	 962	OK
1008	     0	75.1	142.2	 966	OK
1009	     0	74.9	141.8	 951	OK
1010	     0	77.3	146.7	 973	OK
1011	     0	75.2	143.6	 940	OK
1012	     0	78.4	147.6	 954	OK
1013	     0	76.7	146.0	 939	OK
1014	     0	73.5	139.7	 962	OK
1015	     0	74.0	140.5	 956	OK
1016	     0	73.3	138.7	 973	OK
1017	     0	72.1	138.3	 967	OK
1018	     0	76.3	145.9	 953	OK
1019	     0	74.3	143.1	 951	OK
1020	     0	74.9	143.1	 977	OK
1021	     0	76.1	144.5	 958	OK
1022	     0	77.6	146.2	 942	OK
1023	     0	78.5	148.1	 942	OK
1024	     0	79.5	147.7	 961	OK
1025	     0	82.1	151.2	 980	OK
1026	     0	80.1	151.2	 931	OK
1027	     0	80.2	152.8	 952	OK
1028	     0	81.3	151.6	 939	OK
1029	     0	78.7	149.6	 960	OK
1030	     0	79.5	148.3	 957	OK
1031	     0	81.4	152.0	 947	OK
1032	     0	80.8	151.6	 963	OK
1033	     0	79.0	148.2	 956	OK
1034	     0	81.3	151.0	 953	OK
1035	     0	80.4	151.6	 942	OK
1036	     0	78.8	146.6	 932	OK
1037	     0	78.9	149.9	 957	OK
1038	     0	80.0	151.2	 963	OK
1039	     0	82.0	159.2	 952	OK
1040	     0	82.3	151.5	 955	OK
1041	     0	80.7	152.5	 940	OK
1042	     0	77.7	146.4	 951	OK
1043	     0	80.9	151.5	 975	OK
1044	     0	82.1	154.1	 936	OK
1045	     0	80.5	152.7	 968	OK
1046	     0	79.8	149.6	 958	OK
1047	     0	80.7	151.1	 935	OK
1048	     0	80.4	148.7	 935	OK
1049	     0	81.2	151.8	 953	OK
1050	     0	79.3	151.7	 961	OK
1051	     0	80.5	150.0	 979	OK
1052	     0	81.3	152.4	 966	OK
1053	     0	78.9	148.5	 968	OK
1054	     0	78.8	146.3	 969	OK
1055	     0	78.8	146.5	 979	OK
1056	     0	81.1	152.0	 981	OK
1057	     0	81.2	153.8	 969	OK
1058	     0	79.5	150.5	 967	OK
1059	     0	81.2	151.4	 961	OK
1060	     0	79.8	149.3	 987	OK
1061	     0	81.8	154.5	 953	OK
1062	     0	79.0	148.7	 969	OK
1063	     0	79.0	148.2	 981	OK
1064	     0	79.9	148.7	 983	OK
1065	     0	81.6	151.3	 995	OK
1066	     0	79.6	147.4	 988	OK
1067	     0	78.4	147.2	 968	OK
1068	     0	81.1	149.8	 969	OK
1069	   100	75.9	141.4	 965	low gain
1070	     0	78.9	146.5	 959	OK
1071	     0	82.1	152.8	 986	OK
1072	     0	79.3	145.9	 984	OK
1073	     0	80.9	149.2	 971	OK
1074	     0	80.4	151.1	 971	OK
1075	     0	81.2	153.4	 964	OK
1076	     0	83.1	156.2	 982	OK
1077	     0	79.5	149.0	 968	OK
1078	     0	77.3	147.2	 982	OK
1079	     0	81.3	149.9	 990	OK
1080	     0	80.2	151.1	 969	OK
1081	     0	80.5	152.5	 975	OK
1082	     0	79.8	149.2	 980	OK
1083	     0	81.7	152.4	 975	OK
1084	     0	80.3	148.8	 952	OK
1085	     0	82.4	153.7	 996	OK
1086	     0	80.6	150.5	 982	OK
1087	     0	82.3	154.6	 975	OK
1088	     0	78.0	149.4	 972	OK
1089	     0	78.9	149.5	 963	OK
1090	     0	82.0	156.0	 958	OK
1091	     0	81.0	149.0	 988	OK
1092	     0	80.2	150.0	 969	OK
1093	     0	78.6	147.5	 959	OK
1094	     0	81.8	152.4	 982	OK
1095	     0	82.3	152.3	 960	OK
1096	     0	80.2	148.7	 960	OK
1097	     0	83.1	154.3	 971	OK
1098	     0	80.7	151.7	 969	OK
1099	     0	79.9	148.5	 966	OK
1100	     0	81.2	150.5	 969	OK
1101	     0	80.1	152.3	 951	OK
1102	     0	79.7	150.1	 964	OK
1103	     0	80.7	149.3	 948	OK
1104	     0	78.8	148.7	 985	OK
1105	     0	80.7	149.7	 970	OK
1106	     0	80.0	150.5	 969	OK
1107	     0	82.9	156.4	 966	OK
1108	     0	82.8	153.1	 971	OK
1109	     0	81.8	152.5	 982	OK
1110	     0	79.5	151.1	 970	OK
1111	     0	80.1	147.9	 974	OK
1112	     0	79.5	148.3	 959	OK
1113	     0	80.8	150.8	 966	OK
1114	     0	80.2	148.7	 952	OK
1115	     0	80.6	150.1	 965	OK
1116	     0	81.2	151.7	 961	OK
1117	     0	80.8	151.9	 980	OK
1118	     0	82.6	153.7	 994	OK
1119	     0	80.5	148.1	 942	OK
1120	     0	81.6	166.2	 998	OK
1121	     0	79.7	147.1	 976	OK
1122	     0	81.0	150.1	 956	OK
1123	     0	83.1	153.1	 965	OK
1124	     0	80.7	148.8	 944	OK
1125	     0	81.2	152.7	 954	OK
1126	     0	81.2	152.3	 955	OK
1127	     0	79.2	147.3	 951	OK
1128	     0	81.7	150.6	 959	OK
1129	     0	81.0	153.4	 955	OK
1130	     0	82.5	154.4	 960	OK
1131	     0	80.4	150.1	 946	OK
1132	     0	80.7	148.5	 956	OK
1133	     0	79.2	149.7	 958	OK
1134	     0	82.0	151.8	 956	OK
1135	     0	80.7	149.8	 963	OK
1136	     0	78.3	147.2	 953	OK
1137	     0	80.8	151.7	 961	OK
1138	     0	81.8	153.0	 944	OK
1139	     0	82.6	153.5	 950	OK
1140	     0	79.9	149.9	 966	OK
1141	     0	80.3	148.6	 960	OK
1142	     0	79.9	155.2	 966	OK
1143	     0	81.2	152.8	 978	OK
1144	     0	81.6	149.8	 942	OK
1145	     0	82.9	156.3	 980	OK
1146	     0	83.0	154.4	 967	OK
1147	     0	80.8	153.0	 962	OK
1148	     0	81.5	151.3	 952	OK
1149	     0	82.1	153.5	 969	OK
1150	     0	83.6	156.1	 963	OK
1151	     0	80.7	151.1	 953	OK
1152	     0	80.5	150.7	 916	OK
1153	     0	79.0	151.8	 933	OK
1154	     0	79.1	152.5	 940	OK
1155	     0	79.4	149.6	 945	OK
1156	     0	78.4	149.8	 940	OK
1157	     0	78.8	147.5	 924	OK
1158	     0	81.3	153.9	 941	OK
1159	     0	78.1	147.1	 948	OK
1160	     0	79.7	152.0	 945	OK
1161	     0	81.8	156.2	 959	OK
1162	     0	78.6	149.1	 937	OK
1163	     0	80.8	152.5	 937	OK
1164	     0	78.8	149.7	 942	OK
1165	     0	78.4	150.0	 928	OK
1166	     0	79.0	148.5	 936	OK
1167	     0	79.2	149.9	 939	OK
1168	     0	80.1	150.2	 931	OK
1169	     0	79.1	150.9	 946	OK
1170	     0	78.6	149.4	 949	OK
1171	     0	79.7	149.1	 933	OK
1172	     0	80.1	158.0	 953	OK
1173	     0	81.6	153.4	 928	OK
1174	     0	81.1	152.7	 928	OK
1175	     0	79.3	149.2	 937	OK
1176	     0	77.4	146.6	 926	OK
1177	     0	77.0	146.4	 941	OK
1178	     0	80.9	151.9	 949	OK
1179	     0	79.7	151.0	 909	OK
1180	     0	77.0	145.7	 937	OK
1181	     0	77.3	144.5	 918	OK
1182	     0	78.4	148.8	 943	OK
1183	     0	78.2	149.0	 934	OK
1184	     0	79.1	148.6	 923	OK
1185	     0	78.0	148.9	 937	OK
1186	     0	78.6	147.9	 938	OK
1187	     0	78.8	149.3	 933	OK
1188	     0	80.5	151.6	 939	OK
1189	     0	78.2	148.5	 944	OK
1190	     0	79.9	151.1	 917	OK
1191	     0	77.1	145.5	 936	OK
1192	     0	78.2	145.3	 918	OK
1193	     0	82.1	154.5	 957	OK
1194	     0	78.5	146.7	 934	OK
1195	     0	76.3	145.5	 912	OK
1196	     0	78.5	147.7	 944	OK
1197	     0	78.3	149.1	 933	OK
1198	     0	78.9	149.5	 941	OK
1199	     0	78.8	147.8	 928	OK
1200	     0	76.8	146.1	 952	OK
1201	     0	77.8	148.5	 921	OK
1202	     0	77.6	147.0	 938	OK
1203	     0	80.0	151.9	 925	OK
1204	     0	77.2	144.6	 922	OK
1205	     0	78.4	148.1	 940	OK
1206	     0	76.6	144.4	 941	OK
1207	     0	77.1	144.5	 941	OK
1208	     0	78.4	147.7	 928	OK
1209	     0	79.0	149.2	 921	OK
1210	     0	77.0	146.0	 934	OK
1211	     0	78.7	149.6	 934	OK
1212	     0	77.8	147.6	 937	OK
1213	     0	79.1	148.3	 951	OK
1214	     0	79.5	149.3	 939	OK
1215	     0	80.3	152.0	 959	OK
1216	     0	79.0	149.2	 922	OK
1217	     0	77.7	146.7	 926	OK
1218	     0	75.9	142.8	 926	OK
1219	     0	78.2	146.0	 920	OK
1220	     0	75.4	142.8	 949	OK
1221	     0	77.0	146.5	 926	OK
1222	     0	78.4	147.1	 926	OK
1223	     0	77.4	146.7	 922	OK
1224	     0	78.6	147.0	 928	OK
1225	     0	76.7	146.7	 944	OK
1226	     0	77.7	147.5	 917	OK
1227	     0	75.9	143.6	 933	OK
1228	     0	77.5	146.9	 919	OK
1229	     0	76.9	144.6	 911	OK
1230	     0	78.9	147.6	 923	OK
1231	     0	76.7	144.3	 942	OK
1232	     0	76.4	143.9	 932	OK
1233	     0	76.4	147.3	 929	OK
1234	     0	76.5	145.4	 934	OK
1235	     0	76.8	145.9	 922	OK
1236	     0	78.6	145.5	 932	OK
1237	     0	76.1	145.3	 925	OK
1238	     0	78.3	148.4	 916	OK
1239	     0	78.6	150.3	 938	OK
1240	     0	77.0	143.0	 913	OK
1241	     0	81.8	154.3	 925	OK
1242	     0	78.8	146.5	 930	OK
1243	     0	77.8	148.0	 942	OK
1244	     0	78.7	147.3	 903	OK
1245	     0	75.3	143.9	 933	OK
1246	     0	76.8	144.2	 930	OK
1247	     0	77.9	148.5	 917	OK
1248	     0	78.6	149.7	 911	OK
1249	     0	74.9	142.2	 922	OK
1250	     0	78.3	147.1	 919	OK
1251	     0	77.4	145.6	 905	OK
1252	     0	78.2	146.4	 916	OK
1253	     0	78.0	146.5	 937	OK
1254	     0	79.4	149.5	 908	OK
1255	     0	75.5	145.3	 924	OK
1256	     0	76.8	145.5	 908	OK
1257	     0	74.7	140.7	 921	OK
1258	     0	76.5	145.7	 883	OK
1259	     0	78.8	149.7	 900	OK
1260	     0	75.1	142.7	 901	OK
1261	     0	76.8	145.9	 908	OK
1262	     0	77.7	146.4	 888	OK
1263	     0	77.6	144.4	 904	OK
1264	     0	77.0	146.9	 898	OK
1265	     0	76.3	145.5	 882	OK
1266	     0	76.3	142.5	 889	OK
1267	     0	77.0	144.8	 894	OK
1268	     0	79.0	148.8	 869	OK
1269	     0	78.1	147.1	 881	OK
1270	     0	76.4	142.7	 900	OK
1271	     0	77.2	147.6	 890	OK
1272	     0	80.5	151.8	 905	OK
1273	     0	77.8	147.4	 881	OK
1274	     0	76.3	146.2	 898	OK
1275	     0	77.8	148.0	 895	OK
1276	     0	76.1	142.6	 905	OK
1277	     0	77.4	146.4	 888	OK
1278	     0	77.1	145.2	 904	OK
1279	     0	79.3	149.3	 941	OK
1280	     0	77.8	146.9	 963	OK
1281	     0	74.6	141.9	 956	OK
1282	     0	75.5	144.3	 929	OK
1283	     0	76.4	143.7	 934	OK
1284	     0	76.8	146.6	 937	OK
1285	     0	72.8	140.5	 957	OK
1286	     0	73.9	140.7	 931	OK
1287	     0	75.0	142.5	 907	OK
1288	     0	75.2	144.5	 922	OK
1289	     0	72.5	141.1	 919	OK
1290	     0	76.7	144.3	 923	OK
1291	     0	73.4	141.7	 926	OK
1292	     0	77.1	145.4	 932	OK
1293	     0	74.2	140.6	 928	OK
1294	     0	76.8	144.3	 925	OK
1295	     0	75.7	143.2	 931	OK
1296	     0	73.3	137.9	 927	OK
1297	     0	75.2	143.1	 895	OK
1298	     0	74.2	142.3	 921	OK
1299	     0	75.6	142.1	 934	OK
1300	     0	73.9	140.0	 937	OK
1301	     0	72.5	137.7	 937	OK
1302	     0	76.4	145.3	 940	OK
1303	     0	76.5	144.8	 940	OK
1304	     0	73.4	140.4	 925	OK
1305	     0	75.2	145.0	 921	OK
1306	     0	77.5	147.2	 924	OK
1307	     0	74.9	142.9	 944	OK
1308	     0	74.7	141.4	 936	OK
1309	     0	73.6	139.9	 945	OK
1310	     0	74.8	142.6	 926	OK
1311	     0	73.7	139.4	 928	OK
1312	     0	76.1	143.9	 950	OK
1313	     0	73.1	141.1	 940	OK
1314	     0	74.7	142.9	 937	OK
1315	     0	74.2	142.7	 933	OK
1316	     0	74.1	141.4	 933	OK
1317	     0	74.9	144.2	 928	OK
1318	     0	75.9	145.5	 929	OK
1319	     0	73.9	142.3	 954	OK
1320	     0	75.2	140.6	 958	OK
1321	     0	74.8	141.9	 932	OK
1322	     0	73.8	141.8	 933	OK
1323	     0	73.1	139.4	 919	OK
1324	     0	74.0	139.0	 932	OK
1325	     0	74.8	143.4	 931	OK
1326	     0	73.7	141.3	 929	OK
1327	     0	73.0	139.3	 931	OK
1328	     0	73.8	141.0	 942	OK
1329	     0	73.6	139.4	 933	OK
1330	     0	73.4	139.5	 954	OK
1331	     0	76.7	144.6	 928	OK
1332	     0	77.0	146.4	 941	OK
1333	     0	74.8	142.3	 921	OK
1334	     0	76.7	145.1	 931	OK
1335	     0	71.5	138.5	 935	OK
1336	     0	73.9	141.8	 944	OK
1337	     0	77.1	147.4	 960	OK
1338	     0	74.1	140.7	 938	OK
1339	     0	73.8	140.0	 946	OK
1340	     0	74.8	142.1	 934	OK
1341	     0	75.2	143.9	 935	OK
1342	     0	73.5	140.1	 937	OK
1343	     0	77.1	145.6	 927	OK
1344	     0	73.8	142.5	 931	OK
1345	     0	72.1	137.4	 956	OK
1346	     0	73.7	140.5	 944	OK
1347	     0	72.5	140.6	 941	OK
1348	     0	75.8	145.0	 938	OK
1349	     0	71.9	137.9	 948	OK
1350	     0	72.9	140.5	 947	OK
1351	     0	73.4	139.2	 961	OK
1352	     0	72.9	139.3	 950	OK
1353	     0	73.4	142.9	 942	OK
1354	     0	71.3	136.2	 929	OK
1355	     0	73.0	139.8	 951	OK
1356	     0	72.0	137.9	 954	OK
1357	     0	73.1	140.8	 937	OK
1358	     0	73.7	142.6	 956	OK
1359	     0	73.1	138.6	 914	OK
1360	     0	73.9	141.2	 964	OK
1361	     0	74.0	140.2	 948	OK
1362	     0	73.1	140.9	 937	OK
1363	     0	72.3	138.2	 941	OK
1364	     0	72.7	137.6	 950	OK
1365	     0	72.7	139.3	 956	OK
1366	     0	72.7	138.3	 954	OK
1367	     0	71.1	137.2	 946	OK
1368	     0	75.4	143.8	 923	OK
1369	     0	74.0	141.2	 936	OK
1370	     0	74.8	142.1	 933	OK
1371	     0	73.3	139.2	 934	OK
1372	     0	72.8	137.6	 945	OK
1373	     0	73.1	140.3	 954	OK
1374	     0	75.4	140.9	 936	OK
1375	     0	74.4	140.1	 934	OK
1376	     0	73.6	139.1	 947	OK
1377	     0	70.7	136.1	 946	OK
1378	     0	74.1	140.0	 907	OK
1379	     0	75.6	144.5	 924	OK
1380	     0	73.3	138.8	 928	OK
1381	     0	73.8	143.5	 942	OK
1382	     0	73.5	142.0	 926	OK
1383	     0	72.9	138.5	 933	OK
1384	     0	73.8	140.8	 935	OK
1385	     0	73.8	140.8	 930	OK
1386	     0	72.9	138.4	 935	OK
1387	     0	72.7	137.9	 922	OK
1388	     0	72.7	137.8	 944	OK
1389	     0	73.4	141.1	 923	OK
1390	     0	73.5	141.2	 940	OK
1391	     0	74.5	141.7	 932	OK
1392	     0	74.0	142.4	 945	OK
1393	     0	73.2	141.0	 936	OK
1394	     0	73.8	139.3	 922	OK
1395	     0	73.1	139.6	 936	OK
1396	     0	70.7	135.5	 924	OK
1397	     0	71.2	136.8	 975	OK
1398	     0	74.0	139.2	 939	OK
1399	     0	73.1	137.7	 946	OK
1400	     0	72.3	139.5	 939	OK
1401	     0	73.1	140.8	 930	OK
1402	     0	74.0	141.4	 929	OK
1403	     0	74.3	143.7	 927	OK
1404	     0	72.4	139.8	 939	OK
1405	     0	73.2	140.9	 942	OK
1406	     0	73.0	139.3	 933	OK
1407	     0	75.4	142.8	 930	OK
1408	     0	79.9	153.0	 955	OK
1409	     0	78.6	148.7	 946	OK
1410	     0	77.5	148.0	 926	OK
1411	     0	80.7	151.7	 925	OK
1412	     0	78.8	146.0	 910	OK
1413	     0	80.7	150.6	 926	OK
1414	     0	80.0	152.1	 928	OK
1415	     0	79.2	150.6	 911	OK
1416	     0	79.4	148.6	 904	OK
1417	     0	78.2	147.2	 919	OK
1418	     0	79.9	147.5	 934	OK
1419	     0	78.5	147.9	 915	OK
1420	     0	80.7	150.5	 929	OK
1421	     0	78.5	147.1	 933	OK
1422	     0	77.2	144.8	 911	OK
1423	     0	80.1	150.7	 916	OK
1424	     0	80.1	150.4	 917	OK
1425	     0	78.1	146.4	 911	OK
1426	     0	76.1	143.8	 927	OK
1427	     0	82.0	153.6	 906	OK
1428	     0	78.5	149.8	 906	OK
1429	     0	78.6	149.1	 898	OK
1430	     0	80.8	151.3	 920	OK
1431	     0	79.1	147.5	 924	OK
1432	     0	74.7	142.1	 919	OK
1433	     0	81.9	156.3	 931	OK
1434	     0	79.7	147.0	 916	OK
1435	     0	79.8	151.2	 924	OK
1436	     0	77.0	146.2	 907	OK
1437	     0	77.8	144.9	 937	OK
1438	     0	79.2	149.5	 907	OK
1439	     0	77.2	145.8	 932	OK
1440	     0	78.6	148.6	 884	OK
1441	     0	77.8	145.6	 934	OK
1442	     0	78.4	147.6	 916	OK
1443	     0	77.8	146.8	 923	OK
1444	     0	80.1	148.2	 906	OK
1445	     0	79.2	149.1	 901	OK
1446	     0	81.4	152.3	 926	OK
1447	     0	79.3	148.9	 924	OK
1448	     0	79.4	147.8	 924	OK
1449	     0	79.5	151.4	 918	OK
1450	     0	80.0	148.9	 898	OK
1451	     0	78.9	147.0	 926	OK
1452	     0	79.8	150.4	 910	OK
1453	     0	78.0	146.1	 921	OK
1454	     0	78.7	148.5	 930	OK
1455	     0	81.5	154.2	 913	OK
1456	     0	82.4	157.6	 935	OK
1457	     0	79.5	149.0	 920	OK
1458	     0	80.0	151.2	 945	OK
1459	     0	81.6	153.8	 912	OK
1460	     0	79.0	149.7	 924	OK
1461	     0	79.4	150.1	 929	OK
1462	     0	78.3	147.1	 932	OK
1463	     0	78.8	146.6	 903	OK
1464	     0	79.1	148.7	 914	OK
1465	     0	78.7	147.2	 922	OK
1466	     0	79.5	148.2	 932	OK
1467	     0	81.4	151.7	 907	OK
1468	     0	81.2	151.1	 918	OK
1469	     0	79.0	149.6	 916	OK
1470	     0	80.4	150.8	 916	OK
1471	     0	83.1	153.8	 914	OK
1472	     0	78.2	145.3	 907	OK
1473	     0	78.0	146.5	 917	OK
1474	     0	78.7	149.0	 917	OK
1475	     0	78.1	147.8	 912	OK
1476	     0	79.1	149.2	 898	OK
1477	     0	79.7	150.1	 924	OK
1478	     0	79.5	147.6	 909	OK
1479	     0	78.4	148.3	 927	OK
1480	     0	75.4	142.6	 929	OK
1481	     0	78.4	146.9	 920	OK
1482	     0	77.1	147.1	 913	OK
1483	     0	80.6	153.2	 919	OK
1484	     0	79.4	147.8	 912	OK
1485	     0	78.1	147.4	 928	OK
1486	     0	80.4	149.2	 904	OK
1487	     0	78.2	148.9	 897	OK
1488	     0	78.9	149.7	 915	OK
1489	     0	79.3	148.5	 913	OK
1490	     0	81.1	152.9	 888	OK
1491	     0	77.4	145.2	 921	OK
1492	     0	80.9	152.0	 924	OK
1493	     0	78.1	144.7	 914	OK
1494	     0	77.2	144.8	 913	OK
1495	     0	80.3	150.9	 900	OK
1496	     0	79.7	148.1	 916	OK
1497	     0	76.8	144.2	 916	OK
1498	     0	80.4	152.8	 914	OK
1499	     0	81.7	152.2	 893	OK
1500	     0	76.9	144.9	 902	OK
1501	     0	78.7	147.7	 905	OK
1502	     0	77.0	143.9	 903	OK
1503	     0	79.0	146.3	 909	OK
1504	     0	77.8	147.4	 911	OK
1505	     0	78.9	149.0	 913	OK
1506	     0	80.3	148.0	 905	OK
1507	     0	78.9	148.9	 885	OK
1508	     0	76.4	144.9	 916	OK
1509	     0	79.6	149.1	 907	OK
1510	     0	79.7	147.5	 929	OK
1511	     0	80.0	148.2	 912	OK
1512	     0	81.7	152.1	 909	OK
1513	     0	80.8	153.3	 921	OK
1514	     0	78.8	146.1	 903	OK
1515	     0	78.5	149.4	 894	OK
1516	     0	82.2	152.2	 914	OK
1517	     0	78.9	149.3	 907	OK
1518	     0	78.0	146.2	 905	OK
1519	     0	79.8	150.5	 902	OK
1520	     0	79.6	150.0	 897	OK
1521	     0	77.0	146.9	 876	OK
1522	     0	77.1	144.9	 907	OK
1523	     0	76.7	144.0	 907	OK
1524	     0	77.5	144.7	 887	OK
1525	     0	77.4	146.8	 910	OK
1526	     0	81.8	152.8	 915	OK
1527	     0	79.3	147.5	 885	OK
1528	     0	80.3	150.2	 904	OK
1529	     0	83.8	156.6	 901	OK
1530	     0	80.9	150.7	 880	OK
1531	     0	79.0	148.3	 928	OK
1532	     0	81.2	152.7	 890	OK
1533	     0	79.9	147.9	 896	OK
1534	     0	79.9	148.9	 892	OK
1535	     0	80.5	149.3	 892	OK
1536	     0	77.1	146.3	 926	OK
1537	     0	79.6	149.3	 920	OK
1538	     0	80.0	150.1	 914	OK
1539	     0	81.7	151.7	 909	OK
1540	     0	81.8	153.5	 921	OK
1541	     0	80.4	149.3	 907	OK
1542	     0	79.7	149.5	 894	OK
1543	     0	81.2	151.4	 907	OK
1544	     0	81.4	151.6	 908	OK
1545	     0	79.7	149.8	 927	OK
1546	     0	79.1	149.7	 916	OK
1547	     0	81.1	151.3	 918	OK
1548	     0	78.3	147.9	 905	OK
1549	     0	79.2	152.1	 920	OK
1550	     0	79.3	150.2	 919	OK
1551	     0	79.3	150.3	 911	OK
1552	     0	79.7	152.5	 907	OK
1553	     0	80.2	150.2	 905	OK
1554	     0	81.5	152.2	 932	OK
1555	     0	78.6	147.2	 899	OK
1556	     0	80.9	150.4	 900	OK
1557	     0	80.6	150.3	 922	OK
1558	     0	78.4	145.2	 930	OK
1559	     0	80.2	150.6	 924	OK
1560	     0	79.8	150.2	 919	OK
1561	     0	81.1	153.1	 913	OK
1562	     0	77.7	146.5	 927	OK
1563	     0	78.1	148.1	 914	OK
1564	     0	78.5	147.1	 914	OK
1565	     0	75.8	144.5	 909	OK
1566	     0	80.3	149.4	 901	OK
1567	     0	78.0	145.5	 936	OK
1568	     0	78.9	148.3	 941	OK
1569	     0	78.1	145.0	 924	OK
1570	     0	77.5	143.9	 937	OK
1571	     0	80.6	151.0	 897	OK
1572	     0	77.4	144.3	 923	OK
1573	     0	79.4	152.6	 931	OK
1574	     0	78.6	147.8	 940	OK
1575	     0	79.5	150.4	 908	OK
1576	     0	79.6	147.0	 928	OK
1577	     0	81.1	153.1	 926	OK
1578	     0	79.9	149.9	 926	OK
1579	     0	78.0	144.7	 924	OK
1580	     0	79.1	150.2	 936	OK
1581	     0	77.3	142.3	 924	OK
1582	     0	78.2	147.0	 943	OK
1583	     0	77.8	147.8	 912	OK
1584	     0	77.3	144.8	 920	OK
1585	     0	80.0	148.8	 920	OK
1586	     0	77.7	146.1	 912	OK
1587	     0	76.5	143.3	 925	OK
1588	     0	78.8	149.6	 922	OK
1589	     0	77.5	144.5	 942	OK
1590	     0	81.6	151.4	 915	OK
1591	     0	79.4	152.1	 914	OK
1592	     0	78.2	147.1	 933	OK
1593	     0	76.5	146.0	 926	OK
1594	     0	82.4	154.3	 913	OK
1595	     0	81.3	152.3	 926	OK
1596	     0	78.9	148.7	 949	OK
1597	     0	78.7	150.7	 910	OK
1598	     0	79.6	150.5	 910	OK
1599	     0	77.7	146.6	 927	OK
1600	     0	78.8	149.0	 918	OK
1601	     0	77.6	146.7	 923	OK
1602	     0	76.7	144.6	 922	OK
1603	     0	76.6	144.5	 911	OK
1604	     0	78.5	147.2	 926	OK
1605	     0	76.9	144.2	 918	OK
1606	     0	75.5	142.3	 926	OK
1607	     0	75.7	144.1	 924	OK
1608	     0	75.7	143.9	 939	OK
1609	     0	75.4	143.8	 911	OK
1610	     0	77.8	147.0	 921	OK
1611	     0	76.1	143.7	 924	OK
1612	     0	77.9	145.1	 931	OK
1613	     0	77.6	145.7	 940	OK
1614	     0	77.5	146.7	 903	OK
1615	     0	76.7	145.8	 912	OK
1616	     0	77.1	142.8	 931	OK
1617	     0	78.7	149.2	 902	OK
1618	     0	77.8	144.2	 936	OK
1619	     0	77.3	146.8	 920	OK
1620	     0	79.5	148.9	 931	OK
1621	     0	78.1	145.6	 924	OK
1622	     0	77.3	147.3	 899	OK
1623	     0	76.1	144.4	 934	OK
1624	     0	75.8	143.4	 907	OK
1625	     0	74.8	142.4	 911	OK
1626	     0	75.8	143.1	 918	OK
1627	     0	75.7	143.2	 928	OK
1628	     0	75.7	145.0	 912	OK
1629	     0	76.1	143.3	 926	OK
1630	     0	73.9	143.5	 912	OK
1631	     0	75.0	143.2	 923	OK
1632	     0	76.3	144.9	 901	OK
1633	     0	74.6	142.7	 934	OK
1634	     0	76.6	146.4	 913	OK
1635	     0	75.6	140.2	 920	OK
1636	     0	73.7	140.4	 923	OK
1637	     0	76.6	145.6	 918	OK
1638	     0	75.7	143.5	 912	OK
1639	     0	75.7	144.1	 925	OK
1640	     0	77.2	145.2	 917	OK
1641	     0	74.5	139.3	 902	OK
1642	     0	74.8	141.2	 910	OK
1643	     0	78.2	148.1	 924	OK
1644	     0	77.5	147.6	 909	OK
1645	     0	76.6	144.2	 924	OK
1646	     0	76.3	145.3	 947	OK
1647	     0	74.6	143.1	 946	OK
1648	     0	79.0	148.7	 908	OK
1649	     0	74.9	140.8	 922	OK
1650	     0	77.3	148.0	 914	OK
1651	     0	72.8	139.4	 924	OK
1652	     0	79.6	149.3	 920	OK
1653	     0	75.6	143.2	 916	OK
1654	     0	75.6	142.2	 898	OK
1655	     0	75.8	145.2	 918	OK
1656	     0	77.3	142.8	 913	OK
1657	     0	76.6	145.1	 914	OK
1658	     0	76.9	144.1	 917	OK
1659	     0	75.5	143.8	 923	OK
1660	     0	74.4	141.2	 939	OK
1661	     0	76.9	143.7	 918	OK
1662	     0	75.9	143.5	 925	OK
1663	     0	77.7	145.1	 930	OK
1664	     0	76.3	145.3	 910	OK
1665	     0	76.9	146.1	 901	OK
1666	     0	74.9	141.2	 913	OK
1667	     0	77.0	145.5	 894	OK
1668	     0	76.5	146.5	 911	OK
1669	     0	77.2	145.2	 915	OK
1670	     0	74.4	140.3	 909	OK
1671	     0	72.8	138.3	 911	OK
1672	     0	74.4	141.7	 896	OK
1673	     0	75.8	142.1	 905	OK
1674	     0	76.1	146.5	 906	OK
1675	     0	78.0	146.2	 911	OK
1676	     0	75.7	142.5	 901	OK
1677	     0	76.1	143.9	 922	OK
1678	     0	74.1	141.9	 911	OK
1679	     0	73.7	141.0	 905	OK
1680	     0	76.8	144.9	 899	OK
1681	     0	77.3	145.9	 897	OK
1682	     0	76.1	144.9	 910	OK
1683	     0	74.4	142.6	 906	OK
1684	     0	74.4	141.7	 880	OK
1685	     0	75.0	142.7	 908	OK
1686	     0	74.3	139.4	 923	OK
1687	     0	76.3	143.7	 915	OK
1688	     0	76.2	144.9	 872	OK
1689	     0	75.6	142.8	 916	OK
1690	     0	76.0	143.8	 895	OK
1691	     0	76.4	143.6	 894	OK
1692	     0	74.2	139.6	 892	OK
1693	     0	76.1	145.1	 910	OK
1694	     0	77.1	144.8	 907	OK
1695	     0	75.7	141.8	 912	OK
1696	     0	76.1	144.7	 900	OK
1697	     0	77.0	144.4	 911	OK
1698	     0	76.1	144.2	 918	OK
1699	     0	75.2	141.9	 906	OK
1700	     0	74.9	143.0	 906	OK
1701	     0	75.9	142.4	 912	OK
1702	     0	77.5	146.3	 900	OK
1703	     0	76.4	146.6	 904	OK
1704	     0	75.1	143.5	 905	OK
1705	     0	74.9	142.1	 913	OK
1706	     0	75.9	144.5	 914	OK
1707	     0	74.2	143.4	 912	OK
1708	     0	73.9	141.7	 906	OK
1709	     0	74.5	140.2	 913	OK
1710	     0	75.3	140.5	 918	OK
1711	     0	75.3	142.4	 926	OK
1712	     0	73.3	137.1	 901	OK
1713	     0	74.7	140.9	 919	OK
1714	     0	76.5	144.3	 901	OK
1715	     0	74.9	142.9	 921	OK
1716	     0	76.6	144.9	 912	OK
1717	     0	74.2	138.7	 899	OK
1718	     0	75.6	143.9	 900	OK
1719	     0	77.2	145.6	 897	OK
1720	     0	73.9	141.3	 905	OK
1721	     0	72.7	139.6	 914	OK
1722	     0	76.0	144.8	 907	OK
1723	     0	77.1	145.7	 902	OK
1724	     0	76.7	146.4	 921	OK
1725	     0	75.8	143.0	 914	OK
1726	     0	76.4	142.0	 906	OK
1727	     0	76.1	142.2	 921	OK
1728	     0	75.9	144.0	 894	OK
1729	     0	74.0	141.0	 908	OK
1730	     0	73.7	141.7	 913	OK
1731	     0	76.0	145.2	 902	OK
1732	     0	75.8	144.2	 910	OK
1733	     0	75.2	141.5	 890	OK
1734	     0	73.3	137.6	 915	OK
1735	     0	74.6	140.3	 880	OK
1736	     0	76.8	145.9	 911	OK
1737	     0	73.6	138.7	 918	OK
1738	     0	74.8	140.7	 892	OK
1739	     0	74.2	141.3	 907	OK
1740	     0	75.8	142.2	 901	OK
1741	     0	74.6	142.0	 907	OK
1742	     0	72.2	139.0	 903	OK
1743	     0	75.3	143.5	 897	OK
1744	     0	75.6	144.1	 891	OK
1745	     0	77.4	144.4	 886	OK
1746	     0	75.0	140.8	 886	OK
1747	     0	75.2	141.9	 916	OK
1748	     0	75.1	142.6	 901	OK
1749	     0	76.1	144.7	 885	OK
1750	     0	75.2	143.4	 912	OK
1751	     0	77.0	146.2	 874	OK
1752	     0	74.8	140.6	 902	OK
1753	     0	73.7	138.8	 913	OK
1754	     0	76.0	143.0	 892	OK
1755	     0	77.1	145.3	 909	OK
1756	     0	72.9	138.0	 896	OK
1757	     0	76.4	145.4	 893	OK
1758	     0	78.9	148.0	 887	OK
1759	     0	76.6	144.4	 886	OK
1760	     0	74.7	142.8	 917	OK
1761	     0	74.7	141.0	 904	OK
1762	     0	73.3	139.6	 904	OK
1763	     0	74.3	140.0	 906	OK
1764	     0	74.4	141.1	 908	OK
1765	     0	76.8	144.0	 900	OK
1766	     0	74.6	143.9	 894	OK
1767	     0	77.0	143.7	 881	OK
1768	     0	76.3	144.2	 876	OK
1769	     0	76.8	143.9	 863	OK
1770	     0	73.5	139.4	 900	OK
1771	     0	76.5	145.6	 898	OK
1772	     0	74.2	139.4	 903	OK
1773	     0	74.5	140.9	 882	OK
1774	     0	74.8	140.9	 902	OK
1775	     0	76.1	143.6	 887	OK
1776	     0	78.1	148.5	 886	OK
1777	     0	75.7	143.2	 902	OK
1778	     0	76.7	144.7	 909	OK
1779	     0	76.7	143.8	 875	OK
1780	     0	76.7	143.8	 893	OK
1781	     0	74.1	140.1	 888	OK
1782	     0	74.5	140.4	 897	OK
1783	     0	75.4	142.8	 901	OK
1784	     0	75.0	145.0	 890	OK
1785	     0	73.7	140.6	 896	OK
1786	     0	76.8	144.9	 904	OK
1787	     0	74.0	140.2	 891	OK
1788	     0	76.6	145.6	 885	OK
1789	     0	77.1	145.3	 890	OK
1790	     0	76.3	142.3	 906	OK
1791	     0	76.9	143.7	 884	OK
1792	     0	76.1	143.3	 928	OK
1793	     0	75.0	141.1	 918	OK
1794	     0	77.2	143.0	 917	OK
1795	     0	72.4	136.8	 942	OK
1796	     0	73.4	138.2	 928	OK
1797	     0	75.9	141.9	 925	OK
1798	     0	74.2	141.1	 932	OK
1799	     0	74.6	138.5	 931	OK
1800	     0	75.2	141.6	 914	OK
1801	     0	77.3	145.0	 928	OK
1802	     0	75.6	144.5	 939	OK
1803	     0	74.2	139.8	 924	OK
1804	     0	73.4	138.5	 917	OK
1805	     0	73.7	138.6	 924	OK
1806	     0	74.2	141.8	 927	OK
1807	     0	74.9	142.1	 901	OK
1808	     0	74.3	140.1	 927	OK
1809	     0	75.6	143.1	 929	OK
1810	     0	75.5	141.1	 924	OK
1811	     0	74.1	140.3	 922	OK
1812	     0	73.8	142.6	 916	OK
1813	     0	75.0	142.2	 929	OK
1814	     0	77.2	145.6	 926	OK
1815	     0	75.0	141.6	 914	OK
1816	     0	74.8	142.0	 927	OK
1817	     0	74.9	138.9	 916	OK
1818	     0	76.1	143.7	 932	OK
1819	     0	71.3	134.2	 938	OK
1820	     0	74.6	142.5	 924	OK
1821	     0	75.6	141.2	 920	OK
1822	     0	74.8	139.7	 914	OK
1823	     0	72.2	137.0	 939	OK
1824	     0	74.4	142.4	 894	OK
1825	     0	73.7	139.7	 927	OK
1826	     0	76.8	144.8	 934	OK
1827	     0	74.7	139.8	 931	OK
1828	     0	77.2	146.0	 919	OK
1829	     0	76.3	144.0	 921	OK
1830	     0	75.3	144.0	 922	OK
1831	     0	72.3	139.0	 920	OK
1832	     0	76.2	143.9	 921	OK
1833	     0	76.5	143.9	 928	OK
1834	     0	73.9	141.1	 913	OK
1835	     0	74.5	140.8	 935	OK
1836	     0	74.1	139.7	 924	OK
1837	     0	73.4	140.9	 922	OK
1838	     0	75.2	141.8	 934	OK
1839	     0	76.4	143.2	 899	OK
1840	     0	73.7	138.9	 913	OK
1841	     0	76.5	144.8	 926	OK
1842	     0	73.5	140.5	 936	OK
1843	     0	74.5	138.4	 941	OK
1844	     0	76.4	143.5	 920	OK
1845	     0	74.7	140.9	 923	OK
1846	     0	74.8	143.0	 939	OK
1847	     0	75.0	141.1	 912	OK
1848	     0	75.5	142.6	 922	OK
1849	     0	76.3	142.4	 895	OK
1850	     0	76.1	141.6	 924	OK
1851	     0	76.5	143.3	 935	OK
1852	     0	75.8	142.1	 924	OK
1853	     0	74.3	140.5	 947	OK
1854	     0	73.7	140.8	 921	OK
1855	     0	76.0	142.7	 913	OK
1856	     0	74.1	139.7	 931	OK
1857	     0	74.8	143.3	 916	OK
1858	     0	72.6	139.8	 914	OK
1859	     0	75.3	143.0	 925	OK
1860	     0	75.9	141.6	 917	OK
1861	     0	76.8	143.9	 917	OK
1862	     0	74.1	141.2	 927	OK
1863	     0	75.4	143.5	 927	OK
1864	     0	75.5	144.8	 886	OK
1865	     0	72.4	138.1	 926	OK
1866	     0	76.3	145.6	 919	OK
1867	     0	75.2	141.1	 920	OK
1868	     0	78.2	147.9	 917	OK
1869	     0	74.4	142.0	 922	OK
1870	     0	73.6	140.1	 923	OK
1871	     0	75.8	143.2	 916	OK
1872	     0	76.1	144.3	 922	OK
1873	     0	73.2	141.7	 928	OK
1874	     0	74.6	143.2	 908	OK
1875	     0	74.9	142.4	 922	OK
1876	     0	74.6	143.7	 919	OK
1877	     0	75.8	141.5	 916	OK
1878	     0	73.9	140.2	 933	OK
1879	     0	75.6	145.6	 915	OK
1880	     0	76.8	142.2	 920	OK
1881	     0	75.5	144.4	 908	OK
1882	     0	76.0	142.3	 923	OK
1883	     0	75.2	142.4	 915	OK
1884	     0	75.3	141.6	 943	OK
1885	     0	73.3	139.6	 925	OK
1886	     0	76.4	142.3	 901	OK
1887	     0	75.9	142.7	 911	OK
1888	     0	74.6	143.4	 928	OK
1889	     0	74.5	141.3	 933	OK
1890	     0	75.7	144.7	 925	OK
1891	  4000	75.5	142.1	 993	high noise
1892	     0	75.6	145.2	 910	OK
1893	     0	73.1	138.9	 936	OK
1894	     0	76.1	146.3	 905	OK
1895	     0	77.9	147.8	 897	OK
1896	     0	75.0	142.4	 932	OK
1897	     0	77.2	146.8	 913	OK
1898	     0	77.2	147.0	 898	OK
1899	     0	74.2	141.2	 923	OK
1900	     0	75.9	143.0	 901	OK
1901	     0	76.6	146.3	 907	OK
1902	     0	75.4	143.8	 931	OK
1903	     0	77.8	147.1	 913	OK
1904	     0	75.8	143.2	 921	OK
1905	     0	78.2	145.7	 909	OK
1906	     0	73.4	140.6	 915	OK
1907	     0	74.0	141.8	 921	OK
1908	     0	74.4	143.8	 926	OK
1909	     0	73.9	142.3	 922	OK
1910	     0	77.2	145.7	 914	OK
1911	     0	74.2	142.7	 907	OK
1912	     0	76.6	145.5	 928	OK
1913	     0	76.2	144.3	 914	OK
1914	     0	78.9	149.2	 939	OK
1915	     0	76.7	144.5	 892	OK
1916	     0	78.2	146.4	 912	OK
1917	     0	76.1	144.6	 896	OK
1918	     0	77.0	145.2	 915	OK
1919	     0	76.7	144.8	 923	OK
1920	     0	80.2	150.9	 899	OK
1921	     0	79.0	151.3	 896	OK
1922	     0	79.1	148.4	 911	OK
1923	     0	82.5	155.3	 898	OK
1924	     0	79.5	150.1	 904	OK
1925	     0	77.9	146.8	 887	OK
1926	     0	81.3	153.6	 921	OK
1927	     0	76.7	149.9	 907	OK
1928	     0	80.1	151.1	 913	OK
1929	     0	81.0	151.9	 919	OK
1930	     0	82.4	153.6	 919	OK
1931	     0	79.6	148.7	 917	OK
1932	     0	76.9	145.7	 898	OK
1933	     0	75.5	143.9	 948	OK
1934	     0	80.8	151.8	 915	OK
1935	     0	80.0	151.9	 919	OK
1936	     0	79.9	150.1	 933	OK
1937	     0	76.5	144.2	 921	OK
1938	     0	81.0	152.8	 913	OK
1939	     0	79.0	148.7	 896	OK
1940	     0	79.4	153.4	 912	OK
1941	     0	77.8	148.4	 927	OK
1942	     0	80.0	150.5	 920	OK
1943	     0	78.3	145.9	 909	OK
1944	     0	80.1	149.8	 933	OK
1945	     0	79.6	151.7	 898	OK
1946	     0	78.8	149.4	 898	OK
1947	     0	79.4	150.2	 902	OK
1948	     0	79.6	150.4	 929	OK
1949	     0	77.4	146.4	 945	OK
1950	     0	78.7	148.3	 911	OK
1951	     0	80.1	153.1	 906	OK
1952	     0	79.3	150.3	 916	OK
1953	     0	78.8	148.1	 916	OK
1954	     0	76.8	144.3	 918	OK
1955	     0	80.1	150.9	 912	OK
1956	     0	78.2	146.8	 936	OK
1957	     0	78.6	147.0	 926	OK
1958	     0	77.5	147.4	 924	OK
1959	     0	79.8	150.5	 920	OK
1960	     0	80.4	149.1	 937	OK
1961	     0	78.4	147.5	 917	OK
1962	     0	82.2	154.2	 902	OK
1963	     0	79.1	149.3	 929	OK
1964	     0	78.9	148.4	 914	OK
1965	     0	80.3	149.9	 924	OK
1966	     0	78.4	146.4	 924	OK
1967	     0	80.4	149.6	 919	OK
1968	     0	78.9	150.3	 911	OK
1969	     0	80.6	149.6	 922	OK
1970	     0	78.3	148.0	 917	OK
1971	     0	78.2	144.8	 915	OK
1972	     0	79.9	148.7	 914	OK
1973	     0	79.5	150.2	 915	OK
1974	     0	80.1	149.5	 927	OK
1975	     0	78.4	146.0	 912	OK
1976	     0	79.8	154.4	 926	OK
1977	     0	80.3	152.0	 911	OK
1978	     0	79.0	150.1	 918	OK
1979	     0	80.4	152.3	 933	OK
1980	     0	82.2	152.1	 946	OK
1981	     0	79.1	146.5	 934	OK
1982	     0	80.6	151.8	 922	OK
1983	     0	80.8	151.8	 903	OK
1984	     0	78.7	147.5	 936	OK
1985	     0	77.5	147.5	 910	OK
1986	     0	76.4	143.0	 921	OK
1987	     0	75.0	142.2	 928	OK
1988	     0	77.5	146.9	 927	OK
1989	     0	78.1	145.4	 920	OK
1990	     0	77.8	148.0	 920	OK
1991	     0	79.2	148.3	 932	OK
1992	     0	79.9	149.2	 932	OK
1993	     0	80.5	154.2	 922	OK
1994	     0	78.2	147.0	 937	OK
1995	     0	78.8	149.7	 920	OK
1996	     0	77.8	146.1	 924	OK
1997	     0	78.3	147.7	 920	OK
1998	     0	75.8	141.7	 931	OK
1999	     0	77.9	146.0	 923	OK
2000	     0	80.2	149.4	 920	OK
2001	     0	77.1	146.1	 927	OK
2002	     0	77.7	147.1	 935	OK
2003	     0	79.0	149.9	 930	OK
2004	     0	76.7	143.5	 931	OK
2005	     0	77.1	144.9	 928	OK
2006	     0	77.1	143.4	 928	OK
2007	     0	76.1	144.4	 905	OK
2008	     0	77.0	144.4	 913	OK
2009	     0	76.5	145.2	 910	OK
2010	     0	78.4	147.4	 940	OK
2011	     0	77.9	147.5	 936	OK
2012	     0	75.7	142.3	 938	OK
2013	     0	78.8	146.9	 924	OK
2014	     0	78.7	148.5	 930	OK
2015	     0	77.8	146.6	 927	OK
2016	     0	77.2	144.5	 934	OK
2017	     0	79.9	149.0	 938	OK
2018	     0	78.2	148.0	 908	OK
2019	     0	76.2	144.4	 905	OK
2020	     0	78.2	147.6	 933	OK
2021	     0	77.3	145.7	 923	OK
2022	     0	76.3	143.0	 915	OK
2023	     0	75.2	141.7	 941	OK
2024	     0	79.1	147.8	 912	OK
2025	     0	78.7	146.9	 928	OK
2026	     0	79.7	151.1	 916	OK
2027	     0	79.3	148.9	 936	OK
2028	     0	76.6	144.3	 919	OK
2029	     0	78.0	148.9	 906	OK
2030	     0	77.5	145.3	 930	OK
2031	     0	77.8	144.7	 932	OK
2032	     0	77.2	147.5	 920	OK
2033	     0	80.2	151.1	 923	OK
2034	     0	79.3	149.0	 936	OK
2035	     0	80.2	153.2	 933	OK
2036	     0	78.8	148.3	 930	OK
2037	     0	76.2	142.7	 945	OK
2038	     0	79.5	148.8	 908	OK
2039	     0	78.5	146.4	 926	OK
2040	     0	77.5	145.7	 919	OK
2041	     0	76.6	145.3	 929	OK
2042	     0	78.8	145.7	 945	OK
2043	     0	78.6	147.6	 919	OK
2044	     0	79.3	148.1	 923	OK
2045	     0	78.5	147.9	 899	OK
2046	     0	78.2	149.1	 933	OK
2047	     0	79.3	150.4	 909	OK
2048	     0	79.9	150.9	 944	OK
2049	     0	77.4	146.9	 951	OK
2050	     0	74.4	141.3	 944	OK
2051	     0	79.4	147.5	 943	OK
2052	     0	77.1	147.6	 950	OK
2053	     0	77.5	147.7	 961	OK
2054	     0	80.7	152.8	 964	OK
2055	     0	77.1	145.2	 952	OK
2056	     0	78.8	147.6	 933	OK
2057	     0	81.0	156.4	 949	OK
2058	     0	76.7	145.4	 948	OK
2059	     0	78.2	146.3	 952	OK
2060	     0	76.9	145.9	 945	OK
2061	     0	78.6	148.1	 919	OK
2062	     0	78.0	148.5	 971	OK
2063	     0	77.2	146.8	 940	OK
2064	     0	77.5	145.7	 954	OK
2065	     0	75.0	142.0	 950	OK
2066	     0	77.5	147.4	 954	OK
2067	     0	76.3	141.9	 929	OK
2068	     0	78.4	146.5	 967	OK
2069	     0	77.6	146.6	 954	OK
2070	     0	77.2	143.8	 950	OK
2071	     0	77.5	145.7	 941	OK
2072	     0	79.4	150.8	 936	OK
2073	     0	76.1	145.0	 934	OK
2074	     0	79.0	148.2	 954	OK
2075	     0	77.6	147.0	 931	OK
2076	     0	79.0	149.9	 930	OK
2077	     0	78.6	149.3	 954	OK
2078	     0	77.0	144.0	 963	OK
2079	     0	78.2	146.1	 938	OK
2080	     0	77.4	144.9	 928	OK
2081	     0	77.4	145.6	 956	OK
2082	     0	77.1	145.2	 919	OK
2083	     0	77.7	146.7	 950	OK
2084	     0	77.4	144.9	 925	OK
2085	     0	77.7	146.0	 957	OK
2086	     0	77.4	146.1	 949	OK
2087	     0	77.7	146.0	 950	OK
2088	     0	78.7	146.9	 962	OK
2089	     0	78.1	146.9	 923	OK
2090	     0	76.9	145.5	 958	OK
2091	     0	74.2	140.8	 948	OK
2092	     0	79.3	148.3	 948	OK
2093	     0	78.4	145.6	 944	OK
2094	     0	78.7	147.5	 953	OK
2095	     0	77.2	144.4	 958	OK
2096	     0	77.7	145.6	 954	OK
2097	     0	77.3	146.2	 926	OK
2098	     0	76.9	142.9	 948	OK
2099	     0	76.4	144.5	 939	OK
2100	     0	77.7	147.4	 940	OK
2101	     0	77.9	148.1	 959	OK
2102	     0	79.2	151.4	 946	OK
2103	     0	77.9	148.0	 955	OK
2104	     0	78.4	147.2	 942	OK
2105	     0	80.8	154.2	 942	OK
2106	     0	80.9	149.8	 967	OK
2107	     0	77.5	146.3	 975	OK
2108	     0	78.6	147.9	 945	OK
2109	     0	80.3	151.5	 930	OK
2110	     0	77.2	146.9	 940	OK
2111	     0	79.4	149.8	 941	OK
2112	     0	77.0	146.1	 945	OK
2113	     0	79.9	151.1	 967	OK
2114	     0	77.6	147.1	 953	OK
2115	     0	77.7	147.5	 949	OK
2116	     0	76.2	143.4	 940	OK
2117	     0	80.3	152.0	 952	OK
2118	     0	75.6	140.8	 941	OK
2119	     0	75.4	142.5	 917	OK
2120	     0	76.4	145.4	 922	OK
2121	     0	78.5	147.6	 964	OK
2122	     0	78.0	146.2	 941	OK
2123	     0	75.9	143.5	 944	OK
2124	     0	75.7	143.5	 945	OK
2125	     0	78.1	145.0	 947	OK
2126	     0	77.0	144.0	 945	OK
2127	     0	77.4	145.1	 949	OK
2128	     0	76.1	145.0	 956	OK
2129	     0	74.8	141.2	 955	OK
2130	     0	74.7	142.3	 938	OK
2131	     0	78.1	147.9	 926	OK
2132	     0	79.2	148.6	 940	OK
2133	     0	74.9	142.1	 912	OK
2134	     0	77.9	146.3	 939	OK
2135	     0	76.2	143.4	 936	OK
2136	     0	80.0	152.7	 956	OK
2137	     0	76.7	145.2	 943	OK
2138	     0	76.8	145.1	 929	OK
2139	     0	75.3	140.6	 954	OK
2140	     0	79.4	151.1	 955	OK
2141	     0	75.6	143.0	 924	OK
2142	     0	76.8	143.1	 944	OK
2143	     0	75.5	143.8	 937	OK
2144	     0	76.9	144.2	 937	OK
2145	     0	79.4	148.3	 911	OK
2146	     0	76.5	145.8	 937	OK
2147	     0	76.8	144.4	 916	OK
2148	     0	78.4	144.2	 951	OK
2149	     0	77.0	146.6	 935	OK
2150	     0	77.1	145.7	 934	OK
2151	     0	75.6	143.2	 957	OK
2152	     0	76.3	145.1	 940	OK
2153	     0	76.1	145.5	 927	OK
2154	     0	76.7	145.3	 923	OK
2155	     0	78.4	149.5	 930	OK
2156	     0	77.7	144.0	 947	OK
2157	     0	79.7	151.9	 951	OK
2158	     0	77.5	144.8	 936	OK
2159	     0	76.9	144.8	 938	OK
2160	     0	77.9	149.4	 926	OK
2161	     0	77.7	146.9	 935	OK
2162	     0	77.7	144.7	 940	OK
2163	     0	78.0	146.4	 924	OK
2164	     0	78.1	147.6	 942	OK
2165	     0	78.5	148.2	 938	OK
2166	     0	79.4	147.1	 933	OK
2167	     0	77.7	146.4	 936	OK
2168	     0	75.7	141.9	 924	OK
2169	     0	78.0	146.1	 937	OK
2170	     0	77.7	145.6	 955	OK
2171	     0	81.3	150.2	 944	OK
2172	     0	76.9	144.7	 928	OK
2173	     0	77.2	144.2	 936	OK
2174	     0	75.6	141.6	 934	OK
2175	     0	78.8	146.1	 948	OK
2176	     0	75.7	145.4	 912	OK
2177	     0	75.3	144.5	 930	OK
2178	     0	74.3	143.1	 939	OK
2179	     0	74.0	140.3	 926	OK
2180	     0	74.1	141.7	 938	OK
2181	     0	74.3	142.0	 947	OK
2182	     0	73.7	142.9	 927	OK
2183	     0	74.9	142.3	 932	OK
2184	     0	76.3	145.2	 940	OK
2185	     0	72.5	140.7	 919	OK
2186	     0	75.9	144.1	 942	OK
2187	     0	73.5	141.8	 919	OK
2188	     0	74.7	142.8	 920	OK
2189	     0	77.3	147.2	 932	OK
2190	     0	73.5	139.3	 934	OK
2191	     0	76.3	146.9	 913	OK
2192	     0	75.3	142.9	 937	OK
2193	     0	75.9	142.5	 945	OK
2194	     0	76.3	144.9	 929	OK
2195	     0	76.8	146.3	 945	OK
2196	     0	72.3	138.7	 951	OK
2197	     0	75.2	144.1	 929	OK
2198	     0	75.5	144.0	 941	OK
2199	     0	78.0	147.1	 941	OK
2200	     0	76.8	148.3	 924	OK
2201	     0	75.1	142.6	 942	OK
2202	     0	74.4	144.2	 959	OK
2203	     0	76.9	144.5	 929	OK
2204	     0	76.0	145.2	 932	OK
2205	     0	76.9	147.9	 928	OK
2206	     0	73.6	140.5	 940	OK
2207	     0	77.1	144.6	 936	OK
2208	     0	76.2	144.7	 924	OK
2209	     0	78.0	148.0	 928	OK
2210	     0	75.0	145.5	 934	OK
2211	     0	77.3	147.9	 917	OK
2212	     0	76.0	144.3	 939	OK
2213	     0	76.1	144.8	 940	OK
2214	     0	75.5	143.5	 933	OK
2215	     0	74.8	141.6	 937	OK
2216	     0	77.9	148.3	 928	OK
2217	     0	76.6	147.0	 955	OK
2218	     0	74.4	141.9	 936	OK
2219	     0	76.5	146.2	 913	OK
2220	     0	76.8	147.3	 934	OK
2221	     0	75.7	143.3	 949	OK
2222	     0	76.6	146.0	 932	OK
2223	     0	72.0	139.8	 944	OK
2224	     0	74.3	142.1	 925	OK
2225	     0	75.9	145.0	 932	OK
2226	     0	74.4	142.0	 935	OK
2227	     0	72.7	139.7	 953	OK
2228	     0	75.3	143.3	 938	OK
2229	     0	74.8	143.5	 929	OK
2230	     0	75.3	142.8	 934	OK
2231	     0	76.5	146.4	 951	OK
2232	     0	74.7	143.9	 956	OK
2233	     0	76.0	145.2	 913	OK
2234	     0	73.4	139.2	 957	OK
2235	     0	75.2	144.7	 942	OK
2236	     0	75.3	144.5	 941	OK
2237	     0	75.9	143.2	 924	OK
2238	     0	74.3	141.8	 926	OK
2239	     0	79.6	147.8	 947	OK
2240	     0	74.2	142.1	 945	OK
2241	     0	74.4	142.1	 960	OK
2242	     0	76.5	144.7	 937	OK
2243	     0	75.0	144.2	 951	OK
2244	     0	72.3	140.0	 924	OK
2245	     0	73.4	139.7	 965	OK
2246	     0	73.0	140.2	 944	OK
2247	     0	74.0	141.7	 923	OK
2248	     0	72.4	140.2	 942	OK
2249	     0	73.8	141.9	 947	OK
2250	     0	73.4	139.4	 941	OK
2251	     0	73.6	140.4	 953	OK
2252	     0	74.7	143.1	 949	OK
2253	     0	75.0	142.0	 945	OK
2254	     0	74.9	143.7	 937	OK
2255	     0	74.7	144.3	 921	OK
2256	     0	72.6	139.5	 949	OK
2257	     0	73.2	140.3	 953	OK
2258	     0	73.9	139.3	 941	OK
2259	     0	73.2	140.0	 950	OK
2260	     0	73.0	139.8	 916	OK
2261	     0	73.6	141.9	 942	OK
2262	     0	73.6	140.8	 936	OK
2263	     0	76.2	146.9	 933	OK
2264	     0	72.0	138.7	 948	OK
2265	     0	74.4	141.9	 938	OK
2266	     0	74.1	141.0	 947	OK
2267	     0	71.9	139.9	 931	OK
2268	     0	72.9	140.1	 941	OK
2269	     0	72.0	137.9	 947	OK
2270	     0	75.8	143.7	 944	OK
2271	     0	75.3	144.2	 945	OK
2272	     0	74.5	142.7	 943	OK
2273	     0	73.9	140.7	 946	OK
2274	     0	72.3	137.6	 935	OK
2275	     0	76.3	147.3	 905	OK
2276	     0	73.8	140.4	 955	OK
2277	     0	77.2	149.0	 942	OK
2278	     0	76.2	145.6	 922	OK
2279	     0	72.6	140.6	 937	OK
2280	     0	73.6	140.3	 968	OK
2281	     0	72.6	139.4	 929	OK
2282	     0	73.6	139.5	 944	OK
2283	     0	74.7	141.2	 923	OK
2284	     0	74.1	141.5	 931	OK
2285	     0	74.2	142.3	 954	OK
2286	     0	73.1	138.4	 938	OK
2287	     0	72.2	137.0	 934	OK
2288	     0	75.3	145.0	 938	OK
2289	     0	75.0	142.6	 945	OK
2290	     0	72.9	138.4	 945	OK
2291	     0	75.5	142.0	 921	OK
2292	     0	76.7	146.2	 943	OK
2293	     0	73.9	141.1	 961	OK
2294	     0	75.0	143.2	 908	OK
2295	     0	73.1	140.4	 927	OK
2296	     0	74.5	143.9	 928	OK
2297	     0	76.9	145.8	 933	OK
2298	     0	75.5	143.2	 935	OK
2299	     0	74.5	144.0	 925	OK
2300	     0	72.9	141.1	 940	OK
2301	     0	76.6	144.8	 919	OK
2302	     0	76.5	147.9	 953	OK
2303	     0	77.2	144.6	 921	OK
2304	     0	80.8	153.3	 938	OK
2305	     0	80.4	160.7	 931	OK
2306	     0	82.4	155.3	 951	OK
2307	     0	80.3	156.6	 924	OK
2308	     0	79.5	148.6	 922	OK
2309	     0	79.8	150.2	 928	OK
2310	     0	80.0	150.8	 938	OK
2311	     0	80.7	151.8	 949	OK
2312	     0	79.3	149.6	 921	OK
2313	     0	82.1	155.5	 920	OK
2314	     0	81.6	153.6	 926	OK
2315	     0	77.9	146.3	 945	OK
2316	     0	77.7	145.4	 950	OK
2317	     0	81.0	151.9	 919	OK
2318	     0	80.8	152.8	 948	OK
2319	     0	79.5	149.5	 928	OK
2320	     0	80.1	149.6	 913	OK
2321	     0	79.8	153.6	 948	OK
2322	     0	79.1	149.0	 926	OK
2323	     0	80.3	151.6	 928	OK
2324	     0	78.7	147.6	 945	OK
2325	     0	79.2	148.8	 952	OK
2326	     0	77.2	145.8	 934	OK
2327	     0	80.5	152.9	 928	OK
2328	     0	80.3	149.2	 940	OK
2329	     0	82.4	156.7	 926	OK
2330	     0	82.6	155.0	 936	OK
2331	     0	78.2	146.0	 940	OK
2332	     0	81.7	154.4	 941	OK
2333	     0	76.8	146.0	 944	OK
2334	     0	81.2	151.3	 943	OK
2335	     0	79.3	147.7	 934	OK
2336	     0	81.0	150.8	 935	OK
2337	     0	79.1	149.3	 927	OK
2338	     0	79.7	150.8	 936	OK
2339	     0	82.1	153.3	 933	OK
2340	     0	79.6	153.4	 945	OK
2341	     0	81.1	150.7	 936	OK
2342	     0	78.5	147.2	 927	OK
2343	     0	79.8	151.0	 943	OK
2344	     0	82.1	154.3	 937	OK
2345	     0	81.6	152.1	 915	OK
2346	     0	78.7	148.5	 935	OK
2347	     0	82.4	155.6	 929	OK
2348	     0	80.7	150.8	 966	OK
2349	     0	80.0	151.1	 960	OK
2350	     0	81.4	149.9	 932	OK
2351	     0	81.2	153.4	 949	OK
2352	     0	80.6	149.3	 924	OK
2353	     0	80.6	149.7	 940	OK
2354	     0	79.5	147.8	 926	OK
2355	     0	82.2	156.4	 925	OK
2356	     0	81.0	152.7	 940	OK
2357	     0	79.3	147.5	 950	OK
2358	     0	81.5	151.8	 934	OK
2359	     0	79.4	147.8	 942	OK
2360	     0	81.1	151.4	 956	OK
2361	     0	82.8	155.9	 951	OK
2362	     0	80.4	150.4	 922	OK
2363	     0	79.3	149.7	 932	OK
2364	     0	79.3	147.9	 932	OK
2365	     0	79.3	147.4	 927	OK
2366	     0	81.3	151.6	 936	OK
2367	     0	83.4	157.7	 913	OK
2368	     0	79.9	151.7	 916	OK
2369	     0	81.5	153.3	 914	OK
2370	     0	81.2	152.0	 929	OK
2371	     0	80.8	150.1	 938	OK
2372	     0	79.9	147.6	 911	OK
2373	     0	80.4	152.0	 941	OK
2374	     0	82.1	153.1	 941	OK
2375	     0	81.1	150.6	 945	OK
2376	     0	79.9	151.1	 907	OK
2377	     0	79.9	148.6	 916	OK
2378	     0	78.7	149.3	 942	OK
2379	     0	80.2	152.3	 938	OK
2380	     0	80.4	149.7	 931	OK
2381	     0	78.9	148.7	 922	OK
2382	     0	80.6	151.0	 920	OK
2383	     0	79.4	150.3	 925	OK
2384	     0	78.9	147.6	 927	OK
2385	     0	81.0	154.4	 927	OK
2386	     0	80.9	152.6	 922	OK
2387	     0	80.6	150.3	 925	OK
2388	     0	78.9	149.6	 940	OK
2389	     0	79.5	150.9	 933	OK
2390	     0	82.6	155.7	 929	OK
2391	     0	79.0	150.1	 906	OK
2392	     0	80.2	151.8	 913	OK
2393	     0	81.3	151.3	 918	OK
2394	     0	78.4	148.6	 912	OK
2395	     0	81.0	151.7	 946	OK
2396	     0	78.8	150.9	 916	OK
2397	     0	81.3	154.0	 917	OK
2398	     0	82.1	153.4	 927	OK
2399	     0	80.5	149.4	 884	OK
2400	     0	81.3	154.7	 913	OK
2401	     0	78.9	148.7	 914	OK
2402	     0	82.8	155.4	 925	OK
2403	     0	82.6	155.3	 917	OK
2404	     0	80.6	151.6	 912	OK
2405	     0	81.2	151.6	 935	OK
2406	     0	79.5	150.0	 917	OK
2407	     0	80.4	151.0	 939	OK
2408	     0	81.0	152.5	 906	OK
2409	     0	79.8	148.7	 927	OK
2410	     0	80.8	150.5	 941	OK
2411	     0	81.5	150.8	 910	OK
2412	     0	79.6	150.6	 924	OK
2413	     0	78.9	149.2	 911	OK
2414	     0	80.7	151.9	 916	OK
2415	     0	80.5	150.9	 910	OK
2416	     0	79.2	149.3	 889	OK
2417	     0	80.3	150.3	 929	OK
2418	     0	82.1	152.5	 907	OK
2419	     0	79.5	148.1	 917	OK
2420	     0	80.4	151.3	 928	OK
2421	     0	81.9	154.0	 908	OK
2422	     0	82.4	155.2	 923	OK
2423	     0	78.5	149.4	 905	OK
2424	     0	83.7	158.8	 933	OK
2425	     0	77.9	144.3	 918	OK
2426	     0	81.1	153.6	 921	OK
2427	     0	81.3	151.7	 910	OK
2428	     0	82.8	154.3	 905	OK
2429	     0	82.0	153.5	 909	OK
2430	     0	83.1	156.9	 928	OK
2431	     0	82.2	152.2	 914	OK
2432	     0	80.8	154.7	 877	OK
2433	     0	81.1	155.0	 894	OK
2434	     0	78.4	150.2	 888	OK
2435	     0	78.0	149.4	 902	OK
2436	     0	79.6	152.7	 880	OK
2437	     0	80.6	151.4	 897	OK
2438	     0	78.9	148.3	 893	OK
2439	     0	80.0	154.4	 909	OK
2440	     0	76.6	144.8	 888	OK
2441	     0	80.2	151.8	 899	OK
2442	     0	79.7	149.8	 881	OK
2443	     0	77.5	147.8	 881	OK
2444	     0	77.0	146.0	 887	OK
2445	     0	77.8	145.3	 886	OK
2446	     0	80.4	163.7	 882	OK
2447	     0	79.0	156.7	 888	OK
2448	     0	78.8	148.0	 889	OK
2449	     0	79.2	151.0	 883	OK
2450	     0	79.4	151.0	 899	OK
2451	     0	79.0	148.8	 885	OK
2452	     0	77.8	149.3	 905	OK
2453	     0	78.4	148.2	 894	OK
2454	     0	80.6	153.6	 893	OK
2455	     0	78.3	149.6	 883	OK
2456	     0	79.1	149.3	 877	OK
2457	     0	78.5	149.0	 891	OK
2458	     0	79.5	149.1	 883	OK
2459	     0	79.7	150.6	 900	OK
2460	     0	77.0	145.0	 897	OK
2461	     0	78.1	149.6	 889	OK
2462	     0	78.0	151.8	 917	OK
2463	     0	80.5	152.4	 904	OK
2464	     0	78.4	148.0	 900	OK
2465	     0	80.5	151.6	 892	OK
2466	     0	77.1	147.2	 886	OK
2467	     0	77.9	148.2	 890	OK
2468	     0	78.1	149.5	 911	OK
2469	     0	81.3	154.1	 906	OK
2470	     0	78.5	147.9	 892	OK
2471	     0	76.9	146.8	 913	OK
2472	     0	78.5	148.6	 891	OK
2473	     0	76.9	147.2	 878	OK
2474	     0	79.0	148.6	 904	OK
2475	     0	77.0	146.5	 892	OK
2476	     0	78.4	147.1	 882	OK
2477	     0	78.4	148.8	 890	OK
2478	     0	78.7	146.7	 898	OK
2479	     0	79.1	150.2	 910	OK
2480	     0	77.8	147.4	 910	OK
2481	     0	78.6	147.9	 898	OK
2482	     0	80.0	153.4	 916	OK
2483	     0	77.4	147.8	 900	OK
2484	     0	79.1	148.1	 926	OK
2485	     0	78.9	149.8	 902	OK
2486	     0	80.9	154.3	 906	OK
2487	     0	80.1	151.8	 914	OK
2488	     0	80.9	151.8	 885	OK
2489	     0	80.4	154.0	 913	OK
2490	     0	77.1	144.4	 907	OK
2491	     0	79.4	151.3	 910	OK
2492	     0	79.2	149.4	 892	OK
2493	     0	77.8	149.6	 917	OK
2494	     0	78.9	148.7	 918	OK
2495	     0	80.7	151.2	 904	OK
2496	     0	76.7	145.1	 900	OK
2497	     0	78.7	147.9	 897	OK
2498	     0	76.4	144.7	 907	OK
2499	     0	76.7	144.0	 909	OK
2500	     0	78.3	147.6	 897	OK
2501	     0	78.3	148.5	 892	OK
2502	     0	78.9	147.7	 910	OK
2503	     0	77.2	146.1	 901	OK
2504	     0	76.2	145.2	 915	OK
2505	     0	77.4	146.2	 892	OK
2506	     0	81.5	153.4	 899	OK
2507	     0	77.1	145.6	 892	OK
2508	     0	78.6	146.8	 891	OK
2509	     0	79.2	150.7	 902	OK
2510	     0	73.9	140.8	 905	OK
2511	     0	75.3	143.5	 919	OK
2512	     0	76.1	143.9	 913	OK
2513	     0	74.8	142.8	 895	OK
2514	     0	76.1	143.8	 887	OK
2515	     0	77.3	147.9	 906	OK
2516	     0	74.3	141.8	 910	OK
2517	     0	79.2	151.2	 896	OK
2518	     0	79.5	147.8	 892	OK
2519	     0	77.4	146.1	 893	OK
2520	     0	78.8	149.8	 889	OK
2521	     0	78.8	150.3	 886	OK
2522	     0	79.5	149.8	 904	OK
2523	     0	79.2	149.1	 905	OK
2524	     0	75.9	145.2	 892	OK
2525	     0	78.4	148.4	 917	OK
2526	     0	77.1	145.4	 908	OK
2527	     0	74.8	140.7	 891	OK
2528	     0	77.4	145.4	 925	OK
2529	     0	77.0	145.2	 898	OK
2530	     0	75.3	144.4	 900	OK
2531	     0	76.6	144.4	 897	OK
2532	     0	77.7	146.2	 906	OK
2533	     0	76.6	145.8	 900	OK
2534	     0	78.4	148.8	 913	OK
2535	     0	76.9	146.3	 890	OK
2536	     0	78.5	149.3	 905	OK
2537	     0	77.4	147.1	 907	OK
2538	     0	76.0	143.9	 891	OK
2539	     0	76.9	144.3	 898	OK
2540	     0	76.5	145.1	 896	OK
2541	     0	77.7	147.8	 891	OK
2542	     0	78.1	148.4	 893	OK
2543	     0	76.7	146.1	 891	OK
2544	     0	78.5	149.8	 893	OK
2545	     0	76.8	146.3	 907	OK
2546	     0	79.9	151.5	 893	OK
2547	     0	75.3	143.4	 893	OK
2548	     0	77.1	146.8	 917	OK
2549	     0	74.6	140.9	 889	OK
2550	     0	76.8	144.5	 910	OK
2551	     0	75.3	142.3	 914	OK
2552	     0	76.2	145.7	 898	OK
2553	     0	77.5	150.0	 927	OK
2554	     0	76.3	146.2	 898	OK
2555	     0	79.2	149.3	 904	OK
2556	     0	80.0	149.0	 883	OK
2557	     0	78.6	150.8	 912	OK
2558	     0	76.7	144.4	 909	OK
2559	   200	84.2	156.6	 932	high gain
