#chan	code	gain	vt50	innse	comment
   0	     0	83.8	147.0	1165	OK
   1	     0	81.4	150.7	1138	OK
   2	     0	80.9	149.4	1118	OK
   3	     0	80.4	148.1	1117	OK
   4	     0	81.0	146.5	1075	OK
   5	     0	80.1	145.2	1105	OK
   6	     0	79.4	146.0	1114	OK
   7	     0	80.0	145.4	1103	OK
   8	     0	78.2	142.9	1115	OK
   9	     0	79.3	148.0	1095	OK
  10	     0	80.3	143.6	1108	OK
  11	     0	78.3	143.8	1098	OK
  12	     0	78.4	145.2	1095	OK
  13	     0	78.3	145.5	1123	OK
  14	     0	79.9	145.3	1072	OK
  15	     0	80.9	147.3	1108	OK
  16	     0	78.0	143.8	1073	OK
  17	     0	80.6	149.1	1112	OK
  18	     0	81.8	148.8	1095	OK
  19	     0	77.8	143.0	1103	OK
  20	     0	78.9	145.8	1077	OK
  21	     0	79.2	144.7	1092	OK
  22	     0	80.7	145.1	1108	OK
  23	     0	81.1	146.8	1094	OK
  24	     0	80.1	149.0	1077	OK
  25	     0	80.9	149.8	1094	OK
  26	     0	79.2	147.0	1102	OK
  27	     0	80.8	148.4	1096	OK
  28	     0	81.2	147.0	1108	OK
  29	     0	81.3	149.8	1102	OK
  30	     0	78.2	145.6	1104	OK
  31	     0	79.4	144.5	1103	OK
  32	     0	78.0	144.6	1123	OK
  33	     0	78.0	144.1	1104	OK
  34	     0	78.4	143.8	1104	OK
  35	     0	80.7	150.1	1099	OK
  36	     0	80.3	145.8	1099	OK
  37	     0	82.2	152.1	1096	OK
  38	     0	80.0	146.2	1130	OK
  39	     0	80.7	149.6	1108	OK
  40	     0	80.5	149.0	1105	OK
  41	     0	78.7	146.0	1105	OK
  42	     0	78.1	143.5	1114	OK
  43	     0	78.7	145.9	1147	OK
  44	     0	78.8	144.6	1134	OK
  45	     0	79.0	143.4	1095	OK
  46	     0	79.0	144.7	1116	OK
  47	     0	79.9	148.4	1108	OK
  48	     0	82.5	151.8	1095	OK
  49	     0	80.6	145.8	1134	OK
  50	     0	80.0	147.6	1129	OK
  51	     0	82.5	150.9	1125	OK
  52	     0	79.2	144.5	1099	OK
  53	     0	79.9	146.7	1128	OK
  54	     0	79.4	144.9	1123	OK
  55	     0	79.7	144.9	1108	OK
  56	     0	79.7	149.1	1109	OK
  57	     0	81.4	149.1	1104	OK
  58	     0	78.3	144.3	1112	OK
  59	     0	80.2	145.1	1126	OK
  60	     0	78.3	144.8	1104	OK
  61	     0	80.3	148.3	1127	OK
  62	     0	79.8	145.7	1117	OK
  63	     0	78.7	146.8	1126	OK
  64	     0	79.0	148.1	1125	OK
  65	     0	80.3	147.3	1124	OK
  66	     0	78.9	145.6	1144	OK
  67	     0	77.0	141.8	1104	OK
  68	     0	77.0	141.7	1137	OK
  69	     0	79.6	145.2	1142	OK
  70	     0	76.9	140.8	1120	OK
  71	     0	81.0	150.7	1106	OK
  72	     0	77.4	143.2	1111	OK
  73	     0	79.9	145.5	1124	OK
  74	     0	80.3	146.6	1140	OK
  75	     0	79.2	146.3	1116	OK
  76	     0	81.3	148.1	1121	OK
  77	     0	81.4	149.3	1121	OK
  78	     0	80.4	148.4	1108	OK
  79	     0	79.2	144.8	1139	OK
  80	     0	77.5	145.3	1101	OK
  81	     0	78.4	142.8	1118	OK
  82	     0	79.6	144.7	1121	OK
  83	     0	79.7	147.9	1123	OK
  84	     0	79.9	144.5	1108	OK
  85	     0	77.5	142.4	1121	OK
  86	     0	77.1	143.0	1100	OK
  87	     0	78.1	144.2	1113	OK
  88	     0	79.2	143.6	1114	OK
  89	     0	78.6	144.7	1110	OK
  90	     0	80.1	146.5	1105	OK
  91	     0	79.2	145.7	1113	OK
  92	     0	80.0	146.5	1117	OK
  93	     0	78.1	143.3	1118	OK
  94	     0	79.9	145.5	1116	OK
  95	     0	79.4	146.8	1111	OK
  96	     0	78.3	144.6	1115	OK
  97	     0	77.8	142.6	1107	OK
  98	     0	78.8	145.4	1123	OK
  99	     0	79.1	146.5	1113	OK
 100	     0	76.9	143.0	1128	OK
 101	     0	78.9	146.2	1112	OK
 102	     0	79.5	146.8	1121	OK
 103	     0	79.7	147.0	1123	OK
 104	     0	80.0	146.1	1123	OK
 105	     0	78.9	145.2	1123	OK
 106	     0	81.0	147.1	1112	OK
 107	     0	79.4	147.2	1100	OK
 108	     0	79.1	143.4	1137	OK
 109	     0	78.1	145.0	1114	OK
 110	     0	78.0	143.2	1115	OK
 111	     0	77.2	143.9	1099	OK
 112	     0	81.7	149.1	1123	OK
 113	     0	79.3	146.2	1127	OK
 114	     0	81.7	150.4	1107	OK
 115	     0	77.9	142.6	1131	OK
 116	     0	76.6	140.7	1130	OK
 117	     0	78.6	146.2	1126	OK
 118	     0	78.9	144.7	1116	OK
 119	     0	77.9	144.6	1102	OK
 120	     0	81.4	152.9	1095	OK
 121	     0	79.4	145.8	1128	OK
 122	     0	81.0	150.3	1127	OK
 123	     0	79.7	148.0	1118	OK
 124	     0	82.8	152.1	1110	OK
 125	     0	80.9	145.8	1109	OK
 126	     0	80.6	148.6	1119	OK
 127	     0	80.1	146.0	1133	OK
 128	     0	79.7	145.8	1154	OK
 129	     0	78.8	143.6	1136	OK
 130	     0	78.2	143.3	1120	OK
 131	     0	76.5	140.8	1137	OK
 132	     0	78.6	144.8	1131	OK
 133	     0	78.3	144.6	1116	OK
 134	     0	79.6	147.7	1121	OK
 135	     0	78.1	143.2	1128	OK
 136	     0	78.3	144.3	1120	OK
 137	     0	79.3	148.2	1123	OK
 138	     0	78.7	142.7	1130	OK
 139	     0	77.1	143.4	1126	OK
 140	     0	80.7	147.8	1118	OK
 141	     0	76.6	142.0	1093	OK
 142	     0	79.4	144.5	1135	OK
 143	     0	77.4	141.4	1124	OK
 144	     0	78.8	145.2	1112	OK
 145	     0	80.3	149.0	1128	OK
 146	     0	76.8	141.5	1117	OK
 147	     0	75.5	138.2	1120	OK
 148	     0	78.4	143.0	1119	OK
 149	     0	79.0	144.4	1126	OK
 150	     0	76.7	144.7	1118	OK
 151	     0	78.1	143.9	1127	OK
 152	     0	76.8	144.4	1123	OK
 153	     0	78.3	145.8	1114	OK
 154	     0	76.8	143.9	1110	OK
 155	     0	77.8	145.5	1122	OK
 156	     0	79.9	148.2	1139	OK
 157	     0	76.7	141.9	1130	OK
 158	     0	77.9	143.1	1113	OK
 159	     0	77.8	143.9	1138	OK
 160	     0	79.9	147.2	1114	OK
 161	     0	79.2	145.3	1136	OK
 162	     0	78.6	145.1	1130	OK
 163	     0	76.5	138.3	1114	OK
 164	     0	76.5	142.3	1104	OK
 165	     0	77.4	144.3	1094	OK
 166	     0	76.5	139.8	1103	OK
 167	     0	78.0	144.3	1119	OK
 168	     0	79.9	148.2	1115	OK
 169	     0	78.3	144.6	1126	OK
 170	     0	79.0	145.8	1116	OK
 171	     0	75.9	140.3	1107	OK
 172	     0	78.3	144.5	1115	OK
 173	     0	80.7	148.7	1152	OK
 174	     0	77.8	143.4	1110	OK
 175	     0	77.3	141.6	1132	OK
 176	     0	77.3	143.4	1129	OK
 177	     0	78.8	143.3	1137	OK
 178	     0	75.7	141.1	1135	OK
 179	     0	74.5	138.7	1109	OK
 180	     0	78.2	141.0	1119	OK
 181	     0	78.4	144.4	1133	OK
 182	     0	80.0	148.0	1127	OK
 183	     0	78.3	143.6	1145	OK
 184	     0	77.6	144.8	1122	OK
 185	     0	78.0	142.8	1119	OK
 186	     0	78.3	143.1	1124	OK
 187	     0	80.9	148.0	1112	OK
 188	     0	78.6	146.6	1121	OK
 189	     0	77.6	142.3	1126	OK
 190	     0	78.9	146.0	1132	OK
 191	     0	79.5	151.2	1136	OK
 192	     0	79.5	144.7	1112	OK
 193	     0	79.9	145.5	1129	OK
 194	     0	78.4	143.2	1131	OK
 195	     0	78.9	144.6	1123	OK
 196	     0	80.0	148.6	1111	OK
 197	     0	77.5	142.2	1112	OK
 198	     0	79.5	146.7	1116	OK
 199	     0	79.1	146.5	1130	OK
 200	     0	81.0	149.0	1117	OK
 201	     0	79.3	143.3	1093	OK
 202	     0	74.8	139.1	1128	OK
 203	     0	80.9	149.1	1115	OK
 204	     0	78.7	144.5	1116	OK
 205	     0	79.1	144.3	1145	OK
 206	     0	79.8	147.5	1125	OK
 207	     0	78.4	146.2	1119	OK
 208	     0	77.5	142.0	1113	OK
 209	     0	78.1	144.6	1104	OK
 210	     0	80.4	145.5	1123	OK
 211	     0	79.6	147.5	1102	OK
 212	     0	80.3	148.4	1103	OK
 213	     0	79.8	147.7	1125	OK
 214	     0	79.5	148.3	1114	OK
 215	     0	76.7	140.7	1133	OK
 216	     0	80.7	149.4	1109	OK
 217	     0	79.4	145.4	1116	OK
 218	     0	80.8	149.4	1123	OK
 219	     0	78.9	146.7	1107	OK
 220	     0	80.0	150.0	1121	OK
 221	     0	76.9	144.9	1114	OK
 222	     0	80.6	154.2	1107	OK
 223	     0	79.1	145.4	1119	OK
 224	     0	78.3	144.6	1115	OK
 225	     0	78.9	144.8	1121	OK
 226	     0	78.5	145.7	1132	OK
 227	     0	77.8	143.4	1122	OK
 228	     0	80.2	149.8	1121	OK
 229	     0	77.7	145.2	1111	OK
 230	     0	78.8	144.9	1138	OK
 231	     0	76.4	140.5	1135	OK
 232	     0	77.2	141.6	1104	OK
 233	     0	77.2	143.9	1125	OK
 234	     0	79.5	148.0	1129	OK
 235	     0	79.2	145.9	1115	OK
 236	     0	80.5	146.7	1085	OK
 237	     0	80.1	152.0	1110	OK
 238	     0	79.3	146.7	1131	OK
 239	     0	77.6	142.9	1139	OK
 240	     0	82.0	150.8	1094	OK
 241	     0	79.3	148.1	1095	OK
 242	     0	78.9	149.4	1112	OK
 243	     0	79.3	144.7	1114	OK
 244	     0	78.9	144.0	1097	OK
 245	     0	79.1	145.9	1122	OK
 246	     0	79.7	144.8	1098	OK
 247	     0	81.0	147.2	1129	OK
 248	     0	83.0	152.5	1099	OK
 249	     0	79.8	145.7	1086	OK
 250	     0	79.6	146.7	1111	OK
 251	     0	81.0	149.4	1107	OK
 252	     0	81.7	149.0	1098	OK
 253	     0	83.4	150.7	1093	OK
 254	     0	79.2	145.4	1097	OK
 255	     0	79.6	149.0	1119	OK
 256	     0	81.3	147.0	1117	OK
 257	     0	80.5	149.8	1102	OK
 258	     0	80.5	148.1	1115	OK
 259	     0	83.3	151.8	1098	OK
 260	     0	78.6	149.5	1108	OK
 261	     0	82.8	154.9	1083	OK
 262	     0	77.7	144.1	1116	OK
 263	     0	80.5	147.3	1099	OK
 264	     0	80.5	147.9	1102	OK
 265	     0	78.9	145.9	1102	OK
 266	     0	78.8	145.9	1105	OK
 267	     0	78.3	144.8	1106	OK
 268	     0	80.9	151.1	1116	OK
 269	     0	80.7	148.4	1100	OK
 270	     0	79.1	148.6	1090	OK
 271	     0	79.3	146.7	1091	OK
 272	     0	80.1	151.1	1085	OK
 273	     0	80.5	147.0	1102	OK
 274	     0	79.8	147.5	1097	OK
 275	     0	78.0	143.8	1088	OK
 276	     0	80.8	149.5	1086	OK
 277	     0	81.1	148.4	1106	OK
 278	     0	80.2	147.7	1112	OK
 279	     0	78.4	144.7	1095	OK
 280	     0	80.1	146.7	1098	OK
 281	     0	81.0	148.8	1094	OK
 282	     0	80.3	147.2	1121	OK
 283	     0	80.4	148.3	1106	OK
 284	     0	79.7	149.6	1113	OK
 285	     0	79.6	147.0	1099	OK
 286	     0	80.1	148.0	1097	OK
 287	     0	78.4	146.8	1112	OK
 288	     0	78.2	148.1	1108	OK
 289	     0	81.0	151.0	1090	OK
 290	     0	80.2	147.4	1092	OK
 291	     0	77.7	144.4	1115	OK
 292	     0	79.8	148.7	1108	OK
 293	     0	80.4	146.5	1123	OK
 294	     0	76.5	144.4	1111	OK
 295	     0	78.3	145.1	1083	OK
 296	     0	79.0	146.3	1114	OK
 297	     0	78.0	144.8	1085	OK
 298	     0	81.7	149.6	1104	OK
 299	     0	80.3	148.1	1099	OK
 300	     0	78.7	145.5	1105	OK
 301	     0	79.4	145.8	1096	OK
 302	     0	78.5	145.0	1120	OK
 303	     0	81.0	151.4	1111	OK
 304	     0	80.0	147.8	1101	OK
 305	     0	82.2	151.3	1092	OK
 306	   100	72.6	137.5	1089	low gain
 307	     0	79.3	146.9	1098	OK
 308	     0	79.3	148.1	1119	OK
 309	     0	81.0	152.8	1114	OK
 310	     0	80.4	147.6	1099	OK
 311	     0	80.2	147.2	1101	OK
 312	     0	79.8	146.8	1096	OK
 313	     0	76.4	143.5	1126	OK
 314	     0	77.9	145.0	1099	OK
 315	     0	81.4	151.9	1112	OK
 316	     0	81.2	147.1	1103	OK
 317	     0	79.2	146.1	1124	OK
 318	     0	79.3	149.2	1073	OK
 319	     0	82.5	152.4	1114	OK
 320	     0	80.9	151.2	1090	OK
 321	     0	80.4	146.5	1097	OK
 322	     0	79.3	148.7	1107	OK
 323	     0	78.7	146.2	1116	OK
 324	     0	79.7	149.4	1105	OK
 325	     0	78.5	144.2	1122	OK
 326	     0	82.8	152.4	1121	OK
 327	     0	79.0	147.5	1081	OK
 328	     0	80.2	148.4	1087	OK
 329	     0	81.0	150.0	1112	OK
 330	     0	78.4	146.3	1105	OK
 331	     0	77.7	145.2	1108	OK
 332	     0	78.6	146.7	1120	OK
 333	     0	76.5	142.3	1098	OK
 334	     0	80.6	151.6	1085	OK
 335	     0	79.1	147.6	1126	OK
 336	     0	77.3	144.4	1129	OK
 337	     0	76.2	142.2	1086	OK
 338	     0	82.1	151.7	1082	OK
 339	     0	78.3	145.6	1113	OK
 340	     0	81.2	148.3	1101	OK
 341	     0	79.9	147.6	1110	OK
 342	     0	80.1	148.8	1115	OK
 343	     0	79.6	148.3	1111	OK
 344	     0	79.4	149.0	1096	OK
 345	     0	83.3	150.0	1108	OK
 346	     0	78.1	144.0	1100	OK
 347	     0	81.0	148.5	1104	OK
 348	     0	81.1	151.4	1088	OK
 349	     0	78.3	146.9	1113	OK
 350	     0	79.6	145.0	1108	OK
 351	     0	81.4	152.7	1091	OK
 352	     0	78.4	146.5	1115	OK
 353	     0	78.8	145.3	1104	OK
 354	     0	78.4	146.6	1114	OK
 355	     0	77.4	142.5	1093	OK
 356	     0	79.0	146.7	1111	OK
 357	     0	79.7	147.8	1086	OK
 358	     0	80.6	150.3	1102	OK
 359	     0	78.5	145.5	1075	OK
 360	     0	80.0	148.7	1089	OK
 361	     0	81.4	151.2	1108	OK
 362	     0	76.2	143.1	1109	OK
 363	     0	80.5	147.8	1101	OK
 364	     0	78.0	143.1	1111	OK
 365	     0	79.2	147.7	1106	OK
 366	     0	78.3	145.7	1087	OK
 367	     0	78.7	146.2	1114	OK
 368	     0	80.3	148.6	1087	OK
 369	     0	78.8	147.0	1100	OK
 370	     0	78.2	145.0	1096	OK
 371	     0	79.9	146.4	1100	OK
 372	     0	78.9	147.8	1111	OK
 373	     0	77.5	148.6	1107	OK
 374	     0	77.2	144.9	1085	OK
 375	     0	80.3	146.9	1101	OK
 376	     0	80.0	147.2	1111	OK
 377	     0	79.8	148.5	1089	OK
 378	     0	81.5	151.4	1107	OK
 379	     0	78.5	147.5	1093	OK
 380	     0	79.6	148.9	1089	OK
 381	     0	80.3	149.8	1087	OK
 382	     0	80.7	147.8	1100	OK
 383	     0	78.6	145.4	1102	OK
 384	     0	81.0	148.1	1099	OK
 385	     0	80.2	148.0	1098	OK
 386	     0	79.6	144.5	1100	OK
 387	     0	78.3	144.1	1078	OK
 388	     0	79.0	146.2	1103	OK
 389	     0	79.7	144.1	1075	OK
 390	     0	78.2	144.4	1073	OK
 391	     0	79.3	147.3	1081	OK
 392	     0	78.7	146.4	1096	OK
 393	     0	79.8	146.3	1079	OK
 394	     0	77.7	141.7	1088	OK
 395	     0	77.6	142.9	1048	OK
 396	     0	80.0	146.3	1083	OK
 397	     0	78.6	144.2	1084	OK
 398	     0	78.5	142.2	1083	OK
 399	     0	79.7	144.5	1094	OK
 400	     0	80.1	146.4	1079	OK
 401	     0	77.5	142.3	1086	OK
 402	     0	77.0	140.7	1104	OK
 403	     0	81.0	145.9	1077	OK
 404	     0	80.1	146.9	1117	OK
 405	     0	80.6	145.5	1059	OK
 406	     0	81.8	147.0	1093	OK
 407	     0	80.4	146.4	1102	OK
 408	     0	77.1	139.9	1080	OK
 409	     0	76.8	140.3	1089	OK
 410	     0	79.3	144.6	1093	OK
 411	     0	80.5	148.6	1082	OK
 412	     0	81.2	148.9	1085	OK
 413	     0	79.0	142.5	1099	OK
 414	     0	79.9	145.5	1099	OK
 415	     0	78.4	145.5	1115	OK
 416	     0	79.2	145.8	1079	OK
 417	     0	80.3	147.3	1073	OK
 418	     0	79.6	144.2	1087	OK
 419	     0	79.6	146.9	1084	OK
 420	     0	79.7	145.2	1088	OK
 421	     0	80.9	147.1	1087	OK
 422	     0	79.7	145.5	1094	OK
 423	     0	79.6	144.6	1093	OK
 424	     0	78.2	142.9	1100	OK
 425	     0	79.5	145.0	1087	OK
 426	     0	80.6	145.7	1083	OK
 427	     0	80.2	145.1	1085	OK
 428	     0	78.5	144.7	1074	OK
 429	     0	79.3	146.2	1093	OK
 430	     0	77.1	141.8	1091	OK
 431	     0	79.1	142.2	1074	OK
 432	     0	78.9	146.2	1082	OK
 433	     0	77.8	143.7	1076	OK
 434	     0	80.4	150.3	1071	OK
 435	     0	78.1	142.7	1088	OK
 436	     0	78.0	142.4	1094	OK
 437	     0	78.1	144.4	1103	OK
 438	     0	77.9	140.7	1087	OK
 439	     0	81.0	147.8	1091	OK
 440	     0	78.2	143.4	1092	OK
 441	     0	80.5	149.5	1100	OK
 442	     0	81.3	150.4	1092	OK
 443	     0	79.3	144.7	1083	OK
 444	     0	81.0	146.8	1094	OK
 445	     0	80.1	147.4	1100	OK
 446	     0	80.0	145.9	1109	OK
 447	     0	77.7	144.2	1073	OK
 448	     0	79.0	144.5	1083	OK
 449	     0	79.5	146.2	1086	OK
 450	     0	80.0	146.3	1090	OK
 451	     0	78.1	144.8	1085	OK
 452	     0	79.2	145.2	1080	OK
 453	     0	81.0	149.2	1082	OK
 454	     0	79.6	143.5	1079	OK
 455	     0	81.8	148.9	1062	OK
 456	     0	77.1	143.5	1084	OK
 457	     0	76.2	142.1	1118	OK
 458	     0	79.5	145.2	1110	OK
 459	     0	77.7	141.2	1086	OK
 460	     0	79.2	146.3	1085	OK
 461	     0	80.0	149.7	1082	OK
 462	     0	81.7	146.9	1068	OK
 463	     0	79.3	145.5	1086	OK
 464	     0	78.7	147.6	1101	OK
 465	     0	78.8	144.7	1088	OK
 466	     0	80.2	149.5	1102	OK
 467	     0	78.0	142.4	1086	OK
 468	     0	80.1	148.2	1096	OK
 469	     0	80.1	147.3	1080	OK
 470	     0	79.2	145.2	1111	OK
 471	     0	81.1	149.9	1081	OK
 472	     0	78.5	145.4	1084	OK
 473	     0	79.6	145.7	1063	OK
 474	     0	78.1	143.6	1071	OK
 475	     0	79.0	143.4	1088	OK
 476	     0	80.9	145.0	1076	OK
 477	     0	79.9	145.7	1086	OK
 478	     0	78.6	145.7	1083	OK
 479	     0	83.6	152.9	1082	OK
 480	     0	78.1	143.3	1082	OK
 481	     0	83.4	151.3	1080	OK
 482	     0	80.5	146.9	1074	OK
 483	     0	80.1	147.4	1099	OK
 484	     0	79.9	146.8	1086	OK
 485	     0	81.5	147.2	1078	OK
 486	     0	78.7	146.3	1081	OK
 487	     0	80.3	147.7	1069	OK
 488	     0	83.5	155.1	1067	OK
 489	     0	79.5	146.2	1076	OK
 490	     0	82.8	149.8	1059	OK
 491	     0	81.0	147.3	1062	OK
 492	     0	79.5	147.0	1099	OK
 493	     0	80.3	150.0	1072	OK
 494	     0	78.6	145.9	1069	OK
 495	     0	78.8	145.6	1088	OK
 496	     0	80.3	145.9	1093	OK
 497	     0	81.3	147.9	1080	OK
 498	     0	81.1	147.4	1086	OK
 499	     0	79.2	144.4	1058	OK
 500	     0	79.6	146.3	1078	OK
 501	     0	81.3	151.3	1058	OK
 502	     0	80.0	143.4	1084	OK
 503	     0	81.4	146.7	1077	OK
 504	     0	81.3	148.5	1085	OK
 505	     0	79.6	146.4	1100	OK
 506	     0	82.5	149.7	1054	OK
 507	     0	84.9	154.5	1052	OK
 508	     0	80.2	148.8	1080	OK
 509	     0	84.4	155.2	1075	OK
 510	     0	79.3	145.2	1042	OK
 511	     0	81.2	149.8	1049	OK
 512	     0	80.4	147.5	1081	OK
 513	     0	80.1	148.2	1122	OK
 514	     0	79.9	145.8	1096	OK
 515	     0	80.3	147.6	1095	OK
 516	     0	78.5	144.4	1107	OK
 517	     0	76.7	142.8	1092	OK
 518	     0	82.3	151.8	1075	OK
 519	     0	80.5	147.6	1086	OK
 520	     0	77.5	145.8	1098	OK
 521	     0	82.6	152.6	1064	OK
 522	     0	81.9	151.5	1079	OK
 523	     0	77.3	142.9	1080	OK
 524	     0	79.0	144.3	1090	OK
 525	     0	79.1	146.6	1100	OK
 526	     0	79.4	148.4	1094	OK
 527	     0	77.5	143.2	1082	OK
 528	     0	79.6	147.3	1086	OK
 529	     0	78.7	145.4	1077	OK
 530	     0	80.0	145.8	1072	OK
 531	     0	78.6	145.4	1085	OK
 532	     0	78.4	143.5	1091	OK
 533	     0	78.6	147.0	1075	OK
 534	     0	78.1	143.4	1105	OK
 535	     0	76.8	143.2	1064	OK
 536	     0	78.5	146.1	1094	OK
 537	     0	80.0	147.1	1104	OK
 538	     0	78.3	145.8	1087	OK
 539	     0	80.6	148.8	1099	OK
 540	     0	79.4	147.4	1087	OK
 541	     0	76.6	145.1	1098	OK
 542	     0	78.7	148.4	1096	OK
 543	     0	78.8	147.2	1102	OK
 544	     0	77.2	144.5	1085	OK
 545	     0	77.6	144.3	1096	OK
 546	     0	81.0	149.4	1097	OK
 547	     0	77.4	145.6	1070	OK
 548	     0	79.1	150.3	1098	OK
 549	     0	79.0	144.9	1092	OK
 550	     0	76.6	143.5	1106	OK
 551	     0	78.9	143.6	1099	OK
 552	     0	76.1	139.7	1073	OK
 553	     0	76.8	140.8	1089	OK
 554	     0	79.1	148.3	1084	OK
 555	     0	76.4	143.4	1080	OK
 556	     0	78.4	143.0	1089	OK
 557	     0	77.2	143.1	1079	OK
 558	     0	74.6	138.4	1091	OK
 559	     0	78.5	148.9	1108	OK
 560	     0	77.1	141.8	1101	OK
 561	     0	80.8	148.4	1089	OK
 562	     0	78.6	145.7	1099	OK
 563	     0	76.4	142.2	1101	OK
 564	     0	75.3	140.9	1086	OK
 565	     0	76.3	141.5	1108	OK
 566	     0	78.1	144.2	1072	OK
 567	     0	77.5	144.5	1117	OK
 568	     0	77.4	145.3	1083	OK
 569	     0	77.4	146.3	1089	OK
 570	     0	75.1	141.2	1081	OK
 571	     0	75.7	140.7	1108	OK
 572	     0	78.1	146.1	1089	OK
 573	     0	75.7	141.6	1108	OK
 574	     0	78.2	147.2	1108	OK
 575	     0	77.7	144.8	1097	OK
 576	     0	81.1	148.8	1094	OK
 577	     0	78.9	147.2	1096	OK
 578	     0	79.2	146.5	1085	OK
 579	     0	78.9	147.6	1097	OK
 580	     0	75.4	141.3	1100	OK
 581	     0	78.1	147.0	1101	OK
 582	     0	79.1	146.5	1099	OK
 583	     0	76.0	143.8	1097	OK
 584	     0	78.2	145.6	1102	OK
 585	     0	76.3	142.9	1112	OK
 586	     0	76.4	141.8	1092	OK
 587	     0	77.4	143.8	1119	OK
 588	     0	75.6	139.8	1088	OK
 589	     0	76.5	142.6	1115	OK
 590	     0	76.9	146.2	1100	OK
 591	     0	78.9	147.9	1096	OK
 592	     0	76.5	142.6	1100	OK
 593	     0	75.1	141.0	1101	OK
 594	     0	78.2	145.7	1085	OK
 595	     0	79.2	148.5	1110	OK
 596	     0	78.5	145.3	1110	OK
 597	     0	77.0	144.0	1098	OK
 598	     0	78.7	145.3	1096	OK
 599	     0	76.1	141.6	1101	OK
 600	     0	78.9	144.9	1111	OK
 601	     0	76.9	142.6	1108	OK
 602	     0	78.8	146.1	1082	OK
 603	     0	80.6	147.8	1086	OK
 604	     0	78.2	145.2	1096	OK
 605	     0	78.0	147.7	1108	OK
 606	     0	78.5	144.1	1094	OK
 607	     0	78.3	143.8	1097	OK
 608	     0	77.5	141.5	1129	OK
 609	     0	77.0	144.9	1113	OK
 610	     0	77.4	143.2	1114	OK
 611	     0	79.6	147.5	1118	OK
 612	     0	77.9	145.4	1114	OK
 613	     0	79.4	147.5	1136	OK
 614	     0	76.2	141.9	1117	OK
 615	     0	77.5	143.9	1120	OK
 616	     0	79.5	147.7	1098	OK
 617	     0	80.0	147.0	1124	OK
 618	     0	78.0	144.0	1108	OK
 619	     0	77.8	143.3	1120	OK
 620	     0	78.2	143.4	1115	OK
 621	     0	79.1	149.8	1130	OK
 622	     0	76.7	143.6	1141	OK
 623	     0	78.1	145.0	1126	OK
 624	     0	78.8	145.0	1126	OK
 625	     0	78.4	144.0	1118	OK
 626	     0	79.1	147.0	1119	OK
 627	     0	77.6	144.8	1124	OK
 628	     0	79.6	146.3	1122	OK
 629	     0	77.9	144.9	1121	OK
 630	     0	77.5	145.1	1121	OK
 631	     0	80.1	148.2	1111	OK
 632	     0	78.2	143.3	1115	OK
 633	     0	80.0	148.7	1115	OK
 634	     0	79.3	146.5	1142	OK
 635	     0	77.2	143.6	1121	OK
 636	     0	80.1	148.5	1109	OK
 637	     0	78.3	144.0	1110	OK
 638	     0	79.5	150.2	1154	OK
 639	     0	79.8	145.4	1134	OK
 640	     0	79.5	147.5	1106	OK
 641	     0	80.3	148.0	1091	OK
 642	     0	77.8	145.5	1093	OK
 643	     0	77.8	146.2	1124	OK
 644	     0	78.8	146.9	1075	OK
 645	     0	78.0	143.8	1100	OK
 646	     0	78.4	146.3	1107	OK
 647	     0	78.0	145.8	1086	OK
 648	     0	77.9	145.6	1106	OK
 649	     0	77.5	143.7	1091	OK
 650	     0	78.9	147.8	1095	OK
 651	     0	77.7	144.4	1102	OK
 652	     0	75.0	139.0	1100	OK
 653	     0	78.3	146.2	1087	OK
 654	     0	77.5	144.3	1105	OK
 655	     0	79.7	147.3	1101	OK
 656	     0	77.0	145.9	1093	OK
 657	     0	79.1	148.1	1088	OK
 658	     0	78.3	147.8	1099	OK
 659	     0	75.4	141.5	1083	OK
 660	     0	79.4	148.9	1111	OK
 661	     0	79.9	149.8	1082	OK
 662	     0	77.2	143.4	1129	OK
 663	     0	78.8	147.0	1109	OK
 664	     0	79.7	149.2	1087	OK
 665	     0	75.7	142.4	1087	OK
 666	     0	77.0	143.4	1096	OK
 667	     0	78.5	146.2	1103	OK
 668	     0	76.6	142.3	1127	OK
 669	     0	76.9	143.2	1106	OK
 670	     0	77.1	144.0	1103	OK
 671	     0	76.1	144.9	1094	OK
 672	     0	78.4	146.4	1108	OK
 673	     0	78.7	146.3	1082	OK
 674	     0	78.7	148.5	1095	OK
 675	     0	79.8	147.5	1085	OK
 676	     0	80.8	148.1	1068	OK
 677	     0	79.6	148.7	1100	OK
 678	     0	77.1	145.7	1102	OK
 679	     0	78.7	145.6	1083	OK
 680	     0	78.6	146.4	1105	OK
 681	     0	77.4	144.5	1086	OK
 682	     0	77.9	146.9	1095	OK
 683	     0	77.2	144.3	1104	OK
 684	     0	77.5	144.1	1095	OK
 685	     0	80.4	150.9	1090	OK
 686	     0	78.3	144.9	1123	OK
 687	     0	78.4	147.0	1085	OK
 688	     0	77.5	146.2	1106	OK
 689	     0	77.0	142.5	1094	OK
 690	     0	76.5	143.0	1086	OK
 691	     0	78.3	145.9	1090	OK
 692	     0	78.1	146.9	1108	OK
 693	     0	78.0	146.6	1115	OK
 694	     0	77.0	143.2	1097	OK
 695	     0	75.8	141.8	1098	OK
 696	     0	77.1	142.7	1079	OK
 697	     0	78.4	148.8	1095	OK
 698	     0	75.9	142.6	1086	OK
 699	     0	77.8	144.2	1089	OK
 700	     0	77.6	146.6	1088	OK
 701	     0	78.8	146.1	1084	OK
 702	     0	79.0	146.5	1109	OK
 703	     0	77.2	142.2	1114	OK
 704	     0	78.2	145.2	1063	OK
 705	     0	78.7	145.7	1084	OK
 706	     0	74.9	141.4	1081	OK
 707	     0	77.1	142.8	1080	OK
 708	     0	78.4	144.5	1092	OK
 709	     0	78.2	148.1	1089	OK
 710	     0	77.5	144.5	1085	OK
 711	     0	79.1	145.6	1072	OK
 712	     0	77.6	145.8	1090	OK
 713	     0	76.9	146.3	1085	OK
 714	     0	79.0	148.5	1081	OK
 715	     0	79.3	145.6	1083	OK
 716	     0	78.7	147.9	1090	OK
 717	     0	79.2	145.9	1060	OK
 718	     0	77.0	143.3	1098	OK
 719	     0	79.8	146.3	1053	OK
 720	     0	80.9	152.3	1086	OK
 721	     0	76.9	143.1	1082	OK
 722	     0	80.8	148.8	1078	OK
 723	     0	78.5	146.4	1065	OK
 724	     0	79.8	149.8	1089	OK
 725	     0	78.8	146.6	1100	OK
 726	     0	77.0	145.5	1092	OK
 727	     0	77.8	145.6	1082	OK
 728	     0	77.9	144.3	1065	OK
 729	     0	76.1	142.7	1080	OK
 730	     0	78.7	145.5	1052	OK
 731	     0	78.3	144.0	1097	OK
 732	     0	77.0	142.3	1104	OK
 733	     0	76.1	142.6	1095	OK
 734	     0	76.4	143.5	1095	OK
 735	     0	78.4	145.7	1077	OK
 736	     0	79.6	148.2	1081	OK
 737	     0	77.2	141.5	1070	OK
 738	     0	79.9	148.8	1088	OK
 739	     0	79.7	146.7	1099	OK
 740	     0	79.0	147.2	1082	OK
 741	     0	77.5	144.4	1081	OK
 742	     0	76.5	142.2	1099	OK
 743	     0	77.4	146.2	1084	OK
 744	     0	79.9	147.7	1095	OK
 745	     0	77.6	145.0	1090	OK
 746	     0	78.7	146.0	1084	OK
 747	     0	78.6	148.6	1108	OK
 748	     0	80.9	148.1	1106	OK
 749	     0	79.2	146.7	1088	OK
 750	     0	79.3	147.0	1069	OK
 751	     0	77.9	142.1	1069	OK
 752	     0	80.0	147.8	1081	OK
 753	     0	80.8	149.0	1067	OK
 754	     0	80.2	147.7	1093	OK
 755	     0	80.2	150.1	1076	OK
 756	     0	75.9	143.2	1074	OK
 757	     0	81.2	148.9	1075	OK
 758	     0	78.4	143.3	1094	OK
 759	     0	78.5	143.8	1100	OK
 760	     0	80.3	148.5	1090	OK
 761	     0	79.0	148.6	1077	OK
 762	     0	79.3	146.4	1082	OK
 763	     0	80.1	149.2	1107	OK
 764	     0	78.8	145.7	1126	OK
 765	     0	79.0	147.5	1097	OK
 766	     0	80.4	149.1	1106	OK
 767	     0	79.9	146.1	1110	OK
 768	     0	78.5	142.9	1147	OK
 769	     0	80.4	147.8	1137	OK
 770	     0	79.0	148.2	1134	OK
 771	     0	76.3	140.9	1146	OK
 772	     0	77.1	140.7	1124	OK
 773	     0	77.8	142.9	1138	OK
 774	     0	78.0	144.1	1151	OK
 775	     0	77.8	143.3	1132	OK
 776	     0	79.1	144.3	1118	OK
 777	     0	77.8	143.0	1122	OK
 778	     0	77.1	139.9	1150	OK
 779	     0	77.0	143.8	1142	OK
 780	     0	78.3	142.6	1133	OK
 781	     0	77.8	143.4	1133	OK
 782	     0	74.4	138.0	1118	OK
 783	     0	76.7	143.1	1151	OK
 784	     0	74.1	138.4	1145	OK
 785	     0	76.3	139.8	1140	OK
 786	     0	79.6	148.3	1146	OK
 787	     0	77.5	142.5	1125	OK
 788	     0	75.3	138.3	1119	OK
 789	     0	77.5	142.8	1147	OK
 790	     0	76.4	143.9	1173	OK
 791	     0	74.3	136.0	1103	OK
 792	     0	78.5	147.3	1149	OK
 793	     0	77.2	144.3	1146	OK
 794	     0	76.8	141.5	1145	OK
 795	     0	76.2	140.5	1135	OK
 796	     0	79.8	146.8	1141	OK
 797	     0	77.7	143.2	1128	OK
 798	     0	77.9	141.6	1130	OK
 799	     0	75.2	137.1	1134	OK
 800	     0	77.3	140.9	1137	OK
 801	     0	78.8	143.8	1137	OK
 802	     0	77.5	144.4	1133	OK
 803	     0	76.2	141.5	1140	OK
 804	     0	76.5	140.6	1128	OK
 805	     0	75.8	140.5	1132	OK
 806	     0	76.2	143.1	1155	OK
 807	     0	75.2	139.5	1143	OK
 808	     0	74.2	136.4	1159	OK
 809	     0	74.9	138.1	1160	OK
 810	     0	75.6	139.8	1149	OK
 811	     0	76.4	142.0	1126	OK
 812	     0	76.1	143.1	1157	OK
 813	     0	73.8	138.0	1142	OK
 814	     0	74.7	137.5	1156	OK
 815	     0	74.6	138.4	1182	OK
 816	     0	75.8	139.9	1147	OK
 817	     0	75.0	137.2	1152	OK
 818	     0	74.8	137.0	1152	OK
 819	     0	75.5	141.1	1155	OK
 820	     0	74.6	137.4	1148	OK
 821	     0	74.3	138.4	1159	OK
 822	     0	78.8	147.0	1163	OK
 823	     0	75.5	139.3	1132	OK
 824	     0	77.3	142.7	1137	OK
 825	     0	76.1	140.2	1136	OK
 826	     0	77.2	142.3	1140	OK
 827	     0	77.1	141.1	1156	OK
 828	     0	78.2	142.6	1167	OK
 829	     0	76.1	140.6	1143	OK
 830	     0	77.9	141.3	1157	OK
 831	     0	76.2	140.5	1131	OK
 832	     0	77.3	143.3	1132	OK
 833	     0	75.9	137.7	1149	OK
 834	     0	77.5	142.3	1142	OK
 835	     0	76.5	140.2	1139	OK
 836	     0	76.6	145.0	1161	OK
 837	     0	75.3	140.4	1149	OK
 838	     0	77.6	144.6	1116	OK
 839	     0	77.3	142.1	1137	OK
 840	     0	77.8	143.7	1146	OK
 841	     0	78.6	142.4	1155	OK
 842	     0	75.5	142.4	1147	OK
 843	     0	78.4	145.0	1162	OK
 844	     0	74.3	138.5	1134	OK
 845	     0	78.5	146.2	1168	OK
 846	     0	77.3	143.3	1152	OK
 847	     0	77.2	142.2	1165	OK
 848	     0	76.3	142.0	1181	OK
 849	     0	75.0	138.2	1154	OK
 850	     0	77.6	142.7	1158	OK
 851	     0	77.8	143.6	1144	OK
 852	     0	75.5	140.8	1170	OK
 853	     0	78.5	146.0	1149	OK
 854	     0	78.4	146.9	1157	OK
 855	     0	76.7	141.3	1133	OK
 856	     0	79.6	144.2	1157	OK
 857	     0	75.1	138.9	1127	OK
 858	     0	75.8	138.3	1152	OK
 859	     0	77.9	143.5	1122	OK
 860	     0	74.6	139.1	1153	OK
 861	     0	76.3	142.7	1136	OK
 862	     0	77.6	144.3	1149	OK
 863	     0	76.1	141.4	1134	OK
 864	     0	78.0	145.2	1164	OK
 865	     0	77.5	141.9	1145	OK
 866	     0	77.1	142.9	1137	OK
 867	     0	76.2	141.0	1110	OK
 868	     0	77.9	142.6	1132	OK
 869	     0	75.7	140.8	1133	OK
 870	     0	75.1	140.5	1142	OK
 871	     0	77.0	143.5	1139	OK
 872	     0	75.6	139.2	1140	OK
 873	     0	78.0	142.8	1121	OK
 874	     0	76.7	140.8	1154	OK
 875	     0	75.3	139.7	1169	OK
 876	     0	77.2	143.3	1137	OK
 877	     0	75.5	138.9	1129	OK
 878	     0	77.4	141.8	1145	OK
 879	     0	74.6	137.1	1160	OK
 880	     0	74.9	139.1	1146	OK
 881	     0	77.0	139.4	1164	OK
 882	     0	77.3	142.6	1140	OK
 883	     0	75.3	138.5	1159	OK
 884	     0	76.8	140.4	1134	OK
 885	     0	75.5	140.2	1134	OK
 886	     0	77.7	142.7	1144	OK
 887	     0	77.8	142.8	1129	OK
 888	     0	76.7	142.3	1149	OK
 889	     0	77.5	142.8	1132	OK
 890	     0	78.2	144.3	1148	OK
 891	     0	77.4	139.3	1140	OK
 892	     0	75.6	139.2	1136	OK
 893	     0	75.9	141.6	1137	OK
 894	     0	77.4	141.2	1137	OK
 895	     0	79.0	143.3	1135	OK
 896	     0	76.3	140.1	1152	OK
 897	     0	79.6	144.9	1147	OK
 898	     0	76.1	141.8	1132	OK
 899	     0	78.5	142.8	1129	OK
 900	  4000	75.7	142.6	1172	high noise
 901	     0	77.4	141.2	1135	OK
 902	     0	78.3	144.2	1134	OK
 903	     0	76.9	142.9	1140	OK
 904	  4000	75.6	140.9	1168	high noise
 905	     0	76.7	141.7	1157	OK
 906	     0	76.1	141.2	1149	OK
 907	     0	77.3	143.0	1157	OK
 908	  4000	75.7	139.4	1160	high noise
 909	  4000	75.3	140.2	1163	high noise
 910	     0	74.8	137.0	1157	OK
 911	     0	76.5	143.1	1144	OK
 912	     0	74.4	138.2	1153	OK
 913	  4000	77.8	144.2	1164	high noise
 914	     0	75.7	137.2	1151	OK
 915	  4000	77.9	142.4	1160	high noise
 916	     0	77.0	144.6	1139	OK
 917	     0	74.1	137.6	1145	OK
 918	     0	76.9	141.1	1130	OK
 919	     0	76.8	142.5	1134	OK
 920	     0	74.2	139.7	1124	OK
 921	     0	74.8	140.7	1137	OK
 922	  4000	76.8	143.5	1177	high noise
 923	     0	77.8	145.8	1123	OK
 924	     0	78.2	142.7	1121	OK
 925	     0	76.9	142.1	1138	OK
 926	     0	78.0	144.4	1147	OK
 927	     0	78.7	144.4	1123	OK
 928	     0	74.2	137.9	1118	OK
 929	     0	75.4	139.0	1148	OK
 930	     0	78.6	144.4	1132	OK
 931	     0	74.5	139.0	1118	OK
 932	     0	76.9	144.3	1132	OK
 933	     0	76.0	142.1	1117	OK
 934	     0	76.8	141.7	1130	OK
 935	     0	78.9	144.8	1104	OK
 936	     0	76.6	143.5	1131	OK
 937	     0	76.8	141.9	1108	OK
 938	     0	76.2	141.4	1125	OK
 939	     0	78.8	146.3	1123	OK
 940	     0	75.8	141.2	1134	OK
 941	     0	75.7	139.6	1141	OK
 942	     0	74.1	137.1	1131	OK
 943	     0	76.7	142.1	1126	OK
 944	     0	75.7	143.1	1129	OK
 945	     0	75.5	139.9	1101	OK
 946	     0	75.2	137.5	1105	OK
 947	     0	75.8	139.4	1120	OK
 948	     0	77.2	143.9	1122	OK
 949	     0	74.8	141.1	1101	OK
 950	     0	78.1	143.1	1105	OK
 951	     0	77.0	142.9	1132	OK
 952	     0	77.3	144.0	1119	OK
 953	     0	77.5	140.8	1123	OK
 954	     0	75.0	139.1	1123	OK
 955	     0	77.4	140.3	1108	OK
 956	     0	75.4	142.0	1104	OK
 957	     0	74.8	138.6	1095	OK
 958	     0	78.5	144.3	1115	OK
 959	     0	78.1	144.9	1097	OK
 960	     0	79.2	145.2	1106	OK
 961	     0	79.0	148.1	1090	OK
 962	     0	78.2	144.0	1113	OK
 963	     0	79.9	148.8	1108	OK
 964	     0	76.7	141.5	1116	OK
 965	     0	75.9	140.9	1125	OK
 966	     0	77.7	141.8	1095	OK
 967	     0	76.4	144.8	1093	OK
 968	     0	77.9	145.4	1100	OK
 969	     0	77.6	143.8	1109	OK
 970	     0	75.9	142.1	1099	OK
 971	     0	77.3	144.8	1095	OK
 972	     0	77.1	142.6	1111	OK
 973	     0	76.5	142.9	1102	OK
 974	     0	76.4	142.8	1082	OK
 975	     0	78.4	146.7	1118	OK
 976	     0	78.6	145.0	1090	OK
 977	     0	76.2	141.3	1104	OK
 978	     0	75.6	138.6	1092	OK
 979	     0	77.0	142.3	1107	OK
 980	     0	78.0	142.2	1107	OK
 981	     0	74.8	140.6	1091	OK
 982	     0	78.6	144.8	1115	OK
 983	     0	76.6	140.9	1063	OK
 984	     0	78.1	144.1	1093	OK
 985	     0	76.4	140.8	1085	OK
 986	     0	75.2	141.5	1096	OK
 987	     0	77.4	142.8	1069	OK
 988	     0	76.4	141.1	1095	OK
 989	     0	76.2	139.2	1072	OK
 990	     0	76.6	140.6	1085	OK
 991	     0	79.5	144.3	1074	OK
 992	     0	76.4	142.9	1101	OK
 993	     0	77.2	143.5	1094	OK
 994	     0	76.1	139.8	1079	OK
 995	     0	78.0	144.4	1079	OK
 996	     0	80.4	147.8	1077	OK
 997	     0	78.5	144.1	1096	OK
 998	     0	77.9	144.6	1079	OK
 999	     0	75.1	139.2	1075	OK
1000	     0	78.6	146.5	1088	OK
1001	     0	80.6	149.0	1092	OK
1002	     0	78.1	143.3	1095	OK
1003	     0	78.3	143.2	1080	OK
1004	     0	78.4	142.9	1069	OK
1005	     0	78.3	144.8	1080	OK
1006	     0	78.3	143.7	1088	OK
1007	     0	78.4	144.5	1077	OK
1008	     0	78.0	144.1	1088	OK
1009	     0	76.7	142.3	1076	OK
1010	     0	78.9	142.5	1050	OK
1011	     0	79.4	147.2	1107	OK
1012	     0	78.8	147.7	1078	OK
1013	     0	78.3	142.8	1096	OK
1014	     0	79.8	150.1	1062	OK
1015	     0	79.4	145.1	1089	OK
1016	     0	81.6	148.9	1069	OK
1017	     0	77.6	142.9	1088	OK
1018	     0	79.3	144.0	1089	OK
1019	     0	80.7	148.0	1058	OK
1020	     0	78.8	145.8	1086	OK
1021	     0	80.2	147.3	1078	OK
1022	     0	81.4	149.8	1082	OK
1023	     0	79.0	144.7	1091	OK
1024	     0	77.3	145.5	1102	OK
1025	     0	79.6	148.6	1081	OK
1026	     0	79.5	148.6	1100	OK
1027	     0	78.5	149.6	1078	OK
1028	     0	77.5	146.9	1085	OK
1029	     0	79.4	150.3	1096	OK
1030	     0	79.1	150.4	1078	OK
1031	     0	79.8	153.8	1090	OK
1032	     0	79.0	148.4	1075	OK
1033	     0	74.8	142.1	1103	OK
1034	     0	77.0	146.5	1080	OK
1035	     0	78.8	148.4	1058	OK
1036	     0	79.2	149.8	1102	OK
1037	     0	79.2	146.4	1103	OK
1038	     0	80.8	151.1	1068	OK
1039	     0	78.8	149.3	1061	OK
1040	     0	78.6	148.9	1098	OK
1041	     0	77.0	146.6	1083	OK
1042	     0	76.3	142.5	1077	OK
1043	     0	79.9	148.7	1079	OK
1044	     0	79.2	147.5	1078	OK
1045	     0	78.7	149.1	1077	OK
1046	     0	79.7	148.8	1084	OK
1047	     0	75.4	143.3	1084	OK
1048	     0	79.8	150.4	1068	OK
1049	     0	77.6	143.7	1083	OK
1050	     0	77.7	144.7	1088	OK
1051	     0	75.3	141.7	1090	OK
1052	     0	76.6	144.1	1079	OK
1053	     0	79.3	149.3	1071	OK
1054	     0	78.8	146.8	1088	OK
1055	     0	77.6	145.4	1080	OK
1056	     0	79.3	149.6	1087	OK
1057	     0	79.0	149.2	1093	OK
1058	     0	78.3	146.2	1098	OK
1059	     0	79.8	149.4	1074	OK
1060	     0	77.2	144.6	1094	OK
1061	     0	76.5	146.6	1084	OK
1062	     0	76.9	145.7	1100	OK
1063	     0	77.0	146.3	1081	OK
1064	     0	73.9	140.6	1068	OK
1065	     0	76.4	142.8	1067	OK
1066	     0	78.3	145.4	1091	OK
1067	     0	78.4	146.7	1075	OK
1068	     0	75.2	144.4	1082	OK
1069	     0	79.2	148.5	1086	OK
1070	     0	79.1	148.9	1060	OK
1071	     0	78.3	145.1	1076	OK
1072	     0	77.1	144.5	1106	OK
1073	     0	77.0	143.6	1100	OK
1074	     0	79.9	147.3	1085	OK
1075	     0	77.1	143.0	1075	OK
1076	     0	74.4	141.4	1077	OK
1077	     0	76.1	140.0	1095	OK
1078	     0	77.2	143.2	1099	OK
1079	     0	77.1	143.4	1098	OK
1080	     0	74.7	140.0	1088	OK
1081	     0	77.0	143.6	1122	OK
1082	     0	78.1	137.8	1093	OK
1083	     0	76.4	143.1	1082	OK
1084	     0	76.6	144.1	1102	OK
1085	     0	74.7	140.5	1097	OK
1086	     0	76.5	142.9	1098	OK
1087	     0	78.5	147.1	1096	OK
1088	     0	78.6	145.5	1069	OK
1089	     0	79.8	149.5	1084	OK
1090	     0	75.5	143.5	1113	OK
1091	     0	77.6	144.7	1079	OK
1092	     0	75.8	143.3	1077	OK
1093	     0	76.9	141.1	1075	OK
1094	     0	76.7	141.6	1073	OK
1095	     0	75.2	140.4	1076	OK
1096	     0	72.5	134.9	1081	OK
1097	     0	75.8	139.1	1079	OK
1098	     0	76.3	144.9	1075	OK
1099	     0	78.2	145.0	1089	OK
1100	     0	77.8	145.5	1106	OK
1101	     0	79.5	147.2	1104	OK
1102	     0	75.6	142.6	1082	OK
1103	     0	77.6	145.2	1086	OK
1104	     0	77.7	147.0	1071	OK
1105	     0	77.6	144.6	1103	OK
1106	     0	79.2	146.6	1071	OK
1107	     0	76.4	140.8	1087	OK
1108	     0	77.5	144.9	1098	OK
1109	     0	75.7	141.9	1097	OK
1110	     0	73.5	138.8	1078	OK
1111	     0	74.2	142.4	1098	OK
1112	     0	78.1	144.7	1078	OK
1113	     0	76.8	145.3	1084	OK
1114	     0	76.0	142.8	1101	OK
1115	     0	77.7	145.9	1073	OK
1116	     0	75.1	143.7	1092	OK
1117	     0	75.5	141.0	1078	OK
1118	     0	76.2	142.5	1086	OK
1119	     0	76.9	143.5	1086	OK
1120	     0	77.1	145.3	1081	OK
1121	     0	78.5	143.1	1086	OK
1122	     0	76.2	143.6	1095	OK
1123	     0	74.4	137.7	1109	OK
1124	     0	75.4	142.0	1078	OK
1125	     0	76.1	144.2	1089	OK
1126	     0	77.2	142.4	1084	OK
1127	     0	76.5	141.8	1080	OK
1128	     0	76.8	144.6	1078	OK
1129	     0	78.0	144.5	1103	OK
1130	     0	76.9	144.9	1075	OK
1131	     0	76.7	146.5	1075	OK
1132	     0	76.0	140.8	1093	OK
1133	     0	77.1	143.9	1081	OK
1134	     0	76.4	143.9	1090	OK
1135	     0	78.3	147.8	1097	OK
1136	     0	78.1	147.3	1106	OK
1137	     0	77.1	144.6	1094	OK
1138	     0	79.4	144.5	1098	OK
1139	     0	78.2	145.2	1082	OK
1140	     0	77.4	144.0	1090	OK
1141	     0	79.2	146.6	1074	OK
1142	     0	78.8	146.3	1116	OK
1143	     0	78.5	146.9	1088	OK
1144	     0	76.3	142.8	1083	OK
1145	     0	78.1	146.2	1091	OK
1146	     0	78.0	144.8	1076	OK
1147	     0	75.8	141.6	1076	OK
1148	     0	78.5	145.4	1082	OK
1149	     0	75.7	141.6	1086	OK
1150	     0	81.2	150.1	1081	OK
1151	     0	77.2	144.5	1094	OK
1152	     0	77.3	145.0	1101	OK
1153	     0	77.2	145.8	1079	OK
1154	     0	73.1	137.4	1084	OK
1155	     0	75.4	143.0	1106	OK
1156	     0	77.3	147.5	1093	OK
1157	     0	74.8	140.1	1091	OK
1158	     0	75.6	142.3	1100	OK
1159	     0	75.0	139.4	1069	OK
1160	     0	76.5	143.0	1100	OK
1161	     0	75.8	142.6	1079	OK
1162	     0	76.2	139.7	1094	OK
1163	     0	77.1	143.4	1081	OK
1164	     0	76.6	142.9	1081	OK
1165	     0	79.4	145.1	1072	OK
1166	     0	73.3	138.2	1096	OK
1167	     0	74.7	138.8	1069	OK
1168	     0	77.0	143.4	1084	OK
1169	     0	74.5	138.2	1082	OK
1170	     0	74.5	137.9	1085	OK
1171	     0	76.0	143.7	1074	OK
1172	     0	76.4	145.0	1082	OK
1173	     0	77.9	145.0	1081	OK
1174	     0	75.7	143.2	1084	OK
1175	     0	75.0	137.5	1095	OK
1176	     0	76.3	142.0	1100	OK
1177	     0	75.8	142.1	1071	OK
1178	     0	75.4	141.8	1083	OK
1179	     0	78.2	143.0	1080	OK
1180	     0	73.9	139.0	1098	OK
1181	     0	76.2	141.2	1083	OK
1182	     0	75.0	140.6	1079	OK
1183	     0	76.6	140.9	1103	OK
1184	     0	72.5	138.2	1100	OK
1185	     0	74.0	139.1	1083	OK
1186	     0	76.8	144.5	1088	OK
1187	     0	75.6	141.0	1102	OK
1188	     0	75.7	142.9	1091	OK
1189	     0	75.4	139.5	1070	OK
1190	     0	75.4	141.7	1078	OK
1191	     0	76.8	143.7	1072	OK
1192	     0	76.6	143.2	1092	OK
1193	     0	76.6	143.8	1090	OK
1194	     0	77.1	143.7	1118	OK
1195	     0	76.4	146.0	1096	OK
1196	     0	77.0	143.2	1093	OK
1197	     0	75.3	140.6	1099	OK
1198	     0	75.9	139.8	1094	OK
1199	     0	75.2	142.1	1092	OK
1200	     0	73.6	139.6	1067	OK
1201	     0	75.4	143.8	1095	OK
1202	     0	74.5	138.8	1068	OK
1203	     0	77.0	142.9	1089	OK
1204	     0	78.8	147.1	1077	OK
1205	     0	75.4	139.8	1106	OK
1206	     0	74.8	140.3	1104	OK
1207	     0	76.2	141.8	1083	OK
1208	     0	76.2	140.8	1094	OK
1209	     0	75.4	143.4	1071	OK
1210	     0	74.8	141.2	1091	OK
1211	     0	76.7	143.0	1066	OK
1212	     0	74.3	140.3	1085	OK
1213	     0	76.1	142.2	1083	OK
1214	     0	76.0	142.1	1084	OK
1215	     0	77.1	145.4	1070	OK
1216	     0	76.0	142.8	1096	OK
1217	     0	73.7	140.5	1059	OK
1218	     0	78.0	145.8	1068	OK
1219	     0	76.1	142.9	1091	OK
1220	     0	76.9	143.5	1068	OK
1221	     0	76.5	142.9	1097	OK
1222	     0	75.8	142.9	1077	OK
1223	     0	79.2	147.7	1060	OK
1224	     0	76.9	144.4	1069	OK
1225	     0	77.9	144.2	1075	OK
1226	     0	76.6	142.5	1067	OK
1227	     0	78.7	145.1	1071	OK
1228	     0	76.6	142.7	1079	OK
1229	     0	75.0	139.8	1070	OK
1230	     0	76.1	141.4	1067	OK
1231	     0	76.8	143.8	1078	OK
1232	     0	78.3	147.0	1077	OK
1233	     0	77.1	144.9	1065	OK
1234	     0	74.8	140.1	1060	OK
1235	     0	77.4	143.1	1086	OK
1236	     0	77.3	142.4	1048	OK
1237	     0	74.5	137.4	1056	OK
1238	     0	76.1	139.0	1049	OK
1239	     0	77.5	144.0	1055	OK
1240	     0	73.8	138.3	1050	OK
1241	     0	79.7	147.8	1070	OK
1242	     0	79.0	147.3	1047	OK
1243	     0	76.9	141.8	1057	OK
1244	     0	79.9	149.2	1066	OK
1245	     0	78.0	145.3	1066	OK
1246	     0	76.5	142.1	1059	OK
1247	     0	75.8	141.8	1098	OK
1248	     0	76.5	143.8	1065	OK
1249	     0	75.5	139.0	1068	OK
1250	     0	75.7	139.2	1047	OK
1251	     0	77.2	142.4	1056	OK
1252	     0	77.0	143.7	1057	OK
1253	     0	75.5	142.5	1064	OK
1254	     0	74.1	138.3	1068	OK
1255	     0	76.2	142.7	1047	OK
1256	     0	75.7	141.6	1071	OK
1257	     0	78.0	144.4	1077	OK
1258	     0	73.9	138.5	1048	OK
1259	     0	76.8	146.0	1070	OK
1260	     0	75.6	140.3	1076	OK
1261	     0	77.2	141.3	1050	OK
1262	     0	75.2	140.1	1073	OK
1263	     0	76.0	143.7	1084	OK
1264	     0	77.9	143.5	1058	OK
1265	     0	76.0	142.4	1054	OK
1266	     0	78.1	147.5	1041	OK
1267	     0	74.0	137.8	1041	OK
1268	     0	78.5	146.4	1058	OK
1269	     0	75.4	139.3	1067	OK
1270	     0	76.8	143.3	1083	OK
1271	     0	78.5	145.4	1058	OK
1272	     0	79.5	146.8	1058	OK
1273	     0	77.7	142.3	1047	OK
1274	     0	76.4	141.2	1063	OK
1275	     0	78.0	142.3	1064	OK
1276	     0	80.0	149.5	1057	OK
1277	     0	80.9	148.4	1064	OK
1278	     0	76.9	142.4	1084	OK
1279	   200	82.5	150.2	1122	high gain
1280	     0	83.4	150.7	1115	OK
1281	     0	84.1	152.1	1087	OK
1282	     0	79.0	145.9	1081	OK
1283	     0	79.4	144.6	1076	OK
1284	     0	80.0	147.0	1064	OK
1285	     0	82.3	151.6	1070	OK
1286	     0	79.4	148.6	1062	OK
1287	     0	80.7	149.8	1047	OK
1288	     0	79.2	146.8	1072	OK
1289	     0	78.4	145.9	1057	OK
1290	     0	81.7	148.8	1069	OK
1291	     0	81.9	150.8	1039	OK
1292	     0	79.5	147.0	1065	OK
1293	     0	79.5	147.4	1064	OK
1294	     0	79.6	146.1	1080	OK
1295	     0	77.8	143.1	1052	OK
1296	     0	79.0	147.5	1060	OK
1297	     0	79.1	144.8	1069	OK
1298	     0	78.1	144.7	1059	OK
1299	     0	80.1	148.0	1058	OK
1300	     0	79.3	145.7	1066	OK
1301	     0	79.7	147.6	1068	OK
1302	     0	78.7	145.7	1052	OK
1303	     0	78.5	145.5	1063	OK
1304	     0	79.4	149.0	1045	OK
1305	     0	78.1	143.4	1062	OK
1306	     0	76.5	140.2	1051	OK
1307	     0	79.5	146.5	1073	OK
1308	     0	77.7	146.9	1075	OK
1309	     0	79.8	148.0	1070	OK
1310	     0	82.2	150.7	1043	OK
1311	     0	79.9	147.7	1056	OK
1312	     0	76.3	142.0	1059	OK
1313	     0	79.2	145.9	1058	OK
1314	     0	80.6	150.0	1050	OK
1315	     0	78.5	145.5	1031	OK
1316	     0	78.9	146.3	1046	OK
1317	     0	78.6	145.4	1062	OK
1318	     0	78.0	141.4	1072	OK
1319	     0	80.5	148.2	1050	OK
1320	     0	78.0	145.6	1076	OK
1321	     0	83.1	153.1	1051	OK
1322	     0	80.0	146.4	1050	OK
1323	     0	80.8	147.2	1049	OK
1324	     0	78.7	143.0	1075	OK
1325	     0	77.9	145.6	1057	OK
1326	     0	79.6	147.0	1056	OK
1327	     0	78.3	145.7	1074	OK
1328	     0	78.9	145.9	1061	OK
1329	     0	80.7	151.2	1039	OK
1330	     0	79.9	148.1	1074	OK
1331	     0	78.4	144.4	1086	OK
1332	     0	80.2	150.4	1052	OK
1333	     0	79.6	148.7	1083	OK
1334	     0	77.6	144.8	1091	OK
1335	     0	79.2	147.2	1079	OK
1336	     0	79.0	147.4	1073	OK
1337	     0	79.6	147.7	1063	OK
1338	     0	78.2	144.1	1078	OK
1339	     0	78.4	144.6	1082	OK
1340	     0	78.5	145.9	1081	OK
1341	     0	77.4	142.1	1075	OK
1342	     0	78.9	146.9	1086	OK
1343	     0	80.6	147.2	1078	OK
1344	     0	78.3	147.5	1094	OK
1345	     0	79.6	147.0	1078	OK
1346	     0	78.4	145.5	1090	OK
1347	     0	79.8	149.1	1061	OK
1348	     0	78.2	143.5	1074	OK
1349	     0	79.6	146.6	1078	OK
1350	     0	80.8	150.9	1081	OK
1351	     0	78.1	142.7	1085	OK
1352	     0	79.5	148.7	1056	OK
1353	     0	80.3	148.9	1066	OK
1354	     0	80.6	148.9	1078	OK
1355	     0	76.6	143.3	1055	OK
1356	     0	77.5	141.8	1073	OK
1357	     0	79.1	145.5	1096	OK
1358	     0	77.5	144.2	1081	OK
1359	     0	79.1	148.6	1059	OK
1360	     0	79.4	147.2	1074	OK
1361	     0	76.0	142.1	1087	OK
1362	     0	80.4	148.1	1068	OK
1363	     0	79.1	146.5	1074	OK
1364	     0	79.5	148.9	1066	OK
1365	     0	79.8	146.4	1075	OK
1366	     0	78.5	144.4	1079	OK
1367	     0	78.7	148.8	1054	OK
1368	     0	75.0	140.8	1076	OK
1369	     0	80.9	149.0	1072	OK
1370	     0	80.5	147.6	1056	OK
1371	     0	81.1	150.5	1064	OK
1372	     0	77.8	145.1	1077	OK
1373	     0	79.7	148.5	1066	OK
1374	     0	77.9	143.7	1074	OK
1375	     0	77.5	140.6	1079	OK
1376	     0	78.9	146.1	1071	OK
1377	     0	78.4	144.6	1079	OK
1378	     0	78.9	147.3	1039	OK
1379	     0	78.3	142.9	1074	OK
1380	     0	77.3	145.3	1081	OK
1381	     0	80.2	151.6	1061	OK
1382	     0	80.7	149.1	1080	OK
1383	     0	80.7	147.7	1077	OK
1384	     0	78.9	147.0	1073	OK
1385	     0	81.0	148.9	1065	OK
1386	     0	80.5	148.2	1059	OK
1387	     0	76.4	141.4	1076	OK
1388	     0	80.6	149.7	1083	OK
1389	     0	80.2	147.3	1065	OK
1390	     0	78.6	142.8	1062	OK
1391	     0	81.0	150.2	1053	OK
1392	     0	79.9	147.2	1029	OK
1393	     0	78.8	146.9	1070	OK
1394	     0	79.0	146.0	1083	OK
1395	     0	78.7	150.0	1065	OK
1396	     0	79.0	145.3	1053	OK
1397	     0	78.3	143.8	1082	OK
1398	     0	79.5	146.8	1088	OK
1399	     0	78.6	143.8	1060	OK
1400	     0	79.7	147.6	1057	OK
1401	     0	82.6	154.5	1047	OK
1402	     0	80.9	149.4	1049	OK
1403	     0	79.4	146.3	1056	OK
1404	     0	79.2	145.6	1064	OK
1405	     0	79.0	145.8	1061	OK
1406	     0	81.9	154.3	1039	OK
1407	     0	81.0	149.6	1060	OK
1408	     0	77.8	142.3	1076	OK
1409	     0	79.5	145.9	1072	OK
1410	     0	80.0	146.8	1063	OK
1411	     0	78.4	147.7	1082	OK
1412	     0	78.0	144.9	1076	OK
1413	     0	78.0	147.3	1039	OK
1414	     0	77.2	143.8	1079	OK
1415	     0	78.5	145.7	1049	OK
1416	     0	78.4	145.7	1075	OK
1417	     0	78.9	146.3	1070	OK
1418	     0	79.4	146.9	1084	OK
1419	     0	77.8	142.7	1065	OK
1420	     0	79.0	145.6	1070	OK
1421	     0	78.8	145.3	1055	OK
1422	     0	77.5	142.1	1083	OK
1423	     0	77.9	145.9	1072	OK
1424	     0	76.5	142.2	1090	OK
1425	     0	77.2	141.9	1048	OK
1426	     0	77.3	142.9	1075	OK
1427	     0	76.9	143.8	1064	OK
1428	     0	76.3	142.6	1073	OK
1429	     0	77.3	144.4	1062	OK
1430	     0	77.1	144.2	1079	OK
1431	     0	77.2	144.0	1051	OK
1432	     0	76.6	141.7	1079	OK
1433	     0	76.2	143.7	1088	OK
1434	     0	79.7	146.2	1090	OK
1435	     0	77.4	144.3	1051	OK
1436	     0	78.2	144.8	1083	OK
1437	     0	76.5	143.9	1088	OK
1438	     0	76.7	141.9	1063	OK
1439	     0	76.8	141.4	1074	OK
1440	     0	77.1	144.9	1077	OK
1441	     0	79.4	146.5	1052	OK
1442	     0	77.9	143.2	1106	OK
1443	     0	75.4	142.0	1066	OK
1444	     0	77.7	143.2	1060	OK
1445	     0	79.3	145.3	1080	OK
1446	     0	79.6	147.5	1082	OK
1447	     0	78.6	144.2	1050	OK
1448	     0	78.6	144.9	1048	OK
1449	     0	77.4	144.2	1079	OK
1450	     0	76.5	142.5	1074	OK
1451	     0	77.1	141.9	1084	OK
1452	     0	76.5	141.8	1079	OK
1453	     0	76.2	143.1	1066	OK
1454	     0	75.8	140.3	1066	OK
1455	     0	75.2	141.1	1070	OK
1456	     0	76.3	143.0	1067	OK
1457	     0	78.2	145.9	1073	OK
1458	     0	76.0	142.7	1078	OK
1459	     0	78.3	144.4	1033	OK
1460	     0	77.3	141.8	1099	OK
1461	     0	79.7	148.7	1063	OK
1462	     0	76.5	144.9	1087	OK
1463	     0	77.4	144.4	1100	OK
1464	     0	74.8	141.3	1083	OK
1465	     0	77.2	143.2	1054	OK
1466	     0	76.6	140.2	1079	OK
1467	     0	76.2	143.1	1097	OK
1468	     0	78.9	146.3	1081	OK
1469	     0	78.2	142.3	1068	OK
1470	     0	77.9	143.3	1063	OK
1471	     0	78.2	145.1	1085	OK
1472	     0	79.7	149.3	1074	OK
1473	     0	75.6	140.2	1077	OK
1474	     0	77.6	146.7	1076	OK
1475	     0	77.5	143.8	1075	OK
1476	     0	76.0	140.7	1072	OK
1477	     0	78.8	147.1	1066	OK
1478	     0	79.7	145.4	1084	OK
1479	     0	78.1	144.8	1073	OK
1480	     0	80.0	145.8	1074	OK
1481	     0	79.3	146.5	1067	OK
1482	     0	78.0	144.5	1077	OK
1483	     0	76.6	143.5	1066	OK
1484	     0	78.7	144.8	1074	OK
1485	     0	79.5	146.9	1065	OK
1486	     0	77.6	145.7	1086	OK
1487	     0	75.6	141.9	1050	OK
1488	     0	79.5	146.6	1084	OK
1489	     0	78.7	151.3	1085	OK
1490	     0	81.0	148.3	1091	OK
1491	     0	79.1	146.0	1072	OK
1492	     0	78.8	144.8	1062	OK
1493	     0	76.6	141.2	1051	OK
1494	     0	80.8	149.8	1064	OK
1495	     0	79.7	145.6	1055	OK
1496	     0	76.8	142.3	1043	OK
1497	     0	76.2	145.3	1077	OK
1498	     0	79.5	149.5	1091	OK
1499	     0	78.5	144.3	1061	OK
1500	     0	79.1	145.4	1072	OK
1501	     0	79.3	148.5	1083	OK
1502	     0	76.8	144.1	1068	OK
1503	     0	75.8	140.0	1066	OK
1504	     0	78.9	145.0	1066	OK
1505	     0	77.2	142.8	1078	OK
1506	     0	79.6	146.2	1056	OK
1507	     0	82.9	153.8	1066	OK
1508	     0	77.0	144.1	1055	OK
1509	     0	75.1	138.3	1061	OK
1510	     0	78.1	143.2	1071	OK
1511	     0	79.3	146.3	1059	OK
1512	     0	79.7	151.5	1086	OK
1513	     0	80.6	149.7	1071	OK
1514	     0	82.0	151.6	1044	OK
1515	     0	80.0	148.7	1047	OK
1516	     0	81.0	147.5	1058	OK
1517	     0	76.7	143.3	1077	OK
1518	     0	79.2	148.1	1051	OK
1519	     0	79.0	144.9	1081	OK
1520	     0	78.4	144.3	1061	OK
1521	     0	80.8	147.7	1053	OK
1522	     0	77.1	142.6	1061	OK
1523	     0	78.0	147.6	1048	OK
1524	     0	80.0	148.9	1058	OK
1525	     0	79.4	145.6	1085	OK
1526	     0	79.3	145.2	1046	OK
1527	     0	82.0	149.1	1076	OK
1528	     0	78.3	145.1	1048	OK
1529	     0	82.5	152.4	1048	OK
1530	     0	79.6	145.9	1060	OK
1531	     0	80.2	148.4	1056	OK
1532	     0	79.7	145.8	1054	OK
1533	     0	78.3	146.4	1055	OK
1534	     0	78.3	146.6	1046	OK
1535	     0	80.2	145.8	1055	OK
1536	     0	81.4	150.0	1054	OK
1537	     0	79.3	148.5	1054	OK
1538	     0	80.7	147.9	1045	OK
1539	     0	80.0	151.4	1061	OK
1540	     0	80.7	150.9	1065	OK
1541	     0	80.9	149.1	1037	OK
1542	     0	80.9	149.5	1065	OK
1543	     0	79.4	148.5	1055	OK
1544	     0	81.2	150.5	1047	OK
1545	     0	79.2	149.3	1046	OK
1546	     0	78.4	145.5	1045	OK
1547	     0	80.8	150.9	1040	OK
1548	     0	82.1	150.5	1061	OK
1549	     0	80.6	151.2	1033	OK
1550	     0	81.5	151.9	1057	OK
1551	     0	79.7	148.1	1043	OK
1552	     0	79.1	150.0	1043	OK
1553	     0	80.8	151.3	1051	OK
1554	     0	81.8	150.1	1050	OK
1555	     0	80.2	148.8	1056	OK
1556	     0	78.2	148.0	1068	OK
1557	     0	79.1	148.1	1046	OK
1558	     0	82.4	154.9	1032	OK
1559	     0	79.6	147.5	1044	OK
1560	     0	81.6	152.8	1039	OK
1561	     0	77.8	144.0	1067	OK
1562	     0	80.2	149.8	1053	OK
1563	     0	80.8	150.5	1053	OK
1564	     0	78.4	147.2	1056	OK
1565	     0	80.1	146.3	1060	OK
1566	     0	77.9	143.9	1057	OK
1567	     0	80.3	148.1	1056	OK
1568	     0	76.8	145.8	1045	OK
1569	     0	80.6	150.4	1058	OK
1570	     0	78.3	144.5	1070	OK
1571	     0	77.7	147.3	1069	OK
1572	     0	80.0	148.9	1061	OK
1573	     0	79.4	152.9	1044	OK
1574	     0	77.9	146.0	1053	OK
1575	     0	81.3	149.9	1055	OK
1576	     0	77.8	145.8	1064	OK
1577	     0	80.7	150.6	1057	OK
1578	     0	80.2	150.4	1064	OK
1579	     0	79.6	146.6	1068	OK
1580	     0	77.1	144.4	1058	OK
1581	     0	80.8	152.4	1045	OK
1582	     0	79.3	148.9	1061	OK
1583	     0	78.6	145.8	1080	OK
1584	     0	79.9	148.2	1055	OK
1585	     0	79.8	150.9	1057	OK
1586	     0	78.1	147.4	1053	OK
1587	     0	81.9	152.1	1042	OK
1588	     0	78.4	148.2	1071	OK
1589	     0	82.2	152.5	1044	OK
1590	     0	78.8	145.4	1061	OK
1591	     0	81.3	152.2	1043	OK
1592	     0	80.0	147.1	1075	OK
1593	     0	80.6	148.8	1066	OK
1594	     0	79.5	152.8	1067	OK
1595	     0	80.7	150.4	1065	OK
1596	     0	77.8	146.8	1047	OK
1597	     0	79.3	146.0	1028	OK
1598	     0	80.2	150.4	1083	OK
1599	     0	80.3	148.9	1053	OK
1600	     0	80.7	149.0	1075	OK
1601	     0	78.5	147.2	1074	OK
1602	     0	78.3	145.4	1075	OK
1603	     0	80.4	147.5	1064	OK
1604	     0	77.4	144.5	1066	OK
1605	     0	81.7	152.8	1061	OK
1606	     0	76.9	143.1	1058	OK
1607	     0	78.5	146.5	1060	OK
1608	     0	78.7	146.8	1053	OK
1609	     0	77.7	146.0	1073	OK
1610	     0	79.0	146.2	1075	OK
1611	     0	76.8	142.5	1076	OK
1612	     0	78.5	146.0	1074	OK
1613	     0	77.4	142.7	1054	OK
1614	     0	78.8	146.8	1077	OK
1615	     0	79.0	148.3	1060	OK
1616	     0	80.8	150.1	1060	OK
1617	     0	79.1	148.2	1039	OK
1618	     0	80.5	148.4	1049	OK
1619	     0	77.1	145.2	1071	OK
1620	     0	79.4	146.7	1073	OK
1621	     0	78.3	147.3	1066	OK
1622	     0	80.0	151.3	1053	OK
1623	     0	81.3	150.5	1050	OK
1624	     0	80.4	150.6	1059	OK
1625	     0	79.6	148.9	1065	OK
1626	     0	77.8	146.1	1054	OK
1627	     0	79.7	149.9	1069	OK
1628	     0	80.7	150.1	1055	OK
1629	     0	78.2	145.2	1060	OK
1630	     0	78.1	148.4	1066	OK
1631	     0	79.9	150.4	1050	OK
1632	     0	77.4	145.6	1053	OK
1633	     0	80.0	150.6	1071	OK
1634	     0	80.5	148.3	1072	OK
1635	     0	78.9	147.6	1066	OK
1636	     0	79.7	144.1	1072	OK
1637	     0	79.6	151.0	1056	OK
1638	     0	78.5	146.5	1049	OK
1639	     0	76.7	141.3	1074	OK
1640	     0	79.4	147.0	1051	OK
1641	     0	79.2	146.5	1044	OK
1642	     0	79.0	145.7	1054	OK
1643	     0	77.3	145.0	1066	OK
1644	     0	78.6	145.5	1079	OK
1645	     0	76.4	146.4	1059	OK
1646	     0	79.0	147.4	1064	OK
1647	     0	78.4	145.2	1062	OK
1648	     0	77.9	143.8	1066	OK
1649	     0	79.1	144.7	1054	OK
1650	     0	77.7	143.7	1081	OK
1651	     0	79.6	149.4	1060	OK
1652	     0	78.0	144.9	1057	OK
1653	     0	78.7	147.1	1060	OK
1654	     0	78.0	144.4	1078	OK
1655	     0	78.2	145.6	1056	OK
1656	     0	77.9	147.5	1074	OK
1657	     0	80.7	148.3	1048	OK
1658	     0	78.4	146.2	1063	OK
1659	     0	78.0	148.8	1062	OK
1660	     0	80.9	151.3	1072	OK
1661	     0	78.6	147.2	1037	OK
1662	     0	78.2	148.7	1065	OK
1663	     0	81.3	151.8	1057	OK
1664	     0	80.7	147.0	1048	OK
1665	     0	82.4	151.8	1044	OK
1666	     0	82.3	149.5	1047	OK
1667	     0	80.7	148.4	1052	OK
1668	     0	80.8	147.6	1041	OK
1669	     0	80.5	147.0	1042	OK
1670	     0	79.4	146.8	1027	OK
1671	     0	79.9	147.6	1060	OK
1672	     0	77.8	143.9	1051	OK
1673	     0	75.6	141.0	1040	OK
1674	     0	80.2	146.1	1043	OK
1675	     0	79.2	142.8	1036	OK
1676	     0	77.7	144.7	1064	OK
1677	     0	77.7	142.9	1040	OK
1678	     0	79.1	147.2	1025	OK
1679	     0	76.6	140.0	1053	OK
1680	     0	78.3	144.2	1061	OK
1681	     0	79.4	145.9	1063	OK
1682	     0	79.0	144.9	1055	OK
1683	     0	76.2	141.4	1051	OK
1684	     0	78.4	144.0	1052	OK
1685	     0	78.9	144.3	1048	OK
1686	     0	81.3	151.1	1053	OK
1687	     0	78.1	144.4	1069	OK
1688	     0	80.9	148.6	1024	OK
1689	     0	81.5	149.1	1045	OK
1690	     0	78.3	146.3	1043	OK
1691	     0	79.5	147.0	1059	OK
1692	     0	80.7	148.6	1044	OK
1693	     0	80.2	146.9	1046	OK
1694	     0	80.2	146.6	1058	OK
1695	     0	77.9	144.4	1060	OK
1696	     0	79.3	148.3	1039	OK
1697	     0	75.5	141.2	1043	OK
1698	     0	79.0	146.0	1081	OK
1699	     0	79.3	146.1	1048	OK
1700	     0	78.3	145.2	1037	OK
1701	     0	78.0	144.9	1057	OK
1702	     0	78.9	143.3	1038	OK
1703	     0	79.8	144.7	1058	OK
1704	     0	77.0	141.8	1056	OK
1705	     0	79.0	147.4	1048	OK
1706	     0	79.7	145.5	1059	OK
1707	     0	78.6	143.2	1032	OK
1708	     0	78.1	143.6	1053	OK
1709	     0	77.6	141.8	1052	OK
1710	     0	77.8	143.7	1077	OK
1711	     0	79.2	145.7	1067	OK
1712	     0	78.4	144.3	1060	OK
1713	     0	79.6	146.9	1054	OK
1714	     0	78.3	144.8	1047	OK
1715	     0	80.1	146.1	1072	OK
1716	     0	79.9	145.8	1044	OK
1717	     0	79.7	147.1	1057	OK
1718	     0	80.0	149.4	1067	OK
1719	     0	81.8	151.0	1033	OK
1720	     0	80.5	148.3	1049	OK
1721	     0	78.3	145.8	1051	OK
1722	     0	79.8	148.3	1058	OK
1723	     0	79.4	145.6	1042	OK
1724	     0	80.7	150.7	1060	OK
1725	     0	80.9	148.4	1057	OK
1726	     0	79.0	144.3	1031	OK
1727	     0	80.8	145.6	1055	OK
1728	     0	77.4	141.5	1058	OK
1729	     0	80.4	148.5	1053	OK
1730	     0	81.1	147.8	1066	OK
1731	     0	81.2	146.5	1062	OK
1732	     0	79.4	144.6	1063	OK
1733	     0	82.2	150.0	1059	OK
1734	     0	79.0	145.3	1042	OK
1735	     0	80.0	145.3	1045	OK
1736	     0	79.3	145.8	1069	OK
1737	     0	79.5	149.2	1045	OK
1738	     0	78.4	145.2	1077	OK
1739	     0	79.2	145.7	1041	OK
1740	     0	77.5	141.0	1054	OK
1741	     0	79.8	146.6	1040	OK
1742	     0	78.6	143.8	1054	OK
1743	     0	78.4	144.4	1058	OK
1744	     0	80.4	150.2	1053	OK
1745	     0	79.1	144.8	1043	OK
1746	     0	78.1	145.9	1063	OK
1747	     0	77.7	143.5	1034	OK
1748	     0	81.5	149.9	1030	OK
1749	     0	79.5	143.9	1054	OK
1750	     0	79.7	145.7	1057	OK
1751	     0	79.6	143.4	1044	OK
1752	     0	79.4	146.2	1049	OK
1753	     0	81.0	149.2	1044	OK
1754	     0	79.6	144.4	1045	OK
1755	     0	79.5	143.8	1051	OK
1756	     0	80.6	148.9	1026	OK
1757	     0	80.9	149.7	1036	OK
1758	     0	78.6	145.0	1041	OK
1759	     0	81.0	147.7	1045	OK
1760	     0	79.7	146.4	1049	OK
1761	     0	80.2	145.2	1036	OK
1762	     0	79.9	145.5	1045	OK
1763	     0	78.2	145.6	1048	OK
1764	     0	81.2	150.2	1045	OK
1765	     0	81.5	150.4	1009	OK
1766	     0	83.6	150.9	1018	OK
1767	     0	80.4	146.5	1040	OK
1768	     0	80.7	147.5	1033	OK
1769	     0	80.8	147.8	1045	OK
1770	     0	79.7	146.5	1028	OK
1771	     0	78.3	143.8	1042	OK
1772	     0	81.7	151.0	1031	OK
1773	     0	82.4	149.1	1043	OK
1774	     0	80.0	146.3	1033	OK
1775	     0	80.1	146.3	1018	OK
1776	     0	78.3	143.2	1049	OK
1777	     0	80.6	148.3	1037	OK
1778	     0	81.6	151.0	1038	OK
1779	     0	78.3	145.9	1029	OK
1780	     0	79.0	142.5	1040	OK
1781	     0	80.4	148.9	1034	OK
1782	     0	81.5	148.8	1043	OK
1783	     0	78.8	145.9	1031	OK
1784	     0	81.0	150.0	1028	OK
1785	     0	81.8	147.7	1015	OK
1786	     0	81.3	150.4	1032	OK
1787	     0	81.2	149.4	1027	OK
1788	     0	82.7	155.1	1024	OK
1789	     0	83.2	151.0	1009	OK
1790	     0	84.3	151.7	1055	OK
1791	     0	80.4	146.4	1019	OK
1792	     0	80.6	151.3	1041	OK
1793	     0	79.6	150.6	1065	OK
1794	     0	79.6	149.0	1070	OK
1795	     0	82.3	153.2	1043	OK
1796	     0	79.1	145.7	1049	OK
1797	     0	79.8	148.1	1053	OK
1798	     0	79.4	147.6	1037	OK
1799	     0	80.8	149.7	1051	OK
1800	     0	79.4	148.2	1041	OK
1801	     0	79.3	147.9	1055	OK
1802	     0	75.5	142.2	1050	OK
1803	     0	79.0	146.7	1047	OK
1804	     0	79.6	149.1	1065	OK
1805	     0	76.9	141.9	1055	OK
1806	     0	79.4	146.5	1037	OK
1807	     0	76.3	143.3	1064	OK
1808	     0	77.0	141.8	1070	OK
1809	     0	78.5	145.5	1060	OK
1810	     0	79.6	145.1	1053	OK
1811	     0	78.0	145.1	1062	OK
1812	     0	79.7	148.7	1047	OK
1813	     0	79.2	147.8	1034	OK
1814	     0	76.8	142.8	1044	OK
1815	     0	77.3	143.5	1046	OK
1816	     0	80.5	148.2	1043	OK
1817	     0	77.1	141.8	1053	OK
1818	     0	77.8	145.4	1048	OK
1819	     0	79.6	147.6	1054	OK
1820	     0	78.3	147.0	1048	OK
1821	     0	78.0	144.8	1051	OK
1822	     0	79.5	148.8	1078	OK
1823	     0	75.9	142.1	1058	OK
1824	     0	76.3	142.7	1069	OK
1825	     0	75.8	143.8	1063	OK
1826	     0	76.8	145.1	1075	OK
1827	     0	77.9	143.0	1062	OK
1828	     0	78.8	143.5	1065	OK
1829	     0	80.6	149.9	1055	OK
1830	     0	76.2	141.9	1074	OK
1831	     0	78.0	144.0	1057	OK
1832	     0	77.9	145.0	1073	OK
1833	     0	76.4	144.1	1041	OK
1834	     0	77.8	144.6	1054	OK
1835	     0	77.2	142.9	1049	OK
1836	     0	76.3	140.6	1069	OK
1837	     0	75.5	140.7	1055	OK
1838	     0	76.9	142.5	1078	OK
1839	     0	78.3	145.9	1057	OK
1840	     0	78.0	147.3	1058	OK
1841	     0	77.1	143.7	1070	OK
1842	     0	75.9	146.1	1085	OK
1843	     0	78.4	146.4	1057	OK
1844	     0	76.7	142.6	1065	OK
1845	     0	78.0	143.8	1068	OK
1846	     0	76.8	143.8	1059	OK
1847	     0	78.1	143.0	1057	OK
1848	     0	77.7	145.9	1073	OK
1849	     0	74.9	141.1	1075	OK
1850	     0	74.9	142.4	1088	OK
1851	     0	78.2	146.0	1063	OK
1852	     0	77.6	146.2	1072	OK
1853	     0	76.6	144.1	1073	OK
1854	     0	79.3	146.6	1067	OK
1855	     0	78.9	147.4	1040	OK
1856	     0	75.6	142.4	1047	OK
1857	     0	77.2	144.2	1039	OK
1858	     0	78.0	145.9	1078	OK
1859	     0	78.1	143.8	1083	OK
1860	     0	76.4	140.8	1068	OK
1861	     0	78.8	146.3	1072	OK
1862	     0	77.6	147.4	1080	OK
1863	     0	73.6	138.8	1046	OK
1864	     0	78.1	144.4	1071	OK
1865	     0	77.0	144.2	1058	OK
1866	     0	77.0	143.2	1085	OK
1867	     0	77.7	144.8	1059	OK
1868	     0	74.7	139.7	1044	OK
1869	     0	77.1	145.0	1060	OK
1870	     0	79.4	146.4	1070	OK
1871	     0	75.5	142.6	1053	OK
1872	     0	77.6	146.8	1062	OK
1873	     0	76.5	142.4	1062	OK
1874	     0	76.9	145.4	1067	OK
1875	     0	77.9	145.1	1072	OK
1876	     0	78.2	145.4	1066	OK
1877	     0	78.8	145.5	1054	OK
1878	     0	78.8	144.6	1062	OK
1879	     0	81.0	148.1	1073	OK
1880	     0	76.9	142.1	1077	OK
1881	     0	81.0	150.7	1053	OK
1882	     0	79.7	148.2	1066	OK
1883	     0	79.0	146.5	1063	OK
1884	     0	79.2	148.2	1057	OK
1885	     0	76.3	144.4	1060	OK
1886	     0	76.3	141.6	1033	OK
1887	     0	78.1	144.6	1081	OK
1888	     0	76.5	143.1	1045	OK
1889	     0	76.6	144.6	1067	OK
1890	     0	77.9	145.7	1078	OK
1891	     0	80.2	148.8	1052	OK
1892	     0	76.9	142.4	1059	OK
1893	     0	79.5	145.3	1073	OK
1894	     0	79.0	145.7	1067	OK
1895	     0	77.0	142.4	1076	OK
1896	     0	80.6	147.4	1084	OK
1897	     0	75.8	143.6	1080	OK
1898	     0	79.3	148.9	1059	OK
1899	     0	78.6	146.9	1047	OK
1900	     0	77.9	144.4	1056	OK
1901	     0	77.5	142.3	1066	OK
1902	     0	78.4	148.0	1065	OK
1903	     0	79.5	146.2	1059	OK
1904	     0	77.1	144.3	1054	OK
1905	     0	77.0	143.2	1083	OK
1906	     0	80.4	151.3	1067	OK
1907	     0	78.7	145.4	1070	OK
1908	     0	76.6	141.8	1085	OK
1909	     0	77.8	145.9	1069	OK
1910	     0	77.9	147.4	1095	OK
1911	     0	79.4	147.6	1059	OK
1912	     0	80.3	146.2	1085	OK
1913	     0	79.3	146.5	1063	OK
1914	     0	79.4	149.2	1062	OK
1915	     0	80.5	148.0	1061	OK
1916	     0	77.7	145.6	1087	OK
1917	     0	77.7	143.4	1054	OK
1918	     0	78.4	145.4	1052	OK
1919	     0	78.3	146.5	1066	OK
1920	     0	78.2	145.3	1023	OK
1921	     0	77.2	145.9	1046	OK
1922	     0	79.3	147.3	1042	OK
1923	     0	77.3	143.7	1045	OK
1924	     0	76.7	143.2	1037	OK
1925	     0	77.3	146.3	1046	OK
1926	     0	78.4	145.6	1039	OK
1927	     0	76.0	141.7	1034	OK
1928	     0	77.5	144.9	1064	OK
1929	     0	77.3	145.0	1019	OK
1930	     0	77.0	143.1	1057	OK
1931	     0	79.0	147.8	1029	OK
1932	     0	75.0	140.3	1036	OK
1933	     0	76.0	143.9	1025	OK
1934	     0	74.8	143.2	1047	OK
1935	     0	77.9	146.9	1046	OK
1936	     0	77.4	144.9	1038	OK
1937	     0	77.0	146.2	1047	OK
1938	     0	77.7	143.7	1047	OK
1939	     0	77.7	148.0	1048	OK
1940	     0	77.4	146.4	1024	OK
1941	     0	75.9	142.7	1050	OK
1942	     0	76.1	142.8	1049	OK
1943	     0	76.6	144.5	1038	OK
1944	     0	78.2	147.7	1051	OK
1945	     0	75.9	142.4	1034	OK
1946	     0	79.3	148.7	1027	OK
1947	     0	75.5	142.7	1036	OK
1948	     0	78.4	147.2	1040	OK
1949	     0	79.5	149.2	1042	OK
1950	     0	79.1	147.5	1048	OK
1951	     0	76.6	144.2	1045	OK
1952	     0	78.8	149.5	1037	OK
1953	     0	78.1	145.8	1041	OK
1954	     0	78.6	150.1	1045	OK
1955	     0	79.9	149.0	1034	OK
1956	     0	74.8	140.2	1043	OK
1957	     0	76.4	143.0	1042	OK
1958	     0	78.7	145.0	1057	OK
1959	     0	77.4	143.3	1055	OK
1960	     0	77.1	144.4	1045	OK
1961	     0	77.2	143.1	1015	OK
1962	     0	78.0	145.6	1065	OK
1963	     0	76.7	142.0	1049	OK
1964	     0	77.4	148.1	1039	OK
1965	     0	75.8	142.1	1056	OK
1966	     0	74.8	139.6	1052	OK
1967	     0	80.1	150.6	1039	OK
1968	     0	76.8	143.6	1052	OK
1969	     0	77.2	143.0	1051	OK
1970	     0	78.2	145.2	1043	OK
1971	     0	76.7	143.9	1047	OK
1972	     0	75.1	139.8	1042	OK
1973	     0	75.9	141.9	1041	OK
1974	     0	77.0	144.8	1046	OK
1975	     0	77.2	143.8	1061	OK
1976	     0	77.7	149.4	1047	OK
1977	     0	81.2	151.5	1027	OK
1978	     0	77.6	145.7	1042	OK
1979	     0	77.8	145.4	1046	OK
1980	     0	77.4	147.2	1047	OK
1981	     0	77.2	142.4	1071	OK
1982	     0	78.0	145.2	1049	OK
1983	     0	82.4	152.8	1033	OK
1984	     0	74.9	142.9	1046	OK
1985	     0	77.3	146.5	1034	OK
1986	     0	76.8	144.1	1067	OK
1987	     0	79.9	147.8	1052	OK
1988	     0	78.7	146.2	1054	OK
1989	     0	80.1	151.8	1019	OK
1990	     0	77.3	143.8	1055	OK
1991	     0	78.9	148.5	1051	OK
1992	     0	79.2	147.3	1056	OK
1993	     0	77.7	144.8	1059	OK
1994	     0	78.5	145.1	1057	OK
1995	     0	76.8	146.6	1044	OK
1996	     0	77.4	145.1	1072	OK
1997	     0	79.1	150.0	1036	OK
1998	     0	75.8	142.9	1040	OK
1999	     0	80.7	149.3	1051	OK
2000	     0	78.1	146.3	1045	OK
2001	     0	76.8	145.8	1043	OK
2002	     0	76.2	143.3	1041	OK
2003	     0	76.0	143.3	1079	OK
2004	     0	80.1	151.4	1044	OK
2005	     0	77.5	145.7	1050	OK
2006	     0	78.8	147.3	1043	OK
2007	     0	75.4	140.9	1030	OK
2008	     0	78.1	148.6	1044	OK
2009	     0	78.0	143.9	1039	OK
2010	     0	77.3	145.3	1048	OK
2011	     0	77.9	146.2	1057	OK
2012	     0	75.9	140.7	1035	OK
2013	     0	78.5	146.4	1045	OK
2014	     0	76.5	144.7	1055	OK
2015	     0	79.2	147.9	1035	OK
2016	     0	77.7	146.9	1055	OK
2017	     0	77.5	143.5	1047	OK
2018	     0	78.1	145.0	1041	OK
2019	     0	79.0	150.5	1049	OK
2020	     0	79.0	145.8	1030	OK
2021	     0	77.2	144.1	1063	OK
2022	     0	78.6	145.8	1045	OK
2023	     0	77.3	145.6	1058	OK
2024	     0	80.9	150.0	1043	OK
2025	     0	79.6	150.0	1036	OK
2026	     0	79.6	148.5	1029	OK
2027	     0	78.1	145.9	1044	OK
2028	     0	79.4	149.4	1051	OK
2029	     0	76.9	144.4	1064	OK
2030	     0	77.0	143.3	1048	OK
2031	     0	77.9	145.9	1052	OK
2032	     0	78.1	147.7	1057	OK
2033	     0	78.2	146.8	1050	OK
2034	     0	78.7	143.9	1061	OK
2035	     0	76.4	143.3	1060	OK
2036	     0	79.9	152.3	1041	OK
2037	     0	80.2	147.6	1057	OK
2038	     0	76.5	143.5	1070	OK
2039	     0	78.3	145.0	1048	OK
2040	     0	77.7	144.9	1040	OK
2041	     0	79.0	148.8	1033	OK
2042	     0	77.4	144.7	1067	OK
2043	     0	81.0	151.6	1027	OK
2044	     0	76.7	143.4	1061	OK
2045	     0	79.4	147.0	1047	OK
2046	     0	80.7	149.6	1048	OK
2047	   200	83.7	155.3	1031	high gain
2048	     0	78.8	144.5	1065	OK
2049	     0	76.3	142.2	1075	OK
2050	     0	78.1	145.6	1056	OK
2051	     0	77.7	144.2	1081	OK
2052	     0	76.0	139.7	1069	OK
2053	     0	77.7	144.9	1055	OK
2054	     0	77.6	144.8	1066	OK
2055	     0	78.0	144.8	1068	OK
2056	     0	77.1	143.1	1096	OK
2057	     0	75.7	142.2	1061	OK
2058	     0	77.0	143.4	1058	OK
2059	     0	77.5	143.0	1056	OK
2060	     0	76.6	142.0	1083	OK
2061	     0	76.4	142.6	1059	OK
2062	     0	76.4	139.7	1055	OK
2063	     0	75.4	139.9	1066	OK
2064	     0	78.1	144.6	1074	OK
2065	     0	78.1	143.1	1054	OK
2066	     0	75.2	139.7	1069	OK
2067	     0	78.2	143.7	1064	OK
2068	     0	77.5	144.0	1079	OK
2069	     0	74.4	138.2	1053	OK
2070	     0	77.3	141.6	1065	OK
2071	     0	75.9	139.0	1047	OK
2072	     0	78.0	143.3	1059	OK
2073	     0	77.0	141.7	1067	OK
2074	     0	76.7	139.9	1060	OK
2075	     0	75.5	140.1	1077	OK
2076	     0	76.4	142.4	1077	OK
2077	     0	76.5	143.0	1050	OK
2078	     0	75.1	142.5	1061	OK
2079	     0	79.5	146.8	1059	OK
2080	     0	76.2	142.3	1060	OK
2081	     0	75.8	143.1	1073	OK
2082	     0	77.8	142.8	1053	OK
2083	     0	75.7	140.7	1069	OK
2084	     0	76.7	140.0	1080	OK
2085	     0	81.2	149.4	1060	OK
2086	     0	74.4	138.7	1065	OK
2087	     0	77.4	143.8	1062	OK
2088	     0	76.2	140.6	1060	OK
2089	     0	77.1	143.2	1063	OK
2090	     0	76.3	140.5	1082	OK
2091	     0	75.3	142.0	1067	OK
2092	     0	76.4	143.5	1074	OK
2093	     0	75.3	138.2	1069	OK
2094	     0	75.0	139.4	1076	OK
2095	     0	76.6	141.1	1068	OK
2096	     0	75.7	139.4	1105	OK
2097	     0	76.2	142.8	1056	OK
2098	     0	73.7	138.5	1073	OK
2099	     0	74.2	138.1	1073	OK
2100	     0	75.8	139.2	1074	OK
2101	     0	76.2	143.1	1073	OK
2102	     0	76.0	140.7	1065	OK
2103	     0	77.6	145.5	1095	OK
2104	     0	76.1	140.5	1089	OK
2105	     0	78.9	144.6	1071	OK
2106	     0	79.2	143.5	1089	OK
2107	     0	74.8	138.2	1078	OK
2108	     0	78.7	145.0	1077	OK
2109	     0	76.9	141.7	1063	OK
2110	     0	75.9	141.0	1105	OK
2111	     0	77.1	145.3	1078	OK
2112	     0	77.9	144.3	1077	OK
2113	     0	77.8	145.2	1095	OK
2114	     0	79.0	144.8	1072	OK
2115	     0	76.3	143.8	1071	OK
2116	     0	76.5	141.4	1072	OK
2117	     0	77.0	143.2	1095	OK
2118	     0	76.0	141.7	1078	OK
2119	     0	78.2	145.4	1068	OK
2120	     0	73.6	136.4	1044	OK
2121	     0	78.9	144.5	1067	OK
2122	     0	77.6	141.6	1073	OK
2123	     0	77.1	144.5	1053	OK
2124	     0	78.0	146.0	1067	OK
2125	     0	76.0	140.3	1064	OK
2126	     0	77.3	144.9	1058	OK
2127	     0	74.9	139.0	1052	OK
2128	     0	76.5	144.0	1097	OK
2129	     0	75.1	139.9	1072	OK
2130	     0	77.7	144.4	1079	OK
2131	     0	75.0	140.5	1081	OK
2132	     0	78.6	146.0	1073	OK
2133	     0	79.4	146.9	1068	OK
2134	     0	78.5	144.5	1075	OK
2135	     0	75.8	139.9	1045	OK
2136	     0	74.6	137.8	1062	OK
2137	     0	77.2	143.4	1072	OK
2138	     0	75.9	142.8	1087	OK
2139	     0	76.5	141.8	1096	OK
2140	     0	77.4	143.2	1076	OK
2141	     0	77.3	145.1	1078	OK
2142	     0	73.9	138.1	1057	OK
2143	     0	77.6	143.5	1069	OK
2144	     0	75.1	140.1	1058	OK
2145	     0	76.5	144.9	1092	OK
2146	     0	77.5	142.0	1064	OK
2147	     0	74.7	141.3	1057	OK
2148	     0	75.7	141.7	1076	OK
2149	     0	74.9	140.2	1089	OK
2150	     0	75.6	140.3	1062	OK
2151	     0	78.4	145.8	1063	OK
2152	     0	74.8	137.7	1074	OK
2153	     0	76.3	142.8	1082	OK
2154	     0	76.5	143.2	1054	OK
2155	     0	78.0	144.4	1089	OK
2156	     0	78.0	145.0	1078	OK
2157	     0	76.7	139.2	1085	OK
2158	     0	76.2	142.8	1087	OK
2159	     0	77.4	143.0	1072	OK
2160	     0	77.8	143.0	1066	OK
2161	     0	75.7	139.7	1083	OK
2162	     0	76.1	142.5	1079	OK
2163	     0	75.5	140.4	1093	OK
2164	     0	78.5	147.4	1074	OK
2165	     0	75.3	138.7	1042	OK
2166	     0	77.5	143.2	1055	OK
2167	     0	76.6	140.9	1057	OK
2168	     0	74.9	140.7	1059	OK
2169	     0	77.8	145.6	1057	OK
2170	     0	77.2	142.8	1071	OK
2171	     0	78.4	146.7	1087	OK
2172	     0	76.0	141.2	1079	OK
2173	     0	76.2	140.1	1090	OK
2174	     0	78.9	146.4	1058	OK
2175	     0	75.5	139.5	1056	OK
2176	     0	77.6	142.2	1078	OK
2177	     0	74.2	138.4	1071	OK
2178	     0	74.8	138.8	1056	OK
2179	     0	75.7	141.7	1062	OK
2180	     0	76.3	142.6	1071	OK
2181	     0	76.9	145.0	1063	OK
2182	     0	75.6	140.3	1085	OK
2183	     0	77.5	145.1	1056	OK
2184	     0	75.4	138.2	1041	OK
2185	     0	73.9	137.3	1076	OK
2186	     0	75.4	140.2	1065	OK
2187	     0	74.7	141.3	1052	OK
2188	     0	78.0	144.6	1067	OK
2189	     0	78.6	143.6	1063	OK
2190	     0	76.3	141.0	1079	OK
2191	     0	77.3	142.8	1077	OK
2192	     0	76.8	141.5	1071	OK
2193	     0	74.3	137.0	1054	OK
2194	     0	76.3	142.5	1064	OK
2195	     0	76.8	143.7	1049	OK
2196	     0	75.1	138.6	1065	OK
2197	     0	77.5	141.7	1061	OK
2198	     0	75.9	141.2	1063	OK
2199	     0	74.1	137.9	1042	OK
2200	     0	75.5	138.4	1081	OK
2201	     0	77.0	142.4	1072	OK
2202	     0	75.2	140.0	1045	OK
2203	     0	76.1	139.1	1069	OK
2204	     0	75.7	142.0	1075	OK
2205	     0	73.8	136.2	1065	OK
2206	     0	75.4	140.0	1063	OK
2207	     0	75.9	142.2	1054	OK
2208	     0	76.7	141.7	1073	OK
2209	     0	73.8	138.9	1068	OK
2210	     0	74.2	139.0	1071	OK
2211	     0	75.9	141.0	1060	OK
2212	     0	75.1	137.6	1059	OK
2213	     0	74.7	139.0	1043	OK
2214	     0	74.8	140.4	1062	OK
2215	     0	75.7	142.3	1067	OK
2216	     0	78.3	145.8	1059	OK
2217	     0	76.9	141.6	1055	OK
2218	     0	76.7	144.2	1082	OK
2219	     0	79.7	146.6	1065	OK
2220	     0	77.4	145.0	1073	OK
2221	     0	76.8	141.9	1068	OK
2222	     0	75.8	142.4	1083	OK
2223	     0	73.3	138.5	1057	OK
2224	     0	75.7	140.2	1073	OK
2225	     0	75.9	138.8	1073	OK
2226	     0	75.2	139.8	1058	OK
2227	     0	75.5	139.7	1069	OK
2228	     0	76.8	141.3	1064	OK
2229	     0	74.7	138.0	1049	OK
2230	     0	77.1	144.9	1070	OK
2231	     0	76.4	143.1	1083	OK
2232	     0	75.9	142.4	1070	OK
2233	     0	77.0	142.7	1062	OK
2234	     0	79.9	146.3	1090	OK
2235	     0	76.7	142.3	1056	OK
2236	     0	75.5	142.1	1065	OK
2237	     0	77.3	144.0	1053	OK
2238	     0	80.1	147.0	1069	OK
2239	     0	79.3	144.7	1061	OK
2240	     0	78.6	145.1	1066	OK
2241	     0	77.7	144.8	1057	OK
2242	     0	77.5	142.6	1068	OK
2243	     0	78.7	144.9	1064	OK
2244	     0	77.2	141.5	1061	OK
2245	     0	77.1	144.1	1065	OK
2246	     0	78.3	149.0	1072	OK
2247	     0	78.9	145.3	1075	OK
2248	     0	76.3	142.9	1059	OK
2249	     0	77.1	142.5	1071	OK
2250	     0	77.7	144.9	1083	OK
2251	     0	78.1	145.2	1079	OK
2252	     0	78.2	145.3	1071	OK
2253	     0	76.9	144.3	1067	OK
2254	     0	74.9	137.9	1056	OK
2255	     0	75.8	142.4	1058	OK
2256	     0	76.9	143.6	1072	OK
2257	     0	74.9	142.7	1081	OK
2258	     0	76.7	143.2	1062	OK
2259	     0	79.1	144.0	1073	OK
2260	     0	76.4	142.8	1056	OK
2261	     0	77.0	140.0	1074	OK
2262	     0	77.1	143.0	1054	OK
2263	     0	77.5	143.9	1053	OK
2264	     0	77.3	144.0	1081	OK
2265	     0	77.7	143.3	1053	OK
2266	     0	77.9	144.5	1051	OK
2267	     0	78.5	144.7	1064	OK
2268	     0	77.9	142.6	1065	OK
2269	     0	75.5	142.1	1065	OK
2270	     0	78.4	145.1	1064	OK
2271	     0	77.7	144.0	1059	OK
2272	     0	80.0	147.1	1065	OK
2273	     0	76.3	141.9	1077	OK
2274	     0	80.3	149.4	1054	OK
2275	     0	75.6	142.3	1079	OK
2276	     0	76.5	139.2	1047	OK
2277	     0	76.0	141.4	1071	OK
2278	     0	79.6	146.6	1079	OK
2279	     0	77.5	142.4	1047	OK
2280	     0	75.0	141.6	1075	OK
2281	     0	77.3	142.9	1073	OK
2282	     0	77.3	144.1	1069	OK
2283	     0	76.0	142.0	1060	OK
2284	     0	77.7	143.9	1042	OK
2285	     0	77.5	143.3	1063	OK
2286	     0	78.5	145.0	1055	OK
2287	     0	79.8	146.0	1042	OK
2288	     0	78.6	143.0	1085	OK
2289	     0	75.5	140.3	1049	OK
2290	     0	77.4	141.9	1040	OK
2291	     0	77.1	140.7	1083	OK
2292	     0	76.0	144.4	1067	OK
2293	     0	76.8	140.7	1062	OK
2294	     0	79.1	146.8	1065	OK
2295	     0	79.1	147.5	1056	OK
2296	     0	76.5	144.2	1054	OK
2297	     0	78.1	145.0	1040	OK
2298	     0	79.2	144.7	1068	OK
2299	     0	78.6	143.9	1057	OK
2300	     0	78.4	146.8	1055	OK
2301	     0	79.4	148.4	1071	OK
2302	     0	78.6	144.2	1038	OK
2303	     0	80.4	149.7	1042	OK
2304	     0	79.0	149.4	1055	OK
2305	     0	77.7	146.8	1069	OK
2306	     0	78.4	149.7	1047	OK
2307	     0	81.3	152.3	1047	OK
2308	   200	82.8	155.3	1052	high gain
2309	     0	79.0	150.4	1061	OK
2310	     0	76.7	144.2	1069	OK
2311	     0	77.8	147.8	1060	OK
2312	     0	79.9	150.2	1048	OK
2313	     0	77.4	147.3	1050	OK
2314	     0	77.8	146.0	1063	OK
2315	     0	78.0	147.1	1049	OK
2316	     0	76.7	146.4	1057	OK
2317	     0	76.4	143.0	1043	OK
2318	     0	80.6	150.7	1057	OK
2319	     0	77.7	147.3	1049	OK
2320	     0	77.8	145.7	1055	OK
2321	     0	77.7	147.6	1059	OK
2322	     0	78.9	147.5	1060	OK
2323	     0	76.8	142.9	1056	OK
2324	     0	77.4	144.6	1057	OK
2325	     0	77.0	146.0	1070	OK
2326	     0	76.9	145.0	1078	OK
2327	     0	78.0	148.3	1053	OK
2328	     0	80.3	148.6	1071	OK
2329	     0	76.2	142.2	1039	OK
2330	     0	79.4	149.4	1064	OK
2331	     0	76.8	146.4	1050	OK
2332	     0	77.3	145.5	1078	OK
2333	     0	76.5	144.3	1069	OK
2334	     0	77.0	143.0	1074	OK
2335	     0	76.0	145.2	1036	OK
2336	     0	75.9	140.4	1038	OK
2337	     0	79.9	148.9	1072	OK
2338	     0	75.9	142.3	1056	OK
2339	     0	76.6	144.8	1050	OK
2340	     0	76.9	146.4	1057	OK
2341	     0	74.3	141.2	1078	OK
2342	     0	75.5	141.8	1066	OK
2343	     0	76.7	144.1	1043	OK
2344	     0	76.6	141.7	1093	OK
2345	     0	76.4	146.9	1037	OK
2346	     0	75.8	144.7	1051	OK
2347	     0	77.8	146.6	1060	OK
2348	     0	77.0	146.3	1056	OK
2349	     0	76.4	142.4	1078	OK
2350	     0	77.5	146.4	1058	OK
2351	     0	76.5	144.9	1066	OK
2352	     0	75.6	142.5	1076	OK
2353	     0	79.0	146.4	1036	OK
2354	     0	77.8	144.2	1055	OK
2355	     0	74.8	142.3	1077	OK
2356	     0	79.1	148.3	1057	OK
2357	     0	76.6	148.5	1069	OK
2358	     0	78.1	147.5	1081	OK
2359	     0	75.7	143.7	1066	OK
2360	     0	79.0	150.3	1055	OK
2361	     0	76.3	145.4	1056	OK
2362	     0	76.3	144.5	1060	OK
2363	     0	77.9	146.0	1080	OK
2364	     0	77.5	145.8	1082	OK
2365	     0	77.1	143.0	1073	OK
2366	     0	73.9	140.4	1069	OK
2367	     0	76.2	144.2	1076	OK
2368	     0	79.0	146.5	1048	OK
2369	     0	74.2	139.2	1059	OK
2370	     0	75.9	143.4	1054	OK
2371	     0	74.7	140.8	1065	OK
2372	     0	78.1	147.1	1049	OK
2373	     0	78.9	147.8	1074	OK
2374	     0	75.1	139.5	1067	OK
2375	     0	77.4	145.2	1065	OK
2376	     0	76.8	142.5	1057	OK
2377	     0	75.3	144.0	1071	OK
2378	     0	78.8	148.3	1054	OK
2379	     0	76.8	144.7	1067	OK
2380	     0	77.6	144.9	1055	OK
2381	     0	75.6	141.1	1069	OK
2382	     0	77.2	141.7	1075	OK
2383	     0	75.2	141.8	1044	OK
2384	     0	78.9	144.8	1064	OK
2385	     0	77.4	145.7	1056	OK
2386	     0	77.2	147.4	1045	OK
2387	     0	77.8	144.3	1084	OK
2388	     0	75.2	143.4	1061	OK
2389	     0	74.8	139.6	1049	OK
2390	     0	79.0	146.3	1059	OK
2391	     0	75.0	140.0	1025	OK
2392	     0	76.1	143.5	1065	OK
2393	     0	75.6	141.9	1076	OK
2394	     0	75.4	139.4	1059	OK
2395	     0	74.3	138.2	1046	OK
2396	     0	75.5	141.0	1044	OK
2397	     0	72.9	135.8	1052	OK
2398	     0	75.2	141.0	1077	OK
2399	     0	74.8	141.9	1068	OK
2400	     0	78.3	144.5	1048	OK
2401	     0	78.3	146.0	1063	OK
2402	     0	76.3	143.5	1048	OK
2403	     0	74.7	141.9	1078	OK
2404	     0	77.4	145.8	1064	OK
2405	     0	75.4	141.8	1053	OK
2406	     0	76.9	143.5	1087	OK
2407	     0	75.6	143.0	1054	OK
2408	     0	76.4	144.2	1073	OK
2409	     0	78.3	146.3	1054	OK
2410	     0	77.3	144.3	1089	OK
2411	     0	72.9	135.7	1037	OK
2412	     0	79.3	145.8	1047	OK
2413	     0	78.3	144.8	1054	OK
2414	     0	76.2	142.9	1067	OK
2415	     0	78.5	148.6	1071	OK
2416	     0	76.2	142.7	1059	OK
2417	     0	75.7	143.7	1049	OK
2418	     0	78.4	150.1	1043	OK
2419	     0	74.0	139.8	1061	OK
2420	     0	76.8	145.1	1056	OK
2421	     0	76.7	143.3	1059	OK
2422	     0	76.9	141.3	1062	OK
2423	     0	76.9	142.6	1060	OK
2424	     0	79.5	148.2	1062	OK
2425	     0	76.3	143.8	1065	OK
2426	     0	77.1	143.0	1057	OK
2427	     0	77.6	145.6	1041	OK
2428	     0	76.4	143.2	1072	OK
2429	     0	77.9	145.3	1071	OK
2430	     0	79.6	147.9	1061	OK
2431	     0	78.2	145.0	1037	OK
2432	     0	74.7	141.0	1074	OK
2433	     0	75.1	140.1	1049	OK
2434	     0	75.3	145.4	1086	OK
2435	     0	74.8	141.8	1069	OK
2436	     0	73.5	140.2	1064	OK
2437	     0	76.4	143.1	1075	OK
2438	     0	78.5	147.7	1069	OK
2439	     0	76.2	142.4	1068	OK
2440	     0	74.9	140.2	1051	OK
2441	     0	76.6	144.5	1082	OK
2442	     0	75.3	143.2	1061	OK
2443	     0	77.0	145.4	1078	OK
2444	     0	75.1	139.1	1053	OK
2445	     0	75.4	143.5	1067	OK
2446	     0	74.6	138.7	1054	OK
2447	     0	73.6	139.7	1058	OK
2448	     0	78.1	146.6	1063	OK
2449	     0	74.2	139.2	1037	OK
2450	     0	77.7	144.8	1083	OK
2451	     0	75.8	144.6	1055	OK
2452	     0	74.3	140.9	1066	OK
2453	     0	76.2	143.2	1069	OK
2454	     0	73.5	141.5	1074	OK
2455	     0	74.0	140.7	1062	OK
2456	     0	76.8	145.5	1070	OK
2457	     0	74.4	141.5	1050	OK
2458	     0	74.8	142.3	1064	OK
2459	     0	74.0	139.5	1055	OK
2460	     0	75.7	144.4	1070	OK
2461	     0	75.9	143.4	1053	OK
2462	     0	77.0	142.7	1059	OK
2463	     0	77.4	143.8	1048	OK
2464	     0	74.1	139.2	1066	OK
2465	     0	75.2	142.6	1053	OK
2466	     0	74.4	139.8	1054	OK
2467	     0	75.4	142.3	1066	OK
2468	     0	74.6	140.4	1072	OK
2469	     0	75.0	140.8	1062	OK
2470	     0	76.3	142.9	1061	OK
2471	     0	77.1	144.8	1047	OK
2472	     0	75.5	144.7	1069	OK
2473	     0	75.8	144.1	1056	OK
2474	     0	75.9	143.3	1060	OK
2475	     0	75.4	140.2	1057	OK
2476	     0	76.5	142.4	1064	OK
2477	     0	76.3	143.6	1056	OK
2478	     0	75.2	141.8	1071	OK
2479	     0	76.4	142.0	1048	OK
2480	     0	74.0	137.9	1063	OK
2481	     0	75.7	140.5	1062	OK
2482	     0	78.3	145.4	1068	OK
2483	     0	77.0	142.2	1077	OK
2484	     0	75.7	140.7	1069	OK
2485	     0	74.9	140.0	1057	OK
2486	     0	77.1	143.6	1064	OK
2487	     0	77.0	146.8	1074	OK
2488	     0	76.0	143.5	1059	OK
2489	     0	76.2	142.2	1087	OK
2490	     0	76.4	144.0	1059	OK
2491	     0	76.1	140.7	1080	OK
2492	     0	76.8	144.7	1054	OK
2493	     0	78.3	143.9	1065	OK
2494	     0	77.9	145.2	1081	OK
2495	     0	75.7	144.4	1042	OK
2496	     0	76.0	140.7	1053	OK
2497	     0	75.6	144.5	1081	OK
2498	     0	75.2	139.6	1045	OK
2499	     0	76.9	141.5	1034	OK
2500	     0	76.4	141.7	1057	OK
2501	     0	75.7	143.1	1061	OK
2502	     0	75.6	142.6	1072	OK
2503	     0	77.3	146.7	1067	OK
2504	     0	76.0	141.6	1046	OK
2505	     0	75.9	140.3	1053	OK
2506	     0	73.6	138.5	1054	OK
2507	     0	78.3	144.6	1056	OK
2508	     0	75.9	140.8	1051	OK
2509	     0	74.1	138.4	1043	OK
2510	     0	75.0	142.0	1050	OK
2511	     0	73.9	139.6	1064	OK
2512	     0	75.6	141.5	1061	OK
2513	     0	74.8	139.4	1054	OK
2514	     0	75.6	141.5	1069	OK
2515	     0	76.4	140.0	1054	OK
2516	     0	76.7	142.2	1048	OK
2517	     0	75.5	142.4	1045	OK
2518	     0	77.2	143.5	1073	OK
2519	     0	77.4	144.3	1071	OK
2520	     0	79.5	152.8	1048	OK
2521	     0	75.6	143.8	1075	OK
2522	     0	76.3	143.0	1060	OK
2523	     0	73.4	140.2	1042	OK
2524	     0	76.1	142.2	1022	OK
2525	     0	75.9	139.1	1049	OK
2526	     0	75.5	140.6	1069	OK
2527	     0	75.9	140.8	1050	OK
2528	     0	78.6	143.9	1056	OK
2529	     0	76.5	145.2	1058	OK
2530	     0	76.7	143.2	1046	OK
2531	     0	78.0	142.1	1066	OK
2532	     0	75.0	141.4	1035	OK
2533	     0	76.5	144.0	1047	OK
2534	     0	77.8	145.3	1054	OK
2535	     0	79.5	145.4	1032	OK
2536	     0	76.9	140.3	1024	OK
2537	     0	74.6	139.8	1042	OK
2538	     0	76.0	144.2	1060	OK
2539	     0	74.3	139.2	1032	OK
2540	     0	78.1	144.3	1063	OK
2541	     0	76.4	144.3	1055	OK
2542	     0	75.5	138.6	1047	OK
2543	     0	76.3	141.7	1056	OK
2544	     0	74.6	140.9	1035	OK
2545	     0	76.2	143.0	1060	OK
2546	     0	75.5	140.3	1065	OK
2547	     0	75.9	140.9	1056	OK
2548	     0	79.1	146.9	1060	OK
2549	     0	77.6	142.8	1037	OK
2550	     0	77.2	144.7	1053	OK
2551	     0	77.2	144.3	1056	OK
2552	     0	77.3	142.7	1046	OK
2553	     0	76.3	144.1	1056	OK
2554	     0	75.7	141.5	1043	OK
2555	     0	78.2	146.8	1053	OK
2556	     0	75.9	140.4	1063	OK
2557	     0	79.4	146.3	1044	OK
2558	   200	81.0	148.3	1049	high gain
2559	  4200	82.1	149.7	1124	high gain
