#chan	code	gain	vt50	innse	comment
   0	   200	85.3	110.6	1056	high gain
   1	     0	82.2	109.8	1006	OK
   2	     0	80.4	108.9	1029	OK
   3	     0	79.7	107.5	1012	OK
   4	     0	80.6	109.3	 990	OK
   5	     0	79.4	108.0	 993	OK
   6	     0	79.1	108.9	1040	OK
   7	     0	79.8	109.0	1016	OK
   8	     0	77.5	109.8	 995	OK
   9	     0	78.8	108.3	 985	OK
  10	     0	79.7	108.2	 982	OK
  11	     0	77.7	107.5	 993	OK
  12	     0	77.6	105.9	 997	OK
  13	     0	77.9	106.0	 995	OK
  14	     0	79.6	108.1	 997	OK
  15	     0	80.4	109.3	 987	OK
  16	     0	76.7	107.9	1002	OK
  17	     0	80.2	108.2	 990	OK
  18	     0	81.6	110.5	1000	OK
  19	     0	76.7	107.0	1004	OK
  20	     0	77.7	109.4	 990	OK
  21	     0	78.2	107.9	1012	OK
  22	     0	80.0	108.4	 993	OK
  23	     0	80.6	109.7	 998	OK
  24	     0	79.0	108.3	 993	OK
  25	     0	80.5	109.1	 987	OK
  26	     0	78.1	107.2	1012	OK
  27	     0	80.4	108.3	 981	OK
  28	     0	80.6	109.1	1012	OK
  29	     0	80.9	112.0	1006	OK
  30	     0	77.5	105.6	 990	OK
  31	     0	78.1	107.7	1012	OK
  32	     0	76.8	105.4	1015	OK
  33	     0	77.4	104.1	 990	OK
  34	     0	77.6	107.1	1013	OK
  35	     0	80.4	108.7	1010	OK
  36	     0	79.3	107.9	1002	OK
  37	     0	81.5	110.2	 985	OK
  38	     0	78.8	105.8	1003	OK
  39	     0	80.3	110.0	1015	OK
  40	     0	79.9	107.8	1021	OK
  41	     0	78.6	106.7	 996	OK
  42	     0	77.0	106.1	1018	OK
  43	     0	78.3	105.9	1028	OK
  44	     0	77.5	104.7	 993	OK
  45	     0	77.9	106.1	1027	OK
  46	     0	77.9	108.3	1031	OK
  47	     0	79.9	108.9	1028	OK
  48	     0	81.9	110.3	1037	OK
  49	     0	80.5	107.9	1000	OK
  50	     0	79.6	107.2	 994	OK
  51	     0	81.8	109.4	1020	OK
  52	     0	78.3	107.6	1005	OK
  53	     0	79.9	109.2	1012	OK
  54	     0	78.4	105.2	1019	OK
  55	     0	79.3	107.8	1025	OK
  56	     0	79.8	108.9	1008	OK
  57	     0	80.2	111.0	1021	OK
  58	     0	77.2	104.4	 999	OK
  59	     0	79.5	107.2	1022	OK
  60	     0	76.9	105.5	1016	OK
  61	     0	80.2	109.5	1022	OK
  62	     0	79.3	107.5	1026	OK
  63	     0	78.6	106.8	 998	OK
  64	     0	78.3	107.9	1047	OK
  65	     0	79.4	111.7	1018	OK
  66	     0	79.2	108.9	1011	OK
  67	     0	75.9	108.5	1018	OK
  68	     0	76.2	104.8	1021	OK
  69	     0	79.1	107.2	1012	OK
  70	     0	76.1	104.5	1025	OK
  71	     0	80.1	109.2	1042	OK
  72	     0	76.2	106.3	1020	OK
  73	     0	79.2	107.3	1049	OK
  74	     0	79.9	108.2	1030	OK
  75	     0	78.2	105.8	1045	OK
  76	     0	80.7	109.5	1008	OK
  77	     0	81.3	107.7	1033	OK
  78	     0	80.2	107.3	1000	OK
  79	     0	78.3	107.0	1044	OK
  80	     0	76.8	106.0	1019	OK
  81	     0	77.9	105.0	1022	OK
  82	     0	78.5	107.5	1029	OK
  83	     0	79.3	107.5	1038	OK
  84	     0	79.6	106.8	1015	OK
  85	     0	76.3	106.0	1023	OK
  86	     0	75.6	106.3	1013	OK
  87	     0	77.2	106.8	1019	OK
  88	     0	78.3	105.9	1001	OK
  89	     0	77.1	104.5	1016	OK
  90	     0	79.3	108.6	1018	OK
  91	     0	78.8	107.7	1011	OK
  92	     0	79.8	108.0	1045	OK
  93	     0	77.6	108.2	1016	OK
  94	     0	78.5	107.5	1014	OK
  95	     0	78.7	106.3	1030	OK
  96	     0	77.3	107.6	1027	OK
  97	     0	77.3	107.5	1028	OK
  98	     0	77.7	105.0	1023	OK
  99	     0	77.9	108.9	1025	OK
 100	     0	75.7	106.4	1048	OK
 101	     0	78.2	105.8	1011	OK
 102	     0	78.9	108.2	1016	OK
 103	     0	79.2	108.8	1030	OK
 104	     0	79.5	107.9	1034	OK
 105	     0	78.3	107.5	1036	OK
 106	     0	80.6	107.9	1008	OK
 107	     0	78.6	106.5	1021	OK
 108	     0	78.1	107.7	1023	OK
 109	     0	77.3	107.5	1021	OK
 110	     0	76.8	105.6	1035	OK
 111	     0	76.7	104.0	1001	OK
 112	     0	81.4	109.9	1023	OK
 113	     0	78.3	105.3	1036	OK
 114	     0	81.7	109.1	1031	OK
 115	     0	77.0	105.3	1013	OK
 116	     0	74.8	103.3	1049	OK
 117	     0	78.0	106.4	1017	OK
 118	     0	77.9	106.3	1013	OK
 119	     0	76.8	104.5	1029	OK
 120	     0	80.9	110.9	1035	OK
 121	     0	79.2	110.2	1014	OK
 122	     0	79.9	109.3	1025	OK
 123	     0	79.1	107.3	1037	OK
 124	     0	81.9	112.2	1014	OK
 125	     0	80.0	110.0	1039	OK
 126	     0	79.2	109.7	1029	OK
 127	     0	79.5	107.3	1024	OK
 128	     0	80.2	105.3	1015	OK
 129	     0	77.8	106.9	1024	OK
 130	     0	78.2	107.0	1035	OK
 131	     0	75.6	105.7	1005	OK
 132	     0	78.0	104.8	1024	OK
 133	     0	77.9	105.1	1013	OK
 134	     0	79.3	107.6	1042	OK
 135	     0	77.5	106.1	1027	OK
 136	     0	77.5	108.0	1050	OK
 137	     0	79.5	108.3	1035	OK
 138	     0	78.2	108.2	1012	OK
 139	     0	76.2	107.7	1020	OK
 140	     0	80.9	107.9	1037	OK
 141	     0	75.8	103.5	1004	OK
 142	     0	79.2	107.9	1007	OK
 143	     0	76.4	106.0	1017	OK
 144	     0	78.6	108.3	1029	OK
 145	     0	80.2	111.2	1026	OK
 146	     0	76.0	105.9	1015	OK
 147	     0	74.6	103.5	1016	OK
 148	     0	77.6	106.6	1011	OK
 149	     0	78.5	108.1	1003	OK
 150	     0	76.9	102.4	 992	OK
 151	     0	77.5	107.4	1044	OK
 152	     0	76.1	105.3	1020	OK
 153	     0	78.1	106.2	1038	OK
 154	     0	75.9	102.6	1017	OK
 155	     0	76.7	106.2	1039	OK
 156	     0	79.1	108.2	1021	OK
 157	     0	76.2	105.8	1029	OK
 158	     0	77.2	103.2	1019	OK
 159	     0	77.2	105.5	1021	OK
 160	     0	79.9	109.5	1023	OK
 161	     0	79.0	108.5	1032	OK
 162	     0	78.1	107.8	1012	OK
 163	     0	75.4	104.8	1020	OK
 164	     0	75.6	106.0	 999	OK
 165	     0	77.1	105.6	1015	OK
 166	     0	75.7	104.9	1040	OK
 167	     0	77.6	107.5	1036	OK
 168	     0	80.4	110.0	1022	OK
 169	     0	78.0	105.2	1011	OK
 170	     0	77.8	109.1	1030	OK
 171	     0	75.1	103.3	1023	OK
 172	     0	77.5	105.1	1030	OK
 173	     0	80.2	107.9	1052	OK
 174	     0	77.0	106.0	1028	OK
 175	     0	76.4	102.3	1009	OK
 176	     0	76.0	104.6	1016	OK
 177	     0	78.2	106.6	1021	OK
 178	     0	74.6	102.7	1022	OK
 179	     0	73.9	101.8	1011	OK
 180	     0	77.7	104.4	 999	OK
 181	     0	78.3	105.3	1021	OK
 182	     0	80.3	106.6	1037	OK
 183	     0	77.9	104.0	1025	OK
 184	     0	77.2	105.4	1042	OK
 185	     0	77.2	106.5	1024	OK
 186	     0	77.6	106.5	1029	OK
 187	     0	80.6	110.3	1030	OK
 188	     0	78.0	106.5	1047	OK
 189	     0	76.5	105.3	1011	OK
 190	     0	78.3	106.1	1028	OK
 191	     0	79.8	106.1	1009	OK
 192	     0	78.7	107.5	1026	OK
 193	     0	79.6	107.5	1019	OK
 194	     0	78.2	106.0	1023	OK
 195	     0	78.5	106.5	1031	OK
 196	     0	79.6	107.6	1035	OK
 197	     0	76.9	102.6	 997	OK
 198	     0	79.0	106.5	1027	OK
 199	     0	78.5	106.4	1009	OK
 200	     0	81.3	107.1	1025	OK
 201	     0	78.9	108.6	1000	OK
 202	     0	74.1	101.4	1004	OK
 203	     0	80.9	107.8	 986	OK
 204	     0	78.2	108.8	1000	OK
 205	     0	78.4	106.8	1027	OK
 206	     0	79.7	106.5	1021	OK
 207	     0	77.7	106.3	1027	OK
 208	     0	77.5	105.9	 996	OK
 209	     0	77.4	104.0	 984	OK
 210	     0	79.4	107.6	1011	OK
 211	     0	78.5	106.6	1022	OK
 212	     0	80.2	107.9	1008	OK
 213	     0	79.7	110.3	1012	OK
 214	     0	78.7	107.8	1022	OK
 215	     0	75.8	104.0	1022	OK
 216	     0	80.6	110.5	1022	OK
 217	     0	78.9	107.8	1012	OK
 218	     0	80.6	108.0	1037	OK
 219	     0	78.0	106.1	1005	OK
 220	     0	80.1	107.4	1011	OK
 221	     0	76.2	106.0	 997	OK
 222	     0	80.0	109.7	1016	OK
 223	     0	78.1	104.5	 996	OK
 224	     0	78.3	104.3	 976	OK
 225	     0	78.2	106.9	1021	OK
 226	     0	77.3	105.5	 997	OK
 227	     0	76.6	103.2	1006	OK
 228	     0	79.6	109.1	1015	OK
 229	     0	76.8	104.8	1012	OK
 230	     0	78.4	107.0	1030	OK
 231	     0	75.7	103.7	1014	OK
 232	     0	77.4	104.8	1004	OK
 233	     0	76.7	103.6	1022	OK
 234	     0	79.2	106.8	1019	OK
 235	     0	78.1	106.2	 998	OK
 236	     0	79.9	105.2	1036	OK
 237	     0	80.4	108.4	1018	OK
 238	     0	79.2	106.0	 998	OK
 239	     0	76.5	105.7	1000	OK
 240	     0	81.9	109.2	 995	OK
 241	     0	78.2	107.1	1009	OK
 242	     0	78.1	108.8	1004	OK
 243	     0	78.5	107.1	1015	OK
 244	     0	78.2	107.2	 995	OK
 245	     0	78.6	107.6	1010	OK
 246	     0	79.2	109.5	1016	OK
 247	     0	80.6	108.4	1003	OK
 248	     0	83.5	112.6	1034	OK
 249	     0	78.9	108.3	 996	OK
 250	     0	79.0	108.1	1011	OK
 251	     0	80.5	107.1	1022	OK
 252	     0	81.6	109.5	1012	OK
 253	     0	82.8	113.2	1007	OK
 254	     0	78.8	107.1	 984	OK
 255	     0	79.4	108.6	1002	OK
 256	     0	80.9	108.9	1022	OK
 257	     0	80.6	109.4	1021	OK
 258	     0	81.0	110.8	 993	OK
 259	     0	83.7	109.5	 989	OK
 260	     0	78.5	109.9	1018	OK
 261	     0	83.6	113.0	1007	OK
 262	     0	77.9	108.5	1005	OK
 263	     0	80.6	110.0	 995	OK
 264	     0	81.0	110.7	1010	OK
 265	     0	78.8	109.4	 986	OK
 266	     0	78.6	108.1	1010	OK
 267	     0	78.6	108.1	1017	OK
 268	     0	80.7	110.1	 993	OK
 269	     0	81.3	110.5	 983	OK
 270	     0	79.8	109.3	 978	OK
 271	     0	79.0	109.6	 997	OK
 272	     0	80.6	110.6	 985	OK
 273	     0	80.5	109.6	1016	OK
 274	     0	79.5	108.0	 975	OK
 275	     0	77.3	108.1	1012	OK
 276	     0	81.0	111.5	1007	OK
 277	     0	81.0	111.0	 999	OK
 278	     0	80.3	107.2	1012	OK
 279	     0	77.4	109.0	 994	OK
 280	     0	80.0	109.0	1002	OK
 281	     0	80.7	110.5	1021	OK
 282	     0	80.9	109.7	1011	OK
 283	     0	79.8	111.8	1001	OK
 284	     0	80.2	109.5	1007	OK
 285	     0	80.1	106.9	 995	OK
 286	     0	79.7	108.1	1003	OK
 287	     0	78.1	107.9	 991	OK
 288	     0	77.6	108.9	1014	OK
 289	     0	81.2	110.9	1012	OK
 290	     0	79.9	109.9	 988	OK
 291	     0	77.4	107.9	1003	OK
 292	     0	80.0	108.6	1012	OK
 293	     0	80.5	109.1	1010	OK
 294	     0	75.8	105.5	 992	OK
 295	     0	77.9	109.0	 994	OK
 296	     0	79.0	110.0	1008	OK
 297	     0	77.7	105.5	1018	OK
 298	     0	81.6	112.1	 999	OK
 299	     0	81.1	110.2	 995	OK
 300	     0	78.6	108.4	1009	OK
 301	     0	79.3	108.6	 999	OK
 302	     0	77.5	106.1	1022	OK
 303	     0	81.1	110.7	1016	OK
 304	     0	79.9	107.4	 992	OK
 305	     0	82.1	113.3	1003	OK
 306	   100	71.9	100.6	1000	low gain
 307	     0	79.1	109.9	1024	OK
 308	     0	79.7	110.8	1003	OK
 309	     0	81.0	109.0	1015	OK
 310	     0	80.1	107.0	1009	OK
 311	     0	80.1	109.2	1019	OK
 312	     0	79.5	109.9	1021	OK
 313	     0	76.7	105.1	1002	OK
 314	     0	78.2	108.4	 994	OK
 315	     0	81.1	111.3	1039	OK
 316	     0	80.7	108.6	1025	OK
 317	     0	79.3	108.7	1007	OK
 318	     0	80.0	108.8	1002	OK
 319	     0	82.8	110.6	1020	OK
 320	     0	81.1	109.0	1018	OK
 321	     0	80.0	111.0	1016	OK
 322	     0	79.3	108.4	1001	OK
 323	     0	78.3	106.5	 997	OK
 324	     0	80.0	108.2	1005	OK
 325	     0	78.2	107.4	1002	OK
 326	     0	82.6	113.4	1029	OK
 327	     0	78.6	107.2	1012	OK
 328	     0	80.2	110.3	1002	OK
 329	     0	81.1	112.1	1013	OK
 330	     0	78.5	106.4	1015	OK
 331	     0	77.2	108.6	1040	OK
 332	     0	78.1	106.2	1017	OK
 333	     0	76.4	106.1	1008	OK
 334	     0	80.9	110.2	1015	OK
 335	     0	78.5	106.5	1014	OK
 336	     0	76.9	107.5	1039	OK
 337	     0	76.1	102.8	1008	OK
 338	     0	82.1	112.9	 994	OK
 339	     0	78.1	105.5	1004	OK
 340	     0	80.9	109.3	1016	OK
 341	     0	79.9	109.7	1000	OK
 342	     0	79.9	110.7	1009	OK
 343	     0	79.2	109.8	 991	OK
 344	     0	79.0	108.3	1013	OK
 345	     0	82.9	110.4	1010	OK
 346	     0	77.4	106.8	 993	OK
 347	     0	80.8	109.6	1023	OK
 348	     0	81.8	109.5	 992	OK
 349	     0	77.7	110.1	1010	OK
 350	     0	79.3	106.8	1007	OK
 351	     0	81.4	114.5	 994	OK
 352	     0	78.7	109.3	1014	OK
 353	     0	77.9	108.3	1027	OK
 354	     0	77.8	106.0	1020	OK
 355	     0	77.1	109.1	1001	OK
 356	     0	78.9	108.3	1008	OK
 357	     0	78.9	109.3	1023	OK
 358	     0	80.3	109.2	 997	OK
 359	     0	78.2	107.7	 974	OK
 360	     0	79.6	110.0	 986	OK
 361	     0	81.5	112.6	 992	OK
 362	     0	75.4	103.0	 983	OK
 363	     0	79.9	109.6	1015	OK
 364	     0	78.0	106.2	 999	OK
 365	     0	79.1	106.6	 997	OK
 366	     0	78.0	108.4	1010	OK
 367	     0	78.4	108.7	1001	OK
 368	     0	79.8	111.1	 983	OK
 369	     0	78.4	109.5	1020	OK
 370	     0	77.5	106.6	 997	OK
 371	     0	79.7	108.2	 997	OK
 372	     0	78.2	107.1	1004	OK
 373	     0	76.9	108.6	1022	OK
 374	     0	76.4	108.0	 997	OK
 375	     0	79.4	112.1	1001	OK
 376	     0	80.2	109.0	1006	OK
 377	     0	79.0	107.0	 980	OK
 378	     0	81.7	112.3	1002	OK
 379	     0	78.2	107.4	1000	OK
 380	     0	79.5	110.4	1013	OK
 381	     0	80.0	108.7	1012	OK
 382	     0	80.5	109.3	1004	OK
 383	     0	78.2	107.5	1023	OK
 384	     0	81.3	113.2	 979	OK
 385	     0	80.1	108.4	 975	OK
 386	     0	79.4	108.9	 955	OK
 387	     0	77.6	105.7	1002	OK
 388	     0	78.4	109.2	 996	OK
 389	     0	79.1	107.7	 988	OK
 390	     0	77.2	105.9	 984	OK
 391	     0	77.9	108.0	 968	OK
 392	     0	77.9	106.9	 993	OK
 393	     0	78.9	106.7	 985	OK
 394	     0	76.9	106.3	 978	OK
 395	     0	77.4	106.1	 984	OK
 396	     0	79.1	107.3	 996	OK
 397	     0	77.8	105.2	 963	OK
 398	     0	77.3	105.4	 984	OK
 399	     0	79.5	108.4	 985	OK
 400	     0	79.5	109.8	 985	OK
 401	     0	75.9	104.2	 995	OK
 402	     0	76.2	105.5	 984	OK
 403	     0	80.9	109.1	 983	OK
 404	     0	79.6	107.6	 974	OK
 405	     0	80.0	105.1	 978	OK
 406	     0	81.4	109.6	 978	OK
 407	     0	79.9	109.0	 982	OK
 408	     0	75.9	104.5	 973	OK
 409	     0	75.6	104.8	 990	OK
 410	     0	78.9	108.4	1003	OK
 411	     0	80.3	108.6	 999	OK
 412	     0	81.1	108.7	1005	OK
 413	     0	78.2	106.2	 980	OK
 414	     0	79.0	106.2	 998	OK
 415	     0	77.8	106.7	 996	OK
 416	     0	78.5	106.3	1002	OK
 417	     0	79.8	109.8	 984	OK
 418	     0	78.6	107.7	 993	OK
 419	     0	79.0	106.8	 975	OK
 420	     0	79.3	108.7	 995	OK
 421	     0	79.7	106.5	 982	OK
 422	     0	79.1	108.3	 977	OK
 423	     0	78.6	108.0	 983	OK
 424	     0	76.9	104.5	 986	OK
 425	     0	78.5	106.6	 992	OK
 426	     0	80.0	105.8	 991	OK
 427	     0	78.9	108.1	1029	OK
 428	     0	77.1	105.5	 970	OK
 429	     0	78.4	105.9	1000	OK
 430	     0	76.3	105.1	 993	OK
 431	     0	78.2	108.8	 998	OK
 432	     0	77.8	106.1	 956	OK
 433	     0	77.3	104.6	 978	OK
 434	     0	79.8	107.3	 991	OK
 435	     0	77.5	107.5	 995	OK
 436	     0	76.7	106.8	 981	OK
 437	     0	77.1	106.2	 999	OK
 438	     0	76.5	106.5	 988	OK
 439	     0	80.7	110.1	 995	OK
 440	     0	77.6	107.1	1005	OK
 441	     0	80.0	109.1	 996	OK
 442	     0	81.1	109.0	 989	OK
 443	     0	78.6	107.6	 986	OK
 444	     0	80.2	109.8	1002	OK
 445	     0	79.3	107.1	 990	OK
 446	     0	79.3	105.5	 977	OK
 447	     0	76.5	104.8	 976	OK
 448	     0	78.3	107.1	 967	OK
 449	     0	78.4	106.0	 978	OK
 450	     0	78.7	108.6	 982	OK
 451	     0	77.3	105.2	 983	OK
 452	     0	78.1	105.8	 990	OK
 453	     0	80.2	108.1	 983	OK
 454	     0	78.7	106.5	 986	OK
 455	     0	80.8	110.5	 968	OK
 456	     0	75.9	104.5	 979	OK
 457	     0	75.1	103.0	 965	OK
 458	     0	79.3	108.1	1005	OK
 459	     0	76.2	104.9	 976	OK
 460	     0	78.2	106.3	 982	OK
 461	     0	78.7	106.8	 976	OK
 462	     0	81.5	108.9	 993	OK
 463	     0	78.1	108.2	 972	OK
 464	     0	77.6	107.5	 966	OK
 465	     0	77.9	107.2	 979	OK
 466	     0	79.7	108.3	 992	OK
 467	     0	76.9	105.9	 975	OK
 468	     0	79.4	107.7	 970	OK
 469	     0	79.4	110.0	 995	OK
 470	     0	78.5	105.8	 967	OK
 471	     0	80.4	111.2	 960	OK
 472	     0	77.0	108.9	 982	OK
 473	     0	79.4	105.8	 955	OK
 474	     0	76.8	106.4	 961	OK
 475	     0	77.9	106.0	 971	OK
 476	     0	79.2	107.6	 960	OK
 477	     0	78.8	107.8	 973	OK
 478	     0	77.4	106.2	 969	OK
 479	     0	83.3	113.3	 981	OK
 480	     0	76.1	106.9	 969	OK
 481	     0	83.2	112.3	 966	OK
 482	     0	79.3	108.3	 984	OK
 483	     0	79.6	107.1	 968	OK
 484	     0	79.2	109.0	 972	OK
 485	     0	80.8	109.4	 968	OK
 486	     0	77.4	105.3	 963	OK
 487	     0	79.2	110.0	 992	OK
 488	     0	83.1	112.5	 976	OK
 489	     0	78.2	105.3	 967	OK
 490	     0	82.1	110.6	 981	OK
 491	     0	80.3	106.6	 983	OK
 492	     0	78.3	106.2	 978	OK
 493	     0	79.7	106.0	 965	OK
 494	     0	77.9	105.8	 948	OK
 495	     0	78.0	105.4	 979	OK
 496	     0	79.2	110.5	 973	OK
 497	     0	80.4	106.4	 972	OK
 498	     0	79.5	109.1	 995	OK
 499	     0	78.9	107.1	 928	OK
 500	     0	79.2	108.2	 981	OK
 501	     0	80.8	110.4	 969	OK
 502	     0	79.0	108.2	 988	OK
 503	     0	80.2	108.9	 978	OK
 504	     0	80.5	109.5	 993	OK
 505	     0	78.5	105.2	 960	OK
 506	     0	82.1	110.6	 969	OK
 507	     0	84.4	111.6	 969	OK
 508	     0	80.1	107.0	 975	OK
 509	     0	84.2	114.4	 970	OK
 510	     0	78.5	107.7	 967	OK
 511	     0	81.2	108.3	 955	OK
 512	     0	79.1	109.6	 999	OK
 513	     0	78.9	109.9	1020	OK
 514	     0	79.6	107.7	 967	OK
 515	     0	80.5	110.3	1002	OK
 516	     0	78.3	107.3	 988	OK
 517	     0	76.2	103.9	 958	OK
 518	     0	83.6	110.5	 969	OK
 519	     0	79.7	109.4	1002	OK
 520	     0	76.9	105.3	 967	OK
 521	     0	82.0	111.5	 973	OK
 522	     0	81.6	109.8	 983	OK
 523	     0	77.2	106.5	 976	OK
 524	     0	77.4	104.4	 974	OK
 525	     0	77.7	107.7	 980	OK
 526	     0	78.9	110.4	 998	OK
 527	     0	76.9	107.5	 949	OK
 528	     0	78.8	110.5	 993	OK
 529	     0	77.8	108.0	 991	OK
 530	     0	79.2	105.9	 977	OK
 531	     0	78.5	105.1	 978	OK
 532	     0	78.3	106.8	 998	OK
 533	     0	78.1	105.5	 977	OK
 534	     0	77.0	105.9	 960	OK
 535	     0	75.8	104.4	 961	OK
 536	     0	77.9	106.1	 950	OK
 537	     0	79.5	110.9	 981	OK
 538	     0	77.8	105.5	 978	OK
 539	     0	79.8	110.7	 986	OK
 540	     0	79.1	110.3	 975	OK
 541	     0	75.4	108.5	1014	OK
 542	     0	77.5	105.7	 972	OK
 543	     0	78.0	110.5	 975	OK
 544	     0	75.7	105.1	 978	OK
 545	     0	76.9	107.9	 991	OK
 546	     0	80.9	108.8	 985	OK
 547	     0	76.2	106.0	 968	OK
 548	     0	78.7	110.3	 961	OK
 549	     0	78.8	108.0	 996	OK
 550	     0	75.3	103.8	 984	OK
 551	     0	77.8	107.2	 981	OK
 552	     0	75.3	107.0	 988	OK
 553	     0	75.5	104.5	 989	OK
 554	     0	78.2	107.3	 983	OK
 555	     0	75.1	103.9	 973	OK
 556	     0	77.0	105.5	 986	OK
 557	     0	76.3	103.7	 991	OK
 558	     0	72.6	102.8	 972	OK
 559	     0	78.3	109.1	 970	OK
 560	     0	76.1	106.0	 990	OK
 561	     0	80.3	110.1	 984	OK
 562	     0	78.4	109.3	 987	OK
 563	     0	75.7	106.2	 988	OK
 564	     0	73.5	104.4	 953	OK
 565	     0	75.8	105.7	 974	OK
 566	     0	77.8	105.1	 973	OK
 567	     0	76.8	105.4	 968	OK
 568	     0	77.2	105.1	 982	OK
 569	     0	76.9	107.0	 976	OK
 570	     0	74.7	102.9	 982	OK
 571	     0	75.5	105.9	 956	OK
 572	     0	78.0	106.8	 990	OK
 573	     0	74.8	105.3	 962	OK
 574	     0	78.0	107.1	 988	OK
 575	     0	76.8	105.7	 994	OK
 576	     0	81.2	109.8	 990	OK
 577	     0	77.9	109.4	 997	OK
 578	     0	78.8	111.8	1010	OK
 579	     0	78.5	110.1	 976	OK
 580	     0	74.6	102.5	 965	OK
 581	     0	77.7	106.6	 961	OK
 582	     0	78.3	108.8	 981	OK
 583	     0	75.4	103.9	 977	OK
 584	     0	77.5	109.1	 959	OK
 585	     0	74.9	102.9	 976	OK
 586	     0	75.4	105.1	 990	OK
 587	     0	76.9	106.1	 988	OK
 588	     0	74.6	104.2	 969	OK
 589	     0	75.6	106.4	 970	OK
 590	     0	76.3	106.1	 992	OK
 591	     0	77.9	107.0	 996	OK
 592	     0	75.5	103.6	 978	OK
 593	     0	74.1	102.2	 983	OK
 594	     0	78.2	105.1	1010	OK
 595	     0	78.8	107.8	1008	OK
 596	     0	78.3	110.9	 998	OK
 597	     0	76.5	106.9	 996	OK
 598	     0	77.9	104.4	1002	OK
 599	     0	74.4	105.7	 981	OK
 600	     0	78.0	106.9	1008	OK
 601	     0	76.5	105.6	1011	OK
 602	     0	77.8	105.4	1004	OK
 603	     0	80.0	109.4	 975	OK
 604	  4000	78.0	106.9	1042	high noise
 605	     0	77.4	109.6	 997	OK
 606	     0	77.6	106.4	1017	OK
 607	     0	78.0	106.3	 990	OK
 608	     0	76.3	106.2	1000	OK
 609	     0	76.4	108.1	1020	OK
 610	     0	76.9	103.9	 997	OK
 611	     0	79.3	109.6	1022	OK
 612	     0	77.0	107.9	1012	OK
 613	     0	79.8	107.1	1002	OK
 614	  4000	75.4	105.5	1044	high noise
 615	  4000	76.8	107.3	1042	high noise
 616	  4000	78.8	107.2	1031	high noise
 617	  4000	79.9	109.7	1042	high noise
 618	     0	77.6	106.4	1019	OK
 619	     0	77.1	105.7	1017	OK
 620	     0	77.6	109.1	1018	OK
 621	  4000	78.8	109.3	1035	high noise
 622	     0	76.7	103.7	1023	OK
 623	  4000	77.5	109.7	1030	high noise
 624	     0	78.8	110.2	1022	OK
 625	  4000	77.7	106.7	1049	high noise
 626	  4000	78.8	108.5	1054	high noise
 627	     0	77.5	104.4	1022	OK
 628	  4000	79.3	107.9	1055	high noise
 629	  4000	76.9	107.8	1047	high noise
 630	     0	77.5	105.5	1009	OK
 631	  4000	79.7	109.4	1051	high noise
 632	  4000	77.9	103.5	1038	high noise
 633	  4000	79.5	110.1	1050	high noise
 634	  4000	79.2	105.5	1056	high noise
 635	  4000	76.6	106.6	1042	high noise
 636	     0	80.0	109.7	1025	OK
 637	  4000	77.7	107.1	1044	high noise
 638	  4000	80.1	109.4	1044	high noise
 639	  4000	79.7	111.2	1044	high noise
 640	     0	79.6	106.8	1025	OK
 641	     0	79.8	109.3	1042	OK
 642	     0	77.5	106.2	1015	OK
 643	     0	77.8	106.5	1005	OK
 644	     0	78.7	106.8	1017	OK
 645	     0	77.6	106.1	1019	OK
 646	     0	77.9	106.8	1040	OK
 647	     0	77.0	105.6	1021	OK
 648	     0	77.8	108.5	1027	OK
 649	     0	77.0	108.0	1003	OK
 650	     0	78.8	107.1	 977	OK
 651	     0	77.3	107.8	1003	OK
 652	     0	73.8	103.5	 987	OK
 653	     0	77.7	105.7	1001	OK
 654	     0	77.0	107.6	1001	OK
 655	     0	78.6	109.6	1028	OK
 656	     0	76.3	107.5	1041	OK
 657	     0	79.1	108.1	1005	OK
 658	     0	77.7	107.9	1003	OK
 659	     0	74.5	102.0	 993	OK
 660	     0	79.3	107.9	 991	OK
 661	     0	79.9	108.6	1013	OK
 662	     0	76.5	106.8	1036	OK
 663	     0	78.6	107.5	 999	OK
 664	     0	80.0	111.0	 994	OK
 665	     0	75.2	103.9	1005	OK
 666	     0	76.1	103.3	1000	OK
 667	     0	78.0	110.7	1001	OK
 668	     0	76.2	103.4	1019	OK
 669	     0	76.0	106.9	1012	OK
 670	     0	76.2	107.3	1011	OK
 671	     0	75.8	105.4	 993	OK
 672	     0	77.9	106.1	1017	OK
 673	     0	78.3	105.5	1009	OK
 674	     0	78.2	108.4	1008	OK
 675	     0	79.1	109.5	1004	OK
 676	     0	80.7	109.7	1006	OK
 677	     0	79.9	109.3	1001	OK
 678	     0	76.7	106.2	 981	OK
 679	     0	77.5	109.0	1010	OK
 680	     0	78.2	109.1	 988	OK
 681	     0	75.7	105.1	 995	OK
 682	     0	77.5	107.6	1011	OK
 683	     0	76.3	104.7	 990	OK
 684	     0	77.3	107.9	 975	OK
 685	     0	80.2	109.7	1024	OK
 686	     0	78.1	106.3	1003	OK
 687	     0	77.1	110.0	1016	OK
 688	     0	76.9	106.2	 992	OK
 689	     0	76.7	108.3	 989	OK
 690	     0	76.0	106.8	1007	OK
 691	     0	76.9	106.2	1036	OK
 692	     0	77.7	107.0	1009	OK
 693	     0	77.2	107.2	1000	OK
 694	     0	76.5	105.4	 983	OK
 695	     0	74.7	105.4	 989	OK
 696	     0	76.3	105.9	 995	OK
 697	     0	77.8	108.1	1002	OK
 698	     0	75.1	105.9	 990	OK
 699	     0	76.9	107.2	1004	OK
 700	     0	76.9	105.5	1004	OK
 701	     0	78.4	108.0	 992	OK
 702	     0	78.8	109.6	1016	OK
 703	     0	75.9	105.3	 998	OK
 704	     0	78.5	108.1	 995	OK
 705	     0	78.7	107.1	 990	OK
 706	     0	74.0	104.9	 997	OK
 707	     0	76.4	106.3	 992	OK
 708	     0	78.0	110.2	1022	OK
 709	     0	77.3	104.8	1036	OK
 710	     0	76.0	104.3	1005	OK
 711	     0	78.7	108.3	1022	OK
 712	     0	77.0	107.8	 994	OK
 713	     0	77.1	105.4	 987	OK
 714	     0	79.2	107.2	 989	OK
 715	     0	79.3	107.7	1003	OK
 716	     0	78.4	106.3	1008	OK
 717	     0	78.7	108.1	 984	OK
 718	     0	75.7	105.8	1006	OK
 719	     0	78.9	107.2	1001	OK
 720	     0	81.5	109.8	1005	OK
 721	     0	75.9	105.9	 995	OK
 722	     0	80.5	109.9	1000	OK
 723	     0	77.2	105.2	 982	OK
 724	     0	79.9	107.8	1016	OK
 725	     0	78.3	109.0	 997	OK
 726	     0	76.7	108.2	 997	OK
 727	     0	77.4	104.2	 980	OK
 728	     0	77.5	104.1	 984	OK
 729	     0	74.5	103.2	 984	OK
 730	     0	77.3	107.0	1006	OK
 731	     0	77.6	108.8	 994	OK
 732	     0	76.8	108.7	1026	OK
 733	     0	75.1	103.3	 974	OK
 734	     0	75.7	106.2	 995	OK
 735	     0	77.7	105.2	1008	OK
 736	     0	79.1	109.4	1011	OK
 737	     0	75.8	108.4	 978	OK
 738	     0	79.1	109.6	 990	OK
 739	     0	79.2	107.7	 993	OK
 740	     0	78.1	106.5	 998	OK
 741	     0	76.8	108.1	1029	OK
 742	     0	76.1	102.8	 982	OK
 743	     0	76.7	105.3	 988	OK
 744	     0	79.2	109.6	 995	OK
 745	     0	77.0	106.9	1007	OK
 746	     0	78.6	107.9	1004	OK
 747	     0	78.5	107.7	 995	OK
 748	     0	80.0	109.2	1006	OK
 749	     0	78.4	108.2	1002	OK
 750	     0	78.8	109.2	1008	OK
 751	     0	76.7	105.1	 986	OK
 752	     0	79.9	109.0	1005	OK
 753	     0	79.5	110.2	1006	OK
 754	     0	80.3	109.5	 982	OK
 755	     0	79.4	111.5	 986	OK
 756	     0	75.2	103.5	 981	OK
 757	     0	80.2	110.0	 995	OK
 758	     0	77.6	107.6	 996	OK
 759	     0	77.9	107.0	1014	OK
 760	     0	80.5	110.3	 978	OK
 761	     0	78.6	107.6	1006	OK
 762	     0	78.7	107.9	1005	OK
 763	     0	79.7	108.2	 977	OK
 764	     0	78.0	107.6	1010	OK
 765	     0	77.4	109.7	1030	OK
 766	     0	79.9	110.1	1008	OK
 767	     0	77.8	106.6	1032	OK
 768	     0	78.0	109.2	1034	OK
 769	     0	80.1	107.2	1061	OK
 770	     0	78.7	105.4	1056	OK
 771	     0	75.1	104.8	1041	OK
 772	     0	75.9	104.6	1040	OK
 773	     0	77.1	106.9	1058	OK
 774	     0	76.8	104.8	1047	OK
 775	     0	76.4	103.9	1025	OK
 776	     0	77.9	106.8	1055	OK
 777	     0	76.6	107.6	1036	OK
 778	     0	75.2	104.0	1050	OK
 779	     0	75.3	107.0	1050	OK
 780	     0	77.2	106.2	1019	OK
 781	     0	77.3	107.1	1032	OK
 782	     0	72.5	103.3	1021	OK
 783	     0	75.7	104.9	1036	OK
 784	     0	72.8	101.1	1006	OK
 785	     0	75.4	105.0	1046	OK
 786	     0	79.5	109.1	1051	OK
 787	     0	76.2	103.5	1050	OK
 788	     0	73.6	102.7	1022	OK
 789	     0	76.6	103.8	1035	OK
 790	     0	76.2	106.1	1044	OK
 791	     0	73.4	101.2	1018	OK
 792	     0	77.3	104.7	1035	OK
 793	     0	76.2	102.8	1046	OK
 794	     0	76.2	106.1	1048	OK
 795	     0	75.3	104.9	1036	OK
 796	     0	79.2	106.4	1053	OK
 797	     0	76.4	103.7	1048	OK
 798	     0	76.7	104.7	1030	OK
 799	     0	74.3	104.6	1021	OK
 800	     0	76.2	104.7	1045	OK
 801	     0	77.6	107.6	1021	OK
 802	     0	76.3	105.5	1019	OK
 803	     0	75.1	105.4	1064	OK
 804	     0	75.4	104.8	1008	OK
 805	     0	74.5	105.4	1029	OK
 806	     0	75.2	104.1	1042	OK
 807	     0	74.2	105.0	1020	OK
 808	     0	73.0	102.0	1023	OK
 809	     0	73.3	99.7	1028	OK
 810	     0	74.5	104.6	1047	OK
 811	     0	75.3	102.5	1045	OK
 812	     0	75.6	104.1	1054	OK
 813	     0	71.7	100.5	1019	OK
 814	     0	73.2	101.9	1042	OK
 815	     0	73.2	103.5	1031	OK
 816	     0	74.8	104.3	1037	OK
 817	     0	73.1	102.2	1047	OK
 818	     0	73.7	101.4	1046	OK
 819	     0	74.4	102.9	1056	OK
 820	     0	72.7	102.5	1047	OK
 821	     0	73.0	103.2	1052	OK
 822	     0	78.1	104.5	1050	OK
 823	     0	74.1	104.2	1043	OK
 824	     0	76.4	103.3	1027	OK
 825	     0	75.1	104.5	1053	OK
 826	     0	76.0	105.9	1044	OK
 827	     0	75.7	102.7	1054	OK
 828	     0	77.0	105.8	1064	OK
 829	     0	74.9	105.5	1041	OK
 830	     0	76.9	104.1	1064	OK
 831	     0	74.4	102.1	1058	OK
 832	     0	76.3	106.2	1057	OK
 833	     0	74.3	104.2	1039	OK
 834	     0	76.6	105.5	1040	OK
 835	     0	75.1	104.7	1064	OK
 836	     0	76.3	105.4	1032	OK
 837	     0	73.9	104.6	1026	OK
 838	     0	76.2	108.0	1052	OK
 839	     0	75.7	105.9	1055	OK
 840	     0	76.7	103.7	1027	OK
 841	     0	77.2	105.0	1041	OK
 842	     0	74.8	103.4	1049	OK
 843	     0	77.5	107.8	1076	OK
 844	     0	73.3	102.6	1039	OK
 845	     0	77.5	107.9	1054	OK
 846	     0	76.1	103.5	1041	OK
 847	     0	76.2	103.0	1037	OK
 848	     0	75.7	102.7	1030	OK
 849	     0	73.6	101.9	1041	OK
 850	     0	76.2	105.0	1075	OK
 851	     0	76.5	104.0	1052	OK
 852	     0	74.9	104.5	1041	OK
 853	     0	78.1	103.1	1051	OK
 854	     0	76.9	109.4	1080	OK
 855	     0	76.0	104.7	1049	OK
 856	     0	78.8	106.0	1037	OK
 857	     0	73.9	103.9	1042	OK
 858	     0	74.4	102.9	1027	OK
 859	     0	77.2	103.4	1044	OK
 860	     0	73.1	100.4	1044	OK
 861	     0	75.3	106.0	1028	OK
 862	     0	77.1	107.1	1041	OK
 863	     0	74.2	104.0	1044	OK
 864	     0	77.3	104.7	1041	OK
 865	     0	76.6	104.3	1051	OK
 866	     0	76.6	106.5	1043	OK
 867	     0	75.3	105.1	1042	OK
 868	     0	76.6	104.6	1028	OK
 869	     0	74.4	104.9	1027	OK
 870	     0	74.0	101.2	1045	OK
 871	     0	76.2	103.9	1032	OK
 872	     0	74.2	106.3	1038	OK
 873	     0	76.2	102.3	1038	OK
 874	     0	74.6	104.2	1037	OK
 875	     0	74.4	100.8	1029	OK
 876	     0	76.3	106.4	1025	OK
 877	     0	74.1	102.9	1018	OK
 878	     0	76.6	102.5	1049	OK
 879	     0	73.9	104.2	1025	OK
 880	     0	73.7	102.0	1032	OK
 881	     0	75.3	105.7	1020	OK
 882	     0	76.4	103.7	1022	OK
 883	     0	74.2	103.6	1023	OK
 884	     0	75.8	104.2	1026	OK
 885	     0	74.2	101.6	1046	OK
 886	     0	76.4	106.1	1049	OK
 887	     0	76.6	107.8	1045	OK
 888	     0	75.3	105.2	1028	OK
 889	     0	75.7	105.4	1040	OK
 890	     0	78.1	107.3	1047	OK
 891	     0	76.7	107.2	1038	OK
 892	     0	74.0	102.7	1047	OK
 893	     0	74.2	101.7	1025	OK
 894	     0	76.4	107.1	1039	OK
 895	     0	77.6	104.8	1040	OK
 896	     0	77.2	102.2	1009	OK
 897	  4000	79.4	109.3	1060	high noise
 898	     0	76.2	103.9	1051	OK
 899	     0	78.2	107.6	1033	OK
 900	     0	74.7	101.8	1049	OK
 901	     0	77.0	106.3	1038	OK
 902	     0	78.2	105.4	1054	OK
 903	     0	76.8	104.3	1052	OK
 904	     0	75.2	103.8	1050	OK
 905	  4000	76.4	106.3	1060	high noise
 906	     0	76.9	103.6	1052	OK
 907	     0	76.2	104.8	1051	OK
 908	     0	75.1	104.5	1049	OK
 909	  4000	74.1	102.5	1060	high noise
 910	     0	74.3	103.2	1038	OK
 911	     0	75.6	104.8	1039	OK
 912	  4000	73.9	104.0	1067	high noise
 913	     0	78.1	104.8	1044	OK
 914	     0	75.0	101.9	1038	OK
 915	  4000	77.6	106.4	1066	high noise
 916	  4000	76.4	106.0	1073	high noise
 917	     0	73.0	103.8	1043	OK
 918	     0	76.0	105.9	1032	OK
 919	     0	76.4	104.3	1024	OK
 920	     0	73.8	102.2	1026	OK
 921	     0	74.0	102.8	 994	OK
 922	     0	76.2	105.5	1054	OK
 923	     0	77.7	104.1	1015	OK
 924	  4000	77.6	106.7	1060	high noise
 925	     0	76.8	108.8	1023	OK
 926	     0	77.1	105.7	1042	OK
 927	     0	78.6	107.8	1046	OK
 928	     0	73.7	101.5	1027	OK
 929	     0	74.7	107.4	1012	OK
 930	     0	78.7	108.1	1035	OK
 931	     0	73.4	103.2	1020	OK
 932	     0	76.5	106.1	1021	OK
 933	     0	75.7	104.3	1029	OK
 934	     0	76.2	103.1	1048	OK
 935	     0	78.5	108.6	1037	OK
 936	     0	75.6	105.3	1054	OK
 937	     0	76.1	103.7	1028	OK
 938	     0	75.9	103.4	1028	OK
 939	     0	78.7	109.8	1042	OK
 940	     0	75.1	105.9	1049	OK
 941	     0	74.6	104.7	1017	OK
 942	     0	73.3	102.7	1034	OK
 943	     0	75.7	104.2	1051	OK
 944	     0	74.5	101.9	1020	OK
 945	     0	74.7	105.7	1016	OK
 946	     0	73.8	103.3	1030	OK
 947	     0	74.9	104.6	1007	OK
 948	     0	76.4	104.7	1000	OK
 949	     0	74.0	103.8	1015	OK
 950	     0	76.8	104.3	1000	OK
 951	     0	76.6	105.0	1006	OK
 952	     0	76.7	105.2	 993	OK
 953	     0	76.0	105.5	1022	OK
 954	     0	73.5	102.6	 992	OK
 955	     0	76.4	105.3	1022	OK
 956	     0	74.6	104.2	1008	OK
 957	     0	73.9	100.6	1005	OK
 958	     0	78.0	104.8	 993	OK
 959	     0	77.2	106.0	1002	OK
 960	     0	78.3	108.0	 993	OK
 961	     0	78.4	108.6	1014	OK
 962	     0	76.9	104.7	 998	OK
 963	     0	79.8	108.7	1005	OK
 964	     0	76.0	105.8	 990	OK
 965	     0	74.8	105.5	 982	OK
 966	     0	76.9	104.8	1026	OK
 967	     0	75.1	106.9	 986	OK
 968	     0	77.0	106.2	 989	OK
 969	     0	76.3	104.2	1018	OK
 970	     0	75.5	106.5	 992	OK
 971	     0	76.5	108.8	 996	OK
 972	     0	75.9	108.9	1005	OK
 973	     0	75.8	103.9	 975	OK
 974	     0	75.2	104.1	1005	OK
 975	     0	77.1	106.6	1016	OK
 976	     0	77.9	108.8	1003	OK
 977	     0	75.6	105.2	 969	OK
 978	     0	73.5	100.2	1001	OK
 979	     0	74.9	106.2	1013	OK
 980	     0	77.5	105.5	 986	OK
 981	     0	73.9	102.8	1003	OK
 982	     0	77.7	104.5	1006	OK
 983	     0	75.5	104.9	1008	OK
 984	     0	77.2	108.3	1017	OK
 985	     0	74.1	101.7	 977	OK
 986	     0	74.4	103.0	 977	OK
 987	     0	76.2	106.4	 974	OK
 988	     0	75.1	102.0	 992	OK
 989	     0	75.0	104.2	1007	OK
 990	     0	76.1	105.8	1009	OK
 991	     0	77.8	107.5	 983	OK
 992	     0	75.6	103.3	 970	OK
 993	     0	76.0	104.4	1006	OK
 994	     0	74.6	103.8	 974	OK
 995	     0	76.5	107.1	 976	OK
 996	     0	79.2	109.9	1006	OK
 997	     0	77.9	107.2	 981	OK
 998	     0	76.9	108.9	 982	OK
 999	     0	73.6	105.2	 980	OK
1000	     0	77.2	106.3	1001	OK
1001	     0	80.3	107.4	 993	OK
1002	     0	76.5	106.9	 982	OK
1003	     0	77.0	106.3	 960	OK
1004	     0	77.5	106.7	 959	OK
1005	     0	76.8	110.4	 986	OK
1006	     0	76.6	107.1	 981	OK
1007	     0	77.8	107.4	 991	OK
1008	     0	77.1	106.4	 977	OK
1009	     0	75.3	106.6	 977	OK
1010	     0	77.9	105.1	 975	OK
1011	     0	78.3	107.5	 977	OK
1012	     0	77.8	107.8	 984	OK
1013	     0	76.5	106.5	 972	OK
1014	     0	79.5	109.5	1010	OK
1015	     0	78.7	109.0	1011	OK
1016	     0	81.2	110.4	 974	OK
1017	     0	75.8	105.6	 969	OK
1018	     0	78.5	106.8	 974	OK
1019	     0	80.3	109.6	 984	OK
1020	     0	78.4	109.5	 985	OK
1021	     0	79.4	109.7	 980	OK
1022	     0	81.2	108.4	 976	OK
1023	     0	78.0	108.4	 995	OK
1024	     0	77.2	108.9	 987	OK
1025	     0	80.3	112.1	 978	OK
1026	     0	80.1	111.2	 986	OK
1027	     0	79.6	109.9	1000	OK
1028	     0	77.9	107.7	 976	OK
1029	     0	80.6	110.5	 983	OK
1030	     0	80.2	110.7	 971	OK
1031	     0	81.1	113.1	 966	OK
1032	     0	79.5	111.3	 990	OK
1033	     0	74.7	106.5	 964	OK
1034	     0	77.4	107.2	 961	OK
1035	     0	79.4	111.7	 970	OK
1036	     0	80.0	110.4	 981	OK
1037	     0	79.3	109.8	 990	OK
1038	     0	81.7	110.6	 988	OK
1039	     0	79.6	108.8	 967	OK
1040	     0	78.9	109.8	 988	OK
1041	     0	76.5	107.0	 985	OK
1042	     0	76.5	104.2	 969	OK
1043	     0	80.7	111.6	 974	OK
1044	     0	79.1	110.6	 988	OK
1045	     0	79.2	109.0	 981	OK
1046	     0	80.2	111.5	1006	OK
1047	     0	75.7	105.6	 985	OK
1048	     0	79.7	113.2	 979	OK
1049	     0	77.5	106.7	 967	OK
1050	     0	77.8	108.9	 989	OK
1051	     0	74.7	104.3	1004	OK
1052	     0	77.0	107.8	1004	OK
1053	     0	79.9	108.8	 982	OK
1054	     0	79.5	110.7	 969	OK
1055	     0	77.2	106.1	 996	OK
1056	     0	79.2	110.0	 968	OK
1057	     0	79.5	109.5	 987	OK
1058	     0	78.1	107.6	 975	OK
1059	     0	79.6	112.0	 984	OK
1060	     0	77.5	107.8	 977	OK
1061	     0	76.8	109.0	 970	OK
1062	     0	77.1	106.5	 960	OK
1063	     0	76.5	108.1	 980	OK
1064	     0	73.4	103.7	 962	OK
1065	     0	76.5	106.6	 987	OK
1066	     0	78.7	111.9	 975	OK
1067	     0	78.1	107.7	 989	OK
1068	     0	75.0	103.4	 961	OK
1069	     0	79.3	112.3	 991	OK
1070	     0	78.7	109.5	 983	OK
1071	     0	78.4	108.2	 988	OK
1072	     0	76.9	105.2	 976	OK
1073	     0	76.4	108.4	 999	OK
1074	     0	80.4	109.9	 988	OK
1075	     0	77.3	106.9	 999	OK
1076	     0	73.7	103.9	 961	OK
1077	     0	75.7	107.5	 982	OK
1078	     0	77.1	107.2	 986	OK
1079	     0	76.7	107.8	1003	OK
1080	     0	74.1	101.9	 968	OK
1081	     0	76.9	110.6	1005	OK
1082	     0	78.2	107.2	1004	OK
1083	     0	76.1	107.7	 988	OK
1084	     0	76.5	107.3	1016	OK
1085	     0	74.3	105.8	 986	OK
1086	     0	75.7	105.3	 985	OK
1087	     0	79.1	110.0	 993	OK
1088	     0	77.8	111.8	 971	OK
1089	     0	80.0	108.3	 987	OK
1090	     0	74.4	104.9	 991	OK
1091	     0	77.4	108.3	 990	OK
1092	     0	75.3	104.8	 969	OK
1093	     0	76.2	105.2	 981	OK
1094	     0	75.6	108.3	 991	OK
1095	     0	74.4	104.7	 950	OK
1096	     0	71.2	103.3	 981	OK
1097	     0	75.1	105.8	 979	OK
1098	     0	76.2	105.1	 980	OK
1099	     0	78.5	107.7	 995	OK
1100	     0	76.9	105.7	 997	OK
1101	     0	79.5	111.2	1007	OK
1102	     0	74.4	106.4	 987	OK
1103	     0	76.7	108.5	 989	OK
1104	     0	77.5	107.5	1002	OK
1105	     0	76.6	107.6	 981	OK
1106	     0	79.0	109.0	 995	OK
1107	     0	75.6	106.8	 998	OK
1108	     0	76.3	105.9	 964	OK
1109	     0	74.8	106.1	 986	OK
1110	     0	72.4	100.5	 998	OK
1111	     0	73.1	104.2	 971	OK
1112	     0	77.4	107.3	 990	OK
1113	     0	76.7	105.8	 968	OK
1114	     0	74.9	103.7	 982	OK
1115	     0	77.4	106.6	 986	OK
1116	     0	74.1	104.7	 984	OK
1117	     0	74.7	102.0	 990	OK
1118	     0	75.1	106.5	 997	OK
1119	     0	75.7	103.6	 972	OK
1120	     0	76.9	105.7	 989	OK
1121	     0	77.3	105.8	 984	OK
1122	     0	75.4	104.4	 973	OK
1123	     0	72.7	103.1	 970	OK
1124	     0	74.6	102.9	 973	OK
1125	     0	75.2	104.4	 976	OK
1126	     0	76.5	105.5	 980	OK
1127	     0	76.1	105.2	1005	OK
1128	     0	76.1	104.9	 980	OK
1129	     0	78.1	107.5	 993	OK
1130	     0	76.0	106.5	 978	OK
1131	     0	76.1	106.0	 985	OK
1132	     0	74.4	104.0	 996	OK
1133	     0	76.1	107.1	 993	OK
1134	     0	75.5	105.3	 973	OK
1135	     0	77.9	107.6	1000	OK
1136	     0	77.6	107.1	 999	OK
1137	     0	76.7	108.0	 996	OK
1138	     0	78.1	107.2	 972	OK
1139	     0	77.3	107.4	 994	OK
1140	     0	76.6	107.8	 994	OK
1141	     0	78.5	109.3	 985	OK
1142	     0	77.5	105.7	 994	OK
1143	     0	77.7	106.1	 989	OK
1144	     0	75.4	107.0	 996	OK
1145	     0	76.7	108.7	 995	OK
1146	     0	76.6	107.5	 993	OK
1147	     0	75.3	105.2	 973	OK
1148	     0	77.7	110.5	 992	OK
1149	     0	74.5	105.4	1002	OK
1150	     0	80.7	111.1	 987	OK
1151	     0	76.6	107.6	 990	OK
1152	     0	77.8	108.9	1000	OK
1153	     0	77.4	106.9	 990	OK
1154	     0	72.1	100.5	 964	OK
1155	     0	74.6	105.0	 994	OK
1156	     0	77.7	108.4	 977	OK
1157	     0	74.2	105.4	 968	OK
1158	     0	74.6	104.1	 983	OK
1159	     0	74.0	103.7	 963	OK
1160	     0	76.4	106.9	1000	OK
1161	     0	75.4	104.6	 960	OK
1162	     0	75.8	107.2	 988	OK
1163	     0	76.2	104.7	 978	OK
1164	     0	76.4	107.2	 989	OK
1165	     0	79.7	108.6	 982	OK
1166	     0	72.5	101.5	 975	OK
1167	     0	73.8	104.1	 950	OK
1168	     0	76.0	104.2	 967	OK
1169	     0	74.2	103.1	 970	OK
1170	     0	74.0	101.9	 971	OK
1171	     0	75.4	106.1	 973	OK
1172	     0	76.6	106.2	1007	OK
1173	     0	77.9	108.6	 992	OK
1174	     0	75.4	104.9	 968	OK
1175	     0	74.3	105.9	 955	OK
1176	     0	75.4	106.6	 982	OK
1177	     0	75.6	107.6	 991	OK
1178	     0	74.9	104.0	 966	OK
1179	     0	77.9	106.4	 981	OK
1180	     0	73.5	101.7	 977	OK
1181	     0	75.7	102.6	 957	OK
1182	     0	74.2	102.8	 990	OK
1183	     0	76.1	105.7	1007	OK
1184	     0	71.8	99.3	 969	OK
1185	     0	73.6	102.4	 962	OK
1186	     0	76.6	105.8	 972	OK
1187	     0	75.4	106.5	 988	OK
1188	     0	74.5	104.6	 963	OK
1189	     0	74.9	105.1	 967	OK
1190	     0	75.1	104.4	 982	OK
1191	     0	76.1	105.1	 990	OK
1192	     0	76.7	105.0	 973	OK
1193	     0	75.4	105.9	1005	OK
1194	     0	76.0	105.3	 999	OK
1195	     0	76.0	104.2	 973	OK
1196	     0	76.4	107.4	 992	OK
1197	     0	74.7	106.0	 980	OK
1198	     0	75.4	105.0	 959	OK
1199	     0	74.3	103.8	 991	OK
1200	     0	72.4	102.6	 978	OK
1201	     0	74.6	105.8	 963	OK
1202	     0	73.5	103.8	 974	OK
1203	     0	76.6	107.3	 956	OK
1204	     0	78.1	110.9	 992	OK
1205	     0	74.9	104.5	1006	OK
1206	     0	74.8	106.2	 962	OK
1207	     0	76.0	105.6	 980	OK
1208	     0	75.4	106.0	 974	OK
1209	     0	74.6	104.9	 966	OK
1210	     0	74.4	103.3	 964	OK
1211	     0	76.6	106.8	 961	OK
1212	     0	74.0	103.1	 960	OK
1213	     0	75.6	106.8	 965	OK
1214	     0	75.7	103.8	 958	OK
1215	     0	77.0	109.3	 959	OK
1216	     0	75.3	106.6	 972	OK
1217	     0	72.6	103.2	 968	OK
1218	     0	77.3	106.1	 974	OK
1219	     0	75.2	106.5	 963	OK
1220	     0	76.1	107.8	 984	OK
1221	     0	75.6	102.7	 959	OK
1222	     0	74.9	104.5	 961	OK
1223	     0	79.0	110.9	 983	OK
1224	     0	75.9	105.4	 981	OK
1225	     0	77.2	104.8	 970	OK
1226	     0	76.0	103.4	 942	OK
1227	     0	78.5	107.3	 963	OK
1228	     0	75.5	103.9	 955	OK
1229	     0	74.0	103.9	 945	OK
1230	     0	75.6	102.5	 949	OK
1231	     0	75.6	104.4	 979	OK
1232	     0	78.0	107.3	 963	OK
1233	     0	76.1	105.4	 940	OK
1234	     0	73.6	101.7	 959	OK
1235	     0	76.7	107.2	 959	OK
1236	     0	76.1	105.2	 964	OK
1237	     0	73.1	102.2	 942	OK
1238	     0	74.2	102.7	 958	OK
1239	     0	76.2	104.4	 962	OK
1240	     0	72.2	102.9	 957	OK
1241	     0	79.3	108.0	 972	OK
1242	     0	78.2	109.5	 984	OK
1243	     0	76.2	105.6	 959	OK
1244	     0	79.4	108.0	 953	OK
1245	     0	77.6	107.8	 934	OK
1246	     0	74.8	103.4	 950	OK
1247	     0	74.8	102.7	 935	OK
1248	     0	75.8	103.7	 926	OK
1249	     0	74.4	102.8	 944	OK
1250	     0	74.5	103.3	 964	OK
1251	     0	76.1	105.9	 945	OK
1252	     0	76.1	107.5	 965	OK
1253	     0	74.4	102.8	 944	OK
1254	     0	73.1	102.2	 938	OK
1255	     0	75.7	103.0	 944	OK
1256	     0	74.7	102.5	 938	OK
1257	     0	76.5	107.0	 957	OK
1258	     0	72.3	100.6	 944	OK
1259	     0	75.3	102.8	 955	OK
1260	     0	74.3	105.6	 951	OK
1261	     0	75.9	104.6	 957	OK
1262	     0	74.2	104.1	 945	OK
1263	     0	74.8	104.5	 946	OK
1264	     0	76.5	103.3	 942	OK
1265	     0	74.2	102.8	 932	OK
1266	     0	77.4	107.0	 947	OK
1267	     0	72.5	102.6	 965	OK
1268	     0	77.1	105.6	 947	OK
1269	     0	74.1	102.7	 943	OK
1270	     0	75.9	103.9	 933	OK
1271	     0	78.0	108.0	 962	OK
1272	     0	78.4	108.5	 957	OK
1273	     0	76.9	105.2	 931	OK
1274	     0	75.1	105.1	 959	OK
1275	     0	77.5	108.2	 963	OK
1276	     0	79.9	109.0	 960	OK
1277	     0	80.2	106.7	 942	OK
1278	     0	75.7	102.5	 977	OK
1279	   200	83.1	110.6	1001	high gain
1280	  4000	84.4	108.4	1018	high noise
1281	   200	85.3	112.8	 976	high gain
1282	     0	78.0	105.5	 968	OK
1283	     0	79.6	107.6	 964	OK
1284	     0	80.2	110.6	 956	OK
1285	     0	82.4	111.1	 969	OK
1286	     0	78.3	109.3	 958	OK
1287	     0	80.4	109.4	 943	OK
1288	     0	78.1	106.8	 977	OK
1289	     0	77.2	106.2	 957	OK
1290	     0	81.3	110.1	 950	OK
1291	     0	81.9	109.5	 950	OK
1292	     0	78.7	107.0	 947	OK
1293	     0	79.2	107.9	 987	OK
1294	     0	78.6	109.9	 955	OK
1295	     0	77.0	107.2	 965	OK
1296	     0	78.9	107.9	 970	OK
1297	     0	78.7	107.7	 963	OK
1298	     0	77.2	105.6	 941	OK
1299	     0	79.4	110.8	 973	OK
1300	     0	78.4	108.6	 967	OK
1301	     0	79.3	107.4	 944	OK
1302	     0	78.0	106.0	 952	OK
1303	     0	77.6	106.2	 955	OK
1304	     0	79.2	109.3	 927	OK
1305	     0	77.4	106.9	 966	OK
1306	     0	75.7	107.5	 939	OK
1307	     0	78.5	106.6	 945	OK
1308	     0	77.1	107.7	 960	OK
1309	     0	79.7	107.5	 952	OK
1310	     0	82.0	113.2	 965	OK
1311	     0	78.6	107.4	 979	OK
1312	     0	75.1	105.8	 974	OK
1313	     0	79.0	109.6	 955	OK
1314	     0	80.7	110.1	 947	OK
1315	     0	77.6	108.8	 968	OK
1316	     0	78.1	107.0	 981	OK
1317	     0	77.4	105.7	 930	OK
1318	     0	77.0	107.8	 946	OK
1319	     0	79.4	110.1	 958	OK
1320	     0	77.1	106.9	 963	OK
1321	     0	82.4	114.4	 955	OK
1322	     0	79.6	109.8	 977	OK
1323	     0	80.4	110.1	 955	OK
1324	     0	77.9	106.4	 942	OK
1325	     0	77.3	105.8	 926	OK
1326	     0	78.3	107.5	 972	OK
1327	     0	77.0	109.2	 937	OK
1328	     0	78.4	109.2	 950	OK
1329	     0	80.2	110.7	 940	OK
1330	     0	79.3	108.1	 970	OK
1331	     0	77.8	104.7	 970	OK
1332	     0	79.9	110.2	 951	OK
1333	     0	79.0	111.5	 971	OK
1334	     0	76.6	105.3	 949	OK
1335	     0	78.7	110.7	 951	OK
1336	     0	78.3	110.0	 981	OK
1337	     0	79.5	109.1	 968	OK
1338	     0	77.8	107.4	 974	OK
1339	     0	78.2	108.4	 968	OK
1340	     0	77.4	106.3	 979	OK
1341	     0	76.0	109.1	 945	OK
1342	     0	78.9	107.8	 954	OK
1343	     0	80.2	109.2	 967	OK
1344	     0	77.3	107.0	 954	OK
1345	     0	78.9	109.3	 988	OK
1346	     0	77.9	106.4	 974	OK
1347	     0	79.2	108.1	 942	OK
1348	     0	77.5	106.9	 967	OK
1349	     0	79.7	108.9	 972	OK
1350	     0	80.6	109.7	 959	OK
1351	     0	77.4	105.4	 969	OK
1352	     0	79.0	108.1	 963	OK
1353	     0	79.8	110.4	 963	OK
1354	     0	80.1	110.4	 984	OK
1355	     0	75.7	103.8	 937	OK
1356	     0	77.0	108.2	 950	OK
1357	     0	77.8	105.8	 970	OK
1358	     0	76.5	104.3	 971	OK
1359	     0	78.2	108.4	 965	OK
1360	     0	78.0	109.1	 972	OK
1361	     0	75.3	102.6	 965	OK
1362	     0	79.6	107.5	 944	OK
1363	     0	78.1	108.7	 944	OK
1364	     0	79.3	108.0	 983	OK
1365	     0	78.9	108.4	 955	OK
1366	     0	77.8	107.2	 964	OK
1367	     0	77.7	108.2	 948	OK
1368	     0	73.5	101.3	 949	OK
1369	     0	80.5	111.4	 943	OK
1370	     0	80.0	106.5	 965	OK
1371	     0	80.6	108.9	 974	OK
1372	     0	77.2	108.8	 957	OK
1373	     0	78.3	108.3	 976	OK
1374	     0	77.3	107.0	 969	OK
1375	     0	76.6	103.8	 946	OK
1376	     0	78.0	105.9	 956	OK
1377	     0	77.3	107.7	 953	OK
1378	     0	78.0	107.1	 957	OK
1379	     0	77.8	107.5	 963	OK
1380	     0	76.4	107.8	 971	OK
1381	     0	79.5	110.1	 956	OK
1382	     0	80.0	113.1	 966	OK
1383	     0	80.1	110.6	 994	OK
1384	     0	78.3	105.4	 954	OK
1385	     0	79.6	110.8	 979	OK
1386	     0	79.9	109.7	 947	OK
1387	     0	75.3	104.9	 959	OK
1388	     0	79.8	111.0	 970	OK
1389	     0	79.2	108.9	 974	OK
1390	     0	77.3	106.3	 933	OK
1391	     0	80.1	108.4	 956	OK
1392	     0	78.7	105.7	 943	OK
1393	     0	77.8	109.1	 962	OK
1394	     0	78.6	107.9	 973	OK
1395	     0	77.6	109.4	 986	OK
1396	     0	78.3	107.1	 967	OK
1397	     0	77.4	106.2	 962	OK
1398	     0	78.8	105.7	 969	OK
1399	     0	77.0	106.8	 974	OK
1400	     0	79.0	109.6	 961	OK
1401	     0	82.3	112.6	 963	OK
1402	     0	80.3	111.1	 969	OK
1403	     0	78.6	109.1	 973	OK
1404	     0	78.3	106.8	 974	OK
1405	     0	77.8	107.8	 947	OK
1406	     0	81.9	112.4	 950	OK
1407	     0	80.0	110.5	 950	OK
1408	     0	76.3	102.8	 942	OK
1409	     0	79.2	108.7	 973	OK
1410	     0	79.2	109.0	 963	OK
1411	     0	77.8	104.7	 924	OK
1412	     0	78.3	105.1	 929	OK
1413	     0	77.3	108.0	 972	OK
1414	     0	76.9	104.8	 953	OK
1415	     0	77.8	109.3	 953	OK
1416	     0	77.4	106.2	 958	OK
1417	     0	78.0	103.8	 958	OK
1418	     0	79.0	109.8	 967	OK
1419	     0	77.3	106.3	 944	OK
1420	     0	77.7	106.3	 960	OK
1421	     0	78.7	108.8	 939	OK
1422	     0	76.0	106.4	 946	OK
1423	     0	77.7	106.8	 981	OK
1424	     0	75.9	106.4	 957	OK
1425	     0	76.6	106.5	 945	OK
1426	     0	77.0	106.9	 943	OK
1427	     0	75.6	105.1	 954	OK
1428	     0	75.3	103.2	 946	OK
1429	     0	76.5	105.5	 955	OK
1430	     0	76.3	105.1	 942	OK
1431	     0	76.7	105.2	 952	OK
1432	     0	75.8	105.4	 967	OK
1433	     0	75.8	105.6	 936	OK
1434	     0	79.2	109.6	 974	OK
1435	     0	76.8	105.0	 949	OK
1436	     0	78.0	105.3	 951	OK
1437	     0	75.9	105.7	 948	OK
1438	     0	75.9	107.0	 953	OK
1439	     0	75.8	106.8	 975	OK
1440	     0	76.3	106.2	 945	OK
1441	     0	79.0	106.6	 952	OK
1442	     0	77.2	106.9	 978	OK
1443	     0	74.9	104.3	 932	OK
1444	     0	76.6	104.2	 941	OK
1445	     0	79.3	108.8	 951	OK
1446	     0	79.3	107.5	 946	OK
1447	     0	77.4	110.0	 962	OK
1448	     0	78.1	108.3	 957	OK
1449	     0	76.1	108.4	 973	OK
1450	     0	75.4	103.8	 944	OK
1451	     0	75.9	106.4	 966	OK
1452	     0	75.8	103.3	 966	OK
1453	     0	75.5	103.9	 927	OK
1454	     0	75.0	102.0	 941	OK
1455	     0	74.4	103.0	 945	OK
1456	     0	75.7	104.6	 968	OK
1457	     0	77.3	106.6	 953	OK
1458	     0	75.8	104.3	 942	OK
1459	     0	77.5	107.9	 957	OK
1460	     0	76.8	106.1	 944	OK
1461	     0	79.5	108.4	 980	OK
1462	     0	76.4	106.8	 936	OK
1463	     0	76.8	105.3	 963	OK
1464	     0	73.8	104.5	 960	OK
1465	     0	75.9	104.3	 961	OK
1466	     0	75.6	103.7	 958	OK
1467	     0	75.8	104.6	 941	OK
1468	     0	79.0	106.7	 945	OK
1469	     0	77.2	106.6	 941	OK
1470	     0	77.4	106.6	 960	OK
1471	     0	78.0	106.0	 942	OK
1472	     0	79.4	108.7	 972	OK
1473	     0	75.0	104.3	 950	OK
1474	     0	77.2	103.4	 924	OK
1475	     0	77.0	106.7	 960	OK
1476	     0	75.4	104.6	 947	OK
1477	     0	77.9	106.7	 958	OK
1478	     0	79.8	108.3	 950	OK
1479	     0	77.8	105.4	 941	OK
1480	     0	79.9	110.5	 967	OK
1481	     0	78.6	106.4	 955	OK
1482	     0	77.8	107.4	 976	OK
1483	     0	76.1	104.9	 944	OK
1484	     0	78.9	107.6	 955	OK
1485	     0	79.2	108.9	 971	OK
1486	     0	77.4	109.0	 948	OK
1487	     0	74.7	106.0	 950	OK
1488	     0	78.8	109.2	 956	OK
1489	     0	78.1	108.5	 964	OK
1490	     0	81.1	109.7	 963	OK
1491	     0	78.9	108.3	 950	OK
1492	     0	78.2	109.1	 968	OK
1493	     0	76.2	104.2	 932	OK
1494	     0	80.5	112.3	 941	OK
1495	     0	78.6	107.7	 955	OK
1496	     0	76.0	105.9	 935	OK
1497	     0	76.3	106.8	 937	OK
1498	     0	78.8	108.5	 956	OK
1499	     0	77.6	106.7	 954	OK
1500	     0	78.5	108.0	 959	OK
1501	     0	78.9	107.9	 957	OK
1502	     0	76.1	104.5	 935	OK
1503	     0	75.0	104.2	 941	OK
1504	     0	78.1	104.6	 947	OK
1505	     0	76.2	106.1	 943	OK
1506	     0	78.6	109.2	 942	OK
1507	     0	82.9	114.4	 952	OK
1508	     0	76.4	104.5	 942	OK
1509	     0	74.2	102.7	 927	OK
1510	     0	77.3	105.9	 938	OK
1511	     0	79.1	108.7	 942	OK
1512	     0	79.4	108.2	 955	OK
1513	     0	80.8	108.1	 949	OK
1514	     0	81.9	108.7	 953	OK
1515	     0	79.8	110.5	 956	OK
1516	     0	80.6	109.1	 951	OK
1517	     0	75.7	103.9	 938	OK
1518	     0	79.4	107.6	 937	OK
1519	     0	78.2	107.3	 947	OK
1520	     0	77.3	107.5	 948	OK
1521	     0	80.1	109.1	 938	OK
1522	     0	76.6	106.4	 954	OK
1523	     0	77.1	105.1	 933	OK
1524	     0	79.6	110.1	 954	OK
1525	     0	79.2	108.3	 941	OK
1526	     0	78.9	107.0	 962	OK
1527	     0	82.2	109.9	 962	OK
1528	     0	77.6	108.0	 944	OK
1529	     0	82.9	109.8	 950	OK
1530	     0	78.8	108.0	 969	OK
1531	     0	79.9	106.8	 929	OK
1532	     0	79.2	107.9	 958	OK
1533	     0	77.6	108.7	 934	OK
1534	     0	77.7	108.8	 930	OK
1535	     0	79.6	106.9	 932	OK
1536	     0	82.2	112.5	 959	OK
1537	     0	80.1	112.1	 933	OK
1538	     0	80.8	110.6	 953	OK
1539	     0	80.4	111.4	 966	OK
1540	     0	80.8	110.7	 929	OK
1541	     0	80.6	112.2	 940	OK
1542	     0	81.7	111.8	 936	OK
1543	     0	78.9	108.9	 953	OK
1544	     0	81.1	112.1	 947	OK
1545	     0	79.4	109.0	 960	OK
1546	     0	78.0	109.9	 917	OK
1547	     0	80.9	110.3	 941	OK
1548	     0	82.4	112.3	 937	OK
1549	     0	80.8	111.5	 945	OK
1550	     0	82.0	111.4	 935	OK
1551	     0	79.6	107.7	 942	OK
1552	     0	79.3	109.9	 952	OK
1553	     0	81.0	110.4	 943	OK
1554	     0	82.0	113.0	 963	OK
1555	     0	80.5	109.1	 956	OK
1556	     0	78.2	109.1	 938	OK
1557	     0	78.7	108.0	 953	OK
1558	     0	82.8	114.1	 929	OK
1559	     0	79.4	107.0	 920	OK
1560	     0	82.1	111.5	 949	OK
1561	     0	77.6	108.5	 950	OK
1562	     0	80.4	109.1	 940	OK
1563	     0	81.0	110.3	 957	OK
1564	     0	78.3	107.9	 965	OK
1565	     0	80.2	111.9	 945	OK
1566	     0	77.8	107.9	 950	OK
1567	     0	80.7	108.0	 939	OK
1568	     0	76.9	107.6	 940	OK
1569	     0	81.0	113.9	 934	OK
1570	     0	77.9	111.5	 951	OK
1571	     0	77.9	110.6	 949	OK
1572	     0	80.2	108.6	 936	OK
1573	     0	79.3	110.1	 933	OK
1574	     0	77.8	109.3	 957	OK
1575	     0	81.8	112.3	 943	OK
1576	     0	77.8	106.7	 949	OK
1577	     0	80.7	110.1	 954	OK
1578	     0	80.7	112.5	 951	OK
1579	     0	79.5	110.0	 962	OK
1580	     0	76.7	105.3	 944	OK
1581	     0	81.6	111.7	 948	OK
1582	     0	79.0	109.1	 937	OK
1583	     0	78.5	110.0	 934	OK
1584	     0	80.1	111.2	 933	OK
1585	     0	79.1	107.0	 956	OK
1586	     0	78.3	111.0	 942	OK
1587	     0	82.1	113.6	 965	OK
1588	     0	78.9	109.0	 944	OK
1589	     0	82.6	110.9	 950	OK
1590	     0	78.5	108.6	 929	OK
1591	     0	81.7	111.3	 960	OK
1592	     0	80.1	109.7	 959	OK
1593	     0	80.7	112.0	 970	OK
1594	     0	79.5	109.1	 961	OK
1595	     0	81.2	113.1	 935	OK
1596	     0	77.3	107.7	 949	OK
1597	     0	79.1	108.5	 950	OK
1598	     0	81.1	109.7	 921	OK
1599	     0	80.2	111.2	 946	OK
1600	     0	80.8	110.4	 932	OK
1601	     0	78.8	109.6	 966	OK
1602	     0	77.8	108.1	 953	OK
1603	     0	80.4	109.2	 952	OK
1604	     0	77.0	107.7	 977	OK
1605	     0	81.7	113.8	 960	OK
1606	     0	76.7	107.0	 946	OK
1607	     0	78.6	109.7	 959	OK
1608	     0	78.2	106.9	 951	OK
1609	     0	77.9	106.0	 954	OK
1610	     0	78.4	108.8	 966	OK
1611	     0	76.0	108.0	 962	OK
1612	     0	78.7	105.4	 937	OK
1613	     0	77.0	107.3	 951	OK
1614	     0	78.8	110.2	 952	OK
1615	     0	79.1	108.0	 940	OK
1616	     0	81.4	111.0	 960	OK
1617	     0	78.1	107.5	 964	OK
1618	     0	80.1	111.4	 940	OK
1619	     0	76.8	108.5	 948	OK
1620	     0	79.3	109.1	 942	OK
1621	     0	77.4	110.2	 966	OK
1622	     0	80.5	110.8	 934	OK
1623	     0	81.7	112.2	 943	OK
1624	     0	80.7	113.4	 963	OK
1625	     0	79.6	111.4	 945	OK
1626	     0	77.9	107.2	 965	OK
1627	     0	80.0	112.0	 955	OK
1628	     0	81.0	111.7	 927	OK
1629	     0	78.0	108.3	 942	OK
1630	     0	77.2	108.0	 946	OK
1631	     0	80.1	109.2	 947	OK
1632	     0	77.0	108.1	 949	OK
1633	     0	79.6	109.6	 955	OK
1634	     0	79.9	110.9	 951	OK
1635	     0	79.5	110.3	 944	OK
1636	     0	78.9	108.9	 986	OK
1637	     0	79.6	109.9	 938	OK
1638	     0	78.0	108.6	 964	OK
1639	     0	75.5	105.0	 935	OK
1640	     0	78.8	109.2	 937	OK
1641	     0	78.8	109.6	 944	OK
1642	     0	78.5	108.3	 964	OK
1643	     0	77.2	105.7	 940	OK
1644	     0	77.7	108.8	 968	OK
1645	     0	75.6	104.1	 960	OK
1646	     0	78.6	109.8	 969	OK
1647	     0	78.2	108.4	 965	OK
1648	     0	77.9	109.9	 957	OK
1649	     0	78.1	107.7	 956	OK
1650	     0	77.5	106.1	 949	OK
1651	     0	79.7	108.2	 948	OK
1652	     0	77.3	108.3	 956	OK
1653	     0	78.5	109.0	 959	OK
1654	     0	77.8	107.7	 957	OK
1655	     0	78.1	108.5	 931	OK
1656	     0	77.4	106.9	 952	OK
1657	     0	79.9	112.7	 958	OK
1658	     0	77.3	109.5	 974	OK
1659	     0	77.4	108.5	 965	OK
1660	     0	81.0	112.4	 931	OK
1661	     0	78.0	109.8	 956	OK
1662	     0	77.5	107.7	 946	OK
1663	     0	80.5	109.6	 974	OK
1664	     0	81.2	110.3	 936	OK
1665	     0	82.8	111.4	 941	OK
1666	     0	81.5	109.0	 915	OK
1667	     0	80.8	111.0	 928	OK
1668	     0	80.3	111.4	 955	OK
1669	     0	79.8	110.6	 943	OK
1670	     0	78.5	110.1	 952	OK
1671	     0	79.6	107.4	 931	OK
1672	     0	76.8	108.3	 936	OK
1673	     0	73.9	103.6	 930	OK
1674	     0	79.2	106.4	 914	OK
1675	     0	78.2	106.2	 930	OK
1676	     0	76.5	106.6	 914	OK
1677	     0	77.3	107.3	 921	OK
1678	     0	78.8	107.6	 950	OK
1679	     0	75.4	107.5	 922	OK
1680	     0	77.2	108.2	 942	OK
1681	     0	78.2	109.2	 952	OK
1682	     0	78.2	106.1	 937	OK
1683	     0	75.3	103.9	 926	OK
1684	     0	77.8	107.9	 934	OK
1685	     0	78.3	105.1	 906	OK
1686	     0	81.0	110.5	 947	OK
1687	     0	77.7	105.5	 926	OK
1688	     0	80.8	108.7	 925	OK
1689	     0	81.4	114.0	 931	OK
1690	     0	77.7	107.2	 927	OK
1691	     0	78.2	110.0	 955	OK
1692	     0	80.1	108.8	 944	OK
1693	     0	79.5	107.5	 926	OK
1694	     0	79.3	107.1	 949	OK
1695	     0	76.9	106.1	 937	OK
1696	     0	78.3	105.7	 951	OK
1697	     0	74.5	103.4	 905	OK
1698	     0	77.8	107.0	 938	OK
1699	     0	78.3	107.3	 920	OK
1700	     0	77.8	106.8	 937	OK
1701	     0	76.9	107.0	 962	OK
1702	     0	77.4	103.8	 931	OK
1703	     0	78.5	108.4	 941	OK
1704	     0	75.9	103.1	 917	OK
1705	     0	78.4	108.1	 918	OK
1706	     0	78.5	107.5	 949	OK
1707	     0	77.7	106.7	 942	OK
1708	     0	76.7	107.7	 948	OK
1709	     0	76.1	105.2	 935	OK
1710	     0	76.4	104.7	 913	OK
1711	     0	78.5	106.8	 935	OK
1712	     0	77.5	107.1	 951	OK
1713	     0	79.2	107.9	 941	OK
1714	     0	78.0	106.0	 929	OK
1715	     0	78.5	106.5	 952	OK
1716	     0	78.9	108.2	 930	OK
1717	     0	79.2	110.5	 959	OK
1718	     0	79.0	106.4	 947	OK
1719	     0	81.5	112.5	 928	OK
1720	     0	79.9	108.1	 945	OK
1721	     0	77.2	106.4	 952	OK
1722	     0	79.1	108.1	 970	OK
1723	     0	78.5	109.0	 931	OK
1724	     0	79.7	109.9	 945	OK
1725	     0	80.3	111.6	 948	OK
1726	     0	78.2	105.0	 918	OK
1727	     0	79.7	108.8	 938	OK
1728	     0	76.3	104.3	 917	OK
1729	     0	79.9	107.8	 943	OK
1730	     0	80.5	109.4	 930	OK
1731	     0	80.1	108.2	 910	OK
1732	     0	77.9	106.7	 971	OK
1733	     0	81.8	111.2	 945	OK
1734	     0	77.9	108.7	 943	OK
1735	     0	79.3	107.6	 912	OK
1736	     0	78.3	108.2	 949	OK
1737	     0	77.7	105.3	 935	OK
1738	     0	77.2	105.4	 953	OK
1739	     0	78.8	108.3	 906	OK
1740	     0	75.9	104.3	 943	OK
1741	     0	79.2	106.6	 926	OK
1742	     0	77.6	106.8	 929	OK
1743	     0	77.3	106.4	 920	OK
1744	     0	79.7	109.2	 950	OK
1745	     0	78.2	107.6	 934	OK
1746	     0	76.8	106.1	 922	OK
1747	     0	76.3	104.3	 918	OK
1748	     0	80.5	109.1	 948	OK
1749	     0	78.3	106.3	 943	OK
1750	     0	78.2	105.8	 891	OK
1751	     0	78.6	106.7	 923	OK
1752	     0	78.1	106.1	 939	OK
1753	     0	80.3	110.6	 930	OK
1754	     0	78.6	108.3	 930	OK
1755	     0	78.6	109.2	 933	OK
1756	     0	79.8	107.9	 928	OK
1757	     0	79.7	108.7	 927	OK
1758	     0	77.4	108.7	 930	OK
1759	     0	80.0	109.4	 941	OK
1760	     0	79.5	108.7	 932	OK
1761	     0	78.9	108.9	 924	OK
1762	     0	78.8	108.3	 920	OK
1763	     0	76.6	106.5	 896	OK
1764	     0	80.5	108.5	 921	OK
1765	     0	81.2	111.7	 927	OK
1766	     0	83.0	111.5	 925	OK
1767	     0	79.3	106.0	 906	OK
1768	     0	79.7	109.0	 927	OK
1769	     0	80.0	109.7	 938	OK
1770	     0	78.5	108.9	 925	OK
1771	     0	77.0	107.5	 935	OK
1772	     0	81.2	109.4	 930	OK
1773	     0	81.6	111.3	 933	OK
1774	     0	78.4	108.6	 925	OK
1775	     0	78.5	107.9	 908	OK
1776	     0	77.3	106.7	 917	OK
1777	     0	79.6	109.9	 919	OK
1778	     0	81.4	112.1	 959	OK
1779	     0	77.1	105.8	 916	OK
1780	     0	78.0	107.9	 928	OK
1781	     0	79.7	108.2	 924	OK
1782	     0	80.4	109.9	 912	OK
1783	     0	77.9	108.6	 929	OK
1784	     0	80.7	111.5	 931	OK
1785	     0	81.9	108.8	 927	OK
1786	     0	80.8	108.8	 922	OK
1787	     0	79.7	108.0	 930	OK
1788	     0	82.4	112.3	 918	OK
1789	     0	82.4	111.7	 911	OK
1790	     0	84.3	114.5	 936	OK
1791	     0	79.8	108.8	 910	OK
1792	     0	80.3	110.7	 946	OK
1793	     0	79.1	110.5	 949	OK
1794	     0	79.3	108.5	 943	OK
1795	     0	82.9	111.2	 931	OK
1796	     0	79.3	111.5	 950	OK
1797	     0	79.9	110.0	 937	OK
1798	     0	78.6	110.4	 954	OK
1799	     0	80.6	108.4	 927	OK
1800	     0	78.8	107.5	 954	OK
1801	     0	79.2	110.5	 944	OK
1802	     0	74.6	106.9	 932	OK
1803	     0	78.4	106.0	 942	OK
1804	     0	79.7	112.1	 939	OK
1805	     0	76.3	105.1	 924	OK
1806	     0	78.9	109.1	 941	OK
1807	     0	76.0	107.2	 961	OK
1808	     0	76.2	108.3	 955	OK
1809	     0	78.0	106.1	 953	OK
1810	     0	79.0	108.0	 937	OK
1811	     0	77.4	105.6	 933	OK
1812	     0	78.7	110.4	 933	OK
1813	     0	78.6	110.4	 950	OK
1814	     0	76.0	104.2	 920	OK
1815	     0	76.7	107.6	 935	OK
1816	     0	80.3	110.9	 947	OK
1817	     0	76.2	105.8	 952	OK
1818	     0	77.3	108.9	 938	OK
1819	     0	78.9	106.9	 935	OK
1820	     0	77.5	107.5	 931	OK
1821	     0	77.4	107.7	 956	OK
1822	     0	78.5	108.4	 945	OK
1823	     0	74.9	106.9	 949	OK
1824	     0	75.3	103.6	 926	OK
1825	     0	75.6	105.8	 935	OK
1826	     0	76.4	105.9	 934	OK
1827	     0	76.8	106.7	 945	OK
1828	     0	78.4	106.8	 958	OK
1829	     0	81.0	111.3	 963	OK
1830	     0	75.3	106.4	 903	OK
1831	     0	77.5	107.9	 950	OK
1832	     0	77.2	107.8	 925	OK
1833	     0	75.8	105.6	 920	OK
1834	     0	77.1	104.7	 937	OK
1835	     0	75.9	107.4	 954	OK
1836	     0	75.2	105.3	 949	OK
1837	     0	74.6	107.6	 943	OK
1838	     0	76.4	106.6	 952	OK
1839	     0	78.0	105.5	 940	OK
1840	     0	77.6	108.2	 947	OK
1841	     0	77.2	110.2	 973	OK
1842	     0	74.9	105.3	 939	OK
1843	     0	77.6	106.4	 955	OK
1844	     0	76.1	106.4	 929	OK
1845	     0	77.3	106.9	 971	OK
1846	     0	75.7	107.8	 953	OK
1847	     0	77.0	106.8	 952	OK
1848	     0	77.0	105.7	 946	OK
1849	     0	74.0	105.6	 953	OK
1850	     0	73.9	104.4	 940	OK
1851	     0	77.7	105.8	 960	OK
1852	     0	76.8	106.6	 968	OK
1853	     0	76.1	104.3	 945	OK
1854	     0	78.5	108.7	 961	OK
1855	     0	78.5	106.8	 940	OK
1856	     0	74.0	104.0	 962	OK
1857	     0	76.4	107.4	 945	OK
1858	     0	77.3	106.0	 951	OK
1859	     0	77.4	109.9	 965	OK
1860	     0	75.7	103.8	 943	OK
1861	     0	78.5	108.7	 954	OK
1862	     0	76.2	107.6	 962	OK
1863	     0	72.5	104.8	 935	OK
1864	     0	77.5	107.6	 964	OK
1865	     0	75.8	104.5	 916	OK
1866	     0	76.4	106.6	 979	OK
1867	     0	77.1	107.6	 960	OK
1868	     0	73.0	104.5	 929	OK
1869	     0	76.3	108.3	 949	OK
1870	     0	79.3	108.5	 963	OK
1871	     0	74.5	103.4	 923	OK
1872	     0	77.2	107.4	 941	OK
1873	     0	75.1	105.6	 960	OK
1874	     0	76.3	106.7	 944	OK
1875	     0	77.2	108.1	 943	OK
1876	     0	77.6	107.9	 965	OK
1877	     0	78.4	107.5	 960	OK
1878	     0	78.5	106.9	 937	OK
1879	     0	81.4	109.5	 957	OK
1880	     0	76.3	105.6	 945	OK
1881	     0	80.8	108.1	 952	OK
1882	     0	78.7	108.3	 955	OK
1883	     0	78.2	109.2	 941	OK
1884	     0	77.9	106.9	 952	OK
1885	     0	75.9	104.2	 936	OK
1886	     0	75.3	106.0	 971	OK
1887	     0	77.3	110.7	 986	OK
1888	     0	75.8	103.1	 928	OK
1889	     0	76.1	104.3	 940	OK
1890	     0	76.4	105.7	 951	OK
1891	     0	79.6	108.2	 966	OK
1892	     0	76.2	106.8	 943	OK
1893	     0	78.7	108.0	 957	OK
1894	     0	78.1	108.2	 968	OK
1895	     0	76.6	105.1	 943	OK
1896	     0	80.5	111.9	 964	OK
1897	     0	75.1	105.5	 942	OK
1898	     0	79.6	107.9	 949	OK
1899	     0	77.8	106.6	 942	OK
1900	     0	77.1	107.7	 967	OK
1901	     0	76.4	105.4	 959	OK
1902	     0	77.7	106.9	 974	OK
1903	     0	78.8	108.6	 972	OK
1904	     0	75.8	105.5	 951	OK
1905	     0	76.5	106.6	 944	OK
1906	     0	79.9	110.2	 947	OK
1907	     0	77.8	108.0	 947	OK
1908	     0	75.7	105.3	 974	OK
1909	     0	76.9	108.1	 953	OK
1910	     0	77.1	106.6	 967	OK
1911	     0	78.2	109.9	 978	OK
1912	     0	79.7	108.1	 941	OK
1913	     0	77.9	105.7	 943	OK
1914	     0	79.3	108.7	 963	OK
1915	     0	80.5	110.3	 969	OK
1916	     0	77.0	107.4	 966	OK
1917	     0	76.6	106.0	 939	OK
1918	     0	77.6	108.0	 953	OK
1919	     0	77.9	108.9	 948	OK
1920	     0	77.2	104.8	 928	OK
1921	     0	76.0	106.1	 929	OK
1922	     0	78.9	107.5	 935	OK
1923	     0	77.7	107.6	 914	OK
1924	     0	76.3	106.8	 934	OK
1925	     0	75.9	103.4	 900	OK
1926	     0	77.4	108.7	 932	OK
1927	     0	74.6	105.9	 922	OK
1928	     0	77.1	104.6	 915	OK
1929	     0	77.0	105.2	 917	OK
1930	     0	75.3	106.5	 936	OK
1931	     0	78.9	106.9	 930	OK
1932	     0	74.0	104.4	 930	OK
1933	     0	75.3	104.7	 919	OK
1934	     0	74.0	105.0	 904	OK
1935	     0	77.5	106.6	 925	OK
1936	     0	76.3	108.0	 951	OK
1937	     0	76.4	106.9	 935	OK
1938	     0	77.1	107.2	 946	OK
1939	     0	77.0	109.1	 942	OK
1940	     0	77.0	107.9	 944	OK
1941	     0	74.9	107.3	 950	OK
1942	     0	75.1	104.1	 928	OK
1943	     0	75.3	104.5	 935	OK
1944	     0	78.3	106.7	 919	OK
1945	     0	75.2	106.3	 933	OK
1946	     0	79.3	109.1	 915	OK
1947	     0	74.6	103.9	 919	OK
1948	     0	78.4	110.9	 935	OK
1949	     0	79.7	108.5	 932	OK
1950	     0	79.4	107.3	 927	OK
1951	     0	75.6	105.3	 902	OK
1952	     0	78.0	109.9	 940	OK
1953	     0	77.1	106.7	 916	OK
1954	     0	78.5	110.0	 957	OK
1955	     0	79.6	107.6	 939	OK
1956	     0	74.1	104.0	 916	OK
1957	     0	75.3	106.3	 918	OK
1958	     0	77.6	107.6	 933	OK
1959	     0	76.2	105.6	 942	OK
1960	     0	75.5	105.6	 932	OK
1961	     0	75.7	104.2	 931	OK
1962	     0	77.8	108.6	 945	OK
1963	     0	75.7	105.1	 933	OK
1964	     0	76.5	108.4	 943	OK
1965	     0	75.0	106.0	 937	OK
1966	     0	73.5	103.9	 905	OK
1967	     0	79.9	109.7	 942	OK
1968	     0	76.0	104.1	 937	OK
1969	     0	75.9	105.8	 934	OK
1970	     0	77.4	108.1	 956	OK
1971	     0	76.4	107.4	 949	OK
1972	     0	73.9	103.2	 891	OK
1973	     0	75.0	103.6	 927	OK
1974	     0	76.1	105.6	 938	OK
1975	     0	76.1	106.7	 943	OK
1976	     0	77.6	106.3	 932	OK
1977	     0	81.3	110.2	 950	OK
1978	     0	76.6	108.1	 947	OK
1979	     0	77.2	105.3	 945	OK
1980	     0	77.1	107.6	 937	OK
1981	     0	75.9	106.1	 950	OK
1982	     0	77.3	108.0	 956	OK
1983	     0	82.3	112.4	 942	OK
1984	     0	74.4	103.7	 932	OK
1985	     0	76.9	105.6	 912	OK
1986	     0	76.0	104.7	 937	OK
1987	     0	79.6	109.4	 949	OK
1988	     0	78.1	110.9	 938	OK
1989	     0	80.4	110.4	 937	OK
1990	     0	76.8	108.9	 942	OK
1991	     0	79.1	110.9	 937	OK
1992	     0	79.1	109.5	 945	OK
1993	     0	76.7	108.1	 936	OK
1994	  4000	77.5	107.7	 983	high noise
1995	     0	75.8	106.1	 930	OK
1996	     0	77.0	105.2	 914	OK
1997	     0	78.3	106.0	 932	OK
1998	     0	74.4	103.4	 923	OK
1999	     0	80.4	110.9	 939	OK
2000	     0	76.6	105.8	 920	OK
2001	     0	75.9	105.2	 928	OK
2002	     0	75.1	107.1	 937	OK
2003	     0	75.6	103.4	 925	OK
2004	     0	79.4	110.1	 944	OK
2005	     0	77.0	105.1	 914	OK
2006	     0	77.6	107.0	 949	OK
2007	     0	73.8	104.3	 912	OK
2008	     0	78.0	107.3	 939	OK
2009	     0	77.1	106.8	 941	OK
2010	     0	76.6	104.9	 928	OK
2011	     0	77.5	108.4	 926	OK
2012	     0	75.0	103.8	 930	OK
2013	     0	78.0	105.7	 936	OK
2014	     0	76.8	105.4	 923	OK
2015	     0	78.4	106.9	 917	OK
2016	     0	76.6	106.8	 948	OK
2017	     0	76.8	106.3	 940	OK
2018	     0	77.0	104.1	 930	OK
2019	     0	79.3	107.8	 922	OK
2020	     0	77.9	107.9	 921	OK
2021	     0	76.5	106.2	 913	OK
2022	     0	77.4	104.7	 920	OK
2023	     0	76.4	107.4	 937	OK
2024	     0	80.7	107.9	 933	OK
2025	     0	79.2	111.6	 950	OK
2026	     0	79.0	107.1	 933	OK
2027	     0	77.2	105.3	 927	OK
2028	     0	79.5	110.6	 941	OK
2029	     0	76.1	104.4	 923	OK
2030	     0	76.7	108.7	 927	OK
2031	     0	77.5	106.3	 944	OK
2032	     0	77.7	107.0	 932	OK
2033	     0	77.3	106.8	 932	OK
2034	     0	78.0	105.9	 934	OK
2035	     0	75.4	106.5	 923	OK
2036	     0	79.5	107.7	 924	OK
2037	     0	79.4	108.5	 936	OK
2038	     0	76.0	107.0	 929	OK
2039	     0	77.3	108.0	 921	OK
2040	     0	76.6	107.9	 927	OK
2041	     0	77.4	107.8	 930	OK
2042	     0	77.0	106.6	 945	OK
2043	     0	80.6	108.1	 925	OK
2044	     0	75.7	105.9	 930	OK
2045	     0	78.9	108.3	 902	OK
2046	     0	79.9	110.1	 945	OK
2047	     0	83.1	111.4	 931	OK
2048	     0	78.4	108.5	 947	OK
2049	     0	76.0	106.9	 952	OK
2050	     0	76.5	106.2	 931	OK
2051	     0	76.3	104.8	 973	OK
2052	     0	74.6	105.1	 943	OK
2053	     0	76.1	105.2	 936	OK
2054	     0	76.8	108.0	 977	OK
2055	     0	77.1	105.6	 950	OK
2056	     0	76.0	104.6	 967	OK
2057	     0	74.3	103.9	 927	OK
2058	     0	75.5	104.9	 942	OK
2059	     0	76.7	107.3	 946	OK
2060	     0	74.5	103.7	 949	OK
2061	     0	75.1	103.2	 961	OK
2062	     0	75.0	104.2	 930	OK
2063	     0	73.1	104.9	 957	OK
2064	     0	77.5	108.6	 961	OK
2065	     0	76.4	106.6	 924	OK
2066	     0	73.8	102.0	 939	OK
2067	     0	77.1	104.6	 935	OK
2068	     0	76.2	104.4	 961	OK
2069	     0	73.0	104.0	 940	OK
2070	     0	75.6	105.3	 941	OK
2071	     0	74.1	104.4	 936	OK
2072	     0	77.2	107.5	 956	OK
2073	     0	75.2	107.0	 963	OK
2074	     0	75.4	104.5	 962	OK
2075	     0	74.6	104.8	 925	OK
2076	     0	75.8	107.0	 966	OK
2077	     0	74.9	104.1	 919	OK
2078	     0	73.7	102.1	 942	OK
2079	     0	77.3	105.4	 973	OK
2080	     0	74.8	107.1	 967	OK
2081	     0	74.7	104.5	 969	OK
2082	     0	76.8	106.2	 983	OK
2083	     0	74.8	102.2	 940	OK
2084	     0	76.0	104.2	 933	OK
2085	     0	80.7	111.6	 965	OK
2086	     0	72.6	101.2	 942	OK
2087	     0	75.8	108.1	 950	OK
2088	     0	75.0	105.2	 961	OK
2089	     0	75.8	107.5	 959	OK
2090	     0	75.2	105.1	 956	OK
2091	     0	73.9	100.3	 942	OK
2092	     0	75.2	104.5	 965	OK
2093	     0	73.9	103.2	 932	OK
2094	     0	73.4	101.7	 970	OK
2095	     0	76.0	105.6	 933	OK
2096	     0	74.2	106.3	 959	OK
2097	     0	74.9	104.5	 955	OK
2098	     0	72.5	103.0	 955	OK
2099	     0	72.7	100.7	 936	OK
2100	     0	74.2	104.9	 968	OK
2101	     0	75.0	104.7	 951	OK
2102	     0	74.4	105.4	 959	OK
2103	     0	76.8	105.8	 955	OK
2104	     0	74.9	104.4	 936	OK
2105	     0	78.0	107.5	 966	OK
2106	     0	78.0	109.5	 949	OK
2107	     0	73.3	103.2	 958	OK
2108	     0	77.9	108.5	 972	OK
2109	     0	76.4	104.9	 943	OK
2110	     0	74.4	105.4	 959	OK
2111	     0	76.8	105.4	 976	OK
2112	     0	76.9	107.6	 965	OK
2113	     0	77.3	108.5	 976	OK
2114	     0	78.1	107.5	 973	OK
2115	     0	75.1	104.7	 941	OK
2116	     0	75.1	105.9	 943	OK
2117	     0	75.5	106.8	 966	OK
2118	     0	74.4	102.3	 978	OK
2119	     0	76.7	108.4	 962	OK
2120	     0	71.5	101.7	 961	OK
2121	     0	77.8	106.6	 967	OK
2122	     0	76.0	104.7	 958	OK
2123	     0	76.3	105.4	 978	OK
2124	     0	77.4	105.8	 970	OK
2125	     0	74.3	104.2	 963	OK
2126	     0	75.8	105.4	 975	OK
2127	     0	73.3	102.5	 948	OK
2128	     0	74.8	104.4	 969	OK
2129	     0	73.4	104.3	 954	OK
2130	     0	76.4	106.6	 988	OK
2131	     0	73.9	104.5	 952	OK
2132	     0	77.2	105.6	 965	OK
2133	     0	78.4	108.7	 979	OK
2134	     0	77.0	106.7	 964	OK
2135	     0	74.7	103.9	 935	OK
2136	     0	73.2	102.4	 966	OK
2137	     0	75.6	103.8	 952	OK
2138	     0	74.5	103.5	 959	OK
2139	     0	74.8	105.9	 966	OK
2140	     0	75.9	103.2	 952	OK
2141	     0	76.0	107.4	 964	OK
2142	     0	72.3	103.2	 959	OK
2143	     0	76.6	106.0	 950	OK
2144	     0	73.2	101.3	 933	OK
2145	     0	75.0	105.9	 937	OK
2146	     0	76.3	105.5	 961	OK
2147	     0	73.3	102.2	 918	OK
2148	     0	74.4	105.3	 951	OK
2149	     0	73.3	104.3	 950	OK
2150	     0	74.2	101.8	 959	OK
2151	     0	77.2	108.1	 948	OK
2152	     0	72.8	101.7	 964	OK
2153	     0	74.4	103.6	 938	OK
2154	     0	75.6	103.8	 967	OK
2155	     0	77.2	107.7	 952	OK
2156	     0	76.6	104.7	 966	OK
2157	     0	75.4	103.8	 951	OK
2158	     0	75.2	104.1	 942	OK
2159	     0	75.6	103.5	 956	OK
2160	     0	76.5	105.9	 966	OK
2161	     0	74.4	104.2	 947	OK
2162	     0	74.9	106.4	 937	OK
2163	     0	73.7	104.0	 955	OK
2164	     0	77.5	106.9	 970	OK
2165	     0	73.3	102.5	 930	OK
2166	     0	75.6	106.7	 957	OK
2167	     0	74.7	104.2	 949	OK
2168	     0	73.3	101.8	 970	OK
2169	     0	75.8	106.9	 965	OK
2170	     0	76.1	106.1	 967	OK
2171	     0	77.2	105.5	 949	OK
2172	     0	74.5	104.6	 942	OK
2173	     0	74.3	103.2	 956	OK
2174	     0	77.8	108.5	 958	OK
2175	     0	74.1	100.6	 959	OK
2176	     0	76.9	104.3	 950	OK
2177	     0	73.4	105.0	 962	OK
2178	     0	74.4	101.4	 931	OK
2179	     0	75.7	104.1	 952	OK
2180	     0	75.5	104.4	 967	OK
2181	     0	76.4	106.9	 954	OK
2182	     0	74.5	105.9	 941	OK
2183	     0	76.8	106.0	 971	OK
2184	     0	74.0	103.4	 958	OK
2185	     0	72.8	103.9	 955	OK
2186	     0	74.2	102.9	 965	OK
2187	     0	73.3	106.3	 984	OK
2188	     0	77.1	108.1	 975	OK
2189	     0	77.4	104.8	 970	OK
2190	     0	75.2	106.5	 956	OK
2191	     0	77.1	107.0	 956	OK
2192	     0	75.8	106.8	 979	OK
2193	     0	73.2	102.5	 922	OK
2194	     0	75.3	104.7	 954	OK
2195	     0	76.0	106.5	 974	OK
2196	     0	73.8	101.7	 950	OK
2197	     0	76.8	106.2	 957	OK
2198	     0	74.9	103.4	 929	OK
2199	     0	73.1	103.9	 963	OK
2200	     0	74.0	104.4	 942	OK
2201	     0	76.1	104.9	 966	OK
2202	     0	73.9	105.1	 964	OK
2203	     0	75.0	104.7	 948	OK
2204	     0	74.5	104.3	 948	OK
2205	     0	72.7	102.8	 953	OK
2206	     0	74.3	104.5	 967	OK
2207	     0	75.3	104.5	 948	OK
2208	     0	75.9	103.8	 944	OK
2209	     0	72.4	101.7	 965	OK
2210	     0	72.7	102.1	 939	OK
2211	     0	74.9	106.7	 976	OK
2212	     0	74.2	103.3	 966	OK
2213	     0	73.0	102.4	 946	OK
2214	     0	73.5	103.2	 949	OK
2215	     0	74.6	104.7	 957	OK
2216	     0	77.6	110.4	 972	OK
2217	     0	75.3	106.4	 960	OK
2218	     0	76.3	105.5	 962	OK
2219	     0	78.9	110.8	 965	OK
2220	     0	76.5	106.9	 961	OK
2221	     0	76.4	103.3	 952	OK
2222	     0	74.7	104.4	 958	OK
2223	     0	71.5	102.0	 934	OK
2224	     0	74.5	105.7	 982	OK
2225	     0	75.4	103.7	 952	OK
2226	     0	73.8	102.2	 957	OK
2227	     0	74.7	104.5	 952	OK
2228	     0	75.5	106.6	 958	OK
2229	     0	73.6	103.8	 949	OK
2230	     0	76.2	106.4	 975	OK
2231	     0	75.4	104.1	 953	OK
2232	     0	74.9	104.9	 953	OK
2233	     0	75.8	107.3	 981	OK
2234	     0	79.2	109.1	 975	OK
2235	     0	76.4	103.5	 952	OK
2236	     0	74.1	103.8	 964	OK
2237	     0	76.1	104.9	 952	OK
2238	     0	80.3	110.4	 964	OK
2239	     0	78.8	108.8	 967	OK
2240	     0	78.1	108.5	 973	OK
2241	     0	76.6	105.6	 964	OK
2242	     0	76.2	107.0	 988	OK
2243	     0	78.5	107.9	 974	OK
2244	     0	75.3	105.9	 971	OK
2245	     0	76.1	105.0	 941	OK
2246	     0	77.9	109.8	 967	OK
2247	     0	78.2	108.4	 950	OK
2248	     0	75.1	104.8	 974	OK
2249	     0	75.8	107.0	 968	OK
2250	     0	76.7	108.6	 967	OK
2251	     0	77.3	106.6	 945	OK
2252	     0	77.8	105.7	 930	OK
2253	     0	75.5	105.4	 969	OK
2254	     0	73.0	102.9	 969	OK
2255	     0	74.2	104.1	 956	OK
2256	     0	76.3	105.3	 964	OK
2257	     0	73.7	104.6	 963	OK
2258	     0	76.1	103.8	 947	OK
2259	     0	77.7	108.1	 951	OK
2260	     0	75.5	104.1	 953	OK
2261	     0	76.0	107.3	 976	OK
2262	     0	75.0	103.7	 936	OK
2263	     0	76.6	104.8	 973	OK
2264	     0	75.7	107.3	 978	OK
2265	     0	76.4	106.8	 932	OK
2266	     0	77.1	107.1	 968	OK
2267	     0	78.2	108.6	 960	OK
2268	     0	76.7	106.3	 941	OK
2269	     0	75.0	102.9	 931	OK
2270	     0	77.3	109.0	 960	OK
2271	     0	75.8	107.8	 971	OK
2272	     0	78.9	109.7	 983	OK
2273	     0	75.2	105.9	 958	OK
2274	     0	79.5	107.3	 942	OK
2275	     0	73.9	103.7	 944	OK
2276	     0	75.6	105.9	 941	OK
2277	     0	74.5	102.3	 925	OK
2278	     0	78.7	108.5	 948	OK
2279	     0	76.7	105.8	 952	OK
2280	     0	73.8	104.2	 932	OK
2281	     0	76.8	106.7	 952	OK
2282	     0	76.5	104.9	 954	OK
2283	     0	74.9	106.4	 931	OK
2284	     0	77.3	107.4	 955	OK
2285	     0	76.6	106.2	 927	OK
2286	     0	77.3	106.2	 967	OK
2287	     0	78.5	108.9	 953	OK
2288	     0	77.7	105.9	 945	OK
2289	     0	74.7	104.9	 945	OK
2290	     0	76.9	105.6	 950	OK
2291	     0	76.4	105.4	 972	OK
2292	     0	74.4	105.6	 935	OK
2293	     0	75.2	103.7	 963	OK
2294	     0	77.7	107.3	 951	OK
2295	     0	79.1	107.9	 941	OK
2296	     0	75.7	107.5	 953	OK
2297	     0	76.9	105.1	 921	OK
2298	     0	79.0	108.3	 953	OK
2299	     0	77.5	106.8	 941	OK
2300	     0	78.0	107.9	 944	OK
2301	     0	79.3	111.5	 964	OK
2302	     0	77.4	107.6	 946	OK
2303	     0	81.2	109.6	 943	OK
2304	     0	80.0	109.7	 946	OK
2305	     0	78.9	111.4	 949	OK
2306	     0	78.7	113.4	 965	OK
2307	     0	82.0	110.7	 955	OK
2308	   200	83.9	114.0	 956	high gain
2309	     0	79.9	110.6	 967	OK
2310	     0	76.7	109.0	 978	OK
2311	     0	78.8	108.8	 959	OK
2312	     0	80.5	112.9	 952	OK
2313	     0	78.1	109.0	 953	OK
2314	     0	77.8	109.9	 954	OK
2315	     0	78.1	108.1	 940	OK
2316	     0	77.5	107.3	 945	OK
2317	     0	76.1	107.2	 940	OK
2318	     0	80.9	110.9	 962	OK
2319	     0	78.3	107.8	 967	OK
2320	     0	78.2	109.3	 950	OK
2321	     0	77.5	110.6	 959	OK
2322	     0	80.0	111.1	 941	OK
2323	     0	77.1	107.2	 958	OK
2324	     0	77.8	108.4	 961	OK
2325	     0	77.1	107.2	 964	OK
2326	     0	77.0	106.2	 962	OK
2327	     0	78.3	111.6	 961	OK
2328	     0	81.1	111.1	 954	OK
2329	     0	76.3	108.7	 965	OK
2330	     0	80.2	109.2	 949	OK
2331	     0	77.4	108.1	 964	OK
2332	     0	77.6	109.4	 969	OK
2333	     0	76.6	108.9	 959	OK
2334	     0	77.4	106.8	 950	OK
2335	     0	75.9	107.0	 950	OK
2336	     0	75.3	108.3	 974	OK
2337	     0	80.0	111.9	 936	OK
2338	     0	75.5	106.6	 962	OK
2339	     0	76.4	106.1	 959	OK
2340	     0	76.9	107.0	 983	OK
2341	     0	74.3	103.4	 945	OK
2342	     0	75.5	106.8	 964	OK
2343	     0	76.4	108.6	 946	OK
2344	     0	76.3	106.1	 966	OK
2345	     0	76.7	105.6	 924	OK
2346	     0	75.3	106.1	 934	OK
2347	     0	77.9	110.5	 945	OK
2348	     0	76.9	107.0	 950	OK
2349	     0	75.9	107.4	 961	OK
2350	     0	77.2	106.9	 957	OK
2351	     0	76.3	106.1	 963	OK
2352	     0	75.2	104.6	 926	OK
2353	     0	77.6	108.3	 970	OK
2354	     0	77.3	107.7	 953	OK
2355	     0	74.5	104.8	 949	OK
2356	     0	78.3	106.1	 961	OK
2357	     0	76.6	107.0	 980	OK
2358	     0	77.5	108.3	 945	OK
2359	     0	75.4	105.3	 970	OK
2360	     0	78.6	109.8	 963	OK
2361	     0	76.8	106.6	 957	OK
2362	     0	76.2	105.6	 949	OK
2363	     0	78.0	109.2	 960	OK
2364	     0	77.8	109.9	 952	OK
2365	     0	76.5	107.4	 956	OK
2366	     0	73.5	104.1	 956	OK
2367	     0	76.6	105.9	 958	OK
2368	     0	78.3	109.7	 937	OK
2369	     0	73.5	103.8	 953	OK
2370	     0	74.8	107.7	 976	OK
2371	     0	73.6	105.0	 942	OK
2372	     0	78.2	110.6	 936	OK
2373	     0	78.8	107.4	 985	OK
2374	     0	73.5	103.8	 955	OK
2375	     0	76.7	106.0	 949	OK
2376	     0	75.8	103.6	 961	OK
2377	     0	75.2	105.4	 934	OK
2378	     0	79.1	107.6	 963	OK
2379	     0	76.3	105.6	 948	OK
2380	     0	77.1	108.2	 952	OK
2381	     0	74.5	105.4	 929	OK
2382	     0	76.6	104.8	 970	OK
2383	     0	74.4	103.5	 957	OK
2384	     0	78.1	107.0	 949	OK
2385	     0	76.9	106.3	 951	OK
2386	     0	76.6	108.2	 958	OK
2387	     0	77.3	108.0	 943	OK
2388	     0	73.9	105.2	 957	OK
2389	     0	74.2	103.3	 965	OK
2390	     0	78.1	109.2	 953	OK
2391	     0	74.1	101.7	 945	OK
2392	     0	75.4	107.2	 946	OK
2393	     0	75.1	106.3	 948	OK
2394	     0	74.4	106.0	 950	OK
2395	     0	73.1	105.8	 944	OK
2396	     0	74.2	105.1	 950	OK
2397	     0	71.7	101.4	 949	OK
2398	     0	74.7	102.0	 945	OK
2399	     0	74.2	106.5	 939	OK
2400	     0	76.8	107.7	 944	OK
2401	     0	77.4	108.4	 960	OK
2402	     0	75.6	104.1	 944	OK
2403	     0	73.7	103.5	 974	OK
2404	     0	77.2	106.4	 960	OK
2405	     0	74.7	103.4	 949	OK
2406	     0	75.6	103.7	 955	OK
2407	     0	74.8	104.4	 948	OK
2408	     0	75.8	105.3	 956	OK
2409	     0	77.9	106.1	 948	OK
2410	     0	76.5	108.7	 976	OK
2411	     0	71.5	101.3	 937	OK
2412	     0	79.1	105.5	 944	OK
2413	     0	77.3	108.6	 970	OK
2414	     0	75.6	103.7	 938	OK
2415	     0	77.2	108.8	 932	OK
2416	     0	74.9	105.7	 945	OK
2417	     0	75.1	104.4	 950	OK
2418	     0	77.8	107.2	 938	OK
2419	     0	73.5	104.3	 910	OK
2420	     0	76.0	104.9	 964	OK
2421	     0	75.8	105.6	 933	OK
2422	     0	76.2	107.6	 976	OK
2423	     0	76.0	106.5	 967	OK
2424	     0	78.6	110.6	 969	OK
2425	     0	75.4	105.3	 953	OK
2426	     0	76.3	106.1	 947	OK
2427	     0	76.8	108.5	 964	OK
2428	     0	75.7	106.5	 949	OK
2429	     0	77.3	109.3	 970	OK
2430	     0	79.4	109.5	 956	OK
2431	     0	77.5	108.1	 954	OK
2432	     0	74.5	106.6	 944	OK
2433	     0	74.6	104.8	 937	OK
2434	     0	75.1	107.6	 932	OK
2435	     0	74.3	104.5	 945	OK
2436	     0	72.5	103.4	 932	OK
2437	     0	76.6	104.7	 950	OK
2438	     0	78.6	108.7	 958	OK
2439	     0	76.2	106.8	 959	OK
2440	     0	73.8	103.3	 944	OK
2441	     0	77.1	105.6	 930	OK
2442	     0	75.0	104.6	 959	OK
2443	     0	76.8	106.0	 932	OK
2444	     0	74.4	104.7	 963	OK
2445	     0	75.0	105.4	 942	OK
2446	     0	73.2	104.0	 959	OK
2447	     0	73.2	102.8	 949	OK
2448	     0	78.3	107.7	 948	OK
2449	     0	73.4	105.3	 943	OK
2450	     0	77.6	109.4	 947	OK
2451	     0	75.5	106.7	 939	OK
2452	     0	73.4	103.9	 945	OK
2453	     0	76.2	105.1	 934	OK
2454	     0	73.1	101.8	 933	OK
2455	     0	73.3	103.0	 950	OK
2456	     0	76.2	104.6	 947	OK
2457	     0	73.9	104.5	 926	OK
2458	     0	74.3	107.2	 951	OK
2459	     0	73.1	105.8	 956	OK
2460	     0	75.9	102.5	 927	OK
2461	     0	76.0	105.3	 949	OK
2462	     0	76.9	107.5	 951	OK
2463	     0	76.3	108.4	 947	OK
2464	     0	72.8	104.5	 933	OK
2465	     0	75.1	105.4	 970	OK
2466	     0	73.7	102.7	 942	OK
2467	     0	74.7	110.3	 966	OK
2468	     0	73.6	102.3	 956	OK
2469	     0	74.2	103.2	 927	OK
2470	     0	76.0	104.0	 961	OK
2471	     0	76.5	106.0	 945	OK
2472	     0	75.1	103.8	 958	OK
2473	     0	75.4	106.0	 950	OK
2474	     0	75.6	108.3	 934	OK
2475	     0	74.5	105.1	 988	OK
2476	     0	76.1	107.1	 928	OK
2477	     0	75.3	108.7	 986	OK
2478	     0	74.5	106.2	 953	OK
2479	     0	75.6	106.9	 958	OK
2480	     0	73.0	103.9	 930	OK
2481	     0	75.1	102.6	 965	OK
2482	     0	78.6	109.4	 952	OK
2483	     0	76.7	107.7	 968	OK
2484	     0	74.5	105.5	 969	OK
2485	     0	74.1	102.9	 958	OK
2486	     0	76.4	107.9	 936	OK
2487	     0	76.7	108.1	 930	OK
2488	     0	75.8	104.8	 967	OK
2489	     0	75.7	103.7	 929	OK
2490	     0	76.0	105.0	 943	OK
2491	     0	75.3	107.0	 970	OK
2492	     0	76.6	105.4	 958	OK
2493	     0	78.1	108.0	 952	OK
2494	     0	77.7	106.8	 931	OK
2495	     0	75.0	106.7	 955	OK
2496	     0	74.4	104.3	 945	OK
2497	     0	75.1	106.4	 939	OK
2498	     0	74.5	104.8	 946	OK
2499	     0	75.8	105.1	 938	OK
2500	     0	75.8	105.6	 923	OK
2501	     0	75.2	104.9	 928	OK
2502	     0	75.1	104.1	 953	OK
2503	     0	76.3	107.2	 953	OK
2504	     0	75.6	106.3	 920	OK
2505	     0	75.5	107.3	 944	OK
2506	     0	73.2	103.8	 951	OK
2507	     0	77.8	107.6	 943	OK
2508	     0	75.5	104.8	 925	OK
2509	     0	72.8	102.6	 924	OK
2510	     0	73.4	103.6	 931	OK
2511	     0	72.9	104.9	 929	OK
2512	     0	74.6	105.5	 948	OK
2513	     0	73.8	103.9	 943	OK
2514	     0	75.0	105.4	 929	OK
2515	     0	75.0	105.0	 935	OK
2516	     0	75.4	106.1	 935	OK
2517	     0	74.3	103.3	 927	OK
2518	     0	76.0	107.2	 946	OK
2519	     0	76.4	107.6	 951	OK
2520	     0	79.5	112.3	 938	OK
2521	     0	74.9	104.7	 931	OK
2522	     0	75.2	103.7	 927	OK
2523	     0	71.5	102.4	 937	OK
2524	     0	75.1	106.0	 937	OK
2525	     0	74.8	103.2	 938	OK
2526	     0	75.4	104.8	 929	OK
2527	     0	74.6	104.4	 919	OK
2528	     0	77.6	106.5	 944	OK
2529	     0	75.9	105.8	 934	OK
2530	     0	75.8	104.0	 919	OK
2531	     0	77.0	108.5	 950	OK
2532	     0	73.7	102.3	 940	OK
2533	     0	75.7	105.1	 916	OK
2534	     0	76.7	109.0	 941	OK
2535	     0	78.3	107.8	 942	OK
2536	     0	75.3	104.6	 943	OK
2537	     0	73.0	104.4	 940	OK
2538	     0	74.9	105.3	 926	OK
2539	     0	72.7	100.9	 917	OK
2540	     0	76.7	107.3	 921	OK
2541	     0	75.3	105.0	 942	OK
2542	     0	74.5	103.5	 917	OK
2543	     0	75.2	106.2	 967	OK
2544	     0	73.0	102.2	 922	OK
2545	     0	74.9	103.6	 903	OK
2546	     0	74.4	104.6	 928	OK
2547	     0	75.1	104.7	 927	OK
2548	     0	78.6	109.5	 962	OK
2549	     0	76.7	106.5	 932	OK
2550	     0	76.0	105.9	 920	OK
2551	     0	76.5	104.9	 925	OK
2552	     0	75.7	106.2	 928	OK
2553	     0	75.6	105.2	 931	OK
2554	     0	74.6	102.7	 932	OK
2555	     0	77.2	106.8	 924	OK
2556	     0	74.9	104.7	 940	OK
2557	     0	78.6	108.4	 947	OK
2558	   200	81.0	110.5	 946	high gain
2559	  4200	82.3	109.5	1001	high gain
