#chan	code	gain	vt50	innse	comment
   0	     0	78.5	142.3	1345	OK
   1	     0	77.2	141.2	1338	OK
   2	     0	75.9	137.5	1335	OK
   3	     0	75.6	137.5	1392	OK
   4	     0	76.6	140.5	1369	OK
   5	     0	76.6	139.0	1357	OK
   6	     0	74.0	136.8	1367	OK
   7	     0	75.6	140.7	1331	OK
   8	     0	76.3	140.1	1351	OK
   9	     0	78.0	141.9	1376	OK
  10	     0	74.1	135.4	1353	OK
  11	     0	75.5	139.8	1381	OK
  12	     0	74.8	134.7	1371	OK
  13	     0	76.6	138.8	1365	OK
  14	     0	75.7	137.9	1342	OK
  15	     0	73.4	134.2	1366	OK
  16	     0	74.6	138.5	1370	OK
  17	     0	75.5	138.5	1371	OK
  18	     0	74.3	138.6	1394	OK
  19	     0	76.0	140.4	1357	OK
  20	     0	74.1	133.9	1417	OK
  21	     0	74.6	136.4	1419	OK
  22	     0	73.6	133.7	1400	OK
  23	     0	73.2	134.3	1413	OK
  24	     0	74.4	138.1	1403	OK
  25	     0	76.8	148.7	1400	OK
  26	     0	75.4	137.8	1430	OK
  27	     0	74.6	137.7	1420	OK
  28	     0	73.8	134.4	1430	OK
  29	     0	73.8	134.7	1428	OK
  30	     0	74.0	137.3	1436	OK
  31	     0	75.1	137.5	1434	OK
  32	     0	75.7	138.5	1413	OK
  33	     0	78.0	139.6	1437	OK
  34	     0	75.2	135.2	1442	OK
  35	     0	74.5	139.6	1413	OK
  36	     0	75.0	137.6	1424	OK
  37	     0	73.9	135.2	1420	OK
  38	     0	75.4	140.2	1398	OK
  39	     0	73.4	135.3	1442	OK
  40	     0	75.8	137.3	1442	OK
  41	     0	73.4	135.2	1414	OK
  42	     0	75.4	140.6	1421	OK
  43	     0	75.4	139.8	1432	OK
  44	     0	77.2	142.7	1429	OK
  45	     0	74.7	133.6	1439	OK
  46	     0	75.9	139.3	1441	OK
  47	     0	75.9	138.1	1439	OK
  48	     0	75.2	134.2	1441	OK
  49	     0	73.8	136.3	1394	OK
  50	     0	74.6	133.7	1468	OK
  51	     0	73.7	158.3	1436	OK
  52	     0	75.4	138.1	1454	OK
  53	     0	75.3	139.0	1445	OK
  54	     0	74.2	135.0	1440	OK
  55	     0	76.8	140.9	1454	OK
  56	     0	74.3	135.8	1430	OK
  57	     0	75.3	138.7	1434	OK
  58	     0	73.5	133.7	1453	OK
  59	     0	74.5	136.4	1446	OK
  60	     0	75.1	140.1	1451	OK
  61	     0	73.6	135.8	1459	OK
  62	     0	75.1	140.0	1435	OK
  63	     0	75.0	134.7	1444	OK
  64	     0	76.3	139.5	1413	OK
  65	     0	74.9	135.8	1448	OK
  66	     0	74.5	136.5	1457	OK
  67	     0	75.2	139.3	1431	OK
  68	     0	73.9	137.8	1464	OK
  69	     0	74.8	140.1	1449	OK
  70	     0	77.0	142.1	1429	OK
  71	     0	75.2	139.3	1454	OK
  72	     0	76.9	141.9	1425	OK
  73	     0	71.9	132.9	1411	OK
  74	     0	73.3	137.3	1435	OK
  75	     0	73.6	132.9	1443	OK
  76	     0	73.6	133.1	1431	OK
  77	     0	76.0	136.4	1433	OK
  78	     0	73.8	138.5	1426	OK
  79	     0	74.8	137.8	1404	OK
  80	     0	76.1	139.8	1448	OK
  81	     0	76.7	139.9	1414	OK
  82	     0	77.2	142.3	1447	OK
  83	     0	74.0	137.7	1441	OK
  84	     0	77.0	140.3	1450	OK
  85	     0	75.5	137.7	1413	OK
  86	     0	74.5	136.3	1418	OK
  87	     0	72.7	136.2	1425	OK
  88	     0	75.3	138.8	1447	OK
  89	     0	76.4	140.1	1438	OK
  90	     0	73.7	135.9	1450	OK
  91	     0	76.5	140.8	1424	OK
  92	     0	77.2	140.4	1442	OK
  93	     0	75.4	138.8	1448	OK
  94	     0	74.1	137.4	1431	OK
  95	     0	73.3	135.7	1426	OK
  96	     0	72.9	131.9	1443	OK
  97	     0	75.4	137.9	1430	OK
  98	     0	74.8	136.5	1429	OK
  99	     0	76.1	139.8	1420	OK
 100	     0	75.9	140.6	1427	OK
 101	     0	76.5	138.9	1429	OK
 102	     0	73.8	137.2	1422	OK
 103	     0	74.3	136.4	1418	OK
 104	     0	77.6	142.2	1429	OK
 105	     0	74.9	137.2	1430	OK
 106	     0	76.1	141.6	1424	OK
 107	     0	74.5	136.1	1435	OK
 108	     0	75.9	138.3	1423	OK
 109	     0	77.9	143.0	1421	OK
 110	     0	73.6	139.1	1419	OK
 111	     0	77.6	138.8	1415	OK
 112	     0	75.3	137.2	1431	OK
 113	     0	77.1	140.2	1407	OK
 114	     0	74.3	135.2	1435	OK
 115	     0	74.0	134.5	1426	OK
 116	     0	75.5	140.8	1427	OK
 117	     0	74.8	137.0	1436	OK
 118	     0	75.5	138.0	1433	OK
 119	     0	74.5	141.0	1425	OK
 120	     0	76.0	138.2	1433	OK
 121	     0	76.6	137.1	1450	OK
 122	     0	76.2	141.1	1444	OK
 123	     0	77.8	143.8	1444	OK
 124	     0	74.1	137.3	1447	OK
 125	     0	75.0	137.4	1435	OK
 126	     0	77.3	142.3	1409	OK
 127	     0	74.3	137.6	1434	OK
 128	     0	77.3	142.9	1394	OK
 129	     0	77.5	141.1	1396	OK
 130	     0	77.3	139.3	1388	OK
 131	     0	74.6	137.7	1393	OK
 132	     0	76.1	137.8	1407	OK
 133	     0	72.9	134.7	1379	OK
 134	     0	73.5	133.6	1379	OK
 135	     0	74.0	137.3	1391	OK
 136	     0	75.1	139.2	1396	OK
 137	     0	75.8	140.9	1368	OK
 138	     0	75.2	137.7	1400	OK
 139	     0	75.1	140.2	1373	OK
 140	     0	75.4	140.2	1407	OK
 141	     0	75.0	140.7	1370	OK
 142	     0	73.7	132.7	1390	OK
 143	     0	74.3	138.0	1365	OK
 144	     0	75.4	137.6	1394	OK
 145	     0	75.2	139.7	1382	OK
 146	     0	75.4	138.6	1393	OK
 147	     0	77.4	142.4	1374	OK
 148	     0	73.5	135.3	1384	OK
 149	     0	76.6	141.8	1382	OK
 150	     0	76.2	139.3	1394	OK
 151	     0	71.2	132.4	1395	OK
 152	     0	75.0	140.1	1366	OK
 153	     0	76.5	139.8	1349	OK
 154	     0	76.1	143.8	1389	OK
 155	     0	76.2	138.1	1383	OK
 156	     0	74.4	136.2	1380	OK
 157	     0	75.2	140.2	1380	OK
 158	     0	74.6	136.9	1402	OK
 159	     0	73.4	134.7	1406	OK
 160	     0	75.0	137.0	1372	OK
 161	     0	73.9	134.9	1362	OK
 162	     0	75.7	141.9	1383	OK
 163	     0	75.7	142.6	1387	OK
 164	     0	73.6	136.4	1362	OK
 165	     0	74.6	141.0	1360	OK
 166	     0	73.0	134.9	1383	OK
 167	     0	75.1	137.4	1365	OK
 168	     0	73.4	134.9	1370	OK
 169	     0	73.8	136.1	1387	OK
 170	     0	74.8	136.9	1370	OK
 171	     0	77.4	143.4	1361	OK
 172	     0	72.7	135.6	1359	OK
 173	     0	73.9	139.5	1339	OK
 174	     0	77.4	143.5	1358	OK
 175	     0	78.4	144.6	1357	OK
 176	     0	77.0	142.7	1372	OK
 177	     0	72.5	135.0	1354	OK
 178	     0	76.3	142.3	1367	OK
 179	     0	74.9	138.4	1391	OK
 180	     0	74.2	136.4	1353	OK
 181	     0	75.5	138.5	1353	OK
 182	     0	75.9	139.3	1374	OK
 183	     0	74.3	137.7	1366	OK
 184	     0	74.0	137.7	1382	OK
 185	     0	75.4	138.6	1354	OK
 186	     0	76.1	141.0	1373	OK
 187	     0	74.0	138.3	1392	OK
 188	     0	75.6	139.2	1388	OK
 189	     0	76.4	142.5	1367	OK
 190	     0	74.0	135.5	1383	OK
 191	     0	77.4	142.5	1361	OK
 192	     0	73.7	137.9	1395	OK
 193	     0	75.2	138.8	1389	OK
 194	     0	74.6	142.0	1368	OK
 195	     0	74.1	138.2	1363	OK
 196	     0	75.2	141.0	1381	OK
 197	     0	77.1	143.1	1383	OK
 198	     0	75.1	140.5	1388	OK
 199	     0	74.2	139.2	1363	OK
 200	     0	74.5	138.3	1391	OK
 201	     0	74.6	138.5	1366	OK
 202	     0	70.9	137.2	1383	OK
 203	     0	74.4	137.8	1360	OK
 204	     0	76.0	139.4	1378	OK
 205	     0	74.6	143.2	1389	OK
 206	     0	72.4	134.0	1391	OK
 207	     0	75.3	141.1	1389	OK
 208	     0	73.8	136.4	1361	OK
 209	     0	73.7	138.0	1372	OK
 210	     0	76.7	143.1	1405	OK
 211	     0	76.2	141.5	1361	OK
 212	     0	75.0	137.3	1380	OK
 213	     0	73.3	133.4	1365	OK
 214	     0	73.7	137.1	1383	OK
 215	     0	74.1	141.2	1374	OK
 216	     0	75.8	142.2	1385	OK
 217	     0	74.8	139.6	1364	OK
 218	     0	72.0	132.7	1384	OK
 219	     0	73.0	136.3	1405	OK
 220	     0	76.0	142.9	1401	OK
 221	     0	74.6	137.7	1365	OK
 222	     0	75.8	141.6	1370	OK
 223	     0	76.0	141.1	1409	OK
 224	     0	76.4	140.1	1408	OK
 225	     0	73.5	135.3	1385	OK
 226	     0	76.3	142.8	1409	OK
 227	     0	75.5	137.5	1403	OK
 228	     0	75.0	138.5	1379	OK
 229	     0	75.2	137.1	1404	OK
 230	     0	75.2	139.8	1399	OK
 231	     0	76.4	142.9	1408	OK
 232	     0	76.8	142.4	1405	OK
 233	     0	75.3	138.3	1375	OK
 234	     0	74.6	136.9	1401	OK
 235	     0	75.0	140.8	1406	OK
 236	     0	74.5	139.2	1399	OK
 237	     0	72.6	132.6	1392	OK
 238	     0	74.1	136.7	1391	OK
 239	     0	73.8	137.3	1367	OK
 240	     0	74.4	137.6	1405	OK
 241	     0	75.8	139.8	1387	OK
 242	     0	73.7	135.1	1376	OK
 243	     0	76.8	144.3	1409	OK
 244	     0	75.2	139.0	1410	OK
 245	     0	75.3	138.5	1406	OK
 246	     0	74.0	135.5	1396	OK
 247	     0	76.2	139.3	1402	OK
 248	     0	78.7	145.7	1385	OK
 249	     0	74.9	136.6	1396	OK
 250	     0	76.8	141.6	1391	OK
 251	     0	73.3	137.0	1412	OK
 252	     0	74.1	136.7	1402	OK
 253	     0	75.0	138.8	1383	OK
 254	     0	73.0	138.3	1395	OK
 255	     0	75.5	138.8	1398	OK
 256	     0	74.4	134.9	1469	OK
 257	     0	76.3	139.0	1431	OK
 258	     0	76.7	140.1	1453	OK
 259	     0	76.3	138.2	1450	OK
 260	     0	74.8	139.8	1456	OK
 261	     0	73.7	137.8	1417	OK
 262	     0	76.3	138.1	1453	OK
 263	     0	76.3	141.3	1432	OK
 264	     0	74.4	135.5	1431	OK
 265	     0	73.5	136.1	1462	OK
 266	     0	72.6	125.7	1472	OK
 267	     0	75.8	136.4	1443	OK
 268	     0	74.1	136.2	1459	OK
 269	     0	73.3	135.1	1462	OK
 270	     0	73.8	137.7	1444	OK
 271	     0	74.1	137.8	1440	OK
 272	     0	73.3	134.0	1446	OK
 273	     0	73.7	137.0	1420	OK
 274	     0	74.6	135.0	1464	OK
 275	     0	73.7	137.1	1442	OK
 276	     0	72.9	134.2	1461	OK
 277	     0	71.8	135.7	1443	OK
 278	     0	72.6	132.9	1442	OK
 279	     0	73.6	138.8	1440	OK
 280	     0	74.6	135.7	1424	OK
 281	     0	73.7	137.6	1465	OK
 282	     0	75.3	138.6	1440	OK
 283	     0	72.6	132.8	1473	OK
 284	     0	75.8	141.0	1441	OK
 285	     0	74.3	137.8	1440	OK
 286	     0	73.7	137.2	1444	OK
 287	     0	75.8	140.5	1480	OK
 288	     0	75.6	140.9	1425	OK
 289	     0	74.1	139.2	1470	OK
 290	     0	73.7	135.8	1434	OK
 291	     0	73.8	138.5	1449	OK
 292	     0	73.4	135.4	1441	OK
 293	     0	73.6	134.4	1448	OK
 294	     0	75.8	141.2	1460	OK
 295	     0	76.4	142.3	1463	OK
 296	     0	74.2	136.8	1466	OK
 297	     0	77.2	142.0	1438	OK
 298	     0	75.3	138.4	1476	OK
 299	     0	74.9	139.4	1434	OK
 300	     0	73.3	135.1	1458	OK
 301	     0	74.4	147.6	1445	OK
 302	     0	73.1	135.4	1471	OK
 303	     0	72.8	134.7	1425	OK
 304	     0	72.9	134.1	1455	OK
 305	     0	72.8	135.5	1428	OK
 306	     0	74.9	137.5	1433	OK
 307	     0	75.7	139.3	1444	OK
 308	     0	74.1	134.1	1442	OK
 309	     0	74.5	136.4	1454	OK
 310	     0	75.2	133.5	1467	OK
 311	     0	74.6	137.5	1440	OK
 312	     0	75.5	139.0	1461	OK
 313	     0	73.9	136.2	1459	OK
 314	     0	75.0	136.4	1456	OK
 315	     0	73.6	133.8	1447	OK
 316	     0	73.7	139.0	1448	OK
 317	     0	75.6	137.2	1480	OK
 318	     0	74.5	139.4	1472	OK
 319	     0	73.9	138.7	1439	OK
 320	     0	75.7	138.8	1445	OK
 321	     0	74.3	136.2	1438	OK
 322	     0	73.5	137.5	1442	OK
 323	     0	74.5	138.2	1416	OK
 324	     0	74.1	134.1	1458	OK
 325	     0	73.8	136.6	1421	OK
 326	     0	74.5	138.4	1441	OK
 327	     0	75.5	139.5	1420	OK
 328	     0	74.6	159.9	1427	OK
 329	     0	74.9	138.0	1430	OK
 330	     0	75.7	138.4	1433	OK
 331	     0	75.4	139.0	1435	OK
 332	     0	74.0	133.4	1457	OK
 333	     0	77.6	140.0	1440	OK
 334	     0	72.3	131.5	1418	OK
 335	     0	74.0	137.0	1431	OK
 336	     0	75.4	139.9	1433	OK
 337	     0	76.7	142.0	1439	OK
 338	     0	72.4	132.8	1451	OK
 339	     0	75.2	140.8	1448	OK
 340	     0	73.7	135.2	1420	OK
 341	     0	75.2	137.5	1430	OK
 342	     0	72.2	135.9	1435	OK
 343	     0	73.7	136.9	1430	OK
 344	     0	75.6	138.8	1441	OK
 345	     0	74.2	132.8	1416	OK
 346	     0	75.5	139.9	1413	OK
 347	     0	73.1	140.0	1435	OK
 348	     0	72.9	134.1	1430	OK
 349	     0	74.4	140.7	1427	OK
 350	     0	74.7	135.3	1404	OK
 351	     0	75.4	135.9	1432	OK
 352	     0	73.2	134.1	1436	OK
 353	     0	72.7	134.8	1419	OK
 354	     0	73.9	134.7	1428	OK
 355	     0	73.9	134.3	1445	OK
 356	     0	74.4	141.3	1423	OK
 357	     0	75.7	139.2	1416	OK
 358	     0	75.1	138.4	1418	OK
 359	     0	76.7	141.5	1418	OK
 360	     0	72.5	134.0	1438	OK
 361	     0	72.6	138.9	1392	OK
 362	     0	72.2	132.9	1412	OK
 363	     0	74.3	135.4	1407	OK
 364	     0	73.8	135.7	1428	OK
 365	     0	75.9	139.8	1423	OK
 366	     0	73.9	137.4	1403	OK
 367	     0	72.7	135.7	1402	OK
 368	     0	72.7	132.3	1402	OK
 369	     0	74.2	137.4	1401	OK
 370	     0	74.6	134.7	1414	OK
 371	     0	76.7	139.0	1404	OK
 372	     0	75.7	137.2	1413	OK
 373	     0	75.7	136.7	1402	OK
 374	     0	73.8	135.3	1401	OK
 375	     0	74.9	138.1	1412	OK
 376	     0	75.6	139.0	1417	OK
 377	     0	77.3	141.1	1388	OK
 378	     0	76.3	141.1	1438	OK
 379	     0	74.4	138.3	1381	OK
 380	     0	73.5	134.5	1401	OK
 381	     0	75.9	138.2	1376	OK
 382	     0	77.5	141.6	1390	OK
 383	     0	76.7	142.1	1377	OK
 384	     0	71.1	131.6	1409	OK
 385	     0	74.5	136.9	1383	OK
 386	     0	73.3	136.0	1404	OK
 387	     0	70.1	130.6	1390	OK
 388	     0	72.4	133.4	1397	OK
 389	     0	73.3	134.7	1421	OK
 390	     0	71.6	130.7	1402	OK
 391	     0	69.9	127.3	1400	OK
 392	     0	74.6	138.4	1396	OK
 393	     0	71.3	132.3	1391	OK
 394	     0	73.0	134.0	1401	OK
 395	     0	72.6	135.3	1394	OK
 396	     0	73.8	135.2	1404	OK
 397	     0	74.9	136.0	1394	OK
 398	     0	71.7	134.2	1372	OK
 399	     0	73.1	134.0	1402	OK
 400	     0	72.5	133.3	1402	OK
 401	     0	70.7	129.9	1382	OK
 402	     0	70.7	130.6	1369	OK
 403	     0	72.0	133.2	1412	OK
 404	     0	72.0	132.1	1377	OK
 405	     0	71.4	132.7	1386	OK
 406	     0	71.2	131.5	1382	OK
 407	     0	72.3	146.0	1357	OK
 408	     0	72.7	133.7	1426	OK
 409	     0	71.3	130.7	1382	OK
 410	     0	72.4	132.1	1393	OK
 411	     0	72.2	132.6	1387	OK
 412	     0	71.7	130.4	1385	OK
 413	     0	71.2	133.3	1399	OK
 414	     0	71.7	134.6	1369	OK
 415	     0	71.1	130.4	1374	OK
 416	     0	72.4	134.6	1399	OK
 417	     0	72.6	133.0	1380	OK
 418	     0	70.1	130.9	1391	OK
 419	     0	74.1	137.3	1391	OK
 420	     0	70.8	143.4	1379	OK
 421	     0	74.4	141.7	1382	OK
 422	     0	72.5	133.0	1394	OK
 423	     0	70.7	133.6	1377	OK
 424	     0	70.7	128.7	1409	OK
 425	     0	73.1	136.6	1394	OK
 426	     0	72.9	135.4	1384	OK
 427	     0	70.5	129.7	1408	OK
 428	     0	73.3	132.2	1378	OK
 429	     0	71.7	132.9	1392	OK
 430	     0	74.4	133.8	1406	OK
 431	     0	73.1	133.0	1395	OK
 432	     0	71.3	134.2	1404	OK
 433	     0	72.7	131.6	1402	OK
 434	     0	71.6	131.1	1403	OK
 435	     0	72.3	134.2	1384	OK
 436	     0	73.8	134.5	1416	OK
 437	     0	75.2	135.8	1433	OK
 438	     0	70.7	132.0	1390	OK
 439	     0	71.7	134.3	1385	OK
 440	     0	72.5	134.9	1427	OK
 441	     0	70.6	130.6	1403	OK
 442	     0	71.5	136.1	1421	OK
 443	     0	72.6	130.0	1417	OK
 444	     0	73.1	136.6	1382	OK
 445	     0	72.8	131.6	1420	OK
 446	     0	73.5	136.1	1416	OK
 447	     0	73.5	136.5	1379	OK
 448	     0	71.1	133.3	1373	OK
 449	     0	74.1	136.3	1393	OK
 450	     0	73.0	133.4	1380	OK
 451	     0	73.2	137.3	1426	OK
 452	     0	72.2	132.4	1408	OK
 453	     0	71.0	132.1	1415	OK
 454	     0	71.9	134.1	1409	OK
 455	     0	75.3	137.2	1406	OK
 456	     0	72.8	132.3	1398	OK
 457	     0	71.0	130.4	1396	OK
 458	     0	69.9	128.1	1418	OK
 459	     0	71.2	130.6	1389	OK
 460	     0	73.6	137.4	1374	OK
 461	     0	74.4	135.6	1390	OK
 462	     0	74.1	136.5	1411	OK
 463	     0	72.1	132.4	1385	OK
 464	     0	70.6	133.8	1402	OK
 465	     0	72.5	131.6	1408	OK
 466	     0	70.3	129.9	1403	OK
 467	     0	71.9	134.0	1387	OK
 468	     0	73.1	134.1	1406	OK
 469	     0	69.9	130.5	1390	OK
 470	     0	72.6	133.1	1398	OK
 471	     0	71.3	132.8	1384	OK
 472	     0	72.8	133.7	1418	OK
 473	     0	71.5	132.9	1392	OK
 474	     0	72.1	133.5	1389	OK
 475	     0	70.5	129.8	1383	OK
 476	     0	71.4	132.8	1397	OK
 477	     0	73.2	136.0	1387	OK
 478	     0	73.6	136.0	1383	OK
 479	     0	71.7	134.6	1403	OK
 480	     0	71.7	134.7	1386	OK
 481	     0	73.9	136.7	1405	OK
 482	     0	72.6	135.1	1400	OK
 483	     0	73.7	135.0	1386	OK
 484	     0	72.9	135.7	1360	OK
 485	     0	72.1	132.1	1369	OK
 486	     0	72.9	136.6	1377	OK
 487	     0	72.2	133.2	1381	OK
 488	     0	72.2	134.7	1379	OK
 489	     0	70.8	150.6	1368	OK
 490	     0	73.9	136.5	1371	OK
 491	     0	71.4	132.8	1375	OK
 492	     0	71.2	133.9	1391	OK
 493	     0	71.9	134.2	1369	OK
 494	     0	71.9	132.2	1388	OK
 495	     0	74.2	135.2	1379	OK
 496	     0	75.5	139.8	1369	OK
 497	     0	73.8	140.2	1359	OK
 498	     0	70.6	131.7	1389	OK
 499	     0	72.6	133.8	1355	OK
 500	     0	72.3	133.6	1372	OK
 501	     0	72.9	134.4	1363	OK
 502	     0	71.3	131.1	1358	OK
 503	     0	72.8	133.1	1369	OK
 504	     0	73.0	134.6	1345	OK
 505	     0	71.9	133.7	1386	OK
 506	     0	71.8	130.3	1386	OK
 507	     0	73.0	133.5	1332	OK
 508	     0	72.9	137.0	1351	OK
 509	     0	72.8	135.5	1344	OK
 510	     0	73.4	135.5	1340	OK
 511	     0	71.7	199.9	1377	OK
 512	     0	72.1	132.8	1358	OK
 513	     0	72.0	133.7	1359	OK
 514	     0	71.1	133.0	1338	OK
 515	     0	72.0	133.1	1334	OK
 516	     0	71.5	131.8	1334	OK
 517	     0	70.4	131.1	1337	OK
 518	     0	73.8	138.7	1344	OK
 519	     0	70.9	133.2	1369	OK
 520	     0	71.8	132.3	1353	OK
 521	     0	71.2	132.4	1363	OK
 522	     0	70.5	128.9	1344	OK
 523	     0	70.3	132.5	1351	OK
 524	     0	70.1	131.5	1360	OK
 525	     0	72.4	133.0	1328	OK
 526	     0	71.5	131.9	1362	OK
 527	     0	74.1	136.7	1345	OK
 528	     0	71.9	134.5	1358	OK
 529	     0	69.7	129.8	1341	OK
 530	     0	68.4	126.8	1369	OK
 531	     0	73.9	136.4	1345	OK
 532	     0	70.9	131.9	1342	OK
 533	     0	71.8	140.3	1337	OK
 534	     0	71.0	134.5	1357	OK
 535	     0	74.4	135.1	1351	OK
 536	     0	71.7	130.8	1340	OK
 537	     0	72.8	134.9	1353	OK
 538	     0	72.8	134.3	1369	OK
 539	     0	72.1	132.8	1362	OK
 540	     0	70.4	133.3	1368	OK
 541	     0	70.3	132.7	1342	OK
 542	     0	75.3	136.9	1338	OK
 543	     0	70.7	129.7	1359	OK
 544	     0	72.9	135.4	1340	OK
 545	     0	71.0	128.7	1358	OK
 546	     0	70.9	130.9	1363	OK
 547	     0	72.7	135.3	1355	OK
 548	     0	70.8	132.4	1355	OK
 549	     0	69.3	128.5	1370	OK
 550	     0	71.4	132.8	1367	OK
 551	     0	74.6	138.6	1344	OK
 552	     0	69.7	127.9	1383	OK
 553	     0	70.0	137.9	1333	OK
 554	     0	70.2	127.6	1362	OK
 555	     0	70.7	130.7	1375	OK
 556	     0	71.7	132.2	1372	OK
 557	     0	72.7	134.6	1348	OK
 558	     0	71.4	135.0	1358	OK
 559	     0	71.9	131.4	1362	OK
 560	     0	73.3	137.5	1350	OK
 561	     0	73.6	136.4	1379	OK
 562	     0	72.5	136.9	1338	OK
 563	     0	72.6	135.7	1382	OK
 564	     0	71.0	131.0	1371	OK
 565	     0	71.1	134.8	1347	OK
 566	     0	70.5	132.8	1371	OK
 567	     0	69.9	129.8	1362	OK
 568	     0	69.9	127.7	1390	OK
 569	     0	71.9	135.2	1366	OK
 570	     0	73.8	137.1	1384	OK
 571	     0	71.4	133.6	1375	OK
 572	     0	72.2	135.2	1353	OK
 573	     0	73.0	134.5	1380	OK
 574	     0	68.3	130.4	1401	OK
 575	     0	73.1	136.7	1363	OK
 576	     0	67.3	125.7	1364	OK
 577	     0	71.9	134.7	1381	OK
 578	     0	70.2	131.1	1370	OK
 579	     0	69.6	130.0	1385	OK
 580	     0	69.2	126.6	1387	OK
 581	     0	71.4	133.6	1380	OK
 582	     0	72.1	132.5	1395	OK
 583	     0	69.5	130.8	1397	OK
 584	     0	72.4	147.0	1392	OK
 585	     0	71.8	131.5	1362	OK
 586	     0	72.1	134.7	1404	OK
 587	     0	70.9	139.3	1366	OK
 588	     0	70.6	127.6	1386	OK
 589	     0	71.4	133.5	1402	OK
 590	     0	71.9	135.2	1406	OK
 591	     0	70.3	133.9	1415	OK
 592	  4000	69.9	128.0	1458	high noise
 593	     0	69.1	128.4	1407	OK
 594	     0	71.6	135.5	1414	OK
 595	     0	69.9	130.3	1434	OK
 596	     0	71.0	130.7	1417	OK
 597	  4000	70.6	131.0	1449	high noise
 598	     0	71.1	132.8	1421	OK
 599	  4000	69.3	129.3	1452	high noise
 600	  4000	71.5	133.7	1445	high noise
 601	  4000	70.0	128.0	1458	high noise
 602	  4000	71.6	131.9	1460	high noise
 603	  4000	72.0	134.1	1458	high noise
 604	  4000	69.3	128.5	1479	high noise
 605	  4000	73.3	120.7	1512	high noise
 606	  4000	70.3	128.4	1478	high noise
 607	  4000	71.7	131.2	1470	high noise
 608	  4000	71.3	131.0	1506	high noise
 609	  4000	69.0	128.5	1483	high noise
 610	  4000	71.0	129.7	1522	high noise
 611	  4000	70.6	127.1	1516	high noise
 612	  4000	69.8	121.0	1542	high noise
 613	  4000	71.7	130.3	1499	high noise
 614	  4000	70.1	128.3	1547	high noise
 615	  4000	70.0	127.5	1539	high noise
 616	  4000	74.2	136.8	1541	high noise
 617	  4000	71.7	133.4	1560	high noise
 618	  4000	72.9	132.6	1537	high noise
 619	  4000	71.1	133.1	1535	high noise
 620	  4000	70.8	131.7	1577	high noise
 621	  4000	68.7	128.2	1565	high noise
 622	  4000	70.7	131.5	1573	high noise
 623	  4000	68.2	129.6	1578	high noise
 624	  4000	73.2	134.8	1585	high noise
 625	  4000	70.4	130.2	1551	high noise
 626	  4000	70.0	127.6	1587	high noise
 627	  4000	69.7	126.2	1599	high noise
 628	  4000	69.4	123.9	1594	high noise
 629	  4000	71.9	136.0	1577	high noise
 630	  4000	72.1	130.8	1563	high noise
 631	  4000	72.6	133.4	1588	high noise
 632	  4000	72.0	132.6	1551	high noise
 633	  4000	74.6	135.8	1603	high noise
 634	  4000	73.8	133.4	1590	high noise
 635	  4000	72.0	128.9	1608	high noise
 636	  4000	72.7	129.1	1606	high noise
 637	  4000	73.5	139.6	1590	high noise
 638	  4000	73.2	132.1	1584	high noise
 639	  4000	71.4	132.0	1593	high noise
 640	  4000	70.3	126.6	1681	high noise
 641	  4000	72.2	132.0	1654	high noise
 642	  4000	72.1	130.7	1662	high noise
 643	  4000	72.2	131.7	1671	high noise
 644	  4000	71.6	129.7	1659	high noise
 645	  4000	69.4	125.3	1649	high noise
 646	  4000	71.2	129.5	1667	high noise
 647	  4000	71.2	141.5	1664	high noise
 648	  4000	69.3	125.5	1640	high noise
 649	  4000	71.3	133.3	1653	high noise
 650	  4000	69.3	127.4	1645	high noise
 651	  4000	69.7	128.9	1656	high noise
 652	  4000	66.4	125.6	1626	high noise
 653	  4000	70.8	130.6	1621	high noise
 654	  4000	70.1	129.0	1662	high noise
 655	  4000	70.2	132.4	1629	high noise
 656	  4000	71.6	133.4	1640	high noise
 657	  4000	71.3	132.1	1630	high noise
 658	  4000	70.2	128.0	1629	high noise
 659	  4000	68.8	128.8	1617	high noise
 660	     0	70.9	133.2	1599	OK
 661	  4000	71.4	131.3	1634	high noise
 662	     0	70.0	130.5	1600	OK
 663	  4000	72.3	132.9	1615	high noise
 664	     0	71.4	133.2	1597	OK
 665	     0	71.9	134.2	1592	OK
 666	     0	71.4	132.5	1584	OK
 667	  4000	69.5	129.6	1616	high noise
 668	     0	71.6	128.0	1594	OK
 669	     0	70.0	132.9	1557	OK
 670	     0	69.7	128.3	1556	OK
 671	     0	70.5	128.1	1571	OK
 672	     0	67.9	127.6	1601	OK
 673	     0	68.8	128.7	1594	OK
 674	     0	69.8	129.5	1561	OK
 675	     0	71.5	134.6	1573	OK
 676	     0	69.9	132.4	1595	OK
 677	     0	71.4	130.7	1581	OK
 678	  4000	70.4	127.4	1612	high noise
 679	     0	72.2	132.1	1578	OK
 680	     0	71.4	133.3	1547	OK
 681	     0	70.5	131.2	1586	OK
 682	     0	70.8	130.7	1559	OK
 683	     0	69.6	124.7	1567	OK
 684	     0	69.9	131.8	1559	OK
 685	     0	70.9	130.4	1551	OK
 686	     0	70.8	129.7	1546	OK
 687	     0	69.8	131.7	1569	OK
 688	     0	71.4	132.3	1583	OK
 689	     0	69.1	122.6	1580	OK
 690	     0	70.8	126.7	1579	OK
 691	     0	73.5	136.1	1563	OK
 692	     0	70.5	131.4	1569	OK
 693	     0	71.4	131.7	1568	OK
 694	     0	68.8	127.6	1564	OK
 695	     0	72.3	131.0	1548	OK
 696	     0	69.7	127.4	1525	OK
 697	     0	69.6	127.3	1557	OK
 698	     0	70.9	149.8	1530	OK
 699	     0	71.1	130.0	1543	OK
 700	     0	72.5	136.0	1556	OK
 701	     0	69.6	127.1	1549	OK
 702	     0	70.3	129.3	1512	OK
 703	     0	68.8	126.8	1523	OK
 704	     0	73.7	134.9	1524	OK
 705	     0	70.1	131.7	1526	OK
 706	     0	71.8	134.1	1526	OK
 707	     0	71.9	132.0	1536	OK
 708	     0	70.2	128.5	1534	OK
 709	     0	71.0	133.7	1543	OK
 710	     0	71.5	132.3	1517	OK
 711	     0	70.6	130.0	1505	OK
 712	     0	69.4	126.9	1541	OK
 713	     0	69.7	128.7	1516	OK
 714	     0	70.5	130.4	1521	OK
 715	     0	72.0	146.0	1514	OK
 716	     0	70.5	131.3	1538	OK
 717	     0	69.4	131.9	1539	OK
 718	     0	72.9	138.0	1520	OK
 719	     0	70.5	129.4	1542	OK
 720	     0	69.2	127.0	1551	OK
 721	     0	73.0	134.8	1554	OK
 722	     0	71.2	132.2	1522	OK
 723	     0	72.1	133.5	1535	OK
 724	     0	72.1	133.9	1544	OK
 725	     0	69.7	131.4	1496	OK
 726	     0	71.8	132.7	1530	OK
 727	     0	70.8	130.5	1538	OK
 728	     0	69.5	131.0	1550	OK
 729	     0	70.1	131.3	1546	OK
 730	     0	73.3	133.5	1508	OK
 731	     0	70.9	135.0	1523	OK
 732	     0	72.7	133.8	1543	OK
 733	     0	72.3	135.4	1536	OK
 734	     0	71.3	129.9	1547	OK
 735	     0	70.2	132.5	1528	OK
 736	     0	70.1	128.6	1557	OK
 737	     0	72.7	134.5	1534	OK
 738	     0	72.1	133.9	1542	OK
 739	     0	69.6	130.2	1543	OK
 740	     0	72.1	135.6	1545	OK
 741	     0	71.9	131.3	1583	OK
 742	     0	71.0	131.5	1581	OK
 743	     0	70.5	130.8	1570	OK
 744	     0	71.1	130.4	1581	OK
 745	     0	72.0	133.5	1576	OK
 746	     0	72.0	134.0	1589	OK
 747	     0	70.0	128.6	1610	OK
 748	     0	73.2	134.8	1594	OK
 749	     0	71.3	130.0	1585	OK
 750	     0	71.3	130.3	1537	OK
 751	     0	70.9	132.9	1592	OK
 752	     0	73.1	132.3	1602	OK
 753	     0	72.8	132.0	1575	OK
 754	     0	71.0	127.9	1597	OK
 755	     0	70.7	127.3	1581	OK
 756	     0	72.6	134.4	1581	OK
 757	     0	75.0	139.1	1579	OK
 758	     0	73.7	133.2	1581	OK
 759	     0	71.4	131.0	1583	OK
 760	     0	71.5	131.2	1579	OK
 761	     0	69.9	130.9	1589	OK
 762	     0	72.8	133.6	1560	OK
 763	     0	72.6	133.7	1584	OK
 764	     0	72.8	135.0	1579	OK
 765	     0	74.1	135.7	1604	OK
 766	     0	75.2	139.8	1606	OK
 767	     0	73.9	137.7	1589	OK
 768	     0	73.5	128.1	1601	OK
 769	     0	73.3	134.5	1604	OK
 770	     0	72.2	130.5	1617	OK
 771	     0	72.7	133.4	1627	OK
 772	     0	72.4	130.0	1628	OK
 773	     0	74.2	135.4	1625	OK
 774	     0	71.3	128.6	1651	OK
 775	     0	72.9	132.9	1630	OK
 776	     0	72.2	129.8	1647	OK
 777	     0	70.6	127.0	1599	OK
 778	     0	71.4	130.2	1620	OK
 779	     0	72.7	131.6	1589	OK
 780	     0	72.4	133.2	1588	OK
 781	     0	70.2	129.8	1583	OK
 782	     0	74.0	137.1	1564	OK
 783	     0	72.2	132.8	1571	OK
 784	     0	73.0	133.2	1592	OK
 785	     0	75.4	134.2	1576	OK
 786	     0	72.2	132.8	1527	OK
 787	     0	73.9	134.5	1576	OK
 788	     0	73.1	133.0	1558	OK
 789	     0	73.9	134.2	1573	OK
 790	     0	71.9	133.6	1598	OK
 791	     0	74.5	137.9	1558	OK
 792	     0	70.4	128.8	1613	OK
 793	     0	75.8	138.9	1588	OK
 794	     0	71.5	128.9	1594	OK
 795	     0	72.0	132.2	1611	OK
 796	     0	71.8	130.0	1596	OK
 797	     0	72.6	133.4	1596	OK
 798	     0	74.1	134.4	1593	OK
 799	     0	72.7	132.7	1561	OK
 800	     0	71.6	130.8	1561	OK
 801	     0	76.2	140.9	1566	OK
 802	     0	71.9	134.3	1566	OK
 803	     0	71.4	130.6	1561	OK
 804	     0	76.2	138.5	1571	OK
 805	     0	72.9	134.4	1559	OK
 806	     0	71.6	131.3	1566	OK
 807	     0	74.2	133.1	1593	OK
 808	     0	73.0	132.5	1580	OK
 809	     0	73.1	134.2	1618	OK
 810	     0	72.9	134.2	1604	OK
 811	     0	72.8	132.6	1609	OK
 812	     0	73.9	133.7	1621	OK
 813	     0	71.9	131.5	1588	OK
 814	     0	71.4	129.8	1599	OK
 815	     0	73.7	134.5	1570	OK
 816	     0	72.9	131.5	1584	OK
 817	     0	71.7	131.7	1575	OK
 818	     0	73.1	132.2	1547	OK
 819	     0	73.3	136.2	1567	OK
 820	     0	73.4	133.6	1564	OK
 821	     0	72.1	130.7	1557	OK
 822	     0	73.6	136.8	1543	OK
 823	     0	70.8	129.2	1547	OK
 824	     0	71.8	130.2	1537	OK
 825	     0	70.9	128.4	1562	OK
 826	     0	73.2	134.7	1525	OK
 827	     0	74.5	136.7	1540	OK
 828	     0	72.4	132.9	1571	OK
 829	     0	74.8	138.8	1521	OK
 830	     0	74.0	135.9	1552	OK
 831	     0	73.3	135.2	1532	OK
 832	     0	75.5	137.8	1520	OK
 833	     0	74.0	135.9	1525	OK
 834	     0	74.9	136.7	1482	OK
 835	     0	72.9	131.9	1521	OK
 836	     0	73.3	135.5	1510	OK
 837	     0	73.8	135.7	1522	OK
 838	     0	72.5	134.5	1546	OK
 839	     0	73.6	136.5	1525	OK
 840	     0	73.4	135.8	1553	OK
 841	     0	72.7	131.3	1594	OK
 842	     0	75.1	136.9	1609	OK
 843	     0	74.7	139.6	1630	OK
 844	     0	76.3	139.9	1650	OK
 845	     0	76.2	140.5	1682	OK
 846	     0	74.4	138.6	1637	OK
 847	     0	74.8	140.0	1653	OK
 848	     0	73.9	139.4	1666	OK
 849	   200	79.2	145.2	1685	high gain
 850	     0	76.0	139.6	1662	OK
 851	 80000	72.5	132.5	1701	very high noise
 852	  4000	73.1	133.7	1699	high noise
 853	     0	72.3	132.1	1675	OK
 854	     0	73.8	136.4	1678	OK
 855	  4000	73.9	138.5	1691	high noise
 856	     0	72.8	132.3	1677	OK
 857	 80000	75.0	137.1	1718	very high noise
 858	     0	73.2	134.9	1662	OK
 859	  4000	73.7	134.8	1692	high noise
 860	     0	73.6	136.9	1673	OK
 861	     0	73.6	136.7	1649	OK
 862	     0	73.5	136.4	1672	OK
 863	     0	74.8	135.9	1673	OK
 864	     0	72.4	134.6	1663	OK
 865	     0	73.0	136.3	1646	OK
 866	     0	75.0	137.2	1652	OK
 867	     0	75.0	135.8	1651	OK
 868	     0	70.9	131.8	1638	OK
 869	     0	72.7	135.3	1616	OK
 870	     0	74.5	135.2	1640	OK
 871	     0	72.1	134.2	1614	OK
 872	     0	73.1	134.1	1629	OK
 873	     0	74.0	135.2	1587	OK
 874	     0	74.5	137.4	1620	OK
 875	     0	75.3	138.4	1605	OK
 876	     0	71.1	131.2	1573	OK
 877	     0	74.3	139.0	1615	OK
 878	     0	77.5	144.1	1593	OK
 879	     0	75.6	134.8	1626	OK
 880	     0	74.6	136.2	1620	OK
 881	     0	75.2	140.0	1620	OK
 882	     0	73.9	133.6	1634	OK
 883	     0	73.8	136.1	1609	OK
 884	     0	76.2	139.3	1607	OK
 885	     0	75.8	138.5	1626	OK
 886	     0	74.1	134.1	1622	OK
 887	     0	73.5	136.0	1607	OK
 888	     0	72.3	127.3	1675	OK
 889	     0	75.8	138.6	1659	OK
 890	     0	75.9	135.6	1610	OK
 891	     0	74.3	136.5	1661	OK
 892	     0	74.4	138.8	1643	OK
 893	     0	75.0	138.0	1661	OK
 894	     0	74.9	137.1	1650	OK
 895	     0	73.8	133.4	1663	OK
 896	  4000	73.5	136.9	1668	high noise
 897	  4000	72.6	134.5	1682	high noise
 898	  4000	72.9	132.9	1698	high noise
 899	  4000	71.6	129.9	1680	high noise
 900	  4000	73.3	135.8	1695	high noise
 901	 80000	72.0	134.3	1726	very high noise
 902	 80000	72.6	129.6	1750	very high noise
 903	 80000	72.2	132.1	1724	very high noise
 904	 80000	72.8	135.3	1763	very high noise
 905	 80000	71.5	133.4	1740	very high noise
 906	 80000	69.8	129.2	1774	very high noise
 907	 80000	70.6	132.8	1779	very high noise
 908	 80000	69.6	126.6	1778	very high noise
 909	 80000	69.9	129.9	1784	very high noise
 910	 80000	71.4	137.9	1758	very high noise
 911	 80000	70.9	133.3	1755	very high noise
 912	 80000	70.2	130.2	1755	very high noise
 913	 80000	70.7	130.9	1741	very high noise
 914	 80000	67.5	124.1	1716	very high noise
 915	  4000	68.2	124.9	1699	high noise
 916	 80000	72.3	136.2	1704	very high noise
 917	  4000	71.5	133.1	1698	high noise
 918	  4000	73.5	132.4	1653	high noise
 919	  4000	68.9	128.6	1637	high noise
 920	  4000	69.8	128.2	1644	high noise
 921	  4000	71.7	126.5	1604	high noise
 922	  4000	73.5	137.7	1591	high noise
 923	  4000	71.3	127.9	1603	high noise
 924	     0	71.5	133.9	1566	OK
 925	     0	72.2	130.1	1560	OK
 926	     0	71.5	131.5	1554	OK
 927	     0	70.2	132.7	1515	OK
 928	     0	72.5	134.9	1534	OK
 929	     0	72.3	132.2	1547	OK
 930	     0	71.9	131.2	1542	OK
 931	     0	68.6	127.2	1541	OK
 932	     0	71.2	132.6	1538	OK
 933	     0	71.0	131.8	1537	OK
 934	     0	71.2	132.6	1555	OK
 935	     0	70.9	129.5	1537	OK
 936	     0	72.1	134.5	1513	OK
 937	     0	72.1	132.3	1528	OK
 938	     0	71.1	132.3	1526	OK
 939	     0	71.3	133.6	1553	OK
 940	     0	71.4	132.8	1531	OK
 941	     0	70.0	127.9	1533	OK
 942	     0	73.1	131.7	1550	OK
 943	     0	72.4	129.0	1542	OK
 944	     0	70.5	129.0	1538	OK
 945	     0	71.7	131.5	1567	OK
 946	     0	71.4	130.0	1516	OK
 947	     0	72.8	133.4	1538	OK
 948	     0	71.3	132.8	1519	OK
 949	     0	69.8	132.7	1525	OK
 950	     0	70.9	132.0	1509	OK
 951	     0	70.5	131.3	1522	OK
 952	     0	73.4	136.4	1504	OK
 953	     0	69.1	129.0	1506	OK
 954	     0	70.8	129.5	1513	OK
 955	     0	70.5	131.4	1540	OK
 956	     0	71.9	134.2	1508	OK
 957	     0	71.7	133.3	1526	OK
 958	     0	72.2	136.5	1528	OK
 959	     0	70.1	128.8	1538	OK
 960	     0	74.3	136.3	1531	OK
 961	     0	70.6	133.0	1522	OK
 962	     0	70.3	131.4	1519	OK
 963	     0	70.7	131.1	1543	OK
 964	     0	71.0	130.1	1524	OK
 965	     0	69.7	126.6	1510	OK
 966	     0	69.8	127.9	1509	OK
 967	     0	73.8	136.8	1492	OK
 968	     0	69.5	125.9	1534	OK
 969	     0	69.2	123.6	1527	OK
 970	     0	70.9	130.8	1535	OK
 971	     0	70.9	130.9	1529	OK
 972	     0	71.7	131.9	1526	OK
 973	     0	71.3	129.1	1536	OK
 974	     0	70.8	126.5	1534	OK
 975	     0	72.4	133.1	1533	OK
 976	     0	71.3	131.0	1555	OK
 977	     0	69.9	125.5	1531	OK
 978	     0	70.3	129.7	1516	OK
 979	     0	73.1	132.7	1533	OK
 980	     0	70.0	129.3	1528	OK
 981	     0	73.2	134.1	1518	OK
 982	     0	71.9	131.8	1543	OK
 983	     0	70.4	129.9	1504	OK
 984	     0	71.7	133.7	1532	OK
 985	     0	71.5	131.1	1542	OK
 986	     0	72.1	131.7	1528	OK
 987	     0	71.2	130.0	1521	OK
 988	     0	72.9	133.6	1521	OK
 989	     0	71.2	132.4	1543	OK
 990	     0	69.7	127.7	1524	OK
 991	     0	71.5	135.0	1533	OK
 992	     0	69.4	127.7	1565	OK
 993	     0	70.6	130.8	1533	OK
 994	     0	70.8	129.4	1530	OK
 995	     0	69.9	133.0	1522	OK
 996	     0	68.5	126.7	1522	OK
 997	     0	68.7	127.7	1538	OK
 998	     0	67.6	123.3	1511	OK
 999	     0	70.7	131.5	1527	OK
1000	     0	71.7	131.4	1512	OK
1001	     0	71.2	133.9	1524	OK
1002	     0	71.2	130.5	1521	OK
1003	     0	71.3	131.3	1528	OK
1004	     0	73.5	135.3	1538	OK
1005	     0	70.5	129.9	1524	OK
1006	     0	72.1	131.7	1539	OK
1007	     0	70.7	144.2	1497	OK
1008	     0	72.1	129.6	1528	OK
1009	     0	67.9	126.3	1531	OK
1010	     0	71.0	129.4	1519	OK
1011	     0	69.2	128.6	1506	OK
1012	     0	70.8	127.8	1520	OK
1013	     0	70.8	128.8	1526	OK
1014	     0	71.8	128.4	1524	OK
1015	     0	73.9	137.4	1489	OK
1016	     0	74.9	132.3	1521	OK
1017	     0	71.9	132.7	1500	OK
1018	     0	71.2	132.1	1499	OK
1019	     0	71.0	133.2	1508	OK
1020	     0	70.2	128.7	1500	OK
1021	     0	72.4	133.5	1493	OK
1022	     0	73.7	130.2	1495	OK
1023	     0	73.0	137.8	1508	OK
1024	     0	75.4	140.5	1511	OK
1025	     0	75.4	138.1	1472	OK
1026	     0	74.6	140.6	1463	OK
1027	     0	74.3	136.5	1450	OK
1028	     0	76.2	140.9	1482	OK
1029	     0	75.0	136.3	1463	OK
1030	     0	76.5	141.6	1472	OK
1031	     0	75.5	139.6	1461	OK
1032	     0	73.5	134.5	1477	OK
1033	     0	77.3	142.4	1463	OK
1034	     0	74.8	135.2	1474	OK
1035	     0	73.4	134.0	1473	OK
1036	     0	76.9	142.4	1476	OK
1037	     0	74.8	137.8	1501	OK
1038	     0	75.6	139.3	1465	OK
1039	     0	74.0	137.2	1453	OK
1040	     0	73.3	138.2	1462	OK
1041	     0	73.7	135.2	1465	OK
1042	     0	73.7	135.0	1457	OK
1043	     0	74.2	135.9	1454	OK
1044	     0	75.1	139.8	1455	OK
1045	     0	74.1	137.3	1446	OK
1046	     0	73.1	135.4	1476	OK
1047	     0	76.5	141.4	1449	OK
1048	     0	72.8	133.1	1458	OK
1049	     0	75.8	141.4	1492	OK
1050	     0	74.0	136.4	1465	OK
1051	     0	75.0	139.3	1488	OK
1052	     0	73.1	121.1	1518	OK
1053	     0	75.9	137.9	1478	OK
1054	     0	74.6	136.3	1472	OK
1055	     0	74.2	134.7	1474	OK
1056	     0	75.1	139.4	1484	OK
1057	     0	74.6	140.3	1480	OK
1058	     0	73.7	134.8	1492	OK
1059	     0	73.8	136.3	1452	OK
1060	     0	74.4	137.2	1498	OK
1061	     0	73.8	138.0	1473	OK
1062	     0	75.7	138.8	1494	OK
1063	     0	74.2	135.2	1492	OK
1064	     0	74.9	135.8	1508	OK
1065	     0	74.7	135.7	1497	OK
1066	     0	75.1	138.9	1476	OK
1067	     0	75.6	137.4	1498	OK
1068	     0	73.8	134.4	1490	OK
1069	     0	73.9	131.6	1502	OK
1070	     0	75.7	136.4	1495	OK
1071	     0	74.5	137.4	1487	OK
1072	     0	74.1	135.3	1506	OK
1073	     0	78.6	145.4	1506	OK
1074	     0	73.7	135.9	1499	OK
1075	     0	77.7	140.1	1503	OK
1076	     0	75.1	136.8	1492	OK
1077	     0	74.7	140.4	1526	OK
1078	     0	74.1	138.0	1476	OK
1079	     0	73.1	132.9	1540	OK
1080	     0	74.3	137.3	1504	OK
1081	     0	73.7	135.4	1508	OK
1082	     0	76.6	139.9	1489	OK
1083	     0	75.0	137.5	1499	OK
1084	     0	74.3	135.5	1486	OK
1085	     0	75.5	133.4	1516	OK
1086	     0	77.5	143.5	1520	OK
1087	     0	73.8	133.7	1507	OK
1088	     0	75.7	140.1	1463	OK
1089	     0	76.3	139.0	1510	OK
1090	     0	74.4	137.4	1478	OK
1091	     0	73.4	137.7	1489	OK
1092	     0	75.4	139.0	1529	OK
1093	     0	74.2	136.3	1490	OK
1094	     0	74.9	136.9	1492	OK
1095	     0	74.2	135.8	1484	OK
1096	     0	75.1	136.6	1531	OK
1097	     0	74.6	137.9	1489	OK
1098	     0	74.1	137.4	1490	OK
1099	     0	74.7	138.7	1493	OK
1100	     0	73.8	137.5	1499	OK
1101	     0	75.7	141.1	1498	OK
1102	     0	75.0	137.5	1505	OK
1103	     0	74.0	135.5	1502	OK
1104	     0	75.4	135.7	1512	OK
1105	     0	76.0	138.8	1498	OK
1106	     0	75.1	135.2	1489	OK
1107	     0	75.3	138.0	1493	OK
1108	     0	75.3	141.1	1499	OK
1109	     0	74.5	135.5	1479	OK
1110	     0	73.8	136.1	1503	OK
1111	     0	78.1	144.4	1498	OK
1112	     0	75.5	145.8	1505	OK
1113	     0	74.6	136.7	1487	OK
1114	     0	75.1	137.8	1502	OK
1115	     0	74.2	138.1	1473	OK
1116	     0	74.0	135.5	1474	OK
1117	     0	74.4	135.7	1491	OK
1118	     0	74.5	137.0	1490	OK
1119	     0	73.7	132.2	1490	OK
1120	     0	73.2	133.3	1508	OK
1121	     0	75.8	137.4	1484	OK
1122	     0	75.2	138.7	1449	OK
1123	     0	74.7	153.7	1469	OK
1124	     0	76.3	139.2	1481	OK
1125	     0	75.3	141.0	1502	OK
1126	     0	75.5	138.1	1503	OK
1127	     0	74.7	136.5	1494	OK
1128	     0	75.8	142.0	1487	OK
1129	     0	76.3	139.1	1511	OK
1130	     0	75.1	135.0	1511	OK
1131	     0	74.4	130.3	1497	OK
1132	     0	73.1	135.2	1521	OK
1133	     0	75.2	140.9	1481	OK
1134	     0	75.2	137.9	1484	OK
1135	     0	73.2	133.9	1494	OK
1136	     0	75.7	138.7	1459	OK
1137	     0	74.9	134.9	1504	OK
1138	     0	75.1	157.5	1500	OK
1139	     0	77.6	144.0	1479	OK
1140	     0	73.1	130.1	1502	OK
1141	     0	76.4	141.4	1485	OK
1142	     0	75.4	138.9	1496	OK
1143	     0	75.4	137.7	1495	OK
1144	     0	74.3	136.0	1490	OK
1145	     0	76.6	140.6	1506	OK
1146	     0	74.3	132.0	1522	OK
1147	     0	76.2	138.9	1511	OK
1148	     0	75.7	137.8	1517	OK
1149	     0	75.9	138.2	1513	OK
1150	     0	75.4	139.6	1477	OK
1151	     0	74.7	139.8	1503	OK
1152	     0	75.6	139.3	1525	OK
1153	     0	73.2	135.5	1543	OK
1154	     0	74.9	136.6	1539	OK
1155	     0	75.5	136.3	1551	OK
1156	     0	72.0	135.7	1547	OK
1157	     0	73.9	133.7	1522	OK
1158	     0	74.3	136.6	1548	OK
1159	     0	73.4	135.4	1523	OK
1160	     0	73.2	133.0	1556	OK
1161	     0	72.5	130.4	1548	OK
1162	     0	74.8	140.4	1525	OK
1163	     0	72.9	130.1	1566	OK
1164	     0	76.1	141.0	1532	OK
1165	     0	73.4	136.4	1539	OK
1166	     0	75.7	139.5	1525	OK
1167	     0	73.9	136.0	1552	OK
1168	     0	76.5	138.5	1568	OK
1169	     0	76.3	138.8	1554	OK
1170	     0	73.3	133.8	1561	OK
1171	     0	74.0	135.9	1554	OK
1172	     0	75.0	138.6	1539	OK
1173	     0	74.6	136.4	1560	OK
1174	     0	76.0	137.0	1540	OK
1175	     0	74.8	136.2	1532	OK
1176	     0	73.7	133.0	1523	OK
1177	     0	72.3	132.1	1535	OK
1178	     0	73.9	137.6	1552	OK
1179	     0	73.7	134.2	1533	OK
1180	     0	74.1	135.4	1554	OK
1181	     0	73.2	134.9	1540	OK
1182	     0	74.4	137.6	1533	OK
1183	     0	75.1	137.5	1541	OK
1184	     0	70.5	129.2	1543	OK
1185	     0	75.3	138.7	1528	OK
1186	     0	72.7	135.2	1562	OK
1187	     0	71.3	132.7	1515	OK
1188	     0	72.2	132.3	1533	OK
1189	     0	73.4	136.2	1544	OK
1190	     0	72.8	132.4	1551	OK
1191	     0	74.2	135.1	1571	OK
1192	     0	75.1	130.9	1582	OK
1193	     0	71.7	131.4	1548	OK
1194	     0	71.7	131.2	1557	OK
1195	     0	74.1	138.2	1538	OK
1196	     0	73.1	132.5	1541	OK
1197	     0	70.6	129.5	1567	OK
1198	     0	72.2	132.7	1548	OK
1199	     0	73.9	138.1	1524	OK
1200	     0	73.3	131.0	1530	OK
1201	     0	74.0	135.9	1568	OK
1202	     0	74.7	137.8	1546	OK
1203	     0	72.3	134.8	1554	OK
1204	     0	73.2	131.0	1555	OK
1205	     0	73.5	135.2	1558	OK
1206	     0	72.8	135.0	1558	OK
1207	     0	74.0	137.2	1541	OK
1208	     0	73.0	132.7	1548	OK
1209	     0	73.3	135.6	1528	OK
1210	     0	76.0	134.7	1549	OK
1211	     0	73.2	134.8	1539	OK
1212	     0	74.1	139.5	1545	OK
1213	     0	73.1	133.9	1545	OK
1214	     0	75.6	136.6	1540	OK
1215	     0	73.8	135.0	1568	OK
1216	     0	75.4	128.4	1550	OK
1217	     0	72.2	132.5	1545	OK
1218	     0	74.8	136.5	1544	OK
1219	     0	71.8	130.5	1517	OK
1220	     0	71.7	130.8	1566	OK
1221	     0	73.2	137.6	1526	OK
1222	     0	74.5	135.3	1572	OK
1223	     0	71.6	129.3	1551	OK
1224	     0	72.0	131.7	1544	OK
1225	     0	73.2	135.4	1552	OK
1226	     0	72.1	135.2	1564	OK
1227	     0	72.2	132.5	1550	OK
1228	     0	76.0	138.1	1560	OK
1229	     0	73.5	121.0	1581	OK
1230	     0	72.7	134.1	1548	OK
1231	     0	75.1	135.1	1544	OK
1232	     0	72.2	131.9	1525	OK
1233	     0	75.2	141.7	1517	OK
1234	     0	72.3	133.2	1537	OK
1235	     0	74.8	138.4	1537	OK
1236	     0	73.3	135.6	1534	OK
1237	     0	72.6	132.1	1528	OK
1238	     0	73.9	134.4	1528	OK
1239	     0	72.9	134.7	1558	OK
1240	     0	72.1	130.9	1517	OK
1241	     0	71.3	130.2	1523	OK
1242	     0	73.4	132.7	1509	OK
1243	     0	71.7	134.8	1529	OK
1244	     0	74.0	134.4	1539	OK
1245	     0	72.1	136.1	1527	OK
1246	     0	74.7	136.8	1539	OK
1247	     0	74.5	138.3	1527	OK
1248	     0	73.5	136.5	1539	OK
1249	     0	72.5	127.0	1516	OK
1250	     0	72.6	134.2	1536	OK
1251	     0	72.5	133.2	1524	OK
1252	     0	72.6	133.2	1526	OK
1253	     0	73.4	134.1	1528	OK
1254	     0	74.1	140.1	1508	OK
1255	     0	73.7	135.5	1534	OK
1256	     0	73.3	132.5	1512	OK
1257	     0	74.6	136.5	1523	OK
1258	     0	71.3	133.8	1508	OK
1259	     0	73.1	134.5	1523	OK
1260	     0	73.6	132.6	1492	OK
1261	     0	74.5	134.4	1524	OK
1262	     0	74.6	135.5	1515	OK
1263	     0	74.7	134.7	1515	OK
1264	     0	72.1	131.9	1526	OK
1265	     0	71.4	125.8	1506	OK
1266	     0	73.0	132.7	1523	OK
1267	     0	73.0	133.9	1499	OK
1268	     0	73.6	136.3	1525	OK
1269	     0	72.0	133.5	1511	OK
1270	     0	74.1	136.8	1506	OK
1271	     0	74.7	136.0	1480	OK
1272	     0	72.9	132.9	1500	OK
1273	     0	73.5	135.7	1496	OK
1274	     0	75.6	137.7	1482	OK
1275	     0	74.5	135.8	1484	OK
1276	     0	75.7	139.5	1483	OK
1277	     0	77.1	142.2	1471	OK
1278	     0	77.4	138.3	1470	OK
1279	     0	75.9	136.6	1405	OK
1280	  4000	80.0	144.0	1276	high noise
1281	  4000	74.5	136.0	1313	high noise
1282	  4000	72.3	130.8	1290	high noise
1283	  4000	76.8	141.9	1275	high noise
1284	  4000	74.9	138.9	1299	high noise
1285	  4000	74.3	139.5	1272	high noise
1286	     0	74.8	140.0	1239	OK
1287	  4000	74.7	137.4	1259	high noise
1288	     0	73.1	136.7	1218	OK
1289	     0	76.5	142.0	1185	OK
1290	     0	75.4	139.8	1202	OK
1291	     0	76.5	137.0	1209	OK
1292	     0	75.6	140.7	1210	OK
1293	     0	75.8	138.7	1185	OK
1294	     0	76.5	140.0	1189	OK
1295	     0	74.5	136.0	1176	OK
1296	     0	76.2	142.3	1173	OK
1297	     0	75.4	142.0	1162	OK
1298	     0	74.3	136.6	1190	OK
1299	     0	73.4	135.1	1183	OK
1300	     0	75.0	137.1	1192	OK
1301	     0	74.5	138.9	1187	OK
1302	     0	76.2	141.4	1167	OK
1303	     0	74.6	139.4	1182	OK
1304	     0	75.6	136.9	1169	OK
1305	     0	73.7	133.8	1187	OK
1306	     0	75.6	137.3	1170	OK
1307	     0	76.8	141.6	1168	OK
1308	     0	75.7	141.7	1168	OK
1309	     0	77.5	140.9	1184	OK
1310	     0	73.5	134.8	1210	OK
1311	     0	74.7	140.8	1163	OK
1312	     0	74.5	139.1	1194	OK
1313	     0	74.7	137.1	1211	OK
1314	     0	75.7	138.3	1181	OK
1315	     0	75.9	140.9	1189	OK
1316	     0	72.9	134.8	1183	OK
1317	     0	75.1	136.8	1209	OK
1318	     0	76.3	141.0	1205	OK
1319	     0	74.8	134.9	1197	OK
1320	     0	77.0	143.0	1184	OK
1321	     0	74.4	137.6	1172	OK
1322	     0	74.7	133.9	1175	OK
1323	     0	77.2	155.1	1196	OK
1324	     0	74.3	137.1	1193	OK
1325	     0	75.5	140.7	1191	OK
1326	     0	76.0	140.7	1205	OK
1327	     0	71.6	135.2	1200	OK
1328	     0	76.1	139.8	1200	OK
1329	     0	77.3	141.5	1189	OK
1330	     0	76.1	140.2	1193	OK
1331	     0	74.7	141.1	1207	OK
1332	     0	75.1	140.4	1184	OK
1333	     0	76.3	139.0	1181	OK
1334	     0	74.1	138.6	1209	OK
1335	     0	75.9	142.8	1187	OK
1336	     0	74.0	137.8	1202	OK
1337	     0	78.4	147.1	1200	OK
1338	     0	77.1	137.3	1222	OK
1339	     0	75.6	141.3	1219	OK
1340	     0	76.8	140.7	1218	OK
1341	     0	75.1	139.9	1206	OK
1342	     0	76.8	139.9	1200	OK
1343	     0	76.8	143.1	1202	OK
1344	     0	75.4	151.2	1201	OK
1345	     0	76.0	141.0	1209	OK
1346	     0	75.5	140.6	1197	OK
1347	     0	77.5	141.5	1217	OK
1348	     0	75.1	138.8	1199	OK
1349	     0	75.0	137.7	1206	OK
1350	     0	74.2	136.3	1222	OK
1351	     0	75.0	139.6	1234	OK
1352	     0	75.6	140.6	1220	OK
1353	     0	76.0	139.4	1195	OK
1354	     0	76.0	138.9	1221	OK
1355	     0	76.1	142.9	1190	OK
1356	     0	76.6	140.6	1202	OK
1357	     0	75.0	138.5	1193	OK
1358	     0	76.6	139.4	1202	OK
1359	     0	76.5	143.4	1198	OK
1360	     0	75.0	139.7	1199	OK
1361	     0	74.8	139.4	1216	OK
1362	     0	77.2	141.3	1219	OK
1363	     0	74.4	140.0	1224	OK
1364	     0	77.7	144.0	1210	OK
1365	     0	77.2	141.8	1188	OK
1366	     0	76.9	143.2	1216	OK
1367	     0	74.9	138.9	1190	OK
1368	     0	74.5	137.9	1217	OK
1369	     0	77.4	143.3	1232	OK
1370	     0	75.9	140.4	1200	OK
1371	     0	76.9	140.5	1194	OK
1372	     0	77.0	141.7	1209	OK
1373	     0	76.1	140.2	1195	OK
1374	     0	73.7	137.2	1178	OK
1375	     0	74.6	137.3	1206	OK
1376	     0	76.2	142.8	1194	OK
1377	     0	74.2	139.5	1200	OK
1378	     0	74.5	135.8	1198	OK
1379	     0	76.0	142.4	1219	OK
1380	     0	76.2	141.5	1188	OK
1381	     0	75.3	137.9	1194	OK
1382	     0	77.7	143.7	1204	OK
1383	     0	80.0	147.1	1197	OK
1384	     0	74.7	140.0	1192	OK
1385	     0	77.8	139.7	1194	OK
1386	     0	77.7	144.0	1196	OK
1387	     0	77.2	142.2	1197	OK
1388	     0	75.8	138.2	1208	OK
1389	     0	76.6	144.1	1208	OK
1390	     0	75.4	138.2	1183	OK
1391	     0	76.9	143.5	1179	OK
1392	     0	76.3	144.1	1216	OK
1393	     0	75.5	135.6	1202	OK
1394	     0	76.1	145.8	1217	OK
1395	     0	77.4	143.8	1190	OK
1396	     0	78.4	143.8	1201	OK
1397	     0	74.4	135.7	1194	OK
1398	     0	75.0	139.5	1191	OK
1399	     0	74.9	140.5	1202	OK
1400	     0	77.8	143.7	1204	OK
1401	     0	77.9	145.9	1203	OK
1402	     0	75.2	138.1	1204	OK
1403	     0	75.3	140.1	1205	OK
1404	     0	77.2	143.1	1210	OK
1405	     0	75.3	140.0	1200	OK
1406	     0	76.6	140.9	1201	OK
1407	     0	78.2	145.4	1225	OK
1408	     0	75.6	140.0	1166	OK
1409	     0	78.6	146.5	1162	OK
1410	     0	77.3	142.2	1155	OK
1411	     0	74.4	137.3	1167	OK
1412	     0	74.3	139.8	1141	OK
1413	     0	76.7	141.6	1182	OK
1414	     0	76.4	141.0	1169	OK
1415	     0	79.8	148.0	1167	OK
1416	     0	76.4	143.0	1165	OK
1417	     0	73.8	136.4	1206	OK
1418	     0	74.0	137.3	1168	OK
1419	     0	74.8	140.2	1172	OK
1420	     0	77.3	141.8	1155	OK
1421	     0	78.2	147.2	1156	OK
1422	     0	76.6	144.7	1159	OK
1423	     0	73.5	136.3	1174	OK
1424	     0	73.9	137.4	1179	OK
1425	     0	74.7	137.9	1163	OK
1426	     0	75.4	141.2	1147	OK
1427	     0	77.7	143.8	1174	OK
1428	     0	74.9	142.0	1182	OK
1429	     0	74.4	139.0	1167	OK
1430	     0	75.7	141.1	1157	OK
1431	     0	75.1	139.8	1151	OK
1432	     0	75.2	138.8	1151	OK
1433	     0	75.3	139.7	1182	OK
1434	     0	76.6	143.8	1175	OK
1435	     0	76.7	142.1	1151	OK
1436	     0	76.4	141.5	1168	OK
1437	     0	75.2	138.0	1155	OK
1438	     0	75.2	140.2	1138	OK
1439	     0	76.4	142.2	1164	OK
1440	     0	75.0	139.0	1157	OK
1441	     0	75.2	140.4	1153	OK
1442	     0	75.1	137.9	1156	OK
1443	     0	72.9	136.6	1184	OK
1444	     0	75.0	138.3	1183	OK
1445	     0	74.5	138.1	1155	OK
1446	     0	77.2	144.7	1149	OK
1447	     0	74.4	141.4	1160	OK
1448	     0	78.0	144.5	1147	OK
1449	     0	74.6	138.2	1150	OK
1450	     0	73.9	136.8	1140	OK
1451	     0	75.0	139.8	1167	OK
1452	     0	78.1	141.2	1149	OK
1453	     0	74.9	140.3	1153	OK
1454	     0	77.5	143.8	1163	OK
1455	     0	74.6	138.2	1149	OK
1456	     0	75.5	142.6	1161	OK
1457	     0	76.5	142.3	1169	OK
1458	     0	74.5	142.1	1158	OK
1459	     0	76.2	142.4	1136	OK
1460	     0	74.5	140.9	1164	OK
1461	     0	76.9	142.2	1168	OK
1462	     0	73.7	136.5	1165	OK
1463	     0	75.5	138.6	1175	OK
1464	     0	77.4	143.7	1187	OK
1465	     0	76.2	143.0	1157	OK
1466	     0	77.0	142.4	1150	OK
1467	     0	76.4	140.7	1145	OK
1468	     0	76.8	144.8	1162	OK
1469	     0	77.1	148.1	1174	OK
1470	     0	76.8	143.5	1165	OK
1471	     0	76.6	143.2	1143	OK
1472	     0	76.6	140.9	1200	OK
1473	     0	73.6	140.5	1146	OK
1474	     0	76.6	145.8	1157	OK
1475	     0	77.2	142.4	1182	OK
1476	     0	75.2	141.7	1170	OK
1477	     0	72.9	138.1	1150	OK
1478	     0	76.5	142.2	1183	OK
1479	     0	73.8	137.7	1159	OK
1480	     0	77.8	147.6	1162	OK
1481	     0	75.6	141.0	1146	OK
1482	     0	75.1	142.6	1159	OK
1483	     0	76.8	145.4	1174	OK
1484	     0	76.6	146.6	1158	OK
1485	     0	73.5	138.7	1171	OK
1486	     0	75.3	139.6	1170	OK
1487	     0	74.9	140.5	1156	OK
1488	     0	73.2	137.3	1179	OK
1489	     0	75.2	142.3	1152	OK
1490	     0	76.7	145.7	1160	OK
1491	     0	72.1	137.3	1156	OK
1492	     0	76.0	142.1	1167	OK
1493	     0	74.4	139.4	1181	OK
1494	     0	77.7	145.1	1166	OK
1495	     0	73.8	136.4	1160	OK
1496	     0	76.6	144.6	1177	OK
1497	     0	76.8	144.0	1165	OK
1498	     0	75.8	142.5	1190	OK
1499	     0	75.0	140.9	1155	OK
1500	     0	76.2	143.0	1158	OK
1501	     0	76.0	143.8	1166	OK
1502	     0	75.8	140.7	1175	OK
1503	     0	75.3	141.7	1145	OK
1504	     0	76.3	139.1	1175	OK
1505	     0	75.1	141.3	1145	OK
1506	     0	74.6	138.1	1187	OK
1507	     0	75.7	140.4	1170	OK
1508	     0	76.6	140.9	1166	OK
1509	     0	75.2	136.9	1161	OK
1510	     0	75.9	139.6	1163	OK
1511	     0	75.8	140.5	1175	OK
1512	     0	75.1	139.3	1170	OK
1513	     0	74.2	140.6	1152	OK
1514	     0	75.8	141.1	1162	OK
1515	     0	73.9	138.8	1171	OK
1516	     0	77.5	147.0	1154	OK
1517	     0	74.1	138.3	1169	OK
1518	     0	75.0	139.8	1191	OK
1519	     0	74.4	140.2	1154	OK
1520	     0	75.7	141.2	1173	OK
1521	     0	75.7	143.2	1163	OK
1522	     0	73.3	137.1	1172	OK
1523	     0	76.6	145.1	1185	OK
1524	     0	76.1	140.4	1163	OK
1525	     0	76.0	140.9	1177	OK
1526	     0	75.7	143.2	1179	OK
1527	     0	75.4	140.0	1170	OK
1528	     0	77.3	143.0	1150	OK
1529	     0	74.9	140.0	1161	OK
1530	     0	74.8	139.9	1172	OK
1531	     0	75.6	140.0	1162	OK
1532	     0	75.7	140.3	1182	OK
1533	     0	77.0	145.1	1164	OK
1534	     0	77.5	144.1	1184	OK
1535	     0	77.5	143.8	1188	OK
1536	     0	73.8	139.3	1232	OK
1537	     0	75.3	140.7	1189	OK
1538	     0	76.4	142.6	1209	OK
1539	     0	74.4	138.5	1195	OK
1540	     0	77.2	142.3	1212	OK
1541	     0	74.9	140.4	1212	OK
1542	     0	75.5	141.7	1213	OK
1543	     0	76.0	141.9	1189	OK
1544	     0	73.1	135.4	1212	OK
1545	     0	76.2	141.4	1177	OK
1546	     0	76.3	142.3	1226	OK
1547	     0	75.1	139.5	1206	OK
1548	     0	77.4	143.3	1236	OK
1549	     0	76.2	138.8	1204	OK
1550	     0	73.9	138.2	1195	OK
1551	     0	75.7	141.5	1209	OK
1552	     0	75.9	140.7	1201	OK
1553	     0	73.8	137.8	1216	OK
1554	     0	74.8	138.6	1211	OK
1555	     0	77.1	145.5	1217	OK
1556	     0	74.7	138.1	1219	OK
1557	     0	73.7	137.0	1201	OK
1558	     0	73.6	137.1	1211	OK
1559	     0	75.1	139.3	1208	OK
1560	     0	74.4	139.2	1208	OK
1561	     0	76.1	139.6	1243	OK
1562	     0	73.8	136.6	1212	OK
1563	     0	74.5	139.2	1196	OK
1564	     0	73.2	136.9	1206	OK
1565	     0	76.5	142.7	1217	OK
1566	     0	76.0	156.5	1214	OK
1567	     0	74.7	146.5	1217	OK
1568	     0	76.4	140.2	1224	OK
1569	     0	76.7	144.0	1212	OK
1570	     0	74.3	139.4	1198	OK
1571	     0	75.8	139.0	1221	OK
1572	     0	74.1	136.4	1227	OK
1573	     0	75.9	141.7	1223	OK
1574	     0	75.2	139.2	1217	OK
1575	     0	75.7	141.4	1228	OK
1576	     0	72.9	136.4	1208	OK
1577	     0	75.2	140.4	1221	OK
1578	     0	75.4	138.4	1244	OK
1579	     0	73.7	137.1	1210	OK
1580	     0	74.3	138.2	1205	OK
1581	     0	74.3	137.8	1185	OK
1582	     0	76.9	142.9	1215	OK
1583	     0	73.9	137.9	1215	OK
1584	     0	74.6	139.6	1227	OK
1585	     0	74.0	138.6	1201	OK
1586	     0	75.3	143.7	1230	OK
1587	     0	75.7	142.0	1221	OK
1588	     0	73.9	133.1	1248	OK
1589	     0	75.8	139.2	1226	OK
1590	     0	76.0	139.5	1230	OK
1591	     0	74.2	138.9	1233	OK
1592	     0	75.7	140.9	1225	OK
1593	     0	77.2	141.4	1220	OK
1594	     0	74.5	139.0	1221	OK
1595	     0	76.1	139.5	1240	OK
1596	     0	76.0	140.5	1211	OK
1597	     0	74.9	139.6	1233	OK
1598	     0	75.1	142.0	1249	OK
1599	     0	76.1	140.4	1205	OK
1600	     0	73.6	137.1	1237	OK
1601	     0	73.2	135.5	1210	OK
1602	     0	76.2	142.4	1223	OK
1603	     0	72.1	133.6	1226	OK
1604	     0	75.4	141.6	1199	OK
1605	     0	74.1	139.5	1198	OK
1606	     0	74.9	140.2	1219	OK
1607	     0	72.8	131.1	1235	OK
1608	     0	72.4	134.7	1224	OK
1609	     0	74.9	140.2	1208	OK
1610	     0	75.8	142.7	1227	OK
1611	     0	76.0	138.9	1218	OK
1612	     0	72.9	136.5	1212	OK
1613	     0	75.6	141.7	1216	OK
1614	     0	73.0	136.0	1225	OK
1615	     0	75.6	136.4	1212	OK
1616	     0	76.3	143.3	1214	OK
1617	     0	76.4	141.4	1179	OK
1618	     0	74.2	138.2	1190	OK
1619	     0	73.2	136.8	1225	OK
1620	     0	73.2	138.2	1223	OK
1621	     0	73.1	136.6	1219	OK
1622	     0	73.8	134.4	1201	OK
1623	     0	73.7	136.8	1221	OK
1624	     0	76.0	139.4	1213	OK
1625	     0	74.6	136.4	1196	OK
1626	     0	77.1	147.7	1206	OK
1627	     0	76.5	142.3	1211	OK
1628	     0	74.3	136.5	1222	OK
1629	     0	73.8	136.5	1196	OK
1630	     0	77.6	141.2	1198	OK
1631	     0	73.8	136.1	1200	OK
1632	     0	75.1	141.0	1207	OK
1633	     0	76.2	143.4	1208	OK
1634	     0	76.3	140.7	1197	OK
1635	     0	74.0	137.4	1213	OK
1636	     0	74.1	141.8	1207	OK
1637	     0	74.5	141.2	1204	OK
1638	     0	73.6	137.1	1244	OK
1639	     0	73.4	134.7	1197	OK
1640	     0	74.1	139.0	1212	OK
1641	     0	74.9	138.7	1199	OK
1642	     0	73.3	137.7	1194	OK
1643	     0	74.7	140.8	1197	OK
1644	     0	74.2	138.1	1209	OK
1645	     0	73.0	135.5	1208	OK
1646	     0	75.7	140.5	1211	OK
1647	     0	75.1	138.0	1224	OK
1648	     0	74.8	137.4	1228	OK
1649	     0	74.3	136.9	1215	OK
1650	     0	76.7	139.7	1205	OK
1651	     0	76.7	143.5	1221	OK
1652	     0	75.1	138.3	1194	OK
1653	     0	73.0	137.5	1234	OK
1654	     0	77.3	141.9	1204	OK
1655	     0	74.3	138.5	1234	OK
1656	     0	74.9	139.2	1205	OK
1657	     0	74.9	136.2	1210	OK
1658	     0	74.4	137.8	1210	OK
1659	     0	76.0	143.6	1217	OK
1660	     0	76.4	141.1	1218	OK
1661	     0	74.4	138.2	1192	OK
1662	     0	76.1	140.9	1203	OK
1663	     0	76.3	139.5	1209	OK
1664	     0	73.9	140.1	1215	OK
1665	     0	73.5	136.4	1235	OK
1666	     0	73.0	135.5	1253	OK
1667	     0	73.1	140.3	1221	OK
1668	     0	73.3	135.9	1242	OK
1669	     0	70.8	132.6	1228	OK
1670	     0	74.4	140.3	1212	OK
1671	     0	73.6	136.5	1234	OK
1672	     0	71.0	131.5	1205	OK
1673	     0	72.1	133.7	1206	OK
1674	     0	70.5	131.1	1230	OK
1675	     0	72.0	132.2	1203	OK
1676	     0	73.0	136.5	1245	OK
1677	     0	72.6	137.6	1221	OK
1678	     0	71.0	129.9	1219	OK
1679	     0	71.9	133.4	1232	OK
1680	     0	70.6	133.1	1247	OK
1681	     0	69.7	130.7	1236	OK
1682	     0	72.3	134.3	1216	OK
1683	     0	74.2	138.1	1231	OK
1684	     0	72.6	134.4	1218	OK
1685	     0	71.4	132.5	1225	OK
1686	     0	72.0	133.6	1231	OK
1687	     0	74.1	139.7	1209	OK
1688	     0	73.2	137.8	1226	OK
1689	     0	72.2	133.0	1251	OK
1690	     0	71.9	135.6	1229	OK
1691	     0	72.7	133.2	1202	OK
1692	     0	71.0	132.4	1223	OK
1693	     0	71.5	130.8	1235	OK
1694	     0	73.2	133.5	1238	OK
1695	     0	72.3	133.6	1239	OK
1696	     0	72.9	136.1	1217	OK
1697	     0	72.6	134.5	1208	OK
1698	     0	72.1	132.6	1247	OK
1699	     0	72.6	134.1	1237	OK
1700	     0	72.8	135.4	1221	OK
1701	     0	73.3	135.8	1243	OK
1702	     0	71.8	133.9	1192	OK
1703	     0	71.9	134.8	1244	OK
1704	     0	73.5	135.4	1217	OK
1705	     0	71.5	133.7	1227	OK
1706	     0	71.9	132.9	1217	OK
1707	     0	71.3	133.0	1236	OK
1708	     0	73.9	135.5	1245	OK
1709	     0	72.3	136.4	1258	OK
1710	     0	72.6	133.7	1236	OK
1711	     0	72.7	135.3	1231	OK
1712	     0	72.5	137.3	1238	OK
1713	     0	73.0	134.9	1238	OK
1714	     0	74.2	139.1	1238	OK
1715	     0	72.6	135.6	1237	OK
1716	     0	71.1	131.7	1253	OK
1717	     0	73.5	135.6	1243	OK
1718	     0	70.6	129.2	1235	OK
1719	     0	72.3	138.4	1237	OK
1720	     0	73.9	139.6	1240	OK
1721	     0	69.7	128.9	1257	OK
1722	     0	74.5	137.3	1241	OK
1723	     0	72.2	131.8	1252	OK
1724	     0	73.4	136.4	1253	OK
1725	     0	72.6	134.9	1236	OK
1726	     0	72.4	134.3	1225	OK
1727	     0	73.0	135.5	1225	OK
1728	     0	74.8	141.5	1238	OK
1729	     0	71.6	133.7	1225	OK
1730	     0	73.6	137.0	1241	OK
1731	     0	72.8	134.8	1210	OK
1732	     0	72.3	136.2	1217	OK
1733	     0	74.1	138.9	1195	OK
1734	     0	72.4	132.4	1259	OK
1735	     0	73.8	137.5	1211	OK
1736	     0	73.9	137.2	1224	OK
1737	     0	75.6	142.2	1218	OK
1738	     0	75.3	143.7	1224	OK
1739	     0	73.2	134.9	1250	OK
1740	     0	72.8	135.8	1225	OK
1741	     0	72.9	135.4	1229	OK
1742	     0	73.9	138.7	1233	OK
1743	     0	73.1	138.0	1244	OK
1744	     0	73.9	135.1	1224	OK
1745	     0	73.1	136.8	1228	OK
1746	     0	72.0	133.8	1235	OK
1747	     0	74.3	137.0	1220	OK
1748	     0	72.7	138.9	1197	OK
1749	     0	72.6	134.6	1240	OK
1750	     0	71.8	133.2	1200	OK
1751	     0	72.0	135.8	1244	OK
1752	     0	72.4	135.8	1221	OK
1753	     0	71.5	133.4	1233	OK
1754	     0	72.2	134.5	1244	OK
1755	     0	73.6	135.9	1225	OK
1756	     0	73.2	136.6	1208	OK
1757	     0	71.6	133.6	1240	OK
1758	     0	71.6	131.1	1247	OK
1759	     0	71.6	134.8	1189	OK
1760	     0	73.0	136.1	1241	OK
1761	     0	74.0	136.4	1244	OK
1762	     0	74.3	134.9	1218	OK
1763	     0	73.0	137.4	1234	OK
1764	     0	73.4	137.9	1225	OK
1765	     0	71.2	133.9	1236	OK
1766	     0	71.5	135.1	1234	OK
1767	     0	73.1	136.1	1219	OK
1768	     0	70.3	130.1	1227	OK
1769	     0	74.3	136.2	1214	OK
1770	     0	72.3	131.2	1218	OK
1771	     0	72.4	136.7	1239	OK
1772	     0	72.7	133.6	1219	OK
1773	     0	72.0	133.2	1221	OK
1774	     0	73.7	136.2	1219	OK
1775	     0	72.6	127.3	1225	OK
1776	     0	72.3	134.0	1228	OK
1777	     0	74.1	135.1	1197	OK
1778	     0	72.8	134.5	1226	OK
1779	     0	72.2	134.0	1222	OK
1780	     0	74.4	134.7	1267	OK
1781	     0	71.0	134.1	1228	OK
1782	     0	71.7	137.0	1217	OK
1783	     0	72.8	120.2	1248	OK
1784	     0	74.0	137.4	1247	OK
1785	     0	73.8	142.5	1254	OK
1786	     0	74.1	138.7	1220	OK
1787	     0	74.1	137.2	1214	OK
1788	     0	74.0	138.3	1229	OK
1789	     0	73.6	134.6	1220	OK
1790	     0	73.1	135.4	1227	OK
1791	     0	71.8	129.6	1252	OK
1792	     0	74.1	137.9	1224	OK
1793	     0	73.9	133.5	1233	OK
1794	     0	72.3	133.2	1232	OK
1795	     0	73.1	136.2	1239	OK
1796	     0	69.2	127.7	1263	OK
1797	     0	72.9	135.3	1227	OK
1798	     0	70.7	131.3	1235	OK
1799	     0	72.2	136.4	1213	OK
1800	     0	69.6	131.5	1257	OK
1801	     0	71.8	131.6	1235	OK
1802	     0	71.4	131.4	1236	OK
1803	     0	70.0	134.1	1238	OK
1804	     0	71.9	131.7	1255	OK
1805	     0	72.3	136.3	1257	OK
1806	     0	71.1	131.0	1247	OK
1807	     0	72.4	136.8	1258	OK
1808	     0	70.6	132.5	1235	OK
1809	     0	68.9	126.0	1246	OK
1810	     0	73.1	134.5	1246	OK
1811	     0	72.3	133.0	1258	OK
1812	     0	71.8	130.6	1239	OK
1813	     0	73.5	137.6	1236	OK
1814	     0	72.4	133.9	1281	OK
1815	     0	71.5	131.1	1234	OK
1816	     0	71.8	134.5	1245	OK
1817	     0	70.2	137.1	1227	OK
1818	     0	70.2	132.8	1262	OK
1819	     0	70.4	130.7	1256	OK
1820	     0	72.2	134.1	1264	OK
1821	     0	71.8	132.4	1264	OK
1822	     0	72.1	132.8	1241	OK
1823	     0	72.4	134.8	1268	OK
1824	     0	69.7	131.7	1291	OK
1825	     0	72.5	132.0	1273	OK
1826	     0	72.9	137.3	1257	OK
1827	     0	71.0	131.2	1263	OK
1828	     0	72.4	133.1	1266	OK
1829	     0	69.6	129.7	1280	OK
1830	     0	72.5	133.2	1282	OK
1831	     0	71.5	132.5	1260	OK
1832	     0	71.7	132.9	1262	OK
1833	     0	73.8	136.8	1285	OK
1834	     0	73.2	135.7	1287	OK
1835	     0	72.9	137.3	1290	OK
1836	     0	74.0	138.7	1272	OK
1837	     0	75.2	137.5	1276	OK
1838	     0	70.8	132.8	1275	OK
1839	     0	71.9	134.2	1292	OK
1840	     0	70.6	132.6	1271	OK
1841	     0	70.9	133.2	1302	OK
1842	     0	69.8	129.4	1264	OK
1843	     0	71.6	133.3	1276	OK
1844	     0	71.8	134.1	1294	OK
1845	     0	68.8	126.1	1279	OK
1846	     0	70.6	130.9	1292	OK
1847	     0	71.0	133.1	1277	OK
1848	     0	69.5	128.6	1282	OK
1849	     0	70.0	131.4	1280	OK
1850	     0	71.6	134.8	1300	OK
1851	     0	72.0	134.7	1286	OK
1852	     0	71.9	135.2	1278	OK
1853	     0	68.6	128.0	1269	OK
1854	     0	72.1	133.7	1308	OK
1855	     0	72.6	131.7	1298	OK
1856	     0	73.1	134.6	1301	OK
1857	     0	74.2	138.9	1321	OK
1858	     0	70.2	130.5	1314	OK
1859	     0	70.0	132.5	1324	OK
1860	     0	70.4	131.8	1328	OK
1861	     0	71.4	136.4	1314	OK
1862	     0	69.7	129.9	1321	OK
1863	     0	70.2	131.7	1306	OK
1864	     0	72.8	136.5	1333	OK
1865	     0	72.3	132.4	1326	OK
1866	     0	71.6	134.2	1326	OK
1867	     0	72.6	133.4	1322	OK
1868	     0	72.4	134.4	1331	OK
1869	     0	72.3	137.5	1311	OK
1870	     0	70.6	134.2	1303	OK
1871	     0	73.0	136.8	1327	OK
1872	     0	71.6	130.9	1323	OK
1873	     0	70.6	133.4	1346	OK
1874	     0	72.4	133.5	1332	OK
1875	     0	71.8	129.5	1335	OK
1876	     0	69.4	129.7	1328	OK
1877	     0	71.6	134.4	1313	OK
1878	     0	71.4	132.0	1342	OK
1879	     0	69.5	130.3	1343	OK
1880	     0	70.0	131.3	1345	OK
1881	     0	70.3	128.8	1327	OK
1882	     0	70.4	131.6	1328	OK
1883	     0	72.2	132.1	1313	OK
1884	     0	72.4	134.4	1335	OK
1885	     0	70.6	129.6	1383	OK
1886	     0	72.1	134.7	1325	OK
1887	     0	70.6	132.7	1340	OK
1888	     0	70.4	133.9	1322	OK
1889	     0	69.6	129.4	1339	OK
1890	     0	68.3	126.0	1353	OK
1891	     0	71.9	134.0	1340	OK
1892	     0	71.5	131.0	1333	OK
1893	     0	72.5	133.8	1346	OK
1894	     0	69.6	133.6	1354	OK
1895	     0	71.5	130.8	1355	OK
1896	     0	70.0	131.6	1342	OK
1897	     0	72.8	133.8	1329	OK
1898	     0	70.4	135.8	1357	OK
1899	     0	70.4	131.4	1358	OK
1900	     0	69.7	127.0	1351	OK
1901	     0	70.3	133.0	1347	OK
1902	     0	70.3	130.5	1353	OK
1903	     0	72.3	137.4	1354	OK
1904	     0	72.1	132.7	1363	OK
1905	     0	68.6	126.2	1369	OK
1906	     0	73.4	137.7	1362	OK
1907	     0	71.4	136.1	1357	OK
1908	     0	69.9	129.0	1345	OK
1909	     0	70.5	130.8	1368	OK
1910	     0	73.9	137.0	1327	OK
1911	     0	71.7	133.5	1375	OK
1912	     0	72.7	134.8	1344	OK
1913	     0	73.5	137.1	1356	OK
1914	     0	70.3	131.3	1349	OK
1915	     0	71.0	130.3	1356	OK
1916	     0	73.7	137.9	1368	OK
1917	     0	73.6	135.0	1376	OK
1918	     0	73.7	136.8	1374	OK
1919	     0	73.9	137.6	1342	OK
1920	     0	71.4	133.9	1422	OK
1921	     0	74.3	135.9	1400	OK
1922	     0	70.6	130.0	1416	OK
1923	     0	71.2	134.4	1417	OK
1924	     0	71.5	135.2	1438	OK
1925	     0	72.8	135.7	1391	OK
1926	     0	68.9	127.9	1403	OK
1927	     0	70.1	129.8	1419	OK
1928	     0	69.8	131.3	1415	OK
1929	     0	68.8	131.2	1421	OK
1930	     0	71.4	133.6	1419	OK
1931	     0	70.6	138.6	1410	OK
1932	     0	70.4	128.7	1426	OK
1933	     0	70.7	135.7	1398	OK
1934	     0	72.1	134.5	1404	OK
1935	     0	70.1	143.6	1424	OK
1936	     0	69.7	129.4	1427	OK
1937	     0	72.3	137.5	1451	OK
1938	     0	72.1	133.7	1435	OK
1939	     0	71.8	134.7	1428	OK
1940	     0	73.8	133.3	1441	OK
1941	     0	72.0	136.4	1425	OK
1942	     0	69.1	127.7	1439	OK
1943	     0	68.8	124.9	1448	OK
1944	     0	71.2	135.6	1402	OK
1945	     0	70.5	132.1	1424	OK
1946	     0	72.3	135.1	1420	OK
1947	     0	70.6	129.0	1454	OK
1948	     0	69.9	130.9	1410	OK
1949	     0	70.2	132.6	1453	OK
1950	     0	68.9	127.3	1443	OK
1951	     0	69.1	130.0	1424	OK
1952	     0	70.4	130.9	1440	OK
1953	     0	71.1	133.0	1433	OK
1954	     0	70.3	130.8	1413	OK
1955	     0	70.1	131.5	1420	OK
1956	     0	69.4	126.1	1426	OK
1957	     0	72.0	135.6	1428	OK
1958	     0	69.7	128.9	1420	OK
1959	     0	71.9	131.4	1438	OK
1960	     0	69.7	131.5	1425	OK
1961	     0	69.4	131.3	1449	OK
1962	     0	69.3	129.6	1447	OK
1963	     0	69.3	125.2	1435	OK
1964	     0	69.3	129.2	1425	OK
1965	     0	69.5	131.4	1413	OK
1966	     0	73.0	133.6	1421	OK
1967	     0	69.5	130.7	1421	OK
1968	     0	70.0	131.0	1427	OK
1969	     0	73.2	136.5	1425	OK
1970	     0	72.6	136.0	1419	OK
1971	     0	71.3	135.3	1411	OK
1972	     0	71.2	134.1	1424	OK
1973	     0	69.9	129.8	1425	OK
1974	     0	70.0	128.8	1407	OK
1975	     0	69.8	127.4	1436	OK
1976	     0	69.4	129.2	1437	OK
1977	     0	70.7	130.1	1411	OK
1978	     0	71.2	133.5	1426	OK
1979	     0	69.2	128.8	1412	OK
1980	     0	71.3	135.3	1447	OK
1981	     0	70.4	132.1	1412	OK
1982	     0	70.7	134.7	1427	OK
1983	     0	72.7	135.4	1396	OK
1984	     0	71.8	132.9	1424	OK
1985	     0	72.7	135.4	1422	OK
1986	     0	70.8	123.5	1397	OK
1987	     0	70.8	130.8	1412	OK
1988	     0	73.2	141.4	1400	OK
1989	     0	70.2	130.6	1397	OK
1990	     0	71.9	134.3	1429	OK
1991	     0	71.8	135.7	1397	OK
1992	     0	74.3	137.7	1394	OK
1993	     0	69.6	131.5	1390	OK
1994	     0	72.8	135.0	1403	OK
1995	     0	70.1	130.6	1396	OK
1996	     0	69.7	128.9	1441	OK
1997	     0	71.0	125.1	1426	OK
1998	     0	72.3	134.3	1418	OK
1999	     0	71.6	131.0	1423	OK
2000	     0	70.3	129.8	1409	OK
2001	     0	69.7	129.7	1389	OK
2002	     0	71.8	133.8	1410	OK
2003	     0	70.0	133.4	1409	OK
2004	     0	69.7	129.5	1412	OK
2005	     0	72.4	136.3	1386	OK
2006	     0	71.0	131.8	1400	OK
2007	     0	72.9	136.3	1422	OK
2008	     0	71.6	132.0	1412	OK
2009	     0	71.8	135.3	1381	OK
2010	     0	72.6	136.2	1417	OK
2011	     0	71.1	131.4	1378	OK
2012	     0	72.4	135.7	1424	OK
2013	     0	71.8	132.5	1404	OK
2014	     0	71.6	132.8	1417	OK
2015	     0	70.3	132.0	1408	OK
2016	     0	69.9	129.9	1401	OK
2017	     0	70.7	130.8	1416	OK
2018	     0	70.3	131.8	1385	OK
2019	     0	70.1	131.9	1403	OK
2020	     0	73.1	136.2	1403	OK
2021	     0	72.2	133.3	1391	OK
2022	     0	72.0	131.9	1401	OK
2023	     0	71.9	135.3	1394	OK
2024	     0	70.5	131.8	1398	OK
2025	     0	71.2	131.7	1435	OK
2026	     0	73.1	136.3	1442	OK
2027	     0	71.0	134.5	1403	OK
2028	     0	70.5	130.5	1420	OK
2029	     0	72.8	136.2	1417	OK
2030	     0	72.8	132.7	1403	OK
2031	     0	71.3	131.4	1413	OK
2032	     0	74.2	139.6	1370	OK
2033	     0	72.9	134.6	1400	OK
2034	     0	73.3	138.8	1410	OK
2035	     0	73.0	136.2	1429	OK
2036	     0	73.4	140.8	1388	OK
2037	     0	72.8	131.1	1408	OK
2038	     0	70.6	133.7	1397	OK
2039	     0	73.0	137.3	1395	OK
2040	     0	73.8	133.8	1429	OK
2041	     0	73.5	135.2	1417	OK
2042	     0	73.3	133.0	1414	OK
2043	     0	71.4	133.8	1410	OK
2044	     0	73.7	135.9	1407	OK
2045	     0	71.9	131.5	1403	OK
2046	     0	72.3	135.8	1403	OK
2047	     0	73.0	136.1	1404	OK
2048	     0	74.4	136.9	1383	OK
2049	     0	71.3	132.5	1384	OK
2050	     0	75.6	140.8	1391	OK
2051	     0	73.8	136.0	1386	OK
2052	     0	73.4	135.8	1389	OK
2053	     0	72.6	133.2	1381	OK
2054	     0	72.4	131.7	1392	OK
2055	     0	75.2	138.0	1388	OK
2056	     0	74.9	137.8	1390	OK
2057	     0	74.3	138.7	1388	OK
2058	     0	74.7	135.3	1404	OK
2059	     0	72.6	132.9	1388	OK
2060	     0	72.7	132.9	1383	OK
2061	     0	73.5	134.3	1396	OK
2062	     0	74.7	135.1	1400	OK
2063	     0	75.0	142.1	1373	OK
2064	     0	73.6	133.9	1383	OK
2065	     0	74.9	138.0	1385	OK
2066	     0	73.3	138.1	1399	OK
2067	     0	71.7	128.5	1387	OK
2068	     0	73.0	134.8	1399	OK
2069	     0	71.6	133.1	1407	OK
2070	     0	70.7	127.9	1403	OK
2071	     0	74.8	137.3	1391	OK
2072	     0	74.0	132.7	1390	OK
2073	     0	74.0	134.3	1388	OK
2074	     0	73.2	136.4	1435	OK
2075	     0	72.4	131.9	1388	OK
2076	     0	74.4	137.1	1385	OK
2077	     0	74.3	134.7	1385	OK
2078	     0	73.1	135.1	1426	OK
2079	     0	74.6	138.0	1350	OK
2080	     0	72.8	135.4	1391	OK
2081	     0	75.6	139.2	1370	OK
2082	     0	72.4	132.1	1395	OK
2083	     0	72.4	134.2	1383	OK
2084	     0	73.1	134.2	1401	OK
2085	     0	73.4	135.3	1402	OK
2086	     0	71.4	130.9	1406	OK
2087	     0	70.9	130.0	1403	OK
2088	     0	74.0	135.0	1400	OK
2089	     0	75.1	136.4	1402	OK
2090	     0	74.1	135.0	1400	OK
2091	     0	72.1	132.8	1423	OK
2092	     0	72.7	135.7	1415	OK
2093	     0	72.2	132.8	1391	OK
2094	     0	72.9	131.2	1429	OK
2095	     0	72.6	132.7	1397	OK
2096	     0	73.2	137.2	1419	OK
2097	     0	76.2	139.4	1384	OK
2098	     0	72.7	134.6	1422	OK
2099	     0	73.5	135.0	1414	OK
2100	     0	73.3	136.1	1403	OK
2101	     0	72.5	135.1	1428	OK
2102	     0	76.2	136.9	1403	OK
2103	     0	73.1	134.2	1423	OK
2104	     0	70.0	129.9	1400	OK
2105	     0	74.3	137.2	1422	OK
2106	     0	71.8	128.2	1419	OK
2107	     0	74.0	137.3	1413	OK
2108	     0	74.6	136.9	1415	OK
2109	     0	74.0	134.2	1424	OK
2110	     0	73.9	135.8	1417	OK
2111	     0	75.4	134.3	1407	OK
2112	     0	71.3	131.9	1406	OK
2113	     0	75.1	138.6	1420	OK
2114	     0	72.5	130.3	1436	OK
2115	     0	74.6	138.1	1403	OK
2116	     0	73.8	137.4	1431	OK
2117	     0	73.6	132.2	1391	OK
2118	     0	74.8	136.9	1385	OK
2119	     0	73.5	135.3	1423	OK
2120	     0	74.1	137.3	1416	OK
2121	     0	74.5	137.1	1402	OK
2122	     0	73.2	132.3	1415	OK
2123	     0	73.8	134.4	1418	OK
2124	     0	74.9	137.6	1395	OK
2125	     0	72.8	135.2	1395	OK
2126	     0	75.3	139.5	1413	OK
2127	     0	75.5	141.9	1413	OK
2128	     0	74.9	139.6	1431	OK
2129	     0	74.6	141.1	1401	OK
2130	     0	74.2	135.2	1447	OK
2131	     0	74.9	138.8	1408	OK
2132	     0	76.5	137.6	1438	OK
2133	     0	75.3	141.3	1408	OK
2134	     0	73.9	132.8	1399	OK
2135	     0	74.1	140.2	1387	OK
2136	     0	74.7	135.7	1415	OK
2137	     0	76.7	142.7	1431	OK
2138	     0	77.3	139.0	1433	OK
2139	     0	74.3	139.3	1405	OK
2140	     0	75.4	138.5	1404	OK
2141	     0	75.2	138.6	1417	OK
2142	     0	75.2	137.1	1446	OK
2143	     0	74.7	137.4	1393	OK
2144	     0	76.3	143.4	1414	OK
2145	     0	76.0	137.3	1429	OK
2146	     0	73.5	137.0	1425	OK
2147	     0	73.4	136.9	1414	OK
2148	     0	73.6	135.0	1421	OK
2149	     0	74.4	138.8	1411	OK
2150	     0	74.7	137.6	1420	OK
2151	     0	73.5	135.0	1402	OK
2152	     0	74.0	137.6	1398	OK
2153	     0	74.0	137.2	1406	OK
2154	     0	73.8	135.0	1427	OK
2155	     0	72.9	133.5	1421	OK
2156	     0	73.4	133.2	1409	OK
2157	     0	73.2	134.7	1421	OK
2158	     0	73.1	135.7	1421	OK
2159	     0	74.0	137.1	1408	OK
2160	     0	75.3	134.0	1431	OK
2161	     0	72.5	131.2	1394	OK
2162	     0	72.6	131.7	1416	OK
2163	     0	72.0	132.8	1410	OK
2164	     0	74.9	136.6	1425	OK
2165	     0	74.9	139.5	1396	OK
2166	     0	72.0	131.7	1411	OK
2167	     0	75.8	139.9	1404	OK
2168	  4000	71.6	112.6	1478	high noise
2169	     0	75.6	139.6	1422	OK
2170	     0	74.3	138.1	1421	OK
2171	     0	74.6	136.8	1403	OK
2172	     0	74.5	139.4	1410	OK
2173	     0	77.2	140.3	1433	OK
2174	     0	76.6	141.8	1418	OK
2175	     0	73.6	136.4	1411	OK
2176	     0	71.9	131.4	1455	OK
2177	     0	72.3	131.8	1463	OK
2178	     0	71.8	131.7	1441	OK
2179	     0	70.9	132.5	1463	OK
2180	     0	71.3	134.3	1426	OK
2181	     0	74.3	137.4	1441	OK
2182	     0	71.5	134.8	1456	OK
2183	     0	70.0	130.3	1445	OK
2184	     0	70.1	127.4	1469	OK
2185	     0	71.8	132.7	1475	OK
2186	     0	70.8	130.7	1474	OK
2187	     0	71.1	126.3	1454	OK
2188	     0	73.8	138.1	1435	OK
2189	     0	70.1	128.8	1470	OK
2190	     0	70.4	131.6	1475	OK
2191	     0	70.3	128.5	1436	OK
2192	     0	71.3	135.0	1464	OK
2193	     0	71.3	131.9	1435	OK
2194	     0	73.4	136.6	1469	OK
2195	     0	71.0	131.6	1458	OK
2196	     0	72.4	129.4	1483	OK
2197	     0	70.6	128.2	1477	OK
2198	     0	70.0	130.4	1464	OK
2199	     0	67.8	124.9	1470	OK
2200	     0	70.0	129.8	1452	OK
2201	     0	73.6	137.6	1460	OK
2202	     0	69.5	130.0	1461	OK
2203	     0	69.4	125.5	1476	OK
2204	     0	69.6	128.6	1465	OK
2205	     0	71.8	134.3	1477	OK
2206	     0	71.4	133.2	1459	OK
2207	     0	72.7	132.5	1467	OK
2208	     0	73.6	135.9	1441	OK
2209	     0	73.3	135.2	1465	OK
2210	     0	69.0	128.1	1455	OK
2211	     0	72.1	136.0	1450	OK
2212	     0	69.0	128.6	1460	OK
2213	     0	72.7	135.1	1474	OK
2214	     0	73.2	137.0	1446	OK
2215	     0	70.5	131.2	1452	OK
2216	     0	70.8	130.0	1463	OK
2217	     0	71.1	131.9	1490	OK
2218	     0	69.4	129.2	1475	OK
2219	     0	69.9	126.8	1480	OK
2220	     0	70.5	132.2	1471	OK
2221	     0	73.5	133.2	1477	OK
2222	     0	71.3	133.7	1476	OK
2223	     0	69.0	126.9	1445	OK
2224	     0	73.4	134.2	1487	OK
2225	     0	70.3	130.4	1458	OK
2226	     0	70.6	129.3	1452	OK
2227	     0	73.0	135.8	1473	OK
2228	     0	73.4	135.7	1473	OK
2229	     0	72.7	135.0	1504	OK
2230	     0	73.7	135.1	1478	OK
2231	     0	72.4	133.7	1471	OK
2232	     0	70.2	126.3	1499	OK
2233	     0	69.2	128.2	1474	OK
2234	     0	72.7	131.7	1475	OK
2235	     0	69.2	127.1	1471	OK
2236	     0	71.7	135.7	1479	OK
2237	     0	72.2	133.8	1486	OK
2238	     0	72.8	131.1	1467	OK
2239	     0	71.4	133.0	1455	OK
2240	     0	71.5	133.8	1477	OK
2241	     0	73.2	138.0	1458	OK
2242	     0	69.9	127.5	1462	OK
2243	     0	68.7	127.1	1448	OK
2244	     0	70.2	130.0	1449	OK
2245	     0	70.6	133.5	1462	OK
2246	     0	73.2	133.6	1456	OK
2247	     0	71.3	130.1	1462	OK
2248	     0	71.1	133.8	1460	OK
2249	     0	66.8	127.8	1493	OK
2250	     0	70.7	130.7	1477	OK
2251	     0	72.0	133.2	1500	OK
2252	     0	71.3	131.3	1471	OK
2253	     0	71.8	133.9	1471	OK
2254	     0	72.0	131.5	1509	OK
2255	     0	70.5	130.5	1490	OK
2256	     0	70.6	132.9	1515	OK
2257	     0	69.7	128.5	1496	OK
2258	     0	69.5	128.9	1489	OK
2259	     0	71.2	132.2	1486	OK
2260	     0	69.9	127.7	1489	OK
2261	     0	71.3	133.4	1486	OK
2262	     0	69.0	128.6	1508	OK
2263	     0	70.2	123.5	1493	OK
2264	     0	71.4	130.2	1505	OK
2265	     0	72.2	148.2	1478	OK
2266	     0	73.1	135.2	1475	OK
2267	     0	72.4	135.5	1505	OK
2268	     0	70.6	133.5	1476	OK
2269	     0	72.0	133.9	1498	OK
2270	     0	70.8	132.1	1456	OK
2271	     0	70.4	131.7	1468	OK
2272	     0	71.3	129.9	1508	OK
2273	     0	72.2	134.6	1459	OK
2274	     0	71.1	130.7	1479	OK
2275	     0	71.4	133.7	1481	OK
2276	     0	70.7	131.0	1487	OK
2277	     0	72.7	136.0	1457	OK
2278	     0	72.9	145.0	1471	OK
2279	     0	72.8	134.6	1484	OK
2280	     0	70.5	131.2	1497	OK
2281	     0	70.8	132.1	1500	OK
2282	     0	69.5	129.4	1486	OK
2283	     0	67.5	121.9	1505	OK
2284	     0	71.2	133.0	1483	OK
2285	     0	68.8	128.1	1481	OK
2286	     0	71.1	133.7	1490	OK
2287	     0	71.6	130.8	1500	OK
2288	     0	70.1	130.9	1484	OK
2289	     0	71.3	134.0	1487	OK
2290	     0	70.1	130.1	1501	OK
2291	     0	69.8	129.7	1503	OK
2292	     0	70.7	131.8	1503	OK
2293	     0	70.1	128.1	1492	OK
2294	     0	69.6	129.0	1492	OK
2295	     0	71.8	133.2	1481	OK
2296	     0	69.6	127.3	1459	OK
2297	     0	72.0	133.9	1480	OK
2298	     0	68.6	127.4	1486	OK
2299	     0	71.4	131.8	1487	OK
2300	     0	69.5	126.6	1490	OK
2301	     0	72.1	130.8	1489	OK
2302	     0	70.0	127.7	1512	OK
2303	     0	70.8	133.0	1465	OK
2304	     0	74.8	137.8	1434	OK
2305	     0	78.8	143.7	1433	OK
2306	     0	73.6	135.9	1466	OK
2307	 80000	69.5	78.0	2107	very high noise
2308	     0	73.7	137.7	1454	OK
2309	     0	75.2	138.2	1428	OK
2310	     0	73.8	135.9	1433	OK
2311	     0	75.8	138.9	1446	OK
2312	     0	73.7	138.4	1449	OK
2313	     0	77.3	142.2	1424	OK
2314	     0	74.8	139.0	1441	OK
2315	     0	73.9	135.7	1436	OK
2316	     0	74.6	136.0	1446	OK
2317	     0	71.1	128.3	1457	OK
2318	     0	76.8	140.4	1465	OK
2319	     0	74.6	135.6	1467	OK
2320	     0	75.2	138.5	1457	OK
2321	     0	74.6	136.2	1438	OK
2322	     0	75.5	139.4	1441	OK
2323	     0	72.9	134.4	1448	OK
2324	     0	75.4	138.5	1475	OK
2325	     0	75.9	138.6	1437	OK
2326	     0	74.5	137.1	1439	OK
2327	     0	73.4	134.8	1430	OK
2328	     0	74.7	135.3	1424	OK
2329	     0	72.5	134.2	1436	OK
2330	     0	75.6	141.1	1445	OK
2331	     0	75.1	134.7	1465	OK
2332	     0	74.1	136.5	1453	OK
2333	     0	75.9	141.8	1451	OK
2334	     0	73.6	139.0	1466	OK
2335	     0	74.4	136.9	1460	OK
2336	     0	73.9	138.6	1439	OK
2337	     0	72.9	134.8	1446	OK
2338	     0	74.8	137.7	1446	OK
2339	     0	75.0	139.7	1448	OK
2340	     0	75.2	134.3	1444	OK
2341	     0	74.3	136.9	1439	OK
2342	     0	75.6	138.8	1451	OK
2343	     0	72.9	135.5	1450	OK
2344	     0	74.6	139.2	1442	OK
2345	     0	73.5	137.3	1465	OK
2346	     0	76.5	139.6	1446	OK
2347	     0	71.8	130.7	1471	OK
2348	     0	72.9	131.4	1454	OK
2349	     0	73.2	135.8	1447	OK
2350	     0	73.4	132.9	1468	OK
2351	     0	75.6	139.0	1441	OK
2352	     0	74.2	140.3	1449	OK
2353	     0	73.0	130.6	1409	OK
2354	     0	74.5	138.5	1450	OK
2355	     0	75.2	140.3	1418	OK
2356	     0	74.1	139.5	1468	OK
2357	     0	75.4	138.1	1461	OK
2358	     0	73.0	135.2	1459	OK
2359	     0	75.4	139.0	1442	OK
2360	     0	75.3	138.6	1463	OK
2361	     0	74.8	142.4	1457	OK
2362	     0	72.5	131.6	1428	OK
2363	     0	73.1	133.4	1467	OK
2364	     0	77.7	143.6	1434	OK
2365	     0	75.9	140.1	1456	OK
2366	     0	73.8	133.7	1444	OK
2367	     0	76.0	140.3	1443	OK
2368	     0	72.5	134.0	1448	OK
2369	     0	74.0	135.2	1441	OK
2370	     0	72.8	133.1	1437	OK
2371	     0	75.7	140.4	1433	OK
2372	     0	75.2	138.4	1456	OK
2373	     0	75.6	141.4	1435	OK
2374	     0	73.7	135.1	1452	OK
2375	     0	75.5	139.2	1456	OK
2376	     0	73.5	136.0	1439	OK
2377	     0	72.6	134.0	1446	OK
2378	     0	74.7	138.0	1435	OK
2379	     0	75.7	139.3	1451	OK
2380	     0	74.8	139.3	1456	OK
2381	     0	75.4	138.6	1440	OK
2382	     0	73.4	133.2	1460	OK
2383	     0	75.4	139.7	1438	OK
2384	     0	73.8	136.5	1428	OK
2385	     0	75.6	141.8	1443	OK
2386	     0	74.1	136.1	1436	OK
2387	     0	74.4	139.0	1446	OK
2388	     0	74.4	134.2	1447	OK
2389	     0	75.3	140.5	1451	OK
2390	     0	76.6	141.8	1440	OK
2391	     0	75.6	138.7	1432	OK
2392	     0	74.2	138.9	1433	OK
2393	     0	76.4	143.1	1445	OK
2394	     0	75.7	140.0	1432	OK
2395	     0	75.3	139.2	1434	OK
2396	     0	74.0	138.7	1448	OK
2397	     0	75.7	140.9	1441	OK
2398	     0	75.8	141.8	1462	OK
2399	     0	76.6	138.9	1431	OK
2400	     0	75.5	139.0	1444	OK
2401	     0	75.5	136.8	1445	OK
2402	     0	74.0	136.0	1452	OK
2403	     0	73.0	135.0	1450	OK
2404	     0	75.5	138.3	1435	OK
2405	     0	75.1	138.1	1446	OK
2406	     0	74.3	139.3	1462	OK
2407	     0	76.3	137.3	1431	OK
2408	     0	75.9	138.4	1438	OK
2409	     0	77.0	144.5	1441	OK
2410	     0	75.5	140.7	1477	OK
2411	     0	74.6	133.0	1429	OK
2412	     0	74.8	138.0	1414	OK
2413	     0	75.6	139.3	1423	OK
2414	     0	76.3	144.6	1436	OK
2415	     0	71.9	133.5	1425	OK
2416	     0	74.8	143.0	1437	OK
2417	     0	77.5	141.0	1440	OK
2418	     0	74.8	139.0	1447	OK
2419	     0	76.1	139.3	1447	OK
2420	     0	76.0	140.2	1437	OK
2421	     0	75.0	137.1	1448	OK
2422	     0	74.2	137.7	1460	OK
2423	     0	73.8	138.9	1438	OK
2424	     0	74.5	138.6	1444	OK
2425	     0	77.4	140.3	1452	OK
2426	     0	75.7	140.7	1456	OK
2427	     0	76.4	149.6	1416	OK
2428	     0	76.1	136.3	1453	OK
2429	     0	74.5	139.1	1464	OK
2430	     0	74.4	137.0	1452	OK
2431	     0	75.8	140.9	1467	OK
2432	     0	74.6	135.7	1474	OK
2433	     0	75.8	141.0	1493	OK
2434	     0	76.6	139.8	1493	OK
2435	     0	75.6	137.8	1480	OK
2436	     0	75.1	136.6	1496	OK
2437	     0	76.3	141.3	1472	OK
2438	     0	74.0	134.2	1500	OK
2439	     0	75.9	142.9	1503	OK
2440	     0	72.2	132.5	1479	OK
2441	     0	74.3	139.7	1480	OK
2442	     0	75.4	138.9	1483	OK
2443	     0	74.8	136.0	1521	OK
2444	     0	75.8	138.9	1469	OK
2445	     0	74.6	136.9	1496	OK
2446	     0	74.4	135.5	1487	OK
2447	     0	74.6	136.9	1490	OK
2448	     0	72.6	133.4	1460	OK
2449	     0	73.9	145.7	1465	OK
2450	     0	74.6	135.3	1493	OK
2451	     0	73.9	136.7	1460	OK
2452	     0	76.2	143.3	1465	OK
2453	     0	75.0	139.6	1494	OK
2454	 80000	69.4	99.9	1760	very high noise
2455	     0	74.9	136.7	1511	OK
2456	     0	71.9	131.8	1515	OK
2457	     0	73.4	135.2	1517	OK
2458	     0	74.7	136.8	1493	OK
2459	     0	72.4	135.4	1492	OK
2460	     0	72.8	135.5	1481	OK
2461	     0	72.1	131.9	1503	OK
2462	     0	73.9	135.9	1502	OK
2463	     0	73.0	135.6	1492	OK
2464	     0	72.3	133.2	1490	OK
2465	     0	72.3	134.2	1493	OK
2466	     0	72.0	133.2	1484	OK
2467	     0	72.6	130.2	1488	OK
2468	     0	73.7	128.6	1498	OK
2469	     0	73.1	134.2	1488	OK
2470	     0	73.9	136.3	1498	OK
2471	     0	73.2	131.6	1474	OK
2472	     0	73.0	133.7	1505	OK
2473	     0	75.3	135.4	1496	OK
2474	     0	73.2	132.2	1472	OK
2475	     0	74.9	136.3	1514	OK
2476	     0	73.2	133.1	1490	OK
2477	     0	73.5	133.7	1506	OK
2478	     0	75.5	137.8	1510	OK
2479	     0	74.6	136.5	1500	OK
2480	     0	73.9	138.4	1515	OK
2481	     0	75.7	137.5	1477	OK
2482	     0	73.6	132.3	1501	OK
2483	     0	74.5	135.3	1496	OK
2484	     0	73.3	135.6	1484	OK
2485	     0	73.3	136.4	1502	OK
2486	     0	74.5	135.7	1518	OK
2487	     0	71.5	126.5	1501	OK
2488	     0	74.8	139.2	1506	OK
2489	     0	73.5	135.5	1528	OK
2490	     0	71.9	133.4	1500	OK
2491	     0	69.9	131.6	1505	OK
2492	     0	73.0	135.8	1507	OK
2493	     0	75.2	141.4	1503	OK
2494	     0	74.0	135.6	1501	OK
2495	     0	73.5	135.8	1492	OK
2496	     0	71.8	134.2	1496	OK
2497	     0	74.3	137.8	1474	OK
2498	     0	71.7	134.9	1519	OK
2499	     0	74.5	136.5	1503	OK
2500	     0	73.6	132.7	1551	OK
2501	     0	74.5	136.5	1491	OK
2502	     0	75.2	132.6	1501	OK
2503	     0	74.9	138.5	1496	OK
2504	     0	72.8	135.8	1498	OK
2505	     0	73.7	137.6	1507	OK
2506	     0	73.5	135.7	1501	OK
2507	     0	71.4	132.0	1490	OK
2508	     0	72.8	136.0	1497	OK
2509	     0	73.7	135.8	1539	OK
2510	     0	73.1	135.8	1520	OK
2511	     0	74.1	136.0	1483	OK
2512	     0	74.0	137.1	1491	OK
2513	     0	71.8	127.1	1499	OK
2514	     0	75.2	138.4	1522	OK
2515	     0	73.1	135.2	1465	OK
2516	     0	71.5	129.9	1491	OK
2517	     0	72.5	131.4	1492	OK
2518	     0	73.5	134.5	1473	OK
2519	     0	73.5	136.9	1507	OK
2520	     0	72.8	135.6	1505	OK
2521	     0	74.7	138.0	1468	OK
2522	     0	74.9	136.5	1468	OK
2523	     0	75.7	138.3	1486	OK
2524	     0	70.9	129.3	1486	OK
2525	     0	74.8	137.6	1506	OK
2526	     0	73.4	134.7	1498	OK
2527	     0	73.3	137.7	1477	OK
2528	     0	75.8	138.4	1490	OK
2529	     0	73.7	135.5	1478	OK
2530	     0	75.3	138.7	1475	OK
2531	     0	73.2	135.8	1459	OK
2532	     0	74.3	139.2	1480	OK
2533	     0	72.1	131.4	1505	OK
2534	     0	73.4	135.5	1469	OK
2535	     0	70.5	128.2	1484	OK
2536	     0	73.5	133.9	1488	OK
2537	     0	70.3	128.1	1496	OK
2538	     0	74.1	132.2	1461	OK
2539	     0	75.4	138.4	1471	OK
2540	     0	74.2	138.8	1461	OK
2541	     0	74.1	133.3	1470	OK
2542	     0	73.0	135.1	1456	OK
2543	     0	73.4	135.3	1467	OK
2544	     0	74.3	137.0	1494	OK
2545	     0	76.2	141.3	1498	OK
2546	     0	71.7	132.6	1472	OK
2547	     0	74.1	136.6	1451	OK
2548	     0	75.8	142.8	1461	OK
2549	     0	73.4	133.1	1491	OK
2550	     0	74.5	135.3	1465	OK
2551	     0	75.6	134.9	1478	OK
2552	     0	71.9	133.9	1454	OK
2553	     0	74.5	137.0	1467	OK
2554	     0	73.1	131.9	1460	OK
2555	     0	73.3	137.6	1453	OK
2556	     0	71.6	131.7	1470	OK
2557	     0	75.6	141.2	1435	OK
2558	     0	75.6	139.0	1452	OK
2559	   200	81.1	148.0	1413	high gain
