#chan	code	gain	vt50	innse	comment
   0	   200	80.1	147.5	 899	high gain
   1	     0	74.8	142.0	 882	OK
   2	     0	73.3	139.1	 890	OK
   3	     0	77.1	146.7	 865	OK
   4	     0	75.9	143.9	 875	OK
   5	     1	0.0	0.0	   0	dead
   6	     0	75.2	143.4	 865	OK
   7	     0	74.1	141.1	 892	OK
   8	     0	77.5	148.3	 887	OK
   9	     0	73.8	140.8	 884	OK
  10	     0	73.4	138.6	 890	OK
  11	     0	75.9	144.5	 895	OK
  12	     0	76.4	145.4	 897	OK
  13	     0	75.9	143.0	 916	OK
  14	     0	72.9	138.8	 942	OK
  15	     0	75.0	141.4	 930	OK
  16	     0	74.0	141.6	 958	OK
  17	     0	73.0	138.8	 941	OK
  18	     0	75.3	142.7	 940	OK
  19	     1	0.0	0.0	   0	dead
  20	     0	75.2	142.7	 965	OK
  21	     0	76.3	144.2	 973	OK
  22	     0	75.3	142.2	 966	OK
  23	     0	74.8	142.3	 974	OK
  24	     0	76.5	142.0	 974	OK
  25	     0	76.5	144.5	 952	OK
  26	     0	76.7	144.9	 964	OK
  27	     0	75.1	145.4	 973	OK
  28	     0	72.8	136.8	 983	OK
  29	     0	73.4	139.7	 994	OK
  30	     0	72.9	139.7	 981	OK
  31	     0	74.4	141.8	 981	OK
  32	     0	73.5	139.8	 962	OK
  33	     0	74.4	141.7	 973	OK
  34	     0	76.1	143.3	 974	OK
  35	     0	75.4	142.8	 989	OK
  36	     0	74.2	139.0	1006	OK
  37	     0	73.5	138.6	 994	OK
  38	     1	0.0	0.0	   0	dead
  39	     0	76.0	141.9	 992	OK
  40	     0	77.8	146.3	 988	OK
  41	     0	74.3	141.6	 994	OK
  42	     0	74.8	140.2	 999	OK
  43	     0	74.2	138.4	1002	OK
  44	     0	73.1	140.2	1009	OK
  45	     0	75.7	142.5	 968	OK
  46	     0	75.0	141.9	1000	OK
  47	     0	74.4	140.9	1003	OK
  48	     0	74.0	137.2	 978	OK
  49	     0	73.1	139.2	 997	OK
  50	     0	75.2	142.8	1015	OK
  51	     0	75.0	142.7	1020	OK
  52	     0	73.0	137.1	 987	OK
  53	     0	76.8	143.7	 996	OK
  54	     0	75.1	141.4	1004	OK
  55	     0	76.1	143.6	1010	OK
  56	     0	72.6	137.7	1026	OK
  57	     0	76.3	142.7	1014	OK
  58	     0	72.6	137.3	1013	OK
  59	     0	72.1	136.2	1015	OK
  60	     0	75.0	141.5	1002	OK
  61	     0	74.6	139.9	1005	OK
  62	     0	74.1	138.1	1002	OK
  63	     0	74.1	141.3	 997	OK
  64	     0	76.7	143.3	1022	OK
  65	     0	73.9	139.7	1004	OK
  66	     0	76.6	143.5	 983	OK
  67	     0	74.5	140.8	1007	OK
  68	     0	74.1	140.6	1023	OK
  69	     0	71.7	139.0	1006	OK
  70	     0	75.2	142.3	 986	OK
  71	     0	72.9	136.5	1015	OK
  72	     0	72.8	140.2	 984	OK
  73	     0	72.8	137.9	1012	OK
  74	     0	75.5	141.2	1030	OK
  75	     0	73.7	139.8	 989	OK
  76	     0	73.0	139.4	1006	OK
  77	     0	73.5	139.9	1010	OK
  78	     0	74.1	139.7	1018	OK
  79	     0	74.2	140.3	1004	OK
  80	     0	74.2	140.1	1003	OK
  81	     0	72.5	137.5	1004	OK
  82	     0	70.7	134.8	 995	OK
  83	     0	74.6	140.6	1004	OK
  84	     0	72.3	135.8	1010	OK
  85	     0	72.8	137.8	1003	OK
  86	     0	73.2	139.3	1021	OK
  87	     0	74.0	139.6	1012	OK
  88	     0	76.1	139.4	1022	OK
  89	     0	73.1	138.9	 998	OK
  90	     0	72.3	135.9	1018	OK
  91	     0	74.7	139.1	 992	OK
  92	     0	73.2	138.2	1008	OK
  93	     0	74.0	140.3	1016	OK
  94	     0	73.0	136.7	 989	OK
  95	     1	0.0	0.0	   0	dead
  96	     0	73.2	137.4	1000	OK
  97	     0	72.1	136.6	1007	OK
  98	     0	72.8	137.7	1010	OK
  99	     0	73.7	139.1	1024	OK
 100	     0	73.4	136.0	1008	OK
 101	     0	74.7	141.3	1042	OK
 102	     0	76.6	142.8	 998	OK
 103	     0	74.4	139.4	 990	OK
 104	     0	76.1	142.1	 998	OK
 105	     0	76.3	141.9	 999	OK
 106	     0	76.4	142.2	1000	OK
 107	     0	74.7	142.2	1001	OK
 108	     0	75.6	140.7	1017	OK
 109	     0	74.2	139.7	1000	OK
 110	     0	74.7	141.7	 990	OK
 111	     0	70.7	136.2	1012	OK
 112	     0	73.2	137.1	1000	OK
 113	     0	71.8	137.8	1015	OK
 114	     0	73.8	139.9	1006	OK
 115	     0	71.9	135.3	1011	OK
 116	     0	74.3	139.9	1009	OK
 117	     0	74.7	140.0	 995	OK
 118	     0	72.9	135.9	1000	OK
 119	     0	73.7	139.3	1010	OK
 120	     0	74.6	139.7	1013	OK
 121	     0	74.9	141.7	1021	OK
 122	     0	74.2	138.2	1036	OK
 123	     0	74.9	142.2	1035	OK
 124	     0	74.7	141.5	 998	OK
 125	     0	72.8	138.5	1005	OK
 126	     0	72.2	135.4	1022	OK
 127	     0	72.9	135.9	 982	OK
 128	     0	74.7	140.9	1021	OK
 129	     0	74.8	142.5	1017	OK
 130	     0	73.6	141.4	1026	OK
 131	     0	72.8	136.7	1019	OK
 132	     0	73.8	139.6	1030	OK
 133	     0	74.2	141.0	1008	OK
 134	     0	73.3	137.6	1019	OK
 135	     0	73.3	140.2	1014	OK
 136	     0	74.5	142.5	1016	OK
 137	     0	74.2	140.8	1019	OK
 138	     0	75.6	142.0	1005	OK
 139	     0	74.4	141.1	1003	OK
 140	     0	72.1	136.3	1006	OK
 141	     0	74.0	140.1	1006	OK
 142	     0	73.7	138.5	1003	OK
 143	     0	74.1	139.7	 986	OK
 144	     0	75.7	141.6	1009	OK
 145	     0	73.5	137.7	1026	OK
 146	     0	71.8	135.1	1019	OK
 147	     0	73.5	140.7	 985	OK
 148	     0	75.3	141.0	 993	OK
 149	     0	72.8	137.9	 995	OK
 150	     0	72.7	136.5	1009	OK
 151	     0	76.4	143.7	1003	OK
 152	     0	73.7	139.6	 993	OK
 153	     0	75.1	140.5	1002	OK
 154	     0	72.7	138.8	 999	OK
 155	     0	72.3	135.5	1021	OK
 156	     0	73.0	135.3	 996	OK
 157	     0	73.9	138.4	 993	OK
 158	     0	72.7	138.7	1019	OK
 159	     0	74.6	139.3	 988	OK
 160	     0	72.7	138.5	 996	OK
 161	     0	72.7	138.9	 992	OK
 162	     0	71.9	137.3	1001	OK
 163	     0	73.2	140.4	1014	OK
 164	     0	73.0	136.8	1016	OK
 165	     0	71.6	136.3	 978	OK
 166	     0	73.7	139.8	1017	OK
 167	     0	72.8	138.4	 974	OK
 168	     0	75.7	141.4	 977	OK
 169	     0	75.8	142.1	 988	OK
 170	     0	76.2	143.1	 985	OK
 171	     0	73.6	139.8	 985	OK
 172	     0	73.3	138.8	 979	OK
 173	     0	75.2	141.1	 991	OK
 174	     0	72.6	139.7	 976	OK
 175	     1	0.0	0.0	   0	dead
 176	     0	74.5	140.1	1006	OK
 177	     0	74.4	140.1	 993	OK
 178	     0	72.3	136.2	 982	OK
 179	     0	71.9	136.0	 992	OK
 180	     0	75.5	142.5	 987	OK
 181	     0	74.5	141.9	 988	OK
 182	     0	76.9	145.7	 983	OK
 183	     0	74.5	143.4	 974	OK
 184	     0	74.4	142.6	 999	OK
 185	     0	73.0	138.5	 975	OK
 186	     0	73.3	138.4	 979	OK
 187	     0	77.2	145.4	 958	OK
 188	     0	74.5	140.0	 968	OK
 189	     0	72.9	137.3	 976	OK
 190	     0	75.8	143.8	 983	OK
 191	     0	74.9	141.8	 978	OK
 192	     0	74.5	141.8	 991	OK
 193	     0	75.3	142.6	 985	OK
 194	     0	73.4	139.4	 975	OK
 195	     0	73.8	140.2	 956	OK
 196	     0	72.8	139.4	 986	OK
 197	     0	72.9	138.4	 970	OK
 198	     0	74.7	140.2	 986	OK
 199	     0	76.3	143.2	 967	OK
 200	     0	75.1	142.0	 980	OK
 201	     0	74.1	140.0	 959	OK
 202	     0	74.9	142.2	 985	OK
 203	     0	73.7	141.4	 955	OK
 204	     0	75.8	142.1	 987	OK
 205	     0	73.8	139.9	 981	OK
 206	     0	72.0	137.1	 969	OK
 207	     0	73.3	137.4	 938	OK
 208	     0	73.7	139.0	 993	OK
 209	     0	73.9	138.0	 950	OK
 210	     0	72.7	139.7	 969	OK
 211	     0	75.8	140.7	 969	OK
 212	     0	75.4	140.9	 994	OK
 213	     0	72.7	138.9	 958	OK
 214	     0	72.6	138.1	 959	OK
 215	     0	73.3	136.9	 975	OK
 216	     0	73.0	138.1	 972	OK
 217	     0	72.8	136.2	 977	OK
 218	     0	75.5	141.8	 954	OK
 219	     0	75.6	142.2	 966	OK
 220	     0	74.8	140.5	 976	OK
 221	     0	73.8	136.6	 956	OK
 222	     1	0.0	0.0	   0	dead
 223	     0	73.4	138.4	 969	OK
 224	     0	73.2	138.1	 972	OK
 225	     0	72.9	136.9	 966	OK
 226	     0	72.9	136.9	 976	OK
 227	     0	73.5	137.7	 962	OK
 228	     0	72.8	138.2	 960	OK
 229	     0	74.4	139.2	1011	OK
 230	     0	75.0	140.7	 976	OK
 231	     0	74.0	138.7	 983	OK
 232	     0	74.4	142.5	 987	OK
 233	     0	75.8	143.6	 980	OK
 234	     0	75.0	142.1	 972	OK
 235	     0	75.1	141.3	 987	OK
 236	     0	73.1	138.4	 985	OK
 237	     0	72.3	136.6	 965	OK
 238	     0	73.0	138.1	 978	OK
 239	     0	75.0	141.1	 984	OK
 240	     0	74.5	140.8	1011	OK
 241	     0	74.6	141.7	 990	OK
 242	     0	74.9	139.2	 979	OK
 243	     0	74.7	141.9	 986	OK
 244	     0	73.2	137.2	 969	OK
 245	     0	71.6	136.8	 992	OK
 246	     0	74.1	139.5	 989	OK
 247	     0	72.9	136.2	1000	OK
 248	     0	73.7	138.9	 985	OK
 249	     0	77.7	146.1	1006	OK
 250	     0	76.2	143.0	1017	OK
 251	     0	73.3	138.9	 985	OK
 252	     0	76.5	144.1	 992	OK
 253	     0	76.3	142.3	1003	OK
 254	     0	75.2	143.3	 992	OK
 255	     0	74.2	140.8	 985	OK
 256	     0	72.7	139.7	1026	OK
 257	     0	73.4	137.8	1010	OK
 258	     0	74.0	141.2	1024	OK
 259	     0	72.3	137.4	1018	OK
 260	     0	71.8	135.6	 995	OK
 261	     0	73.7	139.9	1031	OK
 262	     0	72.9	140.2	1025	OK
 263	     0	72.7	138.1	1020	OK
 264	     0	74.7	141.1	1031	OK
 265	     0	73.3	138.6	1019	OK
 266	     0	74.5	139.8	1046	OK
 267	     0	71.0	134.6	1040	OK
 268	     0	72.0	137.7	 984	OK
 269	     0	71.6	137.6	1005	OK
 270	     0	71.8	138.5	1017	OK
 271	     0	71.7	135.5	1016	OK
 272	     0	71.0	136.4	1010	OK
 273	     0	71.7	138.3	1024	OK
 274	     0	71.2	137.8	1037	OK
 275	     0	71.1	135.6	1026	OK
 276	     0	71.2	137.3	1015	OK
 277	     0	71.5	135.8	1036	OK
 278	     0	72.0	137.5	1014	OK
 279	     0	72.2	138.7	1031	OK
 280	     0	70.8	134.6	1030	OK
 281	     0	70.5	134.1	1014	OK
 282	     0	73.0	138.4	1023	OK
 283	     0	71.1	136.2	1016	OK
 284	     0	73.8	141.2	1018	OK
 285	     0	72.2	136.9	1052	OK
 286	     0	72.2	137.0	1029	OK
 287	     0	71.7	134.7	1031	OK
 288	     0	71.9	137.2	1027	OK
 289	     0	72.6	137.3	1018	OK
 290	     0	72.8	136.7	1022	OK
 291	     0	71.1	137.7	1036	OK
 292	     0	71.9	137.6	1017	OK
 293	     1	0.0	0.0	   0	dead
 294	     0	71.8	134.5	1042	OK
 295	     0	71.7	137.0	1007	OK
 296	     0	70.2	133.2	1026	OK
 297	     0	71.7	136.5	1023	OK
 298	     0	72.8	138.3	1033	OK
 299	     0	69.5	130.7	1054	OK
 300	     0	70.8	135.0	1025	OK
 301	     0	70.6	134.4	1023	OK
 302	     0	72.9	138.2	1022	OK
 303	     0	72.5	137.5	1020	OK
 304	     0	73.0	137.9	1036	OK
 305	     0	70.9	134.5	1045	OK
 306	     0	71.7	136.2	1038	OK
 307	     0	72.3	138.3	1043	OK
 308	     0	71.1	136.0	1014	OK
 309	     0	72.9	137.6	1036	OK
 310	     0	70.9	134.3	1047	OK
 311	     0	72.8	138.8	1015	OK
 312	     0	70.8	135.3	1018	OK
 313	     1	0.0	0.0	   0	dead
 314	     0	70.3	133.1	1042	OK
 315	     0	73.8	140.7	1058	OK
 316	     0	72.6	138.5	1022	OK
 317	     0	70.6	135.7	1041	OK
 318	     0	73.4	139.7	1033	OK
 319	     0	71.3	136.3	1057	OK
 320	     0	72.4	137.1	1013	OK
 321	     0	73.9	139.4	1050	OK
 322	     0	73.5	140.0	1046	OK
 323	     0	69.3	133.4	1024	OK
 324	     0	71.2	135.6	1056	OK
 325	     0	70.5	135.1	1029	OK
 326	     0	71.6	136.6	1027	OK
 327	     0	71.3	135.2	1041	OK
 328	     0	70.1	133.3	1036	OK
 329	     0	72.4	136.6	1026	OK
 330	     1	0.0	0.0	   0	dead
 331	     0	69.0	130.4	1050	OK
 332	     0	70.8	136.3	1032	OK
 333	     0	70.9	134.4	1019	OK
 334	     0	68.9	129.7	1018	OK
 335	     0	68.3	133.6	1021	OK
 336	     0	70.6	135.5	1030	OK
 337	     0	67.6	131.3	1021	OK
 338	     0	71.9	136.4	1021	OK
 339	     0	69.6	131.8	1044	OK
 340	     0	71.3	137.2	1030	OK
 341	     0	71.3	135.3	1031	OK
 342	     0	71.3	134.7	1036	OK
 343	     0	72.3	137.9	1032	OK
 344	     0	70.7	136.0	1034	OK
 345	     0	71.4	135.8	1024	OK
 346	     0	72.1	136.8	1040	OK
 347	     0	71.9	136.0	1010	OK
 348	     0	70.3	135.4	1041	OK
 349	     0	70.3	134.9	1047	OK
 350	     0	73.3	138.4	1024	OK
 351	     0	71.6	137.1	1049	OK
 352	     0	68.9	132.1	1016	OK
 353	     0	70.8	133.3	1042	OK
 354	     0	70.9	135.3	1041	OK
 355	     0	69.6	133.2	1039	OK
 356	     0	68.4	131.4	1027	OK
 357	     0	69.1	133.6	1033	OK
 358	     0	71.9	136.5	1000	OK
 359	     0	68.6	131.5	1036	OK
 360	     0	70.6	134.1	1038	OK
 361	     0	70.0	132.5	1041	OK
 362	     0	70.5	135.2	1031	OK
 363	     0	69.4	130.5	1042	OK
 364	     0	71.4	134.9	1042	OK
 365	     0	70.7	135.8	1033	OK
 366	     0	67.6	129.8	1030	OK
 367	     0	71.2	134.6	1019	OK
 368	     0	69.7	134.1	1025	OK
 369	     0	71.2	134.4	1040	OK
 370	     0	73.7	140.4	1025	OK
 371	     0	71.3	134.3	1025	OK
 372	     0	70.8	134.6	1025	OK
 373	     0	70.2	135.3	1023	OK
 374	     0	71.1	134.4	1012	OK
 375	     0	71.4	137.0	1009	OK
 376	     0	71.1	133.2	1023	OK
 377	     0	70.9	133.8	1025	OK
 378	     0	72.7	136.6	1003	OK
 379	     0	68.3	130.2	1035	OK
 380	     0	68.8	131.5	1020	OK
 381	     0	72.7	138.0	 964	OK
 382	     0	70.7	136.3	1001	OK
 383	     0	69.7	130.4	 977	OK
 384	     0	74.2	142.1	 953	OK
 385	     0	76.7	143.9	 958	OK
 386	     0	75.9	143.0	 949	OK
 387	     0	75.4	142.2	 942	OK
 388	     0	74.0	141.1	 948	OK
 389	     0	73.2	138.4	 948	OK
 390	     0	74.2	141.7	 933	OK
 391	     0	74.1	139.7	 963	OK
 392	     0	74.3	141.2	 963	OK
 393	     0	72.8	139.3	 961	OK
 394	     0	72.9	141.1	 928	OK
 395	     0	73.7	141.4	 955	OK
 396	     0	72.7	137.6	 936	OK
 397	     0	73.1	139.0	 940	OK
 398	     0	73.6	139.9	 958	OK
 399	     0	71.5	136.8	 928	OK
 400	     0	74.5	141.5	 929	OK
 401	     0	72.4	136.6	 952	OK
 402	     0	74.7	141.3	 939	OK
 403	     0	72.3	138.0	 949	OK
 404	     0	74.2	142.4	 932	OK
 405	     0	73.0	141.5	 936	OK
 406	     0	72.8	138.5	 949	OK
 407	     0	74.1	141.1	 949	OK
 408	     0	73.2	138.0	 937	OK
 409	     0	74.4	143.2	 931	OK
 410	     0	72.0	138.7	 956	OK
 411	     0	73.9	138.9	 946	OK
 412	     0	74.0	141.1	 955	OK
 413	     0	72.9	139.3	 915	OK
 414	     0	74.0	139.0	 939	OK
 415	     0	73.9	140.9	 949	OK
 416	     0	73.7	141.6	 940	OK
 417	     0	72.6	139.1	 955	OK
 418	     1	0.0	0.0	   0	dead
 419	     0	73.0	140.1	 947	OK
 420	     0	74.1	138.5	 963	OK
 421	     0	74.8	141.9	 935	OK
 422	     0	72.2	138.7	 923	OK
 423	     0	71.2	136.1	 931	OK
 424	     0	72.9	139.8	 930	OK
 425	     0	73.1	141.8	 948	OK
 426	     0	72.1	135.6	 940	OK
 427	     0	72.3	138.3	 952	OK
 428	     0	72.2	140.9	 960	OK
 429	     0	73.7	140.4	 952	OK
 430	     0	73.5	138.8	 954	OK
 431	     1	0.0	0.0	   0	dead
 432	     0	72.0	138.5	 963	OK
 433	     0	72.8	139.4	 952	OK
 434	     0	72.7	139.4	 949	OK
 435	     0	77.2	147.8	 946	OK
 436	     0	73.7	140.1	 975	OK
 437	     0	73.1	138.3	 961	OK
 438	     0	70.9	133.4	 958	OK
 439	     0	75.6	144.1	 962	OK
 440	     0	72.5	137.1	 957	OK
 441	     0	72.2	136.9	 944	OK
 442	     0	73.7	138.6	 970	OK
 443	     0	76.2	144.9	 953	OK
 444	     0	70.2	133.9	 950	OK
 445	     0	73.0	138.2	 962	OK
 446	     1	0.0	0.0	   0	dead
 447	     0	73.2	138.8	 971	OK
 448	     0	73.8	140.6	 953	OK
 449	     0	71.5	139.1	 985	OK
 450	     0	73.7	141.6	 968	OK
 451	     0	72.2	138.2	 981	OK
 452	     1	0.0	0.0	   0	dead
 453	     0	72.4	136.8	 982	OK
 454	     0	74.6	142.4	 970	OK
 455	     0	72.2	138.5	 978	OK
 456	     0	72.9	137.3	 961	OK
 457	     0	71.9	139.2	 965	OK
 458	     0	72.2	137.8	 976	OK
 459	     0	74.1	142.6	 974	OK
 460	     0	72.1	136.0	 953	OK
 461	     0	72.9	139.1	 975	OK
 462	     0	72.5	140.1	 972	OK
 463	     0	72.0	139.2	1006	OK
 464	     0	72.7	139.6	 967	OK
 465	     0	73.3	142.4	 991	OK
 466	     0	72.0	137.2	 983	OK
 467	     0	71.1	136.0	 991	OK
 468	     0	73.0	137.7	 979	OK
 469	     0	71.3	137.8	 992	OK
 470	     0	73.6	141.5	 972	OK
 471	     0	74.7	141.7	 986	OK
 472	     0	75.9	144.7	 979	OK
 473	     0	72.1	138.9	 974	OK
 474	     0	74.1	142.4	 992	OK
 475	     0	71.7	135.9	 978	OK
 476	     0	71.8	138.0	 955	OK
 477	     0	75.8	142.0	1006	OK
 478	     1	0.0	0.0	   0	dead
 479	     0	74.3	139.4	 999	OK
 480	     0	73.7	141.0	 969	OK
 481	     0	72.8	141.3	 987	OK
 482	     0	70.8	136.7	 965	OK
 483	     0	74.1	139.5	 981	OK
 484	     0	72.1	137.6	 985	OK
 485	     0	72.0	136.7	 978	OK
 486	     0	72.6	138.4	 992	OK
 487	     0	76.3	146.1	 975	OK
 488	     0	74.2	141.0	 964	OK
 489	     0	73.2	139.2	 982	OK
 490	     0	74.5	142.4	 991	OK
 491	     1	0.0	0.0	   0	dead
 492	     0	71.7	136.7	 963	OK
 493	     0	73.5	140.6	1005	OK
 494	     0	72.6	139.0	 978	OK
 495	     0	73.3	139.3	 988	OK
 496	     0	73.0	138.4	 969	OK
 497	     0	72.8	139.1	 977	OK
 498	     0	71.0	137.8	 992	OK
 499	     0	73.5	140.3	1001	OK
 500	     0	74.8	141.3	1002	OK
 501	     0	72.7	138.0	 971	OK
 502	     0	73.4	138.4	 965	OK
 503	     0	74.1	139.6	 986	OK
 504	     0	73.9	140.6	 998	OK
 505	     0	75.8	144.7	 981	OK
 506	     0	74.0	141.1	 987	OK
 507	     0	74.1	141.1	 981	OK
 508	     1	0.0	0.0	   0	dead
 509	     0	76.0	143.7	 962	OK
 510	     0	74.7	142.9	 978	OK
 511	     0	73.6	140.1	 957	OK
 512	     0	71.5	134.5	1013	OK
 513	     0	70.3	133.6	 996	OK
 514	     0	71.6	137.1	1003	OK
 515	     0	71.6	136.6	 994	OK
 516	     0	72.5	137.6	 996	OK
 517	     0	70.5	134.8	 975	OK
 518	     0	74.2	141.9	 951	OK
 519	     0	71.8	137.3	 977	OK
 520	     0	69.2	134.4	 965	OK
 521	     0	70.5	132.7	 966	OK
 522	     0	69.8	132.7	 984	OK
 523	     0	71.0	135.5	 954	OK
 524	     0	70.5	134.5	 954	OK
 525	     0	69.9	134.0	 975	OK
 526	     0	72.2	137.1	 970	OK
 527	     0	70.3	134.3	 970	OK
 528	     0	71.2	134.8	 978	OK
 529	     0	71.6	134.2	 966	OK
 530	     0	73.7	139.4	 979	OK
 531	     0	71.3	135.1	 972	OK
 532	     0	72.1	135.8	 971	OK
 533	     0	71.5	136.4	 952	OK
 534	     0	71.8	138.7	 965	OK
 535	     0	72.5	136.4	 982	OK
 536	     0	71.2	134.0	 958	OK
 537	     0	69.5	132.5	 997	OK
 538	     0	71.1	135.1	 971	OK
 539	     0	69.2	130.0	 981	OK
 540	     0	70.9	136.7	 970	OK
 541	     0	69.6	132.5	 967	OK
 542	     0	71.7	136.4	 974	OK
 543	     0	68.8	129.8	 987	OK
 544	     0	71.1	133.8	 968	OK
 545	     0	70.4	132.6	 976	OK
 546	     0	69.5	131.5	 972	OK
 547	     0	72.4	138.4	 948	OK
 548	     0	72.2	135.2	 991	OK
 549	     0	72.3	135.5	 971	OK
 550	     0	69.3	131.0	 980	OK
 551	     0	69.8	133.8	 961	OK
 552	     0	70.5	132.6	 966	OK
 553	     0	73.8	137.8	 965	OK
 554	     0	70.5	133.3	 997	OK
 555	     0	70.1	132.5	 988	OK
 556	     0	72.3	136.0	 978	OK
 557	     0	71.1	135.7	 981	OK
 558	     0	72.1	136.3	 982	OK
 559	     0	72.7	138.9	 975	OK
 560	     0	73.2	137.2	 958	OK
 561	     0	70.8	136.0	 966	OK
 562	     0	71.7	133.7	 969	OK
 563	     0	74.4	142.4	 985	OK
 564	     0	71.9	135.1	 956	OK
 565	     0	70.6	132.3	 972	OK
 566	     0	70.3	135.2	 979	OK
 567	     0	67.7	129.0	 953	OK
 568	     0	71.8	136.3	 962	OK
 569	     0	71.4	137.9	 977	OK
 570	     0	70.8	135.5	 959	OK
 571	     0	71.0	134.9	 973	OK
 572	     0	72.1	136.7	 985	OK
 573	     0	69.8	134.6	 987	OK
 574	     0	71.1	134.6	 962	OK
 575	     0	69.8	134.4	 979	OK
 576	     0	72.0	137.0	 975	OK
 577	     0	73.4	139.2	 992	OK
 578	     0	72.7	138.5	 970	OK
 579	     0	70.2	133.1	 984	OK
 580	     0	71.1	134.3	 961	OK
 581	     0	69.9	132.0	 962	OK
 582	     0	69.9	133.1	 974	OK
 583	     0	71.9	135.1	 972	OK
 584	     0	71.6	135.2	 950	OK
 585	     0	71.1	134.4	 946	OK
 586	     0	71.2	135.0	 986	OK
 587	     0	72.1	135.2	 965	OK
 588	     0	74.9	141.9	 972	OK
 589	     0	70.9	134.6	 991	OK
 590	     0	72.7	135.5	 979	OK
 591	     0	72.3	136.3	 993	OK
 592	     0	72.9	139.3	 966	OK
 593	     0	71.5	134.9	 975	OK
 594	     0	68.3	131.0	 978	OK
 595	     0	72.0	135.8	 970	OK
 596	     0	71.1	134.1	 968	OK
 597	     0	72.4	135.8	 972	OK
 598	     0	72.1	135.5	 991	OK
 599	     0	72.6	136.8	 991	OK
 600	     0	71.8	135.1	 982	OK
 601	     0	70.9	133.9	 989	OK
 602	     0	74.3	139.0	 952	OK
 603	     0	73.0	137.7	 971	OK
 604	     0	73.9	139.0	 975	OK
 605	     0	71.6	134.8	 985	OK
 606	     0	73.7	136.6	 968	OK
 607	     0	74.1	139.9	 986	OK
 608	     0	72.3	137.4	 992	OK
 609	     0	71.4	134.8	 998	OK
 610	     0	69.2	130.7	1004	OK
 611	     0	71.6	136.0	1006	OK
 612	     0	70.3	133.0	1010	OK
 613	     1	0.0	0.0	   0	dead
 614	     0	73.2	135.9	 998	OK
 615	     0	75.2	140.4	1006	OK
 616	     0	71.4	133.9	 980	OK
 617	     0	73.2	136.9	1008	OK
 618	     0	73.1	138.8	1014	OK
 619	     0	70.6	134.7	1003	OK
 620	     0	72.2	137.9	1012	OK
 621	     0	73.8	140.5	 994	OK
 622	     0	72.7	136.2	1021	OK
 623	     0	73.0	138.3	1012	OK
 624	     0	71.8	135.0	1007	OK
 625	     0	73.9	137.9	 999	OK
 626	     0	69.8	131.6	1009	OK
 627	     0	73.3	139.0	1022	OK
 628	     0	74.3	136.8	 993	OK
 629	     0	71.7	135.5	1045	OK
 630	     0	75.2	141.2	1008	OK
 631	     0	74.4	139.8	 998	OK
 632	     0	74.1	139.9	1040	OK
 633	     0	73.9	138.8	1017	OK
 634	     0	75.8	141.6	1014	OK
 635	     0	71.8	136.4	 989	OK
 636	     0	72.6	135.4	1021	OK
 637	     0	72.6	137.2	1021	OK
 638	     0	74.5	140.6	1018	OK
 639	     0	73.7	137.5	1050	OK
 640	     0	76.3	146.9	1002	OK
 641	     0	74.6	143.4	1034	OK
 642	     0	72.8	142.3	1022	OK
 643	     0	71.7	137.4	1001	OK
 644	     0	71.6	139.4	1013	OK
 645	     0	73.4	141.8	1032	OK
 646	     0	71.5	139.5	1012	OK
 647	     0	73.4	141.6	1024	OK
 648	     0	73.1	140.9	 994	OK
 649	     0	74.8	142.0	1005	OK
 650	     0	72.0	139.3	1031	OK
 651	     0	73.2	141.8	1006	OK
 652	     0	71.7	139.2	 997	OK
 653	     0	72.1	142.2	 990	OK
 654	     0	73.0	138.7	 998	OK
 655	     0	71.1	137.9	1007	OK
 656	     0	72.3	141.0	 992	OK
 657	     0	71.8	138.2	 995	OK
 658	     0	73.1	140.7	 997	OK
 659	     0	71.6	138.4	 999	OK
 660	     0	72.4	140.0	1015	OK
 661	     0	71.1	138.5	1007	OK
 662	     0	73.8	142.6	 996	OK
 663	     0	72.4	140.5	1011	OK
 664	     0	73.9	141.8	 995	OK
 665	     0	72.9	139.0	 991	OK
 666	     0	71.9	139.0	1002	OK
 667	     0	73.2	142.2	 993	OK
 668	     0	72.3	139.5	 988	OK
 669	     0	70.0	141.2	 982	OK
 670	     0	71.2	136.6	 976	OK
 671	     0	71.3	137.3	 994	OK
 672	     0	72.3	140.0	 978	OK
 673	     0	71.3	137.4	 990	OK
 674	     0	72.2	139.2	 989	OK
 675	     0	70.5	136.2	 982	OK
 676	     0	71.1	137.4	 981	OK
 677	     0	73.4	142.1	 991	OK
 678	     0	71.3	137.8	 995	OK
 679	     0	72.2	137.2	 993	OK
 680	     0	71.6	136.6	 997	OK
 681	     0	70.9	138.6	1003	OK
 682	     0	70.4	135.7	 995	OK
 683	     0	70.7	138.1	 997	OK
 684	     0	71.4	137.5	 966	OK
 685	     0	70.0	135.1	1013	OK
 686	     0	72.5	141.0	 992	OK
 687	     0	71.5	136.1	 993	OK
 688	     0	71.4	139.9	 992	OK
 689	     0	71.5	137.8	 972	OK
 690	     0	72.2	138.7	 991	OK
 691	     0	69.8	137.6	 976	OK
 692	     0	74.3	143.0	 989	OK
 693	     0	73.1	141.6	1006	OK
 694	     0	73.5	141.8	1007	OK
 695	     0	71.2	137.0	 970	OK
 696	     0	71.6	137.1	 978	OK
 697	     0	73.6	141.1	1000	OK
 698	     0	70.7	136.2	 982	OK
 699	     0	71.3	135.9	 980	OK
 700	     0	73.5	141.0	 990	OK
 701	     0	72.4	135.9	 989	OK
 702	     0	74.4	140.9	 986	OK
 703	     0	71.1	136.3	 996	OK
 704	     0	73.8	140.1	 972	OK
 705	     0	72.7	139.2	 975	OK
 706	     0	70.3	134.8	 966	OK
 707	     0	73.1	138.4	 983	OK
 708	     0	72.4	138.3	 956	OK
 709	     0	72.1	138.7	 991	OK
 710	     0	72.3	138.3	 987	OK
 711	     0	71.3	136.6	 960	OK
 712	     0	73.8	140.2	 989	OK
 713	     0	70.7	135.5	 977	OK
 714	     0	72.2	138.7	 969	OK
 715	     0	72.2	136.7	 969	OK
 716	     0	72.8	135.7	 958	OK
 717	     0	69.9	133.2	 992	OK
 718	     0	71.3	137.5	 972	OK
 719	     0	70.6	136.4	 972	OK
 720	     0	71.2	136.2	 967	OK
 721	     0	72.3	138.1	 969	OK
 722	     0	71.7	135.7	 965	OK
 723	     0	71.0	134.8	 962	OK
 724	     0	69.5	131.6	 970	OK
 725	     0	69.5	133.2	 966	OK
 726	     0	71.9	136.4	 964	OK
 727	     0	72.0	138.1	 970	OK
 728	     0	72.1	137.4	 953	OK
 729	     0	69.0	132.4	 988	OK
 730	     0	70.2	133.8	1008	OK
 731	     0	70.2	134.1	 984	OK
 732	     0	71.8	136.7	 981	OK
 733	     0	69.5	135.2	 961	OK
 734	     0	72.2	137.1	 989	OK
 735	     0	72.3	138.8	 981	OK
 736	     0	72.8	138.0	 982	OK
 737	     0	69.4	133.4	 978	OK
 738	     0	71.8	136.9	 978	OK
 739	     0	73.8	139.3	 979	OK
 740	     0	71.9	137.2	 940	OK
 741	     0	72.6	137.5	 978	OK
 742	     0	69.5	133.0	 976	OK
 743	     0	73.3	139.2	 972	OK
 744	     0	71.9	136.8	 988	OK
 745	     0	73.1	138.8	 968	OK
 746	     0	71.5	137.5	 995	OK
 747	     0	70.4	134.0	 959	OK
 748	     0	70.7	133.5	 957	OK
 749	     0	70.9	136.9	 977	OK
 750	     0	73.1	139.0	 956	OK
 751	     0	70.9	136.6	 960	OK
 752	     0	73.6	140.3	 982	OK
 753	     0	72.3	137.6	 978	OK
 754	     0	71.4	135.3	 982	OK
 755	     0	70.9	135.7	 969	OK
 756	     0	72.5	135.9	 980	OK
 757	     0	73.0	137.5	 981	OK
 758	     0	73.4	139.3	 977	OK
 759	     1	0.0	0.0	   0	dead
 760	     0	72.5	139.1	 990	OK
 761	     0	73.3	138.1	 960	OK
 762	     0	72.2	136.8	 959	OK
 763	     0	73.2	139.5	 982	OK
 764	     0	72.1	138.2	 992	OK
 765	     0	72.5	136.0	 974	OK
 766	     0	73.1	135.9	 972	OK
 767	     0	73.2	141.0	1017	OK
 768	     0	74.1	138.0	1041	OK
 769	     0	73.0	139.8	1030	OK
 770	     0	73.0	139.4	1056	OK
 771	     0	72.2	135.5	1045	OK
 772	     0	71.2	134.2	1042	OK
 773	     0	68.8	134.2	1055	OK
 774	     0	72.6	138.3	1052	OK
 775	     0	69.9	134.1	1045	OK
 776	     0	73.6	139.4	1032	OK
 777	     0	71.2	135.3	1056	OK
 778	     0	71.6	137.3	1039	OK
 779	     0	71.5	137.1	1038	OK
 780	     0	73.2	138.6	1034	OK
 781	     0	70.0	132.9	1009	OK
 782	     0	70.4	133.4	1030	OK
 783	     0	69.6	131.7	1028	OK
 784	     0	71.1	134.0	1023	OK
 785	     0	69.2	131.3	1011	OK
 786	     0	72.0	136.3	1029	OK
 787	     0	70.7	135.6	1023	OK
 788	     0	73.8	138.1	1033	OK
 789	     0	70.3	134.2	1027	OK
 790	     0	74.0	140.8	1043	OK
 791	     0	68.8	132.0	1053	OK
 792	     0	70.9	135.8	1042	OK
 793	     0	70.7	134.8	1010	OK
 794	     0	71.7	137.0	1021	OK
 795	     0	71.2	137.5	1042	OK
 796	     0	70.7	133.7	1033	OK
 797	     0	70.6	137.0	1009	OK
 798	     0	73.1	138.1	1025	OK
 799	     0	71.0	135.8	1004	OK
 800	     0	69.2	133.3	1009	OK
 801	     1	0.0	0.0	   0	dead
 802	     0	71.3	137.5	1013	OK
 803	     0	70.7	136.3	1029	OK
 804	     0	70.8	135.9	1012	OK
 805	     0	71.0	134.7	1037	OK
 806	     0	72.7	139.3	1007	OK
 807	     1	0.0	0.0	   0	dead
 808	     0	70.9	135.2	1002	OK
 809	     0	71.7	137.8	1025	OK
 810	     0	70.9	134.1	1024	OK
 811	     0	71.4	135.6	1013	OK
 812	     0	72.3	137.3	1009	OK
 813	     0	69.5	134.7	1018	OK
 814	     0	71.5	135.2	1030	OK
 815	     0	70.9	135.2	1039	OK
 816	     0	68.8	130.4	1036	OK
 817	     0	68.6	132.8	1047	OK
 818	     0	70.8	134.5	1025	OK
 819	     0	71.0	136.5	1042	OK
 820	     0	72.9	138.2	1036	OK
 821	     0	69.5	133.9	1014	OK
 822	     0	70.5	136.4	1022	OK
 823	     0	70.5	136.7	1032	OK
 824	     0	70.8	134.2	1023	OK
 825	     0	71.3	136.0	1029	OK
 826	     1	0.0	0.0	   0	dead
 827	     0	69.1	132.3	1032	OK
 828	     0	71.2	135.7	1050	OK
 829	     0	71.8	138.4	 993	OK
 830	     0	72.1	138.1	1017	OK
 831	     0	71.6	137.3	1029	OK
 832	     0	72.6	137.6	1014	OK
 833	     0	71.9	137.7	 997	OK
 834	     0	71.2	136.0	1016	OK
 835	     0	72.4	139.5	1029	OK
 836	     0	70.2	133.3	1023	OK
 837	     0	69.0	132.7	1015	OK
 838	     0	69.7	135.2	1009	OK
 839	     0	71.0	134.8	1002	OK
 840	     0	71.6	134.6	1016	OK
 841	     0	71.4	137.0	1026	OK
 842	     0	71.0	132.7	1024	OK
 843	     0	72.0	138.4	1039	OK
 844	     0	71.9	136.0	1033	OK
 845	     0	70.5	134.3	1043	OK
 846	     0	71.5	135.9	1035	OK
 847	     0	69.7	136.9	1051	OK
 848	     0	71.8	137.6	1044	OK
 849	     0	70.4	135.0	1061	OK
 850	     0	69.9	134.7	1044	OK
 851	     0	70.5	136.7	1041	OK
 852	     0	72.6	139.5	1060	OK
 853	     0	72.6	135.6	1035	OK
 854	     0	71.4	136.7	1059	OK
 855	     0	72.0	136.7	1043	OK
 856	     0	73.9	139.1	1033	OK
 857	     0	70.0	133.8	1038	OK
 858	     0	71.2	137.8	1057	OK
 859	     0	70.4	136.1	1052	OK
 860	     0	70.3	135.6	1052	OK
 861	     0	69.8	134.2	1042	OK
 862	     0	71.9	136.5	1020	OK
 863	     0	73.2	138.8	1049	OK
 864	     0	71.7	139.6	1036	OK
 865	     0	73.3	139.6	1030	OK
 866	     0	72.7	138.2	1037	OK
 867	     0	70.3	134.5	1012	OK
 868	     0	71.6	135.5	1021	OK
 869	     0	70.7	134.7	 996	OK
 870	     0	70.2	133.7	 995	OK
 871	     0	73.7	139.7	1020	OK
 872	     0	69.4	134.6	1025	OK
 873	     0	72.2	137.8	1009	OK
 874	     0	69.0	132.6	1023	OK
 875	     1	0.0	0.0	   0	dead
 876	     0	72.5	138.2	1011	OK
 877	     0	70.6	134.3	1030	OK
 878	     0	71.6	135.8	1012	OK
 879	     0	73.5	138.9	1025	OK
 880	     0	71.5	134.6	1026	OK
 881	     0	72.2	136.5	1021	OK
 882	     0	72.7	136.7	1013	OK
 883	     0	72.6	138.5	1018	OK
 884	     1	0.0	0.0	   0	dead
 885	     0	68.9	133.0	1020	OK
 886	     0	71.2	137.0	1017	OK
 887	     0	71.3	135.3	1013	OK
 888	     0	71.5	135.9	1042	OK
 889	     0	73.3	139.9	1030	OK
 890	     0	71.4	135.1	1018	OK
 891	     0	72.6	137.3	1007	OK
 892	     0	72.1	135.7	1026	OK
 893	     0	73.3	138.1	1030	OK
 894	     0	73.6	139.6	1025	OK
 895	     0	74.7	141.6	1026	OK
 896	  4000	73.3	140.0	1023	high noise
 897	     0	76.9	148.0	1009	OK
 898	     0	73.6	140.8	1002	OK
 899	  4000	72.6	139.8	1022	high noise
 900	  4000	75.0	142.7	1016	high noise
 901	  4000	75.1	144.1	1025	high noise
 902	  4000	72.0	138.8	1040	high noise
 903	  4000	71.4	137.5	1022	high noise
 904	     0	74.5	143.6	1011	OK
 905	  4000	73.2	141.1	1028	high noise
 906	  4000	73.1	139.6	1017	high noise
 907	  4000	72.8	139.5	1031	high noise
 908	     0	75.0	142.8	 996	OK
 909	  4000	74.6	141.7	1021	high noise
 910	  4000	73.2	140.1	1042	high noise
 911	  4000	72.1	136.5	1019	high noise
 912	     1	0.0	0.0	   0	dead
 913	     0	73.2	142.3	 999	OK
 914	  4000	76.0	145.4	1023	high noise
 915	  4000	73.5	139.7	1029	high noise
 916	     0	72.2	138.9	1013	OK
 917	     0	72.2	137.9	 989	OK
 918	     0	72.9	139.9	1009	OK
 919	     0	73.4	141.0	 977	OK
 920	     0	72.2	137.3	 982	OK
 921	     0	72.0	140.3	 967	OK
 922	     0	73.8	140.6	1001	OK
 923	     0	75.8	143.5	 986	OK
 924	     0	73.1	140.0	 970	OK
 925	     0	73.6	141.7	 973	OK
 926	     0	73.6	142.6	 990	OK
 927	     0	74.8	142.0	 973	OK
 928	     1	0.0	0.0	   0	dead
 929	     0	74.3	142.3	 975	OK
 930	     0	75.2	144.4	 981	OK
 931	     0	71.6	138.6	 986	OK
 932	     0	74.4	141.3	 981	OK
 933	     0	74.4	140.7	 979	OK
 934	     0	75.0	143.1	 970	OK
 935	     0	75.3	143.5	 985	OK
 936	     0	71.6	138.1	 992	OK
 937	     0	75.0	142.7	 999	OK
 938	     0	74.0	141.5	 985	OK
 939	     0	73.0	139.0	 980	OK
 940	     0	71.7	137.6	 981	OK
 941	     0	76.5	142.7	 961	OK
 942	     0	74.8	141.7	 993	OK
 943	     0	74.5	141.7	 976	OK
 944	     0	74.6	142.6	 964	OK
 945	     0	74.7	142.8	 966	OK
 946	     0	73.8	140.5	 972	OK
 947	     0	72.2	138.6	 954	OK
 948	     0	74.4	141.8	 960	OK
 949	     0	73.4	140.4	 954	OK
 950	     0	74.5	144.1	 953	OK
 951	     0	72.6	137.6	 970	OK
 952	     0	73.0	139.9	 942	OK
 953	     0	73.0	142.1	 933	OK
 954	     0	74.0	142.4	 940	OK
 955	     0	74.7	143.5	 943	OK
 956	     0	74.2	143.8	 948	OK
 957	     0	75.2	143.0	 941	OK
 958	     0	74.0	142.1	 935	OK
 959	     0	72.1	138.5	 922	OK
 960	     0	75.4	144.2	 908	OK
 961	     0	76.2	144.2	 956	OK
 962	     0	75.4	146.4	 926	OK
 963	     0	74.8	143.3	 913	OK
 964	     0	74.8	144.4	 942	OK
 965	     1	0.0	0.0	   0	dead
 966	     0	71.3	138.4	 927	OK
 967	     0	75.0	141.2	 924	OK
 968	     0	74.8	140.2	 945	OK
 969	     0	72.0	139.3	 919	OK
 970	     0	71.8	137.9	 936	OK
 971	     0	73.9	142.0	 919	OK
 972	     0	75.0	144.2	 924	OK
 973	     0	74.7	142.5	 941	OK
 974	     0	74.2	140.6	 933	OK
 975	     0	74.1	140.5	 939	OK
 976	     0	73.1	138.1	 917	OK
 977	     0	74.1	141.9	 926	OK
 978	     0	74.7	142.8	 921	OK
 979	     0	74.7	142.3	 942	OK
 980	     0	74.5	142.1	 930	OK
 981	     0	74.1	142.4	 938	OK
 982	     0	71.4	135.7	 937	OK
 983	     0	73.7	141.8	 935	OK
 984	     0	73.2	140.7	 924	OK
 985	     0	74.9	142.8	 943	OK
 986	     0	74.3	141.8	 922	OK
 987	     0	75.1	144.3	 922	OK
 988	     0	74.3	142.7	 934	OK
 989	     0	75.5	145.3	 940	OK
 990	     0	75.7	143.5	 922	OK
 991	     0	73.2	141.1	 920	OK
 992	     0	73.2	139.5	 914	OK
 993	     0	75.2	141.7	 917	OK
 994	     0	75.9	144.0	 917	OK
 995	     1	0.0	0.0	   0	dead
 996	     0	76.7	145.7	 920	OK
 997	     0	76.6	144.0	 913	OK
 998	     0	76.0	144.2	 921	OK
 999	     0	76.0	145.8	 949	OK
1000	     0	76.3	146.2	 920	OK
1001	     0	74.8	145.1	 917	OK
1002	     0	74.7	140.8	 926	OK
1003	     0	75.4	144.1	 909	OK
1004	     0	76.4	145.5	 914	OK
1005	     0	74.4	141.5	 903	OK
1006	     0	74.9	143.4	 901	OK
1007	     0	76.8	145.4	 914	OK
1008	     0	75.5	142.9	 907	OK
1009	     0	73.7	140.8	 891	OK
1010	     0	74.2	142.3	 916	OK
1011	     0	75.8	142.5	 889	OK
1012	     0	77.0	145.6	 923	OK
1013	     0	75.1	142.4	 924	OK
1014	     0	74.6	142.6	 922	OK
1015	     0	76.9	145.0	 899	OK
1016	     0	73.8	140.3	 921	OK
1017	     0	75.6	145.2	 907	OK
1018	     0	77.4	148.0	 909	OK
1019	     0	76.3	144.5	 890	OK
1020	     0	77.2	145.2	 894	OK
1021	     1	0.0	0.0	   0	dead
1022	     0	75.6	143.9	 876	OK
1023	     0	75.8	143.9	 893	OK
1024	     0	73.3	137.4	 929	OK
1025	     0	71.7	133.8	 942	OK
1026	     0	70.9	135.6	 932	OK
1027	     0	69.9	132.8	 960	OK
1028	     0	72.6	136.9	 957	OK
1029	     0	71.1	135.6	 948	OK
1030	     0	70.4	134.1	 950	OK
1031	     0	72.6	137.5	 935	OK
1032	     0	73.4	140.3	 941	OK
1033	     0	70.9	134.8	 913	OK
1034	     0	71.1	136.0	 933	OK
1035	     0	69.2	134.1	 946	OK
1036	     0	71.0	133.6	 936	OK
1037	     0	73.3	140.1	 945	OK
1038	     0	73.2	137.5	 929	OK
1039	     0	70.9	135.3	 941	OK
1040	     0	71.2	134.4	 920	OK
1041	     0	70.4	132.9	 934	OK
1042	     0	70.6	134.2	 950	OK
1043	     0	70.7	135.7	 947	OK
1044	     0	72.1	135.9	 933	OK
1045	     0	70.7	135.8	 933	OK
1046	     1	0.0	0.0	   0	dead
1047	     0	71.9	137.0	 928	OK
1048	     0	70.6	134.7	 947	OK
1049	     0	68.9	130.2	 955	OK
1050	     0	71.6	134.3	 933	OK
1051	     0	72.2	134.3	 958	OK
1052	     0	71.0	135.4	 975	OK
1053	     0	70.0	133.2	 947	OK
1054	     0	71.0	134.6	 969	OK
1055	     0	70.4	134.7	 936	OK
1056	     0	71.0	135.3	 949	OK
1057	     0	71.4	136.1	 976	OK
1058	     0	74.5	140.3	 962	OK
1059	     1	0.0	0.0	   0	dead
1060	     0	70.3	132.9	 957	OK
1061	     1	0.0	0.0	   0	dead
1062	     0	71.5	135.1	 974	OK
1063	     0	70.7	136.0	 976	OK
1064	     0	71.7	135.1	 986	OK
1065	     0	71.1	134.5	 973	OK
1066	     0	68.4	132.1	 988	OK
1067	     0	70.1	134.3	 975	OK
1068	     1	0.0	0.0	   0	dead
1069	     0	71.1	135.9	1004	OK
1070	     1	0.0	0.0	   0	dead
1071	     0	72.2	137.1	 978	OK
1072	     0	67.6	130.1	 966	OK
1073	     0	69.1	132.0	 987	OK
1074	     0	70.3	134.1	 980	OK
1075	     0	72.7	136.3	 992	OK
1076	     0	73.2	138.2	1011	OK
1077	     0	71.3	134.2	1016	OK
1078	     0	69.7	133.9	 984	OK
1079	     0	70.3	134.2	 964	OK
1080	     0	69.6	133.5	 988	OK
1081	     0	71.5	135.6	 984	OK
1082	     0	71.2	136.1	1007	OK
1083	     0	69.8	132.6	 964	OK
1084	     0	73.3	138.0	 985	OK
1085	     1	0.0	0.0	   0	dead
1086	     0	72.4	136.1	 997	OK
1087	     0	70.7	133.3	 989	OK
1088	     0	72.3	135.5	 991	OK
1089	     0	73.0	139.1	 986	OK
1090	     0	72.1	137.1	 964	OK
1091	     0	71.0	134.5	 976	OK
1092	     0	72.4	136.5	 986	OK
1093	     0	71.4	136.4	 976	OK
1094	     1	0.0	0.0	   0	dead
1095	     0	70.6	134.6	 986	OK
1096	     0	70.4	131.7	 986	OK
1097	     0	69.6	134.2	1013	OK
1098	     1	0.0	0.0	   0	dead
1099	     0	69.7	133.7	 990	OK
1100	     0	71.3	134.8	1000	OK
1101	     0	70.7	134.2	 976	OK
1102	     0	70.0	132.2	1004	OK
1103	     0	69.6	133.7	1017	OK
1104	     0	69.0	131.5	1018	OK
1105	     0	69.0	132.1	 980	OK
1106	     0	70.3	133.3	1010	OK
1107	     0	70.8	132.8	1005	OK
1108	     0	69.9	133.5	 994	OK
1109	     0	70.5	131.2	 995	OK
1110	     0	71.3	134.4	 982	OK
1111	     1	0.0	0.0	   0	dead
1112	     0	73.1	137.5	 978	OK
1113	     0	70.6	134.4	 992	OK
1114	     0	69.1	131.5	 991	OK
1115	     0	72.9	138.6	 980	OK
1116	     1	0.0	0.0	   0	dead
1117	     0	69.4	132.5	1003	OK
1118	     0	67.9	132.5	 984	OK
1119	     0	68.7	131.9	1008	OK
1120	     0	69.3	132.0	1010	OK
1121	     0	71.7	135.5	 994	OK
1122	     0	70.7	134.2	 991	OK
1123	     0	68.7	129.9	 974	OK
1124	     0	70.9	135.5	 999	OK
1125	     0	70.3	132.7	 982	OK
1126	     0	71.2	133.4	 996	OK
1127	     0	71.3	137.7	 989	OK
1128	     0	71.7	135.7	 994	OK
1129	     0	69.8	131.9	 996	OK
1130	     0	70.4	136.0	 993	OK
1131	     0	71.9	135.4	 990	OK
1132	     0	72.4	136.0	 985	OK
1133	     0	70.4	133.7	1003	OK
1134	     0	72.6	137.7	 985	OK
1135	     0	70.9	136.7	1003	OK
1136	     0	71.3	136.5	 990	OK
1137	     0	71.4	135.6	 977	OK
1138	     0	72.4	136.4	 996	OK
1139	     0	70.1	132.7	 988	OK
1140	     0	70.8	133.4	 965	OK
1141	     0	70.2	131.8	 985	OK
1142	     0	70.8	134.1	 983	OK
1143	     0	68.2	130.0	 972	OK
1144	     0	70.3	132.4	 980	OK
1145	     0	70.5	134.1	 978	OK
1146	     0	70.2	130.5	 991	OK
1147	     0	73.5	138.6	 988	OK
1148	     0	72.5	134.5	 980	OK
1149	     0	74.5	137.5	 988	OK
1150	     0	73.3	139.6	1003	OK
1151	     0	72.0	136.2	 992	OK
1152	     0	76.2	142.2	1000	OK
1153	     0	74.4	138.9	 982	OK
1154	     0	75.5	143.5	 973	OK
1155	     0	73.4	139.6	 965	OK
1156	     0	73.5	138.1	 999	OK
1157	     0	72.7	137.1	 982	OK
1158	     0	71.0	134.4	 991	OK
1159	     1	0.0	0.0	   0	dead
1160	     0	73.0	139.6	 997	OK
1161	     0	75.7	141.5	 971	OK
1162	     0	72.0	137.1	 957	OK
1163	     0	73.5	137.9	 979	OK
1164	     0	73.8	140.0	 967	OK
1165	     0	74.3	143.3	 982	OK
1166	     1	0.0	0.0	   0	dead
1167	     0	75.0	141.6	 974	OK
1168	     0	75.3	142.8	 969	OK
1169	     0	74.4	139.3	 970	OK
1170	     0	74.4	141.2	 959	OK
1171	     0	74.7	140.6	 986	OK
1172	     0	75.0	142.4	1006	OK
1173	     0	73.8	139.1	 965	OK
1174	     0	74.3	141.5	 984	OK
1175	     0	73.1	139.1	 975	OK
1176	     0	72.9	137.9	 976	OK
1177	     0	77.0	145.7	 972	OK
1178	     0	74.2	139.7	 975	OK
1179	     0	74.2	141.4	 968	OK
1180	     0	74.6	139.7	 962	OK
1181	     0	73.6	139.6	 989	OK
1182	     0	75.0	142.5	 982	OK
1183	     0	75.4	142.5	 998	OK
1184	     0	72.6	136.0	 974	OK
1185	     0	76.1	142.8	 974	OK
1186	     0	75.0	141.4	 963	OK
1187	     0	73.5	138.1	 991	OK
1188	     0	75.0	142.3	 999	OK
1189	     0	73.9	139.6	 983	OK
1190	     0	72.6	137.1	 989	OK
1191	     0	74.5	142.7	 978	OK
1192	     0	74.8	138.8	1017	OK
1193	     0	75.6	142.4	 980	OK
1194	     0	74.8	141.0	 977	OK
1195	     0	75.3	141.1	 985	OK
1196	     0	72.9	138.7	 987	OK
1197	     0	72.8	135.7	 982	OK
1198	     0	74.2	139.6	 980	OK
1199	     0	74.2	140.3	 991	OK
1200	     0	73.0	138.9	 977	OK
1201	     0	74.7	140.1	 980	OK
1202	     0	73.1	139.7	1006	OK
1203	     0	76.2	145.2	 983	OK
1204	     0	74.7	139.0	 991	OK
1205	     0	75.2	140.9	 972	OK
1206	     0	72.6	139.3	 971	OK
1207	     0	77.1	146.0	 982	OK
1208	     0	74.8	142.2	 989	OK
1209	     0	75.8	140.3	 978	OK
1210	     0	73.4	139.5	1015	OK
1211	     0	75.2	142.3	 969	OK
1212	     0	75.1	143.3	 991	OK
1213	     0	72.1	137.3	 988	OK
1214	     0	75.1	140.1	 992	OK
1215	     0	75.0	141.2	 992	OK
1216	     0	73.4	140.7	 973	OK
1217	     0	75.5	143.5	 993	OK
1218	     0	74.7	141.1	 954	OK
1219	     0	71.9	138.4	 988	OK
1220	     0	74.6	140.1	 997	OK
1221	     0	75.1	139.3	 977	OK
1222	     0	72.0	138.0	1006	OK
1223	     0	75.4	141.5	 985	OK
1224	     0	74.5	139.1	 996	OK
1225	     0	75.1	140.4	 971	OK
1226	     0	71.2	134.9	 970	OK
1227	     0	73.3	138.2	 959	OK
1228	     0	74.3	140.1	 996	OK
1229	     0	76.9	145.6	 971	OK
1230	     0	74.0	140.2	 959	OK
1231	     0	73.0	138.8	 953	OK
1232	     0	74.7	142.1	 978	OK
1233	     0	77.8	147.2	 967	OK
1234	     0	74.1	137.6	 967	OK
1235	     0	73.7	139.4	 963	OK
1236	     0	75.5	141.7	 986	OK
1237	     0	75.7	143.7	 971	OK
1238	     0	72.6	136.1	 965	OK
1239	     0	72.9	138.5	 956	OK
1240	     0	76.7	141.8	 964	OK
1241	     0	75.6	142.2	 969	OK
1242	     0	74.8	140.2	 965	OK
1243	     0	75.5	144.5	 958	OK
1244	     0	73.7	139.3	 948	OK
1245	     0	75.7	142.2	 954	OK
1246	     0	73.6	141.5	 967	OK
1247	     0	73.4	139.2	 950	OK
1248	     0	74.2	138.0	 942	OK
1249	     0	74.2	138.2	 953	OK
1250	     0	75.3	142.7	 955	OK
1251	     0	75.4	141.0	 964	OK
1252	     0	74.5	139.6	 949	OK
1253	     0	77.6	145.1	 965	OK
1254	     0	75.7	142.2	 949	OK
1255	     0	73.8	136.7	 966	OK
1256	     0	74.6	139.4	 948	OK
1257	     0	74.8	140.8	 958	OK
1258	     0	76.4	143.2	 926	OK
1259	     0	75.1	138.5	 955	OK
1260	     0	74.0	139.3	 941	OK
1261	     0	74.3	137.9	 945	OK
1262	     0	72.6	136.4	 941	OK
1263	     0	76.0	143.3	 949	OK
1264	     0	75.6	142.4	 951	OK
1265	     0	75.7	141.9	 933	OK
1266	     0	75.9	141.2	 934	OK
1267	     0	75.4	141.4	 932	OK
1268	     0	73.5	138.9	 932	OK
1269	     0	76.7	144.9	 926	OK
1270	     0	72.9	137.8	 942	OK
1271	     0	75.3	141.0	 928	OK
1272	     0	77.1	143.7	 914	OK
1273	     0	75.7	145.4	 894	OK
1274	     0	76.5	144.7	 912	OK
1275	     1	0.0	0.0	   0	dead
1276	     0	76.4	144.9	 925	OK
1277	     0	77.1	143.5	 925	OK
1278	     0	77.9	146.9	 905	OK
1279	     0	78.0	145.0	 897	OK
1280	     0	75.8	141.4	 890	OK
1281	     0	75.2	139.5	 878	OK
1282	     1	0.0	0.0	   0	dead
1283	     0	76.9	142.9	 855	OK
1284	     0	73.9	141.9	 866	OK
1285	     0	74.4	139.1	 875	OK
1286	     0	76.0	142.3	 876	OK
1287	     0	73.5	140.8	 867	OK
1288	     0	75.3	143.5	 881	OK
1289	     0	74.5	143.0	 887	OK
1290	     0	74.8	141.0	 869	OK
1291	     0	72.6	138.9	 869	OK
1292	     0	74.6	141.3	 878	OK
1293	     0	74.9	141.5	 883	OK
1294	     0	75.1	143.1	 863	OK
1295	     0	74.6	141.3	 887	OK
1296	     0	75.1	140.2	 869	OK
1297	     0	77.2	145.3	 874	OK
1298	     0	77.1	144.9	 894	OK
1299	     0	74.6	139.4	 881	OK
1300	     0	75.3	141.3	 898	OK
1301	     0	76.4	146.6	 879	OK
1302	     0	75.0	142.3	 887	OK
1303	     0	73.7	140.4	 885	OK
1304	     0	74.5	140.3	 889	OK
1305	     0	74.5	142.3	 888	OK
1306	     0	75.8	145.1	 891	OK
1307	     0	73.8	140.5	 856	OK
1308	     0	75.2	143.6	 896	OK
1309	     0	74.6	144.3	 848	OK
1310	     0	75.4	144.2	 880	OK
1311	     0	75.4	143.9	 852	OK
1312	     0	77.9	148.0	 893	OK
1313	     0	75.9	146.7	 886	OK
1314	     0	74.1	140.4	 886	OK
1315	     0	74.2	142.0	 876	OK
1316	     0	75.3	140.7	 870	OK
1317	     0	72.4	138.4	 881	OK
1318	     0	75.2	142.2	 885	OK
1319	     0	76.7	144.5	 898	OK
1320	     0	75.6	142.7	 877	OK
1321	     0	75.0	142.3	 870	OK
1322	     0	76.4	146.8	 890	OK
1323	     0	75.2	142.3	 894	OK
1324	     0	72.8	138.4	 887	OK
1325	     0	75.7	141.6	 893	OK
1326	     0	75.1	143.6	 882	OK
1327	     0	73.8	140.2	 900	OK
1328	     0	73.6	142.1	 891	OK
1329	     0	75.0	143.7	 878	OK
1330	     0	74.1	141.1	 891	OK
1331	     0	77.0	146.2	 874	OK
1332	     0	74.1	142.1	 879	OK
1333	     0	73.9	139.4	 900	OK
1334	     0	74.8	141.4	 890	OK
1335	     0	73.9	142.4	 894	OK
1336	     0	73.1	140.0	 874	OK
1337	     0	75.2	141.7	 894	OK
1338	     0	72.1	137.6	 905	OK
1339	     0	72.9	138.8	 894	OK
1340	     0	75.2	143.2	 888	OK
1341	     0	73.7	141.4	 879	OK
1342	     1	0.0	0.0	   0	dead
1343	     0	77.0	147.5	 881	OK
1344	     0	73.6	140.7	 903	OK
1345	     0	75.3	142.6	 908	OK
1346	     0	74.6	141.6	 878	OK
1347	     0	73.6	139.8	 907	OK
1348	     0	74.3	143.4	 927	OK
1349	     0	73.3	139.7	 898	OK
1350	     0	72.3	137.7	 918	OK
1351	     0	74.6	143.7	 891	OK
1352	     0	72.8	140.1	 892	OK
1353	     0	73.7	140.6	 895	OK
1354	     0	75.4	142.5	 907	OK
1355	     0	72.6	137.9	 901	OK
1356	     0	72.7	137.8	 904	OK
1357	     0	72.7	140.5	 888	OK
1358	     0	73.4	138.0	 872	OK
1359	     0	73.3	141.4	 900	OK
1360	     0	74.9	142.5	 890	OK
1361	     0	73.5	138.8	 897	OK
1362	     0	71.5	136.8	 868	OK
1363	     0	73.0	139.3	 860	OK
1364	     0	74.7	141.2	 888	OK
1365	     0	73.8	142.0	 892	OK
1366	     0	75.1	140.8	 898	OK
1367	     0	71.9	138.1	 876	OK
1368	     0	72.7	137.6	 894	OK
1369	     0	71.4	135.7	 886	OK
1370	     0	73.0	137.5	 883	OK
1371	     0	73.9	142.1	 876	OK
1372	     0	75.5	142.7	 870	OK
1373	     0	71.0	134.5	 881	OK
1374	     0	70.6	135.9	 890	OK
1375	     0	75.8	144.4	 893	OK
1376	     0	73.1	140.2	 912	OK
1377	     0	72.5	138.8	 857	OK
1378	     0	73.0	138.7	 888	OK
1379	     0	72.0	137.1	 895	OK
1380	     0	73.7	141.7	 896	OK
1381	     0	74.1	142.3	 868	OK
1382	     0	74.1	139.5	 877	OK
1383	     0	73.8	141.2	 892	OK
1384	     0	72.4	135.1	 883	OK
1385	     0	74.8	143.7	 865	OK
1386	     0	74.2	142.9	 889	OK
1387	     0	71.6	138.5	 877	OK
1388	     0	74.5	141.7	 886	OK
1389	     0	74.4	140.7	 872	OK
1390	     0	72.2	139.2	 896	OK
1391	     0	73.0	139.3	 912	OK
1392	     0	73.8	144.1	 901	OK
1393	     0	72.8	139.0	 896	OK
1394	     0	74.0	141.0	 895	OK
1395	     0	72.1	137.7	 892	OK
1396	     0	73.2	139.6	 880	OK
1397	     0	73.3	138.0	 884	OK
1398	     0	72.6	138.4	 891	OK
1399	     0	74.7	141.4	 869	OK
1400	     0	73.8	138.2	 871	OK
1401	     0	74.4	141.4	 905	OK
1402	     0	74.5	142.9	 899	OK
1403	     0	72.6	137.6	 918	OK
1404	     0	72.7	137.9	 925	OK
1405	     0	76.2	145.3	 879	OK
1406	     0	76.2	144.1	 879	OK
1407	     0	74.8	140.2	 887	OK
1408	     0	72.7	138.5	 910	OK
1409	     0	75.6	144.2	 882	OK
1410	     0	72.5	137.7	 900	OK
1411	     0	75.1	140.0	 877	OK
1412	     0	75.7	142.0	 902	OK
1413	     0	73.5	138.3	 878	OK
1414	     0	74.0	141.5	 907	OK
1415	     0	75.4	142.3	 890	OK
1416	     0	71.4	138.3	 903	OK
1417	     0	73.7	138.9	 899	OK
1418	     0	72.8	139.7	 909	OK
1419	     0	72.0	136.4	 904	OK
1420	     0	73.7	141.8	 888	OK
1421	     0	74.4	141.2	 913	OK
1422	     0	75.0	142.4	 878	OK
1423	     0	72.9	140.3	 877	OK
1424	     0	73.0	140.1	 907	OK
1425	     0	72.8	137.4	 881	OK
1426	     0	71.2	134.3	 901	OK
1427	     0	73.9	141.3	 888	OK
1428	     0	73.8	141.0	 882	OK
1429	     0	74.0	137.7	 857	OK
1430	     0	74.8	142.2	 900	OK
1431	     0	72.7	139.6	 898	OK
1432	     0	72.8	138.3	 873	OK
1433	     0	72.4	138.1	 889	OK
1434	     0	73.0	139.7	 897	OK
1435	     0	72.7	140.0	 895	OK
1436	     0	71.9	135.9	 912	OK
1437	     0	71.1	134.4	 884	OK
1438	     0	74.4	142.3	 904	OK
1439	     0	71.4	137.7	 893	OK
1440	     0	75.5	140.8	 899	OK
1441	     0	72.3	137.6	 872	OK
1442	     0	73.6	140.4	 888	OK
1443	     0	73.3	139.0	 889	OK
1444	     0	73.7	138.8	 896	OK
1445	     0	71.2	135.9	 889	OK
1446	     0	74.5	141.3	 887	OK
1447	     0	74.9	139.3	 873	OK
1448	     0	74.5	141.2	 897	OK
1449	     0	72.2	139.9	 911	OK
1450	     0	72.2	138.3	 881	OK
1451	     0	74.2	138.4	 882	OK
1452	     0	70.9	137.2	 881	OK
1453	     0	73.1	137.8	 896	OK
1454	     0	73.2	139.4	 908	OK
1455	     0	72.5	137.5	 895	OK
1456	     0	76.5	144.4	 889	OK
1457	     0	72.2	138.3	 889	OK
1458	     0	73.6	140.5	 890	OK
1459	     0	73.3	140.8	 864	OK
1460	     0	76.7	146.3	 900	OK
1461	     0	73.3	138.7	 908	OK
1462	     0	76.2	145.9	 913	OK
1463	     0	72.3	140.0	 894	OK
1464	     0	72.7	139.4	 899	OK
1465	     0	73.9	140.6	 877	OK
1466	     0	73.6	138.4	 888	OK
1467	     0	73.0	140.0	 893	OK
1468	     0	74.9	143.3	 917	OK
1469	     0	72.8	136.0	 891	OK
1470	     0	74.4	141.6	 890	OK
1471	     0	73.4	139.1	 897	OK
1472	     0	75.4	143.1	 884	OK
1473	     0	74.5	140.2	 905	OK
1474	     0	71.8	137.5	 888	OK
1475	     0	74.6	143.3	 879	OK
1476	     0	75.2	143.2	 888	OK
1477	     0	71.4	137.9	 870	OK
1478	     0	73.8	139.4	 889	OK
1479	     0	72.8	139.6	 888	OK
1480	     0	75.5	142.3	 866	OK
1481	     0	73.6	140.8	 881	OK
1482	     0	74.4	140.0	 900	OK
1483	     0	78.1	146.9	 885	OK
1484	     0	72.4	140.1	 873	OK
1485	     0	73.5	139.6	 887	OK
1486	     0	71.6	139.0	 896	OK
1487	     0	76.7	143.0	 892	OK
1488	     0	75.3	144.4	 889	OK
1489	     0	76.3	143.2	 879	OK
1490	     0	74.2	140.7	 885	OK
1491	     0	72.9	140.4	 883	OK
1492	     0	72.4	136.8	 880	OK
1493	     0	75.6	145.3	 851	OK
1494	     0	73.5	138.4	 885	OK
1495	     0	74.5	140.6	 875	OK
1496	     0	71.5	135.1	 882	OK
1497	     0	72.7	138.2	 896	OK
1498	     0	75.7	142.9	 878	OK
1499	     0	73.0	138.8	 855	OK
1500	     0	75.1	142.8	 866	OK
1501	     0	76.6	144.6	 878	OK
1502	     0	73.8	142.7	 885	OK
1503	     0	71.3	134.1	 869	OK
1504	     0	75.1	141.2	 884	OK
1505	     0	76.8	145.4	 868	OK
1506	     0	73.8	139.3	 890	OK
1507	     0	74.0	142.2	 852	OK
1508	     0	74.2	141.1	 884	OK
1509	     0	75.4	141.9	 869	OK
1510	     0	76.6	145.4	 872	OK
1511	     0	74.4	141.5	 899	OK
1512	     0	72.6	139.4	 853	OK
1513	     0	74.6	139.1	 870	OK
1514	     0	69.6	133.3	 876	OK
1515	     0	73.6	140.7	 877	OK
1516	     0	73.7	141.4	 875	OK
1517	     0	75.1	142.5	 866	OK
1518	     0	75.9	142.4	 887	OK
1519	     0	73.8	141.3	 871	OK
1520	     0	72.5	139.7	 882	OK
1521	     0	74.9	141.5	 876	OK
1522	     0	73.0	137.0	 854	OK
1523	     0	76.8	145.9	 871	OK
1524	     0	78.1	147.2	 889	OK
1525	     0	73.3	140.3	 887	OK
1526	     0	72.4	140.6	 895	OK
1527	     0	74.4	141.0	 848	OK
1528	     0	73.4	139.8	 862	OK
1529	     0	74.1	140.9	 893	OK
1530	     0	75.6	143.9	 867	OK
1531	     0	74.8	141.9	 863	OK
1532	     0	76.0	142.5	 862	OK
1533	     0	78.4	145.9	 865	OK
1534	     0	73.6	140.0	 875	OK
1535	     0	76.6	147.1	 869	OK
1536	     0	72.8	138.8	 899	OK
1537	     0	73.7	140.7	 891	OK
1538	     0	72.1	137.1	 910	OK
1539	     0	71.6	137.5	 907	OK
1540	     0	72.5	140.4	 893	OK
1541	     0	71.6	139.6	 880	OK
1542	     0	73.4	139.8	 895	OK
1543	     0	73.8	141.6	 891	OK
1544	     0	71.6	139.1	 911	OK
1545	     0	70.0	135.9	 901	OK
1546	     0	72.5	141.0	 899	OK
1547	     0	72.6	140.1	 890	OK
1548	     0	71.7	138.7	 891	OK
1549	     0	72.4	136.6	 907	OK
1550	     0	72.9	137.9	 893	OK
1551	     0	73.1	139.6	 882	OK
1552	     0	70.4	135.5	 911	OK
1553	     0	71.5	136.2	 883	OK
1554	     0	71.3	137.0	 894	OK
1555	     0	73.2	140.5	 899	OK
1556	     0	70.0	135.1	 902	OK
1557	     0	69.6	134.4	 900	OK
1558	     0	70.6	137.0	 892	OK
1559	     0	72.6	139.6	 922	OK
1560	     0	73.3	140.1	 911	OK
1561	     0	72.5	137.2	 882	OK
1562	     0	73.8	140.7	 899	OK
1563	     0	71.8	138.5	 867	OK
1564	     1	0.0	0.0	   0	dead
1565	     0	71.9	136.7	 909	OK
1566	     0	70.4	136.3	 901	OK
1567	     0	72.1	139.8	 876	OK
1568	     0	70.8	135.4	 899	OK
1569	     1	0.0	0.0	   0	dead
1570	     0	70.6	136.1	 898	OK
1571	     0	71.9	139.0	 899	OK
1572	     0	71.8	136.2	 911	OK
1573	     0	69.5	133.7	 906	OK
1574	     0	71.6	137.9	 892	OK
1575	     0	71.5	135.7	 927	OK
1576	     0	70.7	138.8	 912	OK
1577	     0	71.5	138.5	 894	OK
1578	     0	71.1	136.0	 915	OK
1579	     0	71.8	136.2	 903	OK
1580	     0	74.0	140.6	 919	OK
1581	     0	70.7	135.5	 922	OK
1582	     0	69.2	131.2	 921	OK
1583	     0	71.5	137.1	 888	OK
1584	     0	71.1	135.5	 900	OK
1585	     0	71.0	135.7	 934	OK
1586	     0	71.3	134.5	 921	OK
1587	     0	71.0	135.0	 919	OK
1588	     0	73.3	140.8	 902	OK
1589	     0	71.6	135.2	 947	OK
1590	     0	70.4	134.4	 920	OK
1591	     0	71.8	137.3	 897	OK
1592	     0	70.7	138.4	 932	OK
1593	     0	70.1	133.9	 899	OK
1594	     0	71.0	136.4	 921	OK
1595	     0	71.8	138.5	 917	OK
1596	     0	73.9	139.8	 901	OK
1597	     0	70.7	136.0	 924	OK
1598	     0	71.3	135.6	 912	OK
1599	     0	72.3	138.8	 906	OK
1600	     0	72.5	138.7	 906	OK
1601	     0	71.0	137.3	 936	OK
1602	     0	70.8	134.8	 900	OK
1603	     0	71.9	139.8	 907	OK
1604	     0	70.4	136.0	 907	OK
1605	     0	72.2	139.6	 933	OK
1606	     0	69.4	133.9	 924	OK
1607	     0	69.3	133.0	 919	OK
1608	     0	70.4	135.4	 901	OK
1609	     0	71.4	136.4	 910	OK
1610	     0	71.7	137.9	 925	OK
1611	     0	69.8	133.6	 914	OK
1612	     0	70.2	134.1	 911	OK
1613	     0	68.1	132.6	 908	OK
1614	     0	69.4	132.9	 918	OK
1615	     0	70.8	134.8	 934	OK
1616	     1	0.0	0.0	   0	dead
1617	     0	68.6	130.5	 927	OK
1618	     0	71.7	134.5	 913	OK
1619	     0	68.3	133.3	 903	OK
1620	     0	71.3	137.7	 911	OK
1621	     0	70.1	134.3	 899	OK
1622	     0	69.9	135.0	 914	OK
1623	     0	73.0	138.3	 911	OK
1624	     0	70.9	136.9	 916	OK
1625	     0	68.5	132.4	 908	OK
1626	     0	71.7	136.9	 926	OK
1627	     0	71.3	137.5	 896	OK
1628	     0	71.1	137.0	 911	OK
1629	     0	72.2	138.1	 903	OK
1630	     0	73.2	140.4	 894	OK
1631	     0	70.5	133.2	 901	OK
1632	     0	68.2	131.9	 912	OK
1633	     0	69.3	133.2	 904	OK
1634	     0	70.9	134.9	 920	OK
1635	     0	69.9	135.6	 905	OK
1636	     0	71.8	136.3	 897	OK
1637	     0	70.3	132.5	 901	OK
1638	     0	67.4	126.9	 915	OK
1639	     0	70.8	135.6	 904	OK
1640	     0	72.3	137.4	 875	OK
1641	     0	70.8	135.5	 924	OK
1642	     0	69.6	134.7	 909	OK
1643	     0	70.2	135.2	 892	OK
1644	     0	69.3	134.3	 898	OK
1645	     0	70.0	135.7	 901	OK
1646	     0	71.2	138.0	 927	OK
1647	     0	71.2	134.9	 925	OK
1648	     0	70.3	134.5	 885	OK
1649	     0	72.8	138.8	 911	OK
1650	     0	69.4	134.3	 912	OK
1651	     0	71.8	134.9	 887	OK
1652	     0	68.3	131.3	 903	OK
1653	     0	71.0	137.3	 899	OK
1654	     0	71.2	137.9	 904	OK
1655	     0	69.5	134.6	 914	OK
1656	     0	71.3	135.5	 918	OK
1657	     0	72.2	140.2	 919	OK
1658	     0	69.5	134.0	 900	OK
1659	     0	71.6	134.5	 905	OK
1660	     0	71.4	136.7	 921	OK
1661	     0	72.9	141.9	 923	OK
1662	     0	72.7	138.2	 904	OK
1663	     0	72.8	138.5	 901	OK
1664	     0	75.6	142.7	 878	OK
1665	     0	75.1	141.7	 844	OK
1666	     0	73.1	141.4	 850	OK
1667	     0	74.7	141.3	 845	OK
1668	     0	74.6	141.1	 857	OK
1669	     1	0.0	0.0	   0	dead
1670	     0	74.5	142.9	 855	OK
1671	     0	74.6	141.3	 869	OK
1672	     0	71.9	139.9	 856	OK
1673	     0	73.6	142.6	 869	OK
1674	     0	72.1	136.8	 864	OK
1675	     0	73.9	140.8	 855	OK
1676	     0	72.9	140.5	 851	OK
1677	     0	73.5	141.0	 879	OK
1678	     0	74.4	143.0	 870	OK
1679	     0	76.0	143.8	 849	OK
1680	     0	71.8	137.8	 864	OK
1681	     0	72.2	137.0	 844	OK
1682	     0	73.4	142.2	 869	OK
1683	     0	72.8	140.6	 831	OK
1684	     0	73.3	141.2	 869	OK
1685	     0	70.5	134.9	 886	OK
1686	     0	73.8	140.4	 875	OK
1687	     0	73.4	139.6	 840	OK
1688	     0	72.5	139.5	 851	OK
1689	     0	74.6	143.8	 840	OK
1690	     0	71.4	136.0	 859	OK
1691	     0	72.9	138.5	 852	OK
1692	     0	73.4	138.8	 890	OK
1693	     0	70.8	134.8	 850	OK
1694	     0	72.5	140.5	 847	OK
1695	     0	73.7	140.6	 855	OK
1696	     0	71.4	136.4	 884	OK
1697	     1	0.0	0.0	   0	dead
1698	     0	74.1	141.4	 869	OK
1699	     0	73.3	141.4	 857	OK
1700	     0	74.7	144.8	 891	OK
1701	     0	73.7	140.4	 866	OK
1702	     0	74.1	142.5	 861	OK
1703	     0	74.7	142.0	 862	OK
1704	     0	71.6	137.9	 882	OK
1705	     0	72.7	140.3	 864	OK
1706	     0	72.3	139.0	 867	OK
1707	     0	73.2	140.2	 879	OK
1708	     0	74.1	140.7	 893	OK
1709	     0	74.3	141.1	 865	OK
1710	     0	73.3	140.1	 851	OK
1711	     0	74.5	141.8	 848	OK
1712	     0	75.6	143.8	 864	OK
1713	     0	71.2	136.1	 856	OK
1714	     0	73.9	141.4	 881	OK
1715	     0	73.8	140.3	 884	OK
1716	     0	74.2	142.9	 871	OK
1717	     1	0.0	0.0	   0	dead
1718	     0	73.8	140.8	 878	OK
1719	     0	74.4	142.8	 879	OK
1720	     0	74.1	142.9	 873	OK
1721	     0	75.3	141.8	 881	OK
1722	     0	73.1	138.9	 894	OK
1723	     0	74.3	141.5	 877	OK
1724	     0	74.4	144.1	 860	OK
1725	     0	73.3	138.8	 876	OK
1726	     0	73.1	139.9	 886	OK
1727	     0	74.0	140.6	 856	OK
1728	     0	74.9	144.3	 874	OK
1729	     0	72.7	140.0	 863	OK
1730	     1	0.0	0.0	   0	dead
1731	     0	73.0	140.9	 875	OK
1732	     0	72.6	138.6	 852	OK
1733	     0	74.2	140.4	 863	OK
1734	     0	71.9	137.4	 869	OK
1735	     0	72.5	138.5	 896	OK
1736	     0	72.5	139.9	 863	OK
1737	     0	73.6	141.3	 866	OK
1738	     0	72.5	137.6	 868	OK
1739	     0	72.2	139.1	 870	OK
1740	     0	72.2	138.1	 867	OK
1741	     0	75.0	143.5	 894	OK
1742	     0	74.2	143.2	 884	OK
1743	     0	74.1	140.5	 873	OK
1744	     1	0.0	0.0	   0	dead
1745	     0	74.2	141.3	 894	OK
1746	     0	72.6	140.2	 849	OK
1747	     0	71.0	138.0	 877	OK
1748	     0	72.1	138.7	 883	OK
1749	     0	71.6	137.7	 882	OK
1750	     0	72.0	140.1	 873	OK
1751	     0	74.6	143.9	 880	OK
1752	     0	74.4	140.4	 841	OK
1753	     0	71.7	137.7	 873	OK
1754	     0	70.5	134.8	 862	OK
1755	     0	72.5	136.8	 855	OK
1756	     0	71.7	138.1	 859	OK
1757	     0	75.3	142.1	 881	OK
1758	     0	73.3	140.4	 881	OK
1759	     0	71.2	138.9	 860	OK
1760	     0	74.4	141.6	 850	OK
1761	     0	72.0	138.8	 856	OK
1762	     0	73.1	141.1	 895	OK
1763	     0	74.1	139.0	 872	OK
1764	     0	74.3	140.9	 863	OK
1765	     0	74.8	142.5	 871	OK
1766	     0	74.4	143.3	 865	OK
1767	     0	73.8	142.6	 871	OK
1768	     0	72.8	140.0	 856	OK
1769	     0	73.8	140.7	 871	OK
1770	     0	73.0	140.8	 892	OK
1771	     0	74.1	142.5	 865	OK
1772	     0	73.9	142.1	 871	OK
1773	     0	74.7	141.8	 884	OK
1774	     0	73.1	139.1	 888	OK
1775	     0	74.3	141.8	 885	OK
1776	     0	73.7	139.8	 870	OK
1777	     0	73.6	139.8	 890	OK
1778	     0	73.7	140.0	 871	OK
1779	     0	74.1	144.0	 878	OK
1780	     0	73.2	139.5	 851	OK
1781	     0	72.7	139.5	 888	OK
1782	     0	70.8	135.6	 871	OK
1783	     0	73.8	142.4	 888	OK
1784	     0	73.8	142.0	 883	OK
1785	     0	74.0	142.5	 908	OK
1786	     0	77.3	149.1	 879	OK
1787	     0	75.4	144.7	 875	OK
1788	     0	76.6	145.2	 866	OK
1789	     0	74.5	142.1	 882	OK
1790	     0	74.3	142.9	 868	OK
1791	     0	75.0	144.2	 869	OK
1792	     0	69.5	134.7	 878	OK
1793	     0	71.5	137.3	 858	OK
1794	     0	69.5	133.5	 876	OK
1795	     0	72.6	139.9	 882	OK
1796	     0	71.4	135.8	 893	OK
1797	     0	70.5	135.3	 865	OK
1798	     0	71.6	138.7	 865	OK
1799	     0	70.4	133.1	 873	OK
1800	     0	71.0	135.1	 874	OK
1801	     0	71.0	135.4	 865	OK
1802	     0	70.3	135.8	 874	OK
1803	     0	71.2	136.1	 866	OK
1804	     0	72.8	140.5	 876	OK
1805	     0	69.2	130.9	 857	OK
1806	     0	71.3	135.2	 874	OK
1807	     0	71.2	138.2	 881	OK
1808	     0	71.1	135.2	 888	OK
1809	     0	75.4	143.9	 877	OK
1810	     0	73.1	141.8	 856	OK
1811	     0	69.5	134.4	 872	OK
1812	     0	69.9	133.8	 871	OK
1813	     0	73.6	139.6	 870	OK
1814	     0	72.6	136.1	 871	OK
1815	     0	71.7	137.2	 870	OK
1816	     0	72.2	136.7	 872	OK
1817	     0	70.4	135.6	 857	OK
1818	     0	70.6	135.9	 866	OK
1819	     0	70.3	134.5	 876	OK
1820	     0	69.4	131.8	 863	OK
1821	     0	73.5	138.7	 886	OK
1822	     0	71.3	136.6	 877	OK
1823	     0	72.1	135.6	 855	OK
1824	     0	70.9	134.0	 885	OK
1825	     0	72.3	138.5	 860	OK
1826	     0	70.8	137.0	 845	OK
1827	     0	72.1	137.3	 873	OK
1828	     0	71.9	137.1	 874	OK
1829	     0	72.2	137.8	 870	OK
1830	     0	71.2	137.4	 871	OK
1831	     0	73.9	139.6	 885	OK
1832	     0	72.0	136.4	 885	OK
1833	     0	71.2	134.2	 854	OK
1834	     0	71.0	134.7	 882	OK
1835	     0	70.7	132.4	 863	OK
1836	     0	70.1	135.7	 872	OK
1837	     0	70.7	133.8	 883	OK
1838	     0	70.2	133.3	 867	OK
1839	     0	71.6	134.9	 869	OK
1840	     0	74.6	140.0	 878	OK
1841	     0	68.7	132.3	 876	OK
1842	     1	0.0	0.0	   0	dead
1843	     0	70.9	134.1	 882	OK
1844	     0	70.9	134.3	 870	OK
1845	     0	72.0	134.9	 879	OK
1846	     0	74.2	140.8	 899	OK
1847	     0	71.4	137.1	 877	OK
1848	     0	71.9	136.3	 874	OK
1849	     0	72.9	137.3	 877	OK
1850	     0	70.6	135.1	 866	OK
1851	     0	73.0	138.8	 868	OK
1852	     0	73.2	138.4	 887	OK
1853	     0	72.0	136.2	 875	OK
1854	     0	74.1	139.9	 877	OK
1855	     0	72.4	136.6	 894	OK
1856	     0	71.0	136.1	 877	OK
1857	     0	75.0	142.2	 839	OK
1858	     0	72.1	136.8	 881	OK
1859	     0	73.5	138.0	 866	OK
1860	     0	71.6	134.8	 895	OK
1861	     0	69.8	133.4	 846	OK
1862	     0	70.9	135.9	 866	OK
1863	     0	71.5	137.3	 865	OK
1864	     0	72.5	138.3	 868	OK
1865	     0	70.7	135.0	 867	OK
1866	     0	73.0	138.4	 855	OK
1867	     0	72.3	136.8	 881	OK
1868	     0	69.1	133.1	 882	OK
1869	     0	73.5	140.8	 877	OK
1870	     0	73.4	136.6	 868	OK
1871	     0	72.0	136.1	 873	OK
1872	     0	71.9	135.1	 849	OK
1873	     0	71.3	134.7	 866	OK
1874	     0	72.5	138.5	 857	OK
1875	     0	72.1	136.2	 839	OK
1876	     0	72.6	137.9	 866	OK
1877	     0	71.9	136.0	 865	OK
1878	     0	73.7	139.3	 872	OK
1879	     0	73.0	137.9	 863	OK
1880	     0	71.3	136.0	 865	OK
1881	     0	72.2	136.4	 877	OK
1882	     0	70.5	134.2	 872	OK
1883	     0	71.9	136.2	 857	OK
1884	     0	72.9	138.2	 883	OK
1885	     0	72.6	138.7	 858	OK
1886	     0	71.3	135.4	 845	OK
1887	     0	72.7	136.9	 860	OK
1888	     0	70.7	133.4	 882	OK
1889	     0	73.4	140.4	 852	OK
1890	     0	72.2	137.4	 869	OK
1891	     0	70.4	134.1	 876	OK
1892	     0	70.0	132.6	 877	OK
1893	     0	74.3	141.2	 852	OK
1894	     0	73.3	138.0	 873	OK
1895	     0	73.1	136.2	 863	OK
1896	     0	72.2	138.3	 864	OK
1897	     0	72.0	135.6	 880	OK
1898	     0	73.3	137.8	 872	OK
1899	     0	72.1	136.9	 860	OK
1900	     0	73.6	139.7	 862	OK
1901	     0	72.3	137.2	 851	OK
1902	     0	73.5	140.4	 849	OK
1903	     0	73.4	137.0	 864	OK
1904	     0	73.6	139.3	 839	OK
1905	     0	72.2	136.8	 866	OK
1906	     0	74.3	142.0	 857	OK
1907	     0	73.6	140.3	 885	OK
1908	     0	73.4	138.5	 857	OK
1909	     0	72.9	139.6	 865	OK
1910	     0	72.6	136.5	 881	OK
1911	     0	73.6	139.7	 864	OK
1912	     0	74.0	139.2	 847	OK
1913	     0	70.7	134.0	 863	OK
1914	     0	73.7	139.5	 852	OK
1915	     0	74.6	139.8	 854	OK
1916	     0	71.3	137.2	 869	OK
1917	     0	73.5	136.4	 851	OK
1918	     0	75.3	143.6	 876	OK
1919	     0	75.1	142.1	 872	OK
1920	     0	74.7	146.4	 873	OK
1921	     0	74.5	146.7	 867	OK
1922	     0	74.9	144.9	 872	OK
1923	     0	71.6	139.3	 855	OK
1924	     0	73.0	146.3	 857	OK
1925	     0	73.9	144.1	 870	OK
1926	     0	75.0	143.5	 861	OK
1927	     0	73.9	144.1	 858	OK
1928	     0	73.9	142.0	 858	OK
1929	     0	72.7	141.7	 852	OK
1930	     0	73.6	141.4	 871	OK
1931	     0	74.4	143.7	 880	OK
1932	     0	72.9	141.8	 863	OK
1933	     0	74.6	144.6	 862	OK
1934	     0	72.2	138.5	 843	OK
1935	     0	72.1	140.8	 847	OK
1936	     0	73.7	140.4	 842	OK
1937	     0	69.9	134.6	 868	OK
1938	     0	71.1	139.8	 881	OK
1939	     0	71.6	138.0	 853	OK
1940	     0	73.2	142.6	 850	OK
1941	     0	71.5	139.3	 859	OK
1942	     0	69.6	136.5	 857	OK
1943	     0	72.3	139.9	 859	OK
1944	     0	72.5	140.8	 852	OK
1945	     0	73.3	140.0	 849	OK
1946	     0	72.7	140.3	 876	OK
1947	     0	72.8	141.3	 857	OK
1948	     0	72.1	138.3	 852	OK
1949	     0	71.0	138.0	 856	OK
1950	     0	72.9	142.0	 853	OK
1951	     0	70.2	137.1	 858	OK
1952	     0	73.4	141.6	 856	OK
1953	     0	71.9	141.2	 844	OK
1954	     0	72.4	140.2	 846	OK
1955	     0	72.0	139.9	 865	OK
1956	     0	70.1	136.1	 856	OK
1957	     0	71.2	137.6	 859	OK
1958	     0	71.7	138.4	 874	OK
1959	     0	70.5	136.1	 854	OK
1960	     0	70.7	138.5	 867	OK
1961	     0	72.9	141.9	 841	OK
1962	     0	72.6	138.3	 866	OK
1963	     0	73.7	142.4	 856	OK
1964	     0	71.8	138.7	 856	OK
1965	     0	72.9	139.6	 871	OK
1966	     0	73.0	141.8	 851	OK
1967	     0	71.6	139.5	 858	OK
1968	     0	71.4	137.8	 856	OK
1969	     0	72.6	140.4	 859	OK
1970	     0	70.2	136.8	 861	OK
1971	     0	69.7	135.5	 857	OK
1972	     0	73.2	143.0	 836	OK
1973	     0	71.4	138.1	 841	OK
1974	     0	69.6	133.4	 880	OK
1975	     0	72.8	138.8	 849	OK
1976	     0	72.7	140.7	 874	OK
1977	     0	73.8	143.6	 867	OK
1978	     0	69.9	136.1	 870	OK
1979	     0	73.8	141.0	 867	OK
1980	     0	71.5	137.1	 851	OK
1981	     0	72.9	140.2	 852	OK
1982	     0	74.2	143.6	 845	OK
1983	     1	0.0	0.0	   0	dead
1984	     0	72.7	140.0	 863	OK
1985	     0	70.9	136.2	 849	OK
1986	     0	69.8	136.2	 851	OK
1987	     0	73.4	141.0	 837	OK
1988	     0	72.8	141.5	 856	OK
1989	     0	70.4	135.2	 828	OK
1990	     0	71.7	136.6	 856	OK
1991	     0	72.3	137.9	 849	OK
1992	     0	69.2	134.4	 839	OK
1993	     0	71.9	136.2	 837	OK
1994	     0	71.9	137.6	 849	OK
1995	     0	70.0	134.4	 872	OK
1996	     0	72.8	137.4	 813	OK
1997	     0	72.7	139.2	 842	OK
1998	     0	70.0	133.9	 847	OK
1999	     0	70.0	134.1	 829	OK
2000	     0	72.2	138.4	 840	OK
2001	     0	73.6	140.3	 833	OK
2002	     0	73.5	140.8	 840	OK
2003	     0	72.7	141.8	 823	OK
2004	     0	73.4	140.3	 850	OK
2005	     0	71.3	136.3	 849	OK
2006	     0	73.9	140.9	 837	OK
2007	     0	72.4	137.5	 834	OK
2008	     0	68.4	131.9	 843	OK
2009	     0	71.4	137.0	 854	OK
2010	     0	71.9	140.8	 846	OK
2011	     0	71.5	136.8	 824	OK
2012	     0	70.8	134.7	 844	OK
2013	     0	70.9	136.2	 824	OK
2014	     0	70.1	137.6	 841	OK
2015	     1	0.0	0.0	   0	dead
2016	     0	72.4	139.2	 842	OK
2017	     0	71.7	136.7	 837	OK
2018	     0	71.1	137.6	 847	OK
2019	     0	71.3	137.3	 831	OK
2020	     0	73.0	140.0	 846	OK
2021	     0	71.7	137.8	 835	OK
2022	     0	71.8	138.7	 841	OK
2023	     0	71.6	135.9	 829	OK
2024	     0	72.9	139.2	 818	OK
2025	     0	70.8	136.8	 843	OK
2026	     0	72.5	138.6	 816	OK
2027	     0	71.1	137.1	 843	OK
2028	     0	70.8	136.5	 835	OK
2029	     0	70.5	135.4	 813	OK
2030	     1	0.0	0.0	   0	dead
2031	     0	73.6	139.7	 843	OK
2032	     0	71.0	134.7	 826	OK
2033	     0	73.4	141.0	 836	OK
2034	     0	72.7	141.6	 833	OK
2035	     0	73.9	142.6	 833	OK
2036	     0	72.8	138.4	 853	OK
2037	     0	72.2	138.9	 834	OK
2038	     0	72.9	141.2	 850	OK
2039	     0	72.1	137.4	 849	OK
2040	     0	72.5	140.4	 837	OK
2041	     0	72.4	139.6	 837	OK
2042	     0	73.5	140.9	 845	OK
2043	     0	73.0	139.8	 834	OK
2044	     0	73.5	141.4	 841	OK
2045	     0	74.3	140.0	 825	OK
2046	     0	73.7	140.9	 869	OK
2047	     0	73.7	140.3	 842	OK
2048	     0	73.5	139.1	 883	OK
2049	     0	72.6	139.9	 876	OK
2050	     0	69.5	133.0	 866	OK
2051	     0	71.0	136.4	 868	OK
2052	     0	73.2	139.7	 861	OK
2053	     0	72.5	138.2	 874	OK
2054	     0	70.0	134.5	 888	OK
2055	     0	71.2	135.0	 869	OK
2056	     0	72.8	138.5	 893	OK
2057	     0	71.1	137.7	 867	OK
2058	     0	69.9	134.1	 862	OK
2059	     0	70.5	135.8	 865	OK
2060	     0	71.9	137.9	 875	OK
2061	     0	68.6	135.7	 862	OK
2062	     0	70.4	133.2	 874	OK
2063	     0	70.4	133.5	 886	OK
2064	     1	0.0	0.0	   0	dead
2065	     1	0.0	0.0	   0	dead
2066	     0	70.8	137.5	 878	OK
2067	     1	0.0	0.0	   0	dead
2068	     0	72.3	139.9	 847	OK
2069	     0	68.0	131.9	 879	OK
2070	     0	72.1	137.7	 887	OK
2071	     0	73.3	138.5	 882	OK
2072	     0	71.1	135.4	 863	OK
2073	     0	70.2	133.6	 886	OK
2074	     0	71.9	134.9	 886	OK
2075	     0	70.6	136.5	 889	OK
2076	     0	70.9	135.2	 887	OK
2077	     0	71.5	135.6	 872	OK
2078	     0	68.6	132.0	 907	OK
2079	     0	67.6	131.0	 880	OK
2080	     0	69.7	133.4	 883	OK
2081	     0	71.2	138.5	 876	OK
2082	     0	70.8	136.7	 888	OK
2083	     0	71.6	136.2	 897	OK
2084	     0	70.0	134.3	 899	OK
2085	     0	70.3	134.3	 890	OK
2086	     0	70.2	136.5	 878	OK
2087	     0	72.0	139.0	 877	OK
2088	     0	71.0	136.1	 885	OK
2089	     0	69.1	133.0	 880	OK
2090	     0	68.7	133.5	 891	OK
2091	     0	71.2	135.5	 911	OK
2092	     0	70.3	136.0	 881	OK
2093	     0	70.4	135.7	 888	OK
2094	     0	71.0	137.1	 891	OK
2095	     0	70.4	136.0	 903	OK
2096	     0	71.0	135.4	 890	OK
2097	     0	72.1	137.6	 881	OK
2098	     0	71.3	136.1	 903	OK
2099	     0	70.9	136.9	 885	OK
2100	     0	69.9	135.0	 895	OK
2101	     0	70.8	137.8	 879	OK
2102	     0	70.1	133.7	 887	OK
2103	     0	73.2	139.3	 897	OK
2104	     0	68.8	131.1	 893	OK
2105	     0	68.6	130.1	 901	OK
2106	     0	70.0	134.4	 886	OK
2107	     0	71.6	139.2	 893	OK
2108	     0	71.7	138.8	 900	OK
2109	     0	70.2	136.0	 901	OK
2110	     0	70.9	137.8	 897	OK
2111	     0	72.8	141.0	 900	OK
2112	     0	72.3	139.1	 889	OK
2113	     0	69.6	134.6	 908	OK
2114	     0	69.7	135.4	 875	OK
2115	     0	69.6	133.6	 902	OK
2116	     0	69.2	132.8	 899	OK
2117	     0	69.5	134.0	 905	OK
2118	     0	73.1	138.7	 903	OK
2119	     0	70.2	134.9	 899	OK
2120	     1	0.0	0.0	   0	dead
2121	     0	70.0	132.6	 894	OK
2122	     0	71.2	135.3	 879	OK
2123	     0	70.6	137.0	 884	OK
2124	     0	72.6	140.0	 904	OK
2125	     0	69.5	132.9	 902	OK
2126	     0	71.1	136.9	 888	OK
2127	     0	71.6	138.8	 908	OK
2128	     0	71.8	137.9	 880	OK
2129	     0	71.4	135.9	 904	OK
2130	     0	72.9	139.6	 874	OK
2131	     0	71.8	139.4	 889	OK
2132	     0	70.4	134.9	 887	OK
2133	     0	70.6	133.2	 910	OK
2134	     1	0.0	0.0	   0	dead
2135	     0	71.1	137.0	 886	OK
2136	     0	71.0	135.1	 883	OK
2137	     0	70.8	135.1	 889	OK
2138	     0	72.8	138.4	 892	OK
2139	     0	70.4	133.6	 902	OK
2140	     0	72.8	138.2	 874	OK
2141	     0	70.8	135.6	 902	OK
2142	     0	72.0	135.5	 896	OK
2143	   200	75.8	144.1	 866	high gain
2144	     0	70.7	135.7	 891	OK
2145	     0	73.0	138.4	 872	OK
2146	     0	69.8	133.3	 885	OK
2147	     0	70.2	134.7	 884	OK
2148	     0	72.1	138.8	 882	OK
2149	     0	67.9	129.9	 894	OK
2150	     0	72.1	137.3	 882	OK
2151	     0	71.1	135.5	 881	OK
2152	     0	71.0	137.1	 883	OK
2153	     0	72.0	137.5	 881	OK
2154	     0	71.2	135.1	 877	OK
2155	     0	71.3	137.3	 903	OK
2156	     0	70.3	134.7	 894	OK
2157	     0	72.4	136.4	 875	OK
2158	     0	70.9	135.9	 878	OK
2159	     0	71.1	134.7	 870	OK
2160	     0	73.0	138.6	 877	OK
2161	     0	70.3	135.7	 887	OK
2162	     0	71.0	135.9	 877	OK
2163	     0	72.0	137.0	 876	OK
2164	     0	71.9	138.6	 873	OK
2165	     0	73.2	140.7	 907	OK
2166	     0	71.7	136.6	 899	OK
2167	     0	69.4	131.4	 906	OK
2168	   200	76.1	143.3	 880	high gain
2169	     0	72.1	136.4	 864	OK
2170	     0	71.7	134.7	 899	OK
2171	     0	73.0	138.1	 894	OK
2172	     0	72.9	140.1	 907	OK
2173	     0	71.9	138.4	 871	OK
2174	     0	72.0	138.2	 903	OK
2175	     0	72.0	138.0	 891	OK
2176	     0	74.7	144.7	 861	OK
2177	     0	74.1	142.3	 873	OK
2178	     0	74.8	142.6	 889	OK
2179	     0	74.8	140.9	 888	OK
2180	     0	76.1	145.4	 887	OK
2181	     0	73.8	141.7	 874	OK
2182	     0	74.1	141.7	 879	OK
2183	     0	74.1	141.9	 877	OK
2184	     0	74.2	142.8	 873	OK
2185	     0	72.2	141.2	 863	OK
2186	     1	0.0	0.0	   0	dead
2187	     0	76.3	146.2	 881	OK
2188	     0	75.5	144.5	 882	OK
2189	     0	72.8	140.1	 867	OK
2190	     0	73.6	141.7	 874	OK
2191	     0	74.6	142.5	 855	OK
2192	     0	75.4	143.0	 875	OK
2193	     0	74.6	141.0	 888	OK
2194	     0	72.5	139.7	 877	OK
2195	     0	75.0	144.6	 874	OK
2196	     0	74.1	142.0	 884	OK
2197	     0	75.0	143.6	 869	OK
2198	     0	72.1	139.1	 877	OK
2199	     0	72.6	137.5	 862	OK
2200	     0	72.6	138.6	 871	OK
2201	     0	76.0	144.0	 875	OK
2202	     0	72.5	137.7	 863	OK
2203	     0	71.2	137.1	 875	OK
2204	     0	73.9	143.1	 869	OK
2205	     0	73.8	142.4	 866	OK
2206	     0	71.9	139.5	 868	OK
2207	     0	71.9	138.3	 870	OK
2208	     0	72.3	138.2	 859	OK
2209	     0	72.9	142.4	 858	OK
2210	     0	72.6	140.8	 892	OK
2211	     0	75.6	142.5	 877	OK
2212	     0	74.1	144.3	 868	OK
2213	     0	72.8	137.6	 849	OK
2214	     0	75.4	146.6	 873	OK
2215	     0	73.8	141.8	 875	OK
2216	     0	71.9	137.5	 886	OK
2217	     0	74.4	145.2	 879	OK
2218	     0	75.6	143.3	 876	OK
2219	     0	73.9	142.1	 885	OK
2220	     0	71.7	138.8	 880	OK
2221	     0	73.3	141.8	 863	OK
2222	     0	72.2	139.1	 892	OK
2223	     0	73.9	141.0	 888	OK
2224	     0	72.5	140.9	 866	OK
2225	     0	72.6	140.3	 867	OK
2226	     0	76.0	146.5	 892	OK
2227	     0	75.5	144.2	 882	OK
2228	     0	73.5	140.1	 890	OK
2229	     0	75.0	142.8	 898	OK
2230	     0	75.1	142.3	 891	OK
2231	     0	74.7	145.1	 887	OK
2232	     0	73.3	140.3	 875	OK
2233	     0	73.0	140.6	 868	OK
2234	     0	74.7	143.1	 881	OK
2235	     0	73.2	138.5	 865	OK
2236	     0	75.2	143.9	 878	OK
2237	     0	71.6	139.0	 869	OK
2238	     1	0.0	0.0	   0	dead
2239	     0	74.6	142.3	 867	OK
2240	     0	75.5	146.8	 879	OK
2241	     0	73.5	142.6	 879	OK
2242	     0	77.5	145.8	 893	OK
2243	     0	77.0	147.9	 879	OK
2244	     0	72.5	140.7	 878	OK
2245	     0	73.1	141.6	 872	OK
2246	     1	0.0	0.0	   0	dead
2247	     0	75.9	146.2	 892	OK
2248	     0	75.1	145.2	 872	OK
2249	     0	75.2	143.3	 891	OK
2250	     0	77.1	148.0	 862	OK
2251	     0	75.8	143.9	 877	OK
2252	     0	74.3	143.6	 883	OK
2253	     0	75.0	143.5	 854	OK
2254	     0	74.1	141.9	 879	OK
2255	     0	76.0	145.3	 893	OK
2256	     0	74.6	143.8	 865	OK
2257	     0	74.3	140.6	 872	OK
2258	     0	73.2	141.4	 864	OK
2259	     0	72.5	138.6	 854	OK
2260	     0	73.8	142.2	 893	OK
2261	     0	74.5	142.3	 871	OK
2262	     0	72.4	137.5	 852	OK
2263	     0	74.6	142.7	 872	OK
2264	     0	72.8	142.1	 890	OK
2265	     0	74.3	143.0	 878	OK
2266	     0	73.8	142.5	 862	OK
2267	     0	76.2	145.7	 879	OK
2268	     0	73.6	142.2	 893	OK
2269	     0	73.6	142.2	 873	OK
2270	     0	73.6	140.7	 864	OK
2271	     0	73.0	139.7	 868	OK
2272	     0	76.4	143.7	 864	OK
2273	     0	76.7	146.4	 876	OK
2274	     0	73.8	141.0	 861	OK
2275	     0	74.9	143.5	 860	OK
2276	     0	73.9	140.5	 871	OK
2277	     0	75.3	145.4	 870	OK
2278	     0	75.2	144.2	 866	OK
2279	     0	74.5	142.9	 875	OK
2280	     0	74.7	140.8	 854	OK
2281	     0	72.4	137.9	 872	OK
2282	     0	75.3	142.5	 860	OK
2283	     0	73.7	143.4	 864	OK
2284	     0	75.5	141.7	 874	OK
2285	     0	74.5	143.2	 838	OK
2286	     0	75.5	143.6	 872	OK
2287	     0	73.5	142.7	 861	OK
2288	     0	76.2	146.6	 851	OK
2289	   200	79.8	149.0	 862	high gain
2290	     0	75.5	145.1	 862	OK
2291	     0	75.2	143.6	 872	OK
2292	     0	75.9	147.3	 859	OK
2293	     0	75.4	142.3	 870	OK
2294	     0	75.2	142.2	 864	OK
2295	     0	74.4	142.6	 866	OK
2296	     0	77.9	148.0	 885	OK
2297	     0	76.0	145.3	 877	OK
2298	     0	75.4	144.5	 884	OK
2299	     0	75.6	144.2	 877	OK
2300	     0	75.6	145.9	 854	OK
2301	     0	77.7	149.3	 858	OK
2302	     0	76.3	144.7	 873	OK
2303	     0	76.1	145.9	 859	OK
2304	     0	73.1	140.9	 903	OK
2305	     0	72.2	137.1	 898	OK
2306	     0	71.3	136.7	 903	OK
2307	     0	68.4	132.2	 890	OK
2308	     0	72.8	137.4	 907	OK
2309	     0	69.3	134.1	 905	OK
2310	     0	69.3	131.2	 901	OK
2311	     0	69.7	133.9	 885	OK
2312	     0	70.2	136.4	 898	OK
2313	     0	71.5	138.1	 912	OK
2314	     0	71.4	134.5	 910	OK
2315	     0	69.6	131.9	 901	OK
2316	     0	70.7	136.1	 913	OK
2317	     0	71.8	137.8	 878	OK
2318	     0	72.2	136.2	 915	OK
2319	     0	69.6	134.0	 910	OK
2320	     0	69.3	132.2	 901	OK
2321	     0	71.2	137.8	 911	OK
2322	     0	68.8	132.9	 920	OK
2323	     0	71.0	137.1	 887	OK
2324	     0	71.5	136.0	 896	OK
2325	     0	73.0	137.0	 918	OK
2326	     0	70.1	135.4	 906	OK
2327	     0	73.1	138.7	 915	OK
2328	     0	71.7	138.1	 910	OK
2329	     0	69.4	134.2	 910	OK
2330	     0	69.1	131.7	 941	OK
2331	     0	71.7	138.0	 914	OK
2332	     0	72.7	136.7	 888	OK
2333	     0	70.3	132.7	 915	OK
2334	     1	0.0	0.0	   0	dead
2335	     0	70.1	132.3	 910	OK
2336	     0	72.8	135.1	 923	OK
2337	     0	72.1	137.9	 921	OK
2338	     0	70.6	132.5	 913	OK
2339	     0	71.6	137.4	 925	OK
2340	     0	71.1	137.0	 914	OK
2341	     0	70.0	133.3	 922	OK
2342	     0	70.1	133.5	 895	OK
2343	     0	72.4	137.4	 924	OK
2344	     0	69.3	132.2	 908	OK
2345	     0	72.4	137.2	 914	OK
2346	     0	70.4	133.6	 888	OK
2347	     0	71.8	135.3	 912	OK
2348	     0	71.0	136.3	 908	OK
2349	     0	70.4	134.2	 920	OK
2350	     1	0.0	0.0	   0	dead
2351	     0	70.6	133.7	 917	OK
2352	     0	70.7	135.8	 911	OK
2353	     0	70.4	136.4	 930	OK
2354	     0	72.8	139.1	 928	OK
2355	     0	69.5	133.4	 928	OK
2356	     0	70.9	136.6	 914	OK
2357	     0	72.3	138.7	 892	OK
2358	     0	70.7	132.4	 925	OK
2359	     0	69.7	134.1	 919	OK
2360	     0	72.3	135.5	 909	OK
2361	     0	70.3	133.4	 935	OK
2362	     0	73.3	140.6	 936	OK
2363	     0	71.5	135.5	 924	OK
2364	     0	72.1	137.6	 927	OK
2365	     0	70.5	134.1	 943	OK
2366	     0	69.8	131.9	 926	OK
2367	     0	71.7	138.5	 915	OK
2368	     0	70.0	134.3	 911	OK
2369	     0	70.8	136.9	 904	OK
2370	     0	69.4	132.4	 927	OK
2371	     1	0.0	0.0	   0	dead
2372	     0	71.0	134.4	 921	OK
2373	     0	70.0	134.7	 924	OK
2374	     0	70.9	136.1	 905	OK
2375	     0	69.7	132.3	 923	OK
2376	     0	72.8	138.8	 915	OK
2377	     0	70.7	134.5	 925	OK
2378	     0	71.2	133.7	 926	OK
2379	     0	70.7	133.7	 922	OK
2380	     0	70.2	135.9	 914	OK
2381	     0	71.0	134.3	 924	OK
2382	     0	69.4	132.1	 926	OK
2383	     0	70.6	135.3	 919	OK
2384	     0	69.9	133.6	 910	OK
2385	     0	68.9	130.7	 926	OK
2386	     0	69.3	133.0	 926	OK
2387	     0	69.1	132.5	 932	OK
2388	     0	69.6	134.2	 943	OK
2389	     0	71.2	135.8	 911	OK
2390	     0	71.0	133.0	 913	OK
2391	     0	68.9	129.6	 919	OK
2392	     0	69.3	132.1	 919	OK
2393	     0	68.2	132.1	 912	OK
2394	     0	69.2	133.3	 916	OK
2395	     0	71.1	135.8	 897	OK
2396	     0	70.5	133.6	 918	OK
2397	     0	70.0	133.4	 920	OK
2398	     0	70.8	134.2	 896	OK
2399	     0	70.6	133.7	 905	OK
2400	     0	72.0	135.8	 900	OK
2401	     1	0.0	0.0	   0	dead
2402	     0	72.1	137.2	 909	OK
2403	     0	71.2	135.6	 893	OK
2404	     0	69.4	132.3	 906	OK
2405	     0	69.0	133.7	 917	OK
2406	     0	72.4	136.4	 926	OK
2407	     0	70.2	135.4	 924	OK
2408	     0	70.9	135.4	 907	OK
2409	     0	71.0	135.1	 908	OK
2410	     0	69.1	134.6	 923	OK
2411	     0	69.8	135.6	 928	OK
2412	     0	71.7	134.4	 918	OK
2413	     0	72.5	138.0	 909	OK
2414	     0	71.0	135.5	 915	OK
2415	     0	69.3	133.6	 906	OK
2416	     0	70.1	132.0	 917	OK
2417	     0	71.1	135.0	 915	OK
2418	     0	70.4	135.8	 923	OK
2419	     0	72.5	136.0	 898	OK
2420	     0	70.3	132.7	 925	OK
2421	     0	72.6	138.1	 922	OK
2422	     0	71.4	138.3	 893	OK
2423	     0	68.6	130.3	 896	OK
2424	     0	68.5	129.3	 886	OK
2425	     0	70.1	131.8	 887	OK
2426	     0	70.5	135.0	 914	OK
2427	     0	72.9	140.2	 929	OK
2428	     0	71.8	135.0	 932	OK
2429	     0	70.7	134.5	 894	OK
2430	     0	73.1	137.8	 904	OK
2431	     0	74.1	140.7	 907	OK
2432	     0	75.9	143.5	 933	OK
2433	     0	76.0	143.1	 929	OK
2434	     0	74.6	140.3	 916	OK
2435	     1	0.0	0.0	   0	dead
2436	     0	73.2	141.4	 889	OK
2437	     0	75.4	143.7	 913	OK
2438	     0	75.9	145.6	 895	OK
2439	     0	75.7	142.4	 894	OK
2440	     0	76.3	143.8	 890	OK
2441	     0	73.1	137.0	 898	OK
2442	     0	74.0	139.2	 920	OK
2443	     0	77.3	145.1	 907	OK
2444	     0	71.8	137.8	 900	OK
2445	     0	74.3	141.5	 894	OK
2446	     0	75.8	143.7	 890	OK
2447	     0	74.7	142.4	 881	OK
2448	     0	72.5	138.2	 904	OK
2449	     0	73.8	140.2	 870	OK
2450	     0	76.3	144.9	 888	OK
2451	     0	73.4	141.0	 920	OK
2452	     0	75.7	141.6	 897	OK
2453	     0	75.3	140.7	 913	OK
2454	     0	74.9	142.2	 890	OK
2455	     0	74.4	141.3	 898	OK
2456	     0	73.3	140.1	 886	OK
2457	     0	73.2	139.8	 916	OK
2458	     0	72.8	140.0	 889	OK
2459	     0	74.1	140.5	 893	OK
2460	     0	74.4	142.2	 891	OK
2461	     0	73.7	141.8	 916	OK
2462	     0	75.2	141.8	 909	OK
2463	     0	73.5	141.8	 892	OK
2464	     0	74.1	139.5	 914	OK
2465	     0	74.4	142.4	 912	OK
2466	     0	74.4	142.4	 890	OK
2467	     0	74.4	142.0	 896	OK
2468	     0	74.0	141.2	 908	OK
2469	     0	74.8	143.1	 914	OK
2470	     0	74.9	143.0	 902	OK
2471	     0	74.9	142.8	 888	OK
2472	     0	73.6	139.5	 912	OK
2473	     0	72.4	137.8	 899	OK
2474	     0	74.4	142.2	 902	OK
2475	     0	74.1	142.0	 919	OK
2476	     0	74.9	141.5	 915	OK
2477	     0	75.2	139.9	 909	OK
2478	     0	74.5	141.7	 905	OK
2479	     0	73.1	139.8	 918	OK
2480	     0	73.1	138.6	 895	OK
2481	     0	74.1	140.1	 896	OK
2482	     0	71.1	136.0	 912	OK
2483	     0	74.0	141.4	 900	OK
2484	     0	74.4	142.3	 908	OK
2485	     0	74.6	142.7	 902	OK
2486	     0	74.7	140.3	 885	OK
2487	     0	75.7	143.2	 914	OK
2488	     0	73.8	141.4	 921	OK
2489	     0	75.7	144.3	 912	OK
2490	     0	74.0	141.2	 913	OK
2491	     0	75.7	144.4	 894	OK
2492	     0	75.0	142.8	 924	OK
2493	     0	74.4	141.6	 897	OK
2494	     0	77.1	146.0	 923	OK
2495	     0	76.5	145.2	 867	OK
2496	     0	76.0	142.7	 923	OK
2497	     0	74.2	141.0	 906	OK
2498	     0	74.9	141.0	 902	OK
2499	     0	73.0	139.0	 915	OK
2500	     0	73.3	138.2	 895	OK
2501	     0	75.6	141.0	 896	OK
2502	     0	73.6	139.0	 904	OK
2503	     0	74.2	139.3	 918	OK
2504	     0	75.3	141.4	 885	OK
2505	     0	75.8	143.4	 890	OK
2506	     0	75.3	144.0	 905	OK
2507	     0	75.4	140.0	 884	OK
2508	     0	76.2	142.7	 900	OK
2509	     0	74.3	142.0	 917	OK
2510	     0	76.0	141.0	 909	OK
2511	     0	73.9	138.7	 913	OK
2512	     0	76.4	145.7	 897	OK
2513	     0	74.8	143.0	 922	OK
2514	     0	73.8	141.1	 894	OK
2515	     0	74.8	141.6	 893	OK
2516	     0	74.9	139.4	 878	OK
2517	     0	74.1	140.2	 904	OK
2518	     0	75.1	143.8	 879	OK
2519	     0	74.6	141.3	 906	OK
2520	     0	74.8	140.8	 893	OK
2521	     0	74.1	141.3	 898	OK
2522	     0	72.6	135.5	 889	OK
2523	     0	73.4	139.3	 893	OK
2524	     0	72.5	138.2	 878	OK
2525	     0	75.0	140.8	 900	OK
2526	     0	74.0	138.6	 898	OK
2527	     0	72.2	137.1	 875	OK
2528	     0	74.5	142.1	 901	OK
2529	     0	74.6	140.2	 890	OK
2530	     0	75.1	143.4	 891	OK
2531	     0	74.3	143.5	 886	OK
2532	     0	76.1	144.4	 895	OK
2533	     0	74.0	141.8	 882	OK
2534	     0	74.1	140.8	 893	OK
2535	     0	73.8	138.9	 890	OK
2536	     0	71.9	136.8	 893	OK
2537	     0	75.6	144.8	 875	OK
2538	     0	74.1	141.4	 897	OK
2539	     0	76.4	145.8	 893	OK
2540	     0	74.5	140.0	 890	OK
2541	     0	75.1	141.6	 887	OK
2542	     0	75.0	143.0	 887	OK
2543	     0	75.3	141.2	 887	OK
2544	     0	72.8	141.2	 892	OK
2545	     0	74.2	142.2	 880	OK
2546	     0	75.3	143.3	 889	OK
2547	     0	77.4	144.0	 871	OK
2548	     0	75.9	144.4	 889	OK
2549	     0	75.8	144.4	 892	OK
2550	     1	0.0	0.0	   0	dead
2551	     0	75.8	143.8	 876	OK
2552	     0	74.6	142.2	 900	OK
2553	     0	75.6	144.7	 878	OK
2554	     0	74.5	142.9	 890	OK
2555	     0	73.2	138.2	 884	OK
2556	     0	76.3	145.5	 883	OK
2557	     0	76.4	144.2	 885	OK
2558	     0	77.7	146.8	 900	OK
2559	   200	80.6	148.7	 900	high gain
