#chan	code	gain	vt50	innse	comment
   0	   200	79.0	143.5	 961	high gain
   1	     0	73.7	138.9	 957	OK
   2	     0	72.4	138.2	 930	OK
   3	     0	76.0	143.2	 931	OK
   4	     0	74.7	140.8	 917	OK
   5	     0	75.4	143.4	 918	OK
   6	     0	74.1	140.1	 916	OK
   7	     0	72.9	137.3	 917	OK
   8	     0	76.4	142.0	 940	OK
   9	     0	72.9	138.4	 941	OK
  10	     0	72.4	138.2	 942	OK
  11	     0	74.8	141.3	 929	OK
  12	     0	75.2	142.4	 966	OK
  13	     0	75.0	143.2	 941	OK
  14	     0	71.8	135.3	 975	OK
  15	     0	73.9	141.1	 991	OK
  16	     0	73.1	135.6	 994	OK
  17	     0	72.1	135.1	 990	OK
  18	     0	74.2	141.2	1017	OK
  19	     0	73.8	138.1	 984	OK
  20	     0	74.2	139.6	 997	OK
  21	     0	75.2	138.5	1018	OK
  22	     0	74.4	141.1	1004	OK
  23	     0	73.6	138.5	1011	OK
  24	     0	75.6	138.3	1002	OK
  25	     0	75.3	141.6	 992	OK
  26	     0	75.7	141.8	1002	OK
  27	     0	74.0	138.9	1018	OK
  28	     0	71.8	135.6	1019	OK
  29	     0	72.4	136.3	1014	OK
  30	     0	71.8	136.9	1015	OK
  31	     0	73.1	138.0	1017	OK
  32	     0	72.4	139.0	1021	OK
  33	     0	73.2	139.2	1038	OK
  34	     0	75.0	140.4	1009	OK
  35	     0	74.3	139.8	1011	OK
  36	     0	73.1	138.1	1032	OK
  37	     0	72.4	135.1	1051	OK
  38	     0	72.3	137.0	1020	OK
  39	     0	74.6	140.8	1013	OK
  40	     0	76.6	142.4	1026	OK
  41	     0	73.2	138.5	1047	OK
  42	     0	73.7	139.0	1039	OK
  43	     0	73.1	138.8	1030	OK
  44	     0	72.0	135.9	1028	OK
  45	     0	74.6	138.5	1021	OK
  46	     0	73.8	138.5	1019	OK
  47	     0	73.4	140.0	1041	OK
  48	     0	73.0	136.3	1041	OK
  49	     0	71.8	135.7	1041	OK
  50	     0	74.0	139.8	1033	OK
  51	     0	73.9	138.3	1064	OK
  52	     0	71.9	135.9	1045	OK
  53	     0	75.8	142.0	1034	OK
  54	     0	73.9	138.7	1043	OK
  55	     0	75.0	142.6	1045	OK
  56	     0	71.6	134.1	1033	OK
  57	     0	75.1	139.5	1057	OK
  58	     0	71.5	133.3	1045	OK
  59	     0	71.0	134.4	1046	OK
  60	     0	73.8	138.9	1042	OK
  61	     0	73.5	139.5	1040	OK
  62	     0	73.0	136.6	1054	OK
  63	     0	73.1	138.5	1042	OK
  64	     0	75.7	143.5	1050	OK
  65	     0	72.8	136.1	1057	OK
  66	     0	75.6	143.0	1047	OK
  67	     0	73.5	137.6	1041	OK
  68	     0	73.2	138.6	1028	OK
  69	     0	70.8	135.2	1056	OK
  70	     0	73.9	139.2	1031	OK
  71	     0	71.7	135.5	1043	OK
  72	     0	71.9	137.1	1045	OK
  73	     0	71.9	134.2	1033	OK
  74	     0	74.4	140.4	1060	OK
  75	     0	72.8	136.6	1058	OK
  76	     0	71.8	135.5	1049	OK
  77	     0	72.6	140.4	1048	OK
  78	     0	73.0	137.0	1042	OK
  79	     0	72.8	140.6	1058	OK
  80	     0	73.2	136.2	1037	OK
  81	     0	71.6	134.3	1045	OK
  82	     0	69.7	132.5	1063	OK
  83	     0	73.3	140.3	1069	OK
  84	     0	71.4	132.8	1051	OK
  85	     0	71.9	135.7	1050	OK
  86	     0	72.1	136.1	1044	OK
  87	     0	73.0	140.2	1044	OK
  88	     0	75.0	141.7	1076	OK
  89	     0	72.2	135.4	1051	OK
  90	     0	71.1	132.2	1035	OK
  91	     0	73.5	139.0	1045	OK
  92	     0	72.1	137.6	1041	OK
  93	     0	73.0	138.9	1070	OK
  94	     0	71.9	135.0	1051	OK
  95	     0	72.7	138.8	1038	OK
  96	     0	72.2	135.5	1034	OK
  97	     0	71.0	133.2	1053	OK
  98	     0	71.7	135.1	1044	OK
  99	     0	72.5	135.4	1049	OK
 100	     0	72.7	136.1	1028	OK
 101	     0	73.4	137.9	1030	OK
 102	     0	75.2	141.8	1065	OK
 103	     0	73.3	138.0	1066	OK
 104	     0	75.2	142.1	1046	OK
 105	     0	75.2	138.4	1040	OK
 106	     0	75.5	139.2	1034	OK
 107	     0	73.4	138.3	1044	OK
 108	     0	74.4	136.9	1035	OK
 109	     0	73.1	135.9	1066	OK
 110	     0	73.6	138.1	1047	OK
 111	     0	69.7	132.8	1056	OK
 112	     0	72.2	136.9	1030	OK
 113	     0	70.9	135.6	1035	OK
 114	     0	72.4	139.0	1051	OK
 115	     0	71.1	134.4	1067	OK
 116	     0	73.1	139.7	1047	OK
 117	     0	73.6	139.7	1049	OK
 118	     0	71.8	135.1	1027	OK
 119	     0	72.6	136.7	1054	OK
 120	     0	73.4	138.7	1042	OK
 121	     0	73.6	135.2	1044	OK
 122	     0	72.9	138.1	1052	OK
 123	     0	73.7	140.7	1047	OK
 124	     0	73.6	137.9	1037	OK
 125	     0	71.6	136.0	1040	OK
 126	     0	71.2	132.5	1049	OK
 127	     0	71.8	137.0	1041	OK
 128	     0	73.7	136.0	1077	OK
 129	     0	73.7	139.8	1035	OK
 130	     0	72.8	135.4	1058	OK
 131	     0	71.8	136.1	1046	OK
 132	     0	72.6	135.5	1071	OK
 133	     0	73.3	136.7	1059	OK
 134	     0	72.2	135.0	1050	OK
 135	     0	72.2	134.4	1088	OK
 136	     0	73.3	138.7	1062	OK
 137	     0	73.2	136.7	1062	OK
 138	     0	74.8	139.7	1069	OK
 139	     0	73.3	137.3	1028	OK
 140	     0	71.1	134.7	1041	OK
 141	     0	73.1	136.4	1045	OK
 142	     0	72.8	138.6	1054	OK
 143	     0	73.1	138.9	1059	OK
 144	     0	74.7	141.4	1050	OK
 145	     0	72.7	137.3	1050	OK
 146	     0	70.8	135.2	1062	OK
 147	     0	72.7	134.1	1047	OK
 148	     0	74.4	141.1	1045	OK
 149	     0	71.8	135.3	1027	OK
 150	     0	71.9	135.9	1055	OK
 151	     0	75.4	143.8	1047	OK
 152	     0	72.7	136.9	1039	OK
 153	     0	74.2	137.9	1038	OK
 154	     0	71.7	135.2	1047	OK
 155	     0	71.4	134.6	1039	OK
 156	     0	72.1	135.2	1045	OK
 157	     0	73.0	138.9	1038	OK
 158	     0	71.8	135.2	1047	OK
 159	     0	73.6	139.2	1041	OK
 160	     0	71.6	134.8	 994	OK
 161	     0	71.5	136.4	1051	OK
 162	     0	70.8	134.4	1037	OK
 163	     0	72.2	137.0	1033	OK
 164	     0	72.1	133.1	1021	OK
 165	     0	70.7	133.1	1025	OK
 166	     0	72.7	139.0	1041	OK
 167	     0	71.8	134.9	1030	OK
 168	     0	74.6	141.2	1029	OK
 169	     0	74.7	138.7	1036	OK
 170	     0	75.0	142.0	1004	OK
 171	     0	72.8	136.0	1021	OK
 172	     0	72.3	135.2	1022	OK
 173	     0	74.4	141.1	1010	OK
 174	     0	71.8	136.7	1026	OK
 175	     0	72.5	136.5	 991	OK
 176	     0	73.5	139.6	1004	OK
 177	     0	73.4	137.8	1007	OK
 178	     0	71.4	135.0	1032	OK
 179	     0	70.9	134.9	1027	OK
 180	     0	74.7	138.7	1004	OK
 181	     0	73.5	137.8	1017	OK
 182	     0	75.6	141.7	1012	OK
 183	     0	73.6	139.7	1015	OK
 184	     0	73.4	139.6	1042	OK
 185	     0	72.1	135.9	1003	OK
 186	     0	72.5	137.3	 989	OK
 187	     0	76.2	141.6	1032	OK
 188	     0	73.5	136.9	 999	OK
 189	     0	71.9	134.0	1018	OK
 190	     0	74.8	140.6	 995	OK
 191	     0	73.7	135.9	1012	OK
 192	     0	73.5	141.1	1013	OK
 193	     0	74.1	139.8	1012	OK
 194	     0	72.4	139.4	 987	OK
 195	     0	73.1	136.9	1036	OK
 196	     0	72.0	136.5	1032	OK
 197	     0	72.0	135.7	1004	OK
 198	     0	73.6	137.8	1010	OK
 199	     0	75.2	142.0	 992	OK
 200	     0	74.3	141.6	1004	OK
 201	     0	73.0	134.0	1011	OK
 202	     0	74.1	139.8	1006	OK
 203	     0	72.7	137.5	1038	OK
 204	     0	74.8	141.9	1009	OK
 205	     0	73.0	136.8	1015	OK
 206	     0	71.1	134.9	 999	OK
 207	     0	72.4	136.7	1019	OK
 208	     0	72.8	135.8	1011	OK
 209	     0	73.0	138.6	1003	OK
 210	     0	71.7	136.9	1004	OK
 211	     0	74.8	140.8	 996	OK
 212	     0	74.3	138.6	1000	OK
 213	     0	71.5	134.9	1003	OK
 214	     0	71.5	134.6	1002	OK
 215	     0	72.4	136.6	1001	OK
 216	     0	72.2	134.4	 998	OK
 217	     0	71.9	136.3	 994	OK
 218	     0	74.6	139.0	 997	OK
 219	     0	74.8	141.6	1007	OK
 220	     0	74.0	140.7	1017	OK
 221	     0	72.9	136.3	 999	OK
 222	     0	74.2	139.0	1002	OK
 223	     0	72.6	138.0	1008	OK
 224	     0	72.4	135.1	1012	OK
 225	     0	71.7	136.5	1009	OK
 226	     0	71.9	134.4	1008	OK
 227	     0	72.5	136.8	1016	OK
 228	     0	71.9	138.4	1013	OK
 229	     0	73.5	136.7	1012	OK
 230	     0	73.9	137.5	1009	OK
 231	     0	73.1	136.5	1028	OK
 232	     0	73.6	137.1	1026	OK
 233	     0	74.5	141.4	1014	OK
 234	     0	73.9	139.4	1047	OK
 235	     0	74.0	139.0	1036	OK
 236	     0	72.3	135.3	1026	OK
 237	     0	71.4	133.9	1019	OK
 238	     0	72.2	135.6	1031	OK
 239	     0	74.0	138.2	1006	OK
 240	     0	73.5	138.0	1054	OK
 241	     0	73.7	137.6	1035	OK
 242	     0	73.9	139.1	1026	OK
 243	     0	73.6	138.9	1006	OK
 244	     0	72.3	137.5	1015	OK
 245	     0	70.8	133.7	1001	OK
 246	     0	73.3	136.1	1010	OK
 247	     0	72.0	135.6	1016	OK
 248	     0	72.5	135.9	1044	OK
 249	     0	76.8	142.4	1030	OK
 250	     0	75.3	142.1	1025	OK
 251	     0	72.5	135.0	1039	OK
 252	     0	75.5	140.5	1035	OK
 253	     0	75.2	139.4	1012	OK
 254	     0	74.0	138.6	 988	OK
 255	     0	73.4	138.1	1012	OK
 256	     0	71.4	136.2	1068	OK
 257	     0	72.4	137.2	1090	OK
 258	     0	72.9	138.0	1040	OK
 259	     0	71.2	134.4	1045	OK
 260	     0	70.8	135.2	1071	OK
 261	     0	72.6	136.5	1081	OK
 262	     0	71.9	135.0	1063	OK
 263	     0	71.6	134.6	1072	OK
 264	     0	73.5	137.4	1061	OK
 265	     0	72.1	139.3	1055	OK
 266	     0	73.3	138.9	1067	OK
 267	     0	69.8	134.1	1060	OK
 268	     0	71.1	134.0	1075	OK
 269	     0	70.6	135.3	1054	OK
 270	     0	70.8	134.4	1064	OK
 271	     0	70.7	132.9	1048	OK
 272	     0	70.1	133.4	1041	OK
 273	     0	70.8	132.2	1042	OK
 274	     0	70.3	134.5	1076	OK
 275	     0	70.1	132.1	1077	OK
 276	     0	70.2	133.4	1062	OK
 277	     0	70.4	133.2	1075	OK
 278	     0	71.0	137.3	1055	OK
 279	     0	71.3	136.4	1037	OK
 280	     0	69.7	133.7	1047	OK
 281	     0	69.4	132.0	1071	OK
 282	     0	72.0	137.4	1063	OK
 283	     0	70.3	134.9	1068	OK
 284	     0	72.7	134.8	1048	OK
 285	     0	71.3	133.0	1041	OK
 286	     0	71.2	133.7	1043	OK
 287	     0	70.8	134.4	1074	OK
 288	     0	70.9	134.4	1065	OK
 289	     0	71.5	134.6	1038	OK
 290	     0	71.6	135.7	1056	OK
 291	     0	70.1	135.0	1067	OK
 292	     0	70.9	135.1	1057	OK
 293	     0	69.9	132.5	1065	OK
 294	     0	71.0	133.1	1071	OK
 295	     0	70.8	134.0	1058	OK
 296	     0	69.1	130.0	1078	OK
 297	     0	70.6	133.2	1041	OK
 298	     0	71.7	136.1	1065	OK
 299	     0	68.5	130.4	1069	OK
 300	     0	69.5	131.3	1072	OK
 301	     0	69.4	130.6	1066	OK
 302	     0	71.7	135.2	1079	OK
 303	     0	71.4	134.0	1052	OK
 304	     0	71.9	136.8	1076	OK
 305	     0	70.1	132.0	1073	OK
 306	     0	70.7	134.1	1064	OK
 307	     0	71.2	135.3	1079	OK
 308	     0	70.0	133.5	1067	OK
 309	     0	71.8	134.4	1077	OK
 310	     0	69.9	133.8	1049	OK
 311	     0	71.6	137.5	1047	OK
 312	     0	69.8	132.5	1076	OK
 313	     0	71.3	136.0	1055	OK
 314	     0	69.3	131.0	1094	OK
 315	     0	72.7	136.7	1080	OK
 316	     0	71.5	135.2	1080	OK
 317	     0	69.4	131.4	1070	OK
 318	     0	72.3	136.1	1096	OK
 319	     0	70.4	135.9	1087	OK
 320	     0	71.7	134.1	1066	OK
 321	     0	72.9	135.5	1073	OK
 322	     0	72.5	136.4	1068	OK
 323	     0	68.3	129.9	1062	OK
 324	     0	70.3	131.7	1076	OK
 325	     0	69.5	132.8	1058	OK
 326	     0	70.6	132.5	1087	OK
 327	     0	70.2	135.6	1074	OK
 328	     0	69.2	132.7	1090	OK
 329	     0	71.6	135.7	1071	OK
 330	     0	69.5	131.4	1074	OK
 331	     0	68.0	130.4	1098	OK
 332	     0	69.9	132.2	1086	OK
 333	     0	69.9	131.5	1103	OK
 334	     0	68.0	129.5	1079	OK
 335	     0	67.4	127.1	1023	OK
 336	     0	69.6	134.2	1060	OK
 337	     0	66.7	127.7	1070	OK
 338	     0	70.8	136.3	1063	OK
 339	     0	68.5	129.0	1070	OK
 340	     0	70.1	133.5	1072	OK
 341	     0	70.2	131.8	1082	OK
 342	     0	70.0	133.0	1096	OK
 343	     0	71.2	131.8	1060	OK
 344	     0	69.7	132.5	1058	OK
 345	     0	70.5	132.7	1056	OK
 346	     0	71.0	132.3	1064	OK
 347	     0	71.0	135.7	1071	OK
 348	     0	69.2	131.1	1072	OK
 349	     0	69.1	131.5	1057	OK
 350	     0	72.4	134.9	1049	OK
 351	     0	70.5	133.9	1071	OK
 352	     0	68.0	132.4	1068	OK
 353	     0	69.7	133.3	1066	OK
 354	     0	69.8	131.8	1058	OK
 355	     0	68.8	130.3	1072	OK
 356	     0	67.6	131.0	1088	OK
 357	     0	68.0	130.2	1051	OK
 358	     0	70.7	132.9	1059	OK
 359	     0	67.8	131.2	1079	OK
 360	     0	69.7	134.4	1085	OK
 361	     0	69.1	130.0	1066	OK
 362	     0	69.3	130.0	1059	OK
 363	     0	68.2	129.8	1083	OK
 364	     0	70.4	134.7	1076	OK
 365	     0	69.7	129.9	1060	OK
 366	     0	66.7	126.7	1058	OK
 367	     0	70.2	134.5	1061	OK
 368	     0	68.8	130.6	1052	OK
 369	     0	70.2	134.7	1051	OK
 370	     0	72.6	137.0	1021	OK
 371	     0	70.3	133.9	1069	OK
 372	     0	69.9	131.0	1062	OK
 373	     0	69.0	129.6	1051	OK
 374	     0	70.0	130.9	1058	OK
 375	     0	70.3	133.7	1036	OK
 376	     0	70.2	131.9	1053	OK
 377	     0	70.1	133.0	1075	OK
 378	     0	71.8	135.7	1044	OK
 379	     0	67.2	127.0	1046	OK
 380	     0	67.8	128.2	1061	OK
 381	     0	71.8	135.4	1030	OK
 382	     0	69.7	133.0	1031	OK
 383	     0	68.6	129.7	1030	OK
 384	     0	73.2	138.2	 999	OK
 385	     0	75.7	142.9	 994	OK
 386	     0	74.7	144.8	 987	OK
 387	     0	74.6	139.0	 991	OK
 388	     0	73.1	137.5	 992	OK
 389	     0	72.3	135.3	 973	OK
 390	     0	73.2	138.9	 966	OK
 391	     0	72.9	136.9	 999	OK
 392	     0	73.2	138.1	 977	OK
 393	     0	71.9	136.2	 999	OK
 394	     0	71.8	135.1	 986	OK
 395	     0	72.7	138.4	 977	OK
 396	     0	71.6	133.7	 975	OK
 397	     0	72.2	135.7	 971	OK
 398	     0	72.4	138.7	 995	OK
 399	     0	70.5	133.6	 982	OK
 400	     0	73.2	137.9	 996	OK
 401	     0	71.6	136.1	 967	OK
 402	     0	73.6	140.1	 967	OK
 403	     0	71.3	135.1	 998	OK
 404	     0	73.2	139.1	 982	OK
 405	     0	72.1	137.7	 975	OK
 406	     0	71.7	135.2	 987	OK
 407	     0	73.2	137.7	 966	OK
 408	     0	72.3	137.4	 961	OK
 409	     0	73.5	139.2	 971	OK
 410	     0	71.2	136.1	 975	OK
 411	     0	72.9	135.5	 989	OK
 412	     0	73.0	137.7	 999	OK
 413	     0	72.0	138.9	 985	OK
 414	     0	73.1	139.6	 968	OK
 415	     0	72.9	139.9	 973	OK
 416	     0	73.0	138.5	 968	OK
 417	     0	71.7	136.0	 972	OK
 418	     0	73.1	141.3	 987	OK
 419	     0	72.1	134.9	 998	OK
 420	     0	73.0	138.8	 985	OK
 421	     0	73.8	141.5	 975	OK
 422	     0	71.5	136.6	 986	OK
 423	     0	70.3	135.2	 965	OK
 424	     0	72.0	139.2	 967	OK
 425	     0	71.9	138.0	 984	OK
 426	     0	71.3	137.2	 988	OK
 427	     0	71.1	135.1	1007	OK
 428	     0	71.3	135.2	1000	OK
 429	     0	72.8	136.7	 978	OK
 430	     0	72.5	137.3	1003	OK
 431	     0	71.7	134.6	 979	OK
 432	     0	70.8	135.2	1004	OK
 433	     0	71.8	135.6	 991	OK
 434	     0	71.7	135.6	 983	OK
 435	     0	76.1	144.4	 997	OK
 436	     0	72.9	136.0	 995	OK
 437	     0	72.1	138.6	 979	OK
 438	     0	70.0	133.9	 984	OK
 439	     0	74.9	141.5	 983	OK
 440	     0	71.4	137.1	 991	OK
 441	     0	71.3	134.9	 979	OK
 442	     0	72.9	138.3	 995	OK
 443	     0	75.2	140.9	1011	OK
 444	     0	69.2	130.8	1005	OK
 445	     0	71.9	138.0	1004	OK
 446	     0	74.5	141.8	1025	OK
 447	     0	72.3	138.1	1004	OK
 448	     0	72.8	140.0	 999	OK
 449	     0	70.6	133.4	1014	OK
 450	     0	72.9	139.2	 998	OK
 451	     0	71.2	135.3	1011	OK
 452	     0	72.8	137.2	1028	OK
 453	     0	71.4	136.4	1008	OK
 454	     0	73.5	138.1	1010	OK
 455	     0	71.2	133.5	1026	OK
 456	     0	72.0	135.1	1008	OK
 457	     0	70.9	135.9	1003	OK
 458	     0	71.3	134.3	1016	OK
 459	     0	73.1	136.5	1011	OK
 460	     0	71.1	135.6	1023	OK
 461	     0	72.1	135.5	1013	OK
 462	     0	71.5	137.2	1020	OK
 463	     0	71.2	133.4	1002	OK
 464	     0	71.7	137.2	 988	OK
 465	     0	72.1	138.7	1022	OK
 466	     0	70.8	134.5	1045	OK
 467	     0	70.3	132.5	1011	OK
 468	     0	72.0	136.9	1003	OK
 469	     0	70.4	134.5	1040	OK
 470	     0	72.5	138.2	1006	OK
 471	     0	73.7	138.8	1018	OK
 472	     0	74.9	141.1	1024	OK
 473	     0	71.1	135.9	1011	OK
 474	     0	73.1	139.2	1009	OK
 475	     0	70.8	134.8	1022	OK
 476	     0	70.6	134.7	1038	OK
 477	     0	74.8	137.8	 994	OK
 478	     0	71.1	137.5	1004	OK
 479	     0	73.3	138.8	1033	OK
 480	     0	72.7	138.9	 998	OK
 481	     0	72.0	135.2	1023	OK
 482	     0	69.9	133.8	1019	OK
 483	     0	73.0	136.2	1005	OK
 484	     0	71.4	134.2	1005	OK
 485	     0	71.0	134.1	1023	OK
 486	     0	71.6	135.6	1014	OK
 487	     0	75.2	142.2	1023	OK
 488	     0	73.1	136.8	1013	OK
 489	     0	72.2	136.2	1016	OK
 490	     0	73.5	139.1	1030	OK
 491	     0	73.4	140.5	1014	OK
 492	     0	70.8	135.5	1024	OK
 493	     0	72.6	137.2	1016	OK
 494	     0	71.6	135.8	1015	OK
 495	     0	72.3	138.0	1028	OK
 496	     0	71.9	138.0	1032	OK
 497	     0	71.8	136.7	1018	OK
 498	     0	70.1	134.4	1005	OK
 499	     0	72.4	139.9	1022	OK
 500	     0	73.8	140.7	1041	OK
 501	     0	71.8	137.1	1022	OK
 502	     0	72.3	138.8	1026	OK
 503	     0	73.1	139.6	1035	OK
 504	     0	72.8	139.2	1017	OK
 505	     0	75.0	140.9	1015	OK
 506	     0	73.2	141.4	1009	OK
 507	     0	73.1	136.9	1017	OK
 508	     0	70.9	133.1	1000	OK
 509	     0	75.1	142.8	1028	OK
 510	     0	73.5	136.8	1010	OK
 511	     0	71.9	136.2	1007	OK
 512	     0	71.4	137.2	1022	OK
 513	     0	70.0	135.1	 978	OK
 514	     0	71.0	135.9	1006	OK
 515	     0	71.0	134.8	1001	OK
 516	     0	71.9	135.3	1012	OK
 517	     0	69.8	132.7	1004	OK
 518	     0	73.5	140.2	 997	OK
 519	     0	71.2	135.2	 998	OK
 520	     0	68.9	133.4	1011	OK
 521	     0	69.8	132.0	 986	OK
 522	     0	69.2	130.3	1011	OK
 523	     0	70.4	135.6	1014	OK
 524	     0	69.8	132.2	1028	OK
 525	     0	69.1	132.0	1004	OK
 526	     0	71.6	135.2	1024	OK
 527	     0	69.7	134.5	1006	OK
 528	     0	70.5	133.5	 992	OK
 529	     0	71.2	134.8	 998	OK
 530	     0	73.2	137.5	 997	OK
 531	     0	70.5	133.7	1009	OK
 532	     0	71.5	136.0	 970	OK
 533	     0	70.8	136.7	 997	OK
 534	     0	71.1	133.1	 976	OK
 535	     0	71.7	134.6	1022	OK
 536	     0	70.4	135.3	1004	OK
 537	     0	69.0	133.4	 992	OK
 538	     0	70.9	136.4	 968	OK
 539	     0	68.8	130.9	1017	OK
 540	     0	70.2	134.0	 995	OK
 541	     0	68.9	130.3	 999	OK
 542	     0	70.8	131.5	 996	OK
 543	     0	68.3	131.0	 998	OK
 544	     0	70.5	133.2	1007	OK
 545	     0	69.5	133.9	 990	OK
 546	     0	68.7	133.6	 986	OK
 547	     0	71.8	136.4	1001	OK
 548	     0	71.8	133.5	 979	OK
 549	     0	71.6	134.0	1002	OK
 550	     0	68.8	131.5	1001	OK
 551	     0	69.1	133.8	1004	OK
 552	     0	69.7	130.9	 969	OK
 553	     0	73.2	139.0	 991	OK
 554	     0	70.0	133.6	 999	OK
 555	     0	69.4	133.7	1003	OK
 556	     0	71.7	134.1	1005	OK
 557	     0	70.4	133.4	 971	OK
 558	     0	71.3	134.9	 988	OK
 559	     0	72.1	136.2	 997	OK
 560	     0	72.7	138.2	 978	OK
 561	     0	70.1	133.9	1001	OK
 562	     0	70.8	135.4	1014	OK
 563	     0	73.6	136.7	1015	OK
 564	     0	71.2	133.0	 997	OK
 565	     0	69.8	130.7	1024	OK
 566	     0	69.6	134.1	1003	OK
 567	     0	67.0	129.8	 991	OK
 568	     0	70.9	134.5	 987	OK
 569	     0	70.7	136.0	 994	OK
 570	     0	70.1	131.5	 990	OK
 571	     0	70.3	133.4	 984	OK
 572	     0	71.3	135.3	1007	OK
 573	     0	69.3	132.8	 993	OK
 574	     0	70.2	135.5	1006	OK
 575	     0	69.1	132.3	1004	OK
 576	     0	71.2	135.6	1015	OK
 577	     0	72.7	137.4	 999	OK
 578	     0	71.9	136.2	 997	OK
 579	     0	69.5	132.1	1009	OK
 580	     0	70.5	133.3	1006	OK
 581	     0	69.1	130.4	 996	OK
 582	     0	69.5	131.3	 990	OK
 583	     0	71.3	136.8	 997	OK
 584	     0	70.9	133.1	1001	OK
 585	     0	70.4	135.7	 997	OK
 586	     0	70.4	135.4	1006	OK
 587	     0	71.7	135.0	 998	OK
 588	     0	74.1	139.2	1005	OK
 589	     0	70.4	133.1	 991	OK
 590	     0	72.0	137.1	1005	OK
 591	     0	71.5	134.2	1019	OK
 592	     0	72.0	136.2	1008	OK
 593	     0	70.9	132.4	 973	OK
 594	     0	67.6	128.7	1011	OK
 595	     0	71.2	133.7	 986	OK
 596	     0	70.4	132.5	1004	OK
 597	     0	71.7	134.8	 988	OK
 598	     0	71.4	136.5	1005	OK
 599	     0	71.9	137.2	1008	OK
 600	     0	71.0	133.8	1010	OK
 601	     0	70.2	131.8	 998	OK
 602	     0	73.7	136.8	1001	OK
 603	     0	72.3	135.5	1015	OK
 604	     0	73.0	136.4	1012	OK
 605	     0	70.8	133.6	1015	OK
 606	     0	73.0	137.6	 997	OK
 607	     0	73.2	135.6	1006	OK
 608	     0	71.5	136.5	1004	OK
 609	     0	70.6	133.4	1027	OK
 610	     0	68.6	129.5	1032	OK
 611	     0	70.9	133.8	1026	OK
 612	     0	69.7	131.6	1016	OK
 613	     0	72.3	136.8	1017	OK
 614	     0	72.6	135.7	1016	OK
 615	     0	74.4	140.9	1004	OK
 616	     0	70.8	134.9	1026	OK
 617	     0	72.5	137.9	1035	OK
 618	     0	72.5	136.4	1010	OK
 619	     0	70.1	133.2	1007	OK
 620	     0	71.5	133.2	1013	OK
 621	     0	72.8	138.9	1054	OK
 622	     0	72.0	140.5	1025	OK
 623	     0	72.4	139.2	1014	OK
 624	     0	71.0	131.9	1008	OK
 625	     0	73.0	136.1	1020	OK
 626	     0	69.1	130.1	1023	OK
 627	     0	73.1	137.4	1043	OK
 628	     0	73.5	138.1	1028	OK
 629	     0	70.8	133.4	1008	OK
 630	     0	74.6	139.7	1015	OK
 631	     0	73.7	137.7	1023	OK
 632	     0	73.2	138.1	1052	OK
 633	     0	73.1	138.7	1052	OK
 634	     0	75.3	143.1	1036	OK
 635	     0	71.3	134.0	1041	OK
 636	     0	72.0	135.3	1027	OK
 637	     0	72.1	134.6	1034	OK
 638	     0	73.9	137.8	1062	OK
 639	     0	73.4	139.9	1040	OK
 640	     0	74.9	144.5	1059	OK
 641	     0	73.3	142.2	1050	OK
 642	     0	71.7	138.9	1035	OK
 643	     0	70.5	137.2	1043	OK
 644	     0	70.6	135.5	1060	OK
 645	     0	72.5	140.4	1055	OK
 646	     0	70.6	136.5	1037	OK
 647	     0	72.4	140.4	1041	OK
 648	     0	72.2	138.0	1049	OK
 649	     0	73.6	141.6	1035	OK
 650	     0	71.0	138.6	1036	OK
 651	     0	72.2	138.6	1046	OK
 652	     0	70.9	135.9	1034	OK
 653	     0	71.4	136.4	1032	OK
 654	     0	72.2	137.8	1026	OK
 655	     0	70.1	136.4	1056	OK
 656	     0	71.3	136.9	1045	OK
 657	     0	70.7	134.9	1047	OK
 658	     0	72.4	140.1	1039	OK
 659	     0	70.8	134.2	1014	OK
 660	     0	71.5	136.9	1014	OK
 661	     0	70.2	135.2	1034	OK
 662	     0	72.8	139.5	1005	OK
 663	     0	71.7	137.1	1036	OK
 664	     0	72.8	138.5	1033	OK
 665	     0	72.1	137.7	1021	OK
 666	     0	71.1	135.9	1017	OK
 667	     0	72.3	139.2	1022	OK
 668	     0	71.3	136.1	1021	OK
 669	     0	69.2	133.2	 997	OK
 670	     0	70.4	137.1	1023	OK
 671	     0	70.3	136.5	 998	OK
 672	     0	71.4	136.8	 997	OK
 673	     0	70.2	134.3	1023	OK
 674	     0	71.4	135.3	1033	OK
 675	     0	69.6	135.0	1031	OK
 676	     0	70.1	133.4	 995	OK
 677	     0	72.6	138.9	1025	OK
 678	     0	70.4	137.1	1024	OK
 679	     0	71.4	133.9	1008	OK
 680	     0	70.6	133.7	1042	OK
 681	     0	69.9	135.0	1032	OK
 682	     0	69.3	132.6	1039	OK
 683	     0	69.9	132.5	1000	OK
 684	     0	70.5	134.0	1013	OK
 685	     0	69.0	132.1	1049	OK
 686	     0	71.6	137.2	1022	OK
 687	     0	70.7	134.8	1002	OK
 688	     0	70.4	136.2	1021	OK
 689	     0	70.7	133.6	1006	OK
 690	     0	71.5	135.8	1023	OK
 691	     0	69.0	131.6	1027	OK
 692	     0	73.5	139.6	1010	OK
 693	     0	71.8	138.7	1008	OK
 694	     0	72.6	138.4	1038	OK
 695	     0	70.4	136.2	1037	OK
 696	     0	70.7	134.2	1017	OK
 697	     0	72.8	140.8	1024	OK
 698	     0	69.8	133.6	1020	OK
 699	     0	70.2	136.1	1020	OK
 700	     0	72.7	137.8	1015	OK
 701	     0	71.4	135.0	1018	OK
 702	     0	73.4	140.3	1016	OK
 703	     0	70.1	133.0	1016	OK
 704	     0	72.8	139.5	1031	OK
 705	     0	72.0	135.4	1006	OK
 706	     0	69.6	131.6	1017	OK
 707	     0	72.1	137.8	1020	OK
 708	     0	71.5	136.4	1030	OK
 709	     0	71.3	135.2	1012	OK
 710	     0	71.4	134.9	1045	OK
 711	     0	70.5	133.9	1014	OK
 712	     0	72.6	136.6	1020	OK
 713	     0	69.9	135.0	 991	OK
 714	     0	71.3	135.0	1004	OK
 715	     0	71.4	135.0	1002	OK
 716	     0	71.9	132.6	1018	OK
 717	     0	68.9	133.2	1004	OK
 718	     0	70.5	134.6	1011	OK
 719	     0	69.8	132.9	 997	OK
 720	     0	70.3	133.0	 982	OK
 721	     0	71.4	135.5	1001	OK
 722	     0	70.8	133.7	 988	OK
 723	     0	70.2	131.3	 998	OK
 724	     0	68.8	130.8	1030	OK
 725	     0	68.5	130.1	1005	OK
 726	     0	70.9	132.9	1008	OK
 727	     0	71.2	134.6	1005	OK
 728	     0	71.2	135.4	1009	OK
 729	     0	68.2	129.9	1004	OK
 730	     0	69.2	130.6	1012	OK
 731	     0	69.3	133.4	 998	OK
 732	     0	70.7	133.6	1004	OK
 733	     0	68.6	129.4	 979	OK
 734	     0	71.2	135.7	1014	OK
 735	     0	71.6	135.5	1029	OK
 736	     0	72.0	137.5	1014	OK
 737	     0	68.5	130.7	1005	OK
 738	     0	70.9	134.0	1009	OK
 739	     0	72.9	137.6	1003	OK
 740	     0	71.0	134.5	1011	OK
 741	     0	71.8	134.3	 998	OK
 742	     0	68.7	130.1	1005	OK
 743	     0	72.3	135.8	1000	OK
 744	     0	71.1	133.5	1020	OK
 745	     0	72.2	136.3	1012	OK
 746	     0	70.6	134.0	1008	OK
 747	     0	69.5	130.9	1011	OK
 748	     0	69.8	131.0	 993	OK
 749	     0	70.0	131.4	1012	OK
 750	     0	72.2	135.9	1005	OK
 751	     0	70.0	133.5	1002	OK
 752	     0	72.7	137.4	1008	OK
 753	     0	71.3	134.7	1023	OK
 754	     0	70.6	132.3	1008	OK
 755	     0	70.0	132.7	 997	OK
 756	     0	71.5	135.2	1002	OK
 757	     0	72.0	134.9	1018	OK
 758	     0	72.5	136.0	1010	OK
 759	     0	72.5	135.1	1025	OK
 760	     0	71.6	135.6	1009	OK
 761	     0	72.4	135.2	1006	OK
 762	     0	71.5	135.0	1005	OK
 763	     0	72.1	136.2	 997	OK
 764	     0	71.2	136.1	1021	OK
 765	     0	71.7	136.5	1023	OK
 766	     0	72.2	136.0	1025	OK
 767	     0	72.4	136.0	1015	OK
 768	     0	72.9	137.3	1091	OK
 769	     0	71.9	137.1	1072	OK
 770	     0	72.1	139.4	1092	OK
 771	     0	71.3	135.6	1079	OK
 772	     0	70.4	134.0	1102	OK
 773	     0	67.8	129.4	1099	OK
 774	     0	71.4	136.0	1088	OK
 775	     0	69.2	132.4	1087	OK
 776	     0	72.7	136.2	1082	OK
 777	     0	70.3	132.7	1070	OK
 778	     0	70.6	134.9	1080	OK
 779	     0	70.8	134.4	1076	OK
 780	     0	72.1	134.9	1062	OK
 781	     0	69.0	131.9	1047	OK
 782	     0	69.6	132.7	1062	OK
 783	     0	68.6	131.4	1075	OK
 784	     0	70.1	133.0	1028	OK
 785	     0	68.3	130.8	1058	OK
 786	     0	71.2	133.3	1064	OK
 787	     0	69.8	132.6	1035	OK
 788	     0	73.0	134.9	1049	OK
 789	     0	69.3	131.4	1071	OK
 790	     0	73.2	138.0	1064	OK
 791	     0	67.8	129.3	1061	OK
 792	     0	69.9	132.5	1054	OK
 793	     0	69.7	131.8	1083	OK
 794	     0	70.8	133.9	1073	OK
 795	     0	70.2	133.7	1048	OK
 796	     0	69.8	130.6	1037	OK
 797	     0	69.7	131.0	1064	OK
 798	     0	72.3	138.1	1079	OK
 799	     0	70.0	132.2	1037	OK
 800	     0	68.3	129.7	1051	OK
 801	     0	71.1	135.1	1059	OK
 802	     0	70.4	133.6	1040	OK
 803	     0	69.8	135.0	1042	OK
 804	     0	69.7	132.6	1035	OK
 805	     0	70.1	131.8	1035	OK
 806	     0	71.8	136.0	1046	OK
 807	     0	68.9	129.5	1026	OK
 808	     0	69.8	132.9	1027	OK
 809	     0	70.8	134.3	1047	OK
 810	     0	69.8	130.6	1043	OK
 811	     0	70.7	133.5	1056	OK
 812	     0	71.4	136.5	1063	OK
 813	     0	68.7	131.9	1040	OK
 814	     0	70.5	134.4	1063	OK
 815	     0	70.2	131.9	1052	OK
 816	     0	68.0	130.1	1049	OK
 817	     0	67.8	129.3	1068	OK
 818	     0	69.7	131.5	1064	OK
 819	     0	69.9	132.2	1094	OK
 820	     0	71.8	134.5	1051	OK
 821	     0	68.6	130.4	1057	OK
 822	     0	69.7	130.9	1057	OK
 823	     0	69.4	133.2	1071	OK
 824	     0	69.8	130.8	1039	OK
 825	     0	70.3	132.6	1052	OK
 826	     0	69.5	132.3	1079	OK
 827	     0	68.1	129.3	1066	OK
 828	     0	70.2	135.2	1065	OK
 829	     0	70.7	134.1	1051	OK
 830	     0	71.1	134.5	1064	OK
 831	     0	70.6	134.1	1052	OK
 832	     0	71.4	137.3	1054	OK
 833	     0	70.9	135.0	1048	OK
 834	     0	70.5	132.7	1061	OK
 835	     0	71.5	136.1	1074	OK
 836	     0	69.4	133.1	1042	OK
 837	     0	68.1	129.6	1056	OK
 838	     0	68.6	132.4	1051	OK
 839	     0	70.2	132.0	1046	OK
 840	     0	70.6	131.6	1063	OK
 841	     0	70.5	134.8	1055	OK
 842	     0	70.3	133.3	1042	OK
 843	     0	71.0	135.4	1082	OK
 844	     0	70.9	136.0	1080	OK
 845	     0	69.5	133.4	1078	OK
 846	     0	70.5	135.4	1061	OK
 847	     0	68.7	131.1	1063	OK
 848	     0	70.8	134.5	1050	OK
 849	     0	69.5	132.1	1064	OK
 850	     0	69.0	131.6	1078	OK
 851	     0	69.5	131.2	1094	OK
 852	     0	71.6	137.4	1090	OK
 853	     0	71.6	135.2	1072	OK
 854	     0	70.5	135.0	1088	OK
 855	     0	71.1	136.6	1082	OK
 856	     0	73.2	138.3	1073	OK
 857	     0	69.1	130.5	1095	OK
 858	     0	70.5	132.9	1065	OK
 859	     0	69.2	132.8	1083	OK
 860	     0	69.5	132.9	1056	OK
 861	     0	69.1	131.4	1073	OK
 862	     0	71.0	133.4	1060	OK
 863	     0	72.1	135.7	1081	OK
 864	     0	70.7	136.3	1092	OK
 865	     0	72.1	139.7	1086	OK
 866	     0	71.6	134.8	1063	OK
 867	     0	69.5	132.7	1061	OK
 868	     0	70.5	132.4	1038	OK
 869	     0	69.8	131.9	1037	OK
 870	     0	69.2	130.9	1041	OK
 871	     0	72.7	133.6	1048	OK
 872	     0	68.4	129.5	1053	OK
 873	     0	71.1	134.8	1055	OK
 874	     0	68.2	130.4	1079	OK
 875	     0	70.9	134.1	1056	OK
 876	     0	71.7	134.7	1064	OK
 877	     0	69.6	133.7	1033	OK
 878	     0	70.8	132.7	1044	OK
 879	     0	72.6	135.6	1039	OK
 880	     0	70.6	134.1	1061	OK
 881	     0	71.2	133.9	1061	OK
 882	     0	71.8	135.5	1047	OK
 883	     0	71.6	135.9	1052	OK
 884	     0	73.4	136.6	1036	OK
 885	     0	68.0	130.0	1056	OK
 886	     0	70.2	133.3	1063	OK
 887	     0	70.2	132.4	1059	OK
 888	     0	70.4	135.0	1068	OK
 889	     0	72.2	135.9	1063	OK
 890	     0	70.5	134.7	1062	OK
 891	     0	71.7	135.1	1037	OK
 892	     0	71.2	136.0	1050	OK
 893	     0	72.2	134.6	1052	OK
 894	     0	72.6	134.5	1058	OK
 895	     0	73.5	138.4	1073	OK
 896	     0	72.5	137.3	1040	OK
 897	  4000	75.7	141.3	1066	high noise
 898	     0	72.8	137.4	1059	OK
 899	     0	71.6	136.5	1056	OK
 900	     0	73.9	139.2	1049	OK
 901	     0	74.3	140.8	1036	OK
 902	     0	71.2	135.6	1045	OK
 903	     0	70.3	137.3	1052	OK
 904	     0	73.6	139.9	1041	OK
 905	     0	72.4	138.3	1035	OK
 906	     0	72.1	136.8	1060	OK
 907	     0	72.1	136.3	1035	OK
 908	     0	74.0	138.7	1047	OK
 909	     0	73.6	140.9	1056	OK
 910	     0	72.2	137.6	1060	OK
 911	     0	71.3	134.2	1056	OK
 912	     0	74.6	140.2	1047	OK
 913	     0	72.5	136.8	1028	OK
 914	     0	75.2	141.4	1051	OK
 915	     0	72.7	136.2	1035	OK
 916	  4000	71.3	135.9	1070	high noise
 917	     0	71.2	134.1	1044	OK
 918	     0	71.7	133.3	1038	OK
 919	     0	72.3	137.3	1037	OK
 920	     0	71.3	134.0	1035	OK
 921	     0	70.9	136.6	1028	OK
 922	     0	72.8	138.3	1040	OK
 923	     0	74.7	140.1	1047	OK
 924	     0	72.1	137.1	1018	OK
 925	     0	72.8	137.9	1036	OK
 926	     0	72.8	138.8	1024	OK
 927	     0	73.9	138.6	1011	OK
 928	     0	71.2	136.1	1023	OK
 929	     0	73.2	138.4	1026	OK
 930	     0	74.2	140.1	1034	OK
 931	     0	70.8	136.0	1053	OK
 932	     0	73.5	137.9	1013	OK
 933	     0	73.3	140.6	1017	OK
 934	     0	74.1	139.4	1027	OK
 935	     0	74.3	139.4	1006	OK
 936	     0	70.7	134.5	1019	OK
 937	     0	74.0	139.9	1015	OK
 938	     0	73.1	138.5	1023	OK
 939	     0	72.3	135.5	1009	OK
 940	     0	70.8	135.0	1009	OK
 941	     0	75.5	142.6	1020	OK
 942	     0	74.1	140.3	1020	OK
 943	     0	73.4	138.7	1024	OK
 944	     0	73.8	139.1	1029	OK
 945	     0	73.9	140.0	 994	OK
 946	     0	72.9	137.0	1005	OK
 947	     0	71.4	137.3	 985	OK
 948	     0	73.3	138.0	1004	OK
 949	     0	72.5	138.3	 991	OK
 950	     0	73.7	140.8	 981	OK
 951	     0	71.5	134.3	 981	OK
 952	     0	71.9	138.5	 986	OK
 953	     0	72.1	135.6	 956	OK
 954	     0	73.2	139.5	 983	OK
 955	     0	73.7	140.0	 998	OK
 956	     0	73.4	140.4	 981	OK
 957	     0	74.2	139.6	 967	OK
 958	     0	73.0	138.7	 984	OK
 959	     0	71.1	135.7	 980	OK
 960	     0	74.7	141.7	 965	OK
 961	     0	75.3	141.2	 991	OK
 962	     0	74.4	139.8	 977	OK
 963	     0	74.1	139.0	 958	OK
 964	     0	73.9	141.3	 962	OK
 965	     0	74.8	144.2	 988	OK
 966	     0	70.3	134.3	 996	OK
 967	     0	74.0	138.7	 975	OK
 968	     0	73.9	140.1	 984	OK
 969	     0	71.0	135.6	 986	OK
 970	     0	71.0	136.5	 970	OK
 971	     0	73.2	139.7	 979	OK
 972	     0	74.1	141.5	 968	OK
 973	     0	73.9	142.0	 984	OK
 974	     0	73.3	137.0	 974	OK
 975	     0	73.2	137.3	 951	OK
 976	     0	72.3	138.1	 961	OK
 977	     0	73.3	138.2	 959	OK
 978	     0	73.6	139.6	 988	OK
 979	     0	73.8	142.3	 974	OK
 980	     0	73.4	139.3	 985	OK
 981	     0	73.4	138.5	 965	OK
 982	     0	70.6	135.8	 972	OK
 983	     0	72.7	140.3	 976	OK
 984	     0	72.3	136.7	 961	OK
 985	     0	73.9	140.4	 975	OK
 986	     0	73.4	138.8	 973	OK
 987	     0	74.3	139.8	 959	OK
 988	     0	73.5	139.2	 931	OK
 989	     0	74.5	141.5	 992	OK
 990	     0	74.7	140.9	 960	OK
 991	     0	72.3	138.1	 939	OK
 992	     0	72.3	139.0	 962	OK
 993	     0	74.3	141.8	 968	OK
 994	     0	74.8	143.6	 955	OK
 995	     0	75.2	141.7	 946	OK
 996	     0	75.6	143.4	 959	OK
 997	     0	75.6	140.3	 956	OK
 998	     0	75.0	144.0	 964	OK
 999	     0	75.1	142.6	 977	OK
1000	     0	75.3	142.5	 975	OK
1001	     0	73.8	142.0	 960	OK
1002	     0	73.9	140.2	 982	OK
1003	     0	74.5	141.0	 944	OK
1004	     0	75.6	142.7	 982	OK
1005	     0	73.4	139.4	 949	OK
1006	     0	73.8	140.1	 936	OK
1007	     0	75.8	143.0	 951	OK
1008	     0	74.6	142.0	 956	OK
1009	     0	72.9	137.6	 948	OK
1010	     0	73.3	139.2	 962	OK
1011	     0	75.0	144.8	 946	OK
1012	     0	76.0	141.9	 967	OK
1013	     0	74.2	139.3	 900	OK
1014	     0	73.5	139.3	 961	OK
1015	     0	75.9	141.9	 950	OK
1016	     0	72.9	137.3	 930	OK
1017	     0	74.7	141.8	 947	OK
1018	     0	76.3	144.4	 940	OK
1019	     0	75.4	143.7	 945	OK
1020	     0	76.0	144.8	 936	OK
1021	     0	77.2	146.7	 934	OK
1022	     0	74.7	143.7	 932	OK
1023	     0	74.8	141.5	 946	OK
1024	     0	72.3	136.4	 962	OK
1025	     0	70.6	134.0	 997	OK
1026	     0	70.1	132.9	 981	OK
1027	     0	69.0	132.1	 952	OK
1028	     0	71.6	134.3	 970	OK
1029	     0	70.3	132.4	 978	OK
1030	     0	69.1	130.3	 979	OK
1031	     0	71.7	134.2	 983	OK
1032	     0	72.3	136.9	 969	OK
1033	     0	69.9	134.4	1009	OK
1034	     0	70.0	132.6	 975	OK
1035	     0	68.2	128.6	 965	OK
1036	     0	69.9	129.5	 972	OK
1037	     0	72.3	136.0	 991	OK
1038	     0	71.9	134.5	 981	OK
1039	     0	70.2	131.5	 976	OK
1040	     0	70.2	131.1	 982	OK
1041	     0	69.5	129.6	 989	OK
1042	     0	69.6	132.4	 985	OK
1043	     0	69.7	132.3	 969	OK
1044	     0	71.1	133.1	1011	OK
1045	     0	69.8	132.3	 964	OK
1046	     0	69.7	130.7	 969	OK
1047	     0	71.0	132.5	 964	OK
1048	     0	69.6	131.0	 960	OK
1049	     0	68.0	130.4	 980	OK
1050	     0	70.6	131.1	 977	OK
1051	     0	71.5	133.9	 980	OK
1052	     0	70.0	132.3	1006	OK
1053	     0	69.0	130.1	 992	OK
1054	     0	70.0	131.5	1002	OK
1055	     0	69.4	132.4	 990	OK
1056	     0	69.9	132.6	 994	OK
1057	     0	70.4	131.7	1010	OK
1058	     0	73.3	138.2	1005	OK
1059	     0	70.2	133.0	1018	OK
1060	     0	69.2	132.3	1035	OK
1061	     0	70.4	131.6	1004	OK
1062	     0	70.5	132.9	1012	OK
1063	     0	69.9	133.0	1010	OK
1064	     0	70.6	131.6	1044	OK
1065	     0	70.3	131.5	1028	OK
1066	     0	67.3	128.9	1013	OK
1067	     0	69.2	130.9	1002	OK
1068	     0	69.4	129.7	 996	OK
1069	     0	70.1	134.5	1035	OK
1070	     0	70.3	133.6	1021	OK
1071	     0	71.3	134.1	1023	OK
1072	     0	66.7	127.0	1008	OK
1073	     0	68.1	128.5	1022	OK
1074	     0	69.2	130.6	1013	OK
1075	     0	71.8	133.8	1039	OK
1076	     0	72.2	134.2	1019	OK
1077	     0	70.1	131.6	1008	OK
1078	     0	68.7	129.6	1014	OK
1079	     0	69.5	130.5	1015	OK
1080	     0	68.7	130.2	1018	OK
1081	     0	70.5	135.0	1025	OK
1082	     0	70.1	132.6	1009	OK
1083	     0	68.8	131.2	1031	OK
1084	     0	72.1	134.5	1027	OK
1085	     0	70.7	133.4	1023	OK
1086	     0	71.3	134.6	1019	OK
1087	     0	69.7	130.5	1003	OK
1088	     0	71.2	134.6	1040	OK
1089	     0	71.9	135.4	1012	OK
1090	     0	71.1	133.8	1039	OK
1091	     0	70.1	134.8	1016	OK
1092	     0	71.4	134.6	1042	OK
1093	     0	70.4	133.1	1016	OK
1094	     0	67.6	127.1	1008	OK
1095	     0	69.6	130.8	1029	OK
1096	     0	69.2	129.3	1032	OK
1097	     0	68.5	131.2	1040	OK
1098	     0	69.6	132.3	1053	OK
1099	     0	68.9	130.5	1044	OK
1100	     0	70.1	131.8	1043	OK
1101	     0	69.9	133.3	1055	OK
1102	     0	69.0	129.6	1013	OK
1103	     0	68.6	130.6	1034	OK
1104	     0	68.2	128.6	1014	OK
1105	     0	68.1	129.0	1027	OK
1106	     0	69.2	129.8	1035	OK
1107	     0	69.8	130.7	1026	OK
1108	     0	68.9	130.7	1035	OK
1109	     0	69.5	131.8	1050	OK
1110	     0	70.3	131.5	1033	OK
1111	     0	70.1	131.9	1027	OK
1112	     0	72.0	134.7	1050	OK
1113	     0	69.5	130.9	1008	OK
1114	     0	68.1	130.9	1036	OK
1115	     0	72.1	136.0	1044	OK
1116	     0	68.5	129.1	1016	OK
1117	     0	68.4	130.0	1037	OK
1118	     0	67.3	128.5	1019	OK
1119	     0	67.8	128.9	1043	OK
1120	     0	68.3	128.0	1030	OK
1121	     0	70.7	133.7	1035	OK
1122	     0	69.6	131.9	1016	OK
1123	     0	67.8	129.4	1038	OK
1124	     0	70.0	132.1	1017	OK
1125	     0	69.4	130.3	1013	OK
1126	     0	70.3	131.1	1017	OK
1127	     0	70.1	131.7	1048	OK
1128	     0	70.6	132.3	1030	OK
1129	     0	68.9	131.0	1025	OK
1130	     0	69.2	130.1	1022	OK
1131	     0	70.8	135.2	1016	OK
1132	     0	71.5	133.1	 999	OK
1133	     0	69.4	131.2	1026	OK
1134	     0	71.7	134.9	1010	OK
1135	     0	69.9	132.8	1022	OK
1136	     0	70.5	130.6	1036	OK
1137	     0	70.4	132.6	1016	OK
1138	     0	71.4	133.4	 998	OK
1139	     0	69.0	129.2	1024	OK
1140	     0	69.8	130.2	1037	OK
1141	     0	69.2	128.7	1039	OK
1142	     0	69.7	130.4	1007	OK
1143	     0	67.2	128.1	1023	OK
1144	     0	69.1	131.3	 995	OK
1145	     0	69.4	130.3	1008	OK
1146	     0	69.4	130.3	1028	OK
1147	     0	72.2	134.4	1016	OK
1148	     0	71.4	134.2	1030	OK
1149	     0	73.5	137.4	1037	OK
1150	     0	72.3	136.1	1040	OK
1151	     0	71.0	131.5	1030	OK
1152	     0	75.0	138.8	1035	OK
1153	     0	73.1	138.4	1012	OK
1154	     0	74.5	139.8	1024	OK
1155	     0	72.4	138.3	1049	OK
1156	     0	72.5	138.0	1017	OK
1157	     0	71.9	134.4	1018	OK
1158	     0	70.1	131.0	1011	OK
1159	     0	73.1	139.7	1016	OK
1160	     0	72.0	136.4	1020	OK
1161	     0	74.5	140.2	1023	OK
1162	     0	71.0	133.8	1022	OK
1163	     0	72.8	135.6	1016	OK
1164	     0	72.6	137.0	1021	OK
1165	     0	73.3	136.3	1002	OK
1166	     0	72.6	138.7	1022	OK
1167	     0	73.9	138.4	1006	OK
1168	     0	74.1	138.3	1030	OK
1169	     0	73.2	136.8	 989	OK
1170	     0	73.4	137.8	1033	OK
1171	     0	73.8	137.7	 993	OK
1172	     0	74.0	138.8	1016	OK
1173	     0	72.7	136.7	1026	OK
1174	     0	73.4	135.2	1014	OK
1175	     0	72.1	133.3	1005	OK
1176	     0	71.7	137.9	1018	OK
1177	     0	76.0	142.5	1013	OK
1178	     0	73.1	139.1	1014	OK
1179	     0	72.9	137.8	1001	OK
1180	     0	73.5	136.2	1024	OK
1181	     0	72.5	138.5	1022	OK
1182	     0	73.9	139.1	1026	OK
1183	     0	74.3	139.7	 994	OK
1184	     0	71.5	135.7	1008	OK
1185	     0	75.0	139.8	 986	OK
1186	     0	73.8	137.6	1018	OK
1187	     0	72.4	137.4	1030	OK
1188	     0	74.0	139.2	1005	OK
1189	     0	72.8	134.4	1020	OK
1190	     0	71.7	134.2	1019	OK
1191	     0	73.5	139.8	1019	OK
1192	     0	73.8	139.4	1023	OK
1193	     0	74.6	139.6	1032	OK
1194	     0	73.8	137.9	1037	OK
1195	     0	74.1	138.2	1012	OK
1196	     0	71.7	135.7	1027	OK
1197	     0	71.7	135.4	1010	OK
1198	     0	73.1	139.2	1043	OK
1199	     0	73.1	140.1	 998	OK
1200	     0	72.0	135.3	1014	OK
1201	     0	73.6	136.1	1035	OK
1202	     0	72.1	134.3	1024	OK
1203	     0	75.1	139.4	1034	OK
1204	     0	73.5	138.2	1018	OK
1205	     0	74.2	140.9	1011	OK
1206	     0	71.5	135.1	1020	OK
1207	     0	76.0	144.1	1020	OK
1208	     0	73.8	138.1	1003	OK
1209	     0	74.7	140.9	1014	OK
1210	     0	72.3	135.6	1023	OK
1211	     0	74.0	141.7	1025	OK
1212	     0	74.1	139.1	 999	OK
1213	     0	71.1	134.0	 999	OK
1214	     0	74.2	139.9	1018	OK
1215	     0	73.9	137.7	1026	OK
1216	     0	72.6	137.6	1020	OK
1217	     0	74.4	139.8	1034	OK
1218	     0	73.9	138.5	1009	OK
1219	     0	71.1	132.1	1019	OK
1220	     0	73.5	136.3	1027	OK
1221	     0	74.2	140.2	1020	OK
1222	     0	71.0	134.9	1031	OK
1223	     0	74.3	137.2	1033	OK
1224	     0	73.5	138.6	1016	OK
1225	     0	74.0	140.2	1010	OK
1226	     0	70.4	134.2	1005	OK
1227	     0	72.2	135.4	 987	OK
1228	     0	73.4	135.6	1024	OK
1229	     0	75.9	141.6	1019	OK
1230	     0	73.1	137.8	1019	OK
1231	     0	71.9	137.4	1022	OK
1232	     0	73.7	141.4	 992	OK
1233	     0	76.7	143.9	 997	OK
1234	     0	73.2	135.2	 988	OK
1235	     0	72.6	136.2	1007	OK
1236	     0	74.5	138.7	1001	OK
1237	     0	74.6	140.4	1018	OK
1238	     0	71.4	135.5	 990	OK
1239	     0	72.0	135.8	1011	OK
1240	     0	75.6	142.1	 994	OK
1241	     0	74.4	142.5	 998	OK
1242	     0	73.9	136.7	1017	OK
1243	     0	74.4	141.5	1000	OK
1244	     0	72.6	135.8	1006	OK
1245	     0	74.7	141.3	 974	OK
1246	     0	72.6	135.5	1009	OK
1247	     0	72.3	135.4	 981	OK
1248	     0	73.2	137.8	1007	OK
1249	     0	73.2	137.9	1002	OK
1250	     0	74.3	139.8	1005	OK
1251	     0	74.2	137.7	 978	OK
1252	     0	73.5	136.2	1008	OK
1253	     0	76.4	141.6	 994	OK
1254	     0	74.7	139.3	1017	OK
1255	     0	72.8	136.1	1000	OK
1256	     0	73.7	138.3	 994	OK
1257	     0	73.8	137.5	 998	OK
1258	     0	75.5	140.4	 998	OK
1259	     0	74.3	137.7	 965	OK
1260	     0	72.9	137.5	 973	OK
1261	     0	73.3	137.5	 999	OK
1262	     0	71.7	136.4	 988	OK
1263	     0	74.7	140.4	 972	OK
1264	     0	74.6	139.2	1004	OK
1265	     0	74.6	137.8	 961	OK
1266	     0	74.8	138.7	 975	OK
1267	     0	74.1	137.8	 965	OK
1268	     0	72.4	135.2	 990	OK
1269	     0	75.7	144.5	 948	OK
1270	     0	71.9	136.5	 959	OK
1271	     0	74.4	139.4	 966	OK
1272	     0	76.0	140.3	 967	OK
1273	     0	74.6	139.2	 950	OK
1274	     0	75.6	143.5	 954	OK
1275	     0	75.5	141.4	 941	OK
1276	     0	75.3	141.4	 948	OK
1277	     0	76.1	142.6	 941	OK
1278	     0	76.8	144.0	 984	OK
1279	     0	76.9	141.2	 970	OK
1280	     0	74.8	138.1	 940	OK
1281	     0	74.2	139.2	 926	OK
1282	     0	75.1	142.4	 927	OK
1283	     0	75.7	141.5	 887	OK
1284	     0	72.8	138.7	 914	OK
1285	     0	73.2	138.3	 924	OK
1286	     0	75.1	140.8	 923	OK
1287	     0	72.7	137.2	 893	OK
1288	     0	74.3	142.3	 919	OK
1289	     0	74.0	140.6	 918	OK
1290	     0	73.8	138.2	 914	OK
1291	     0	71.6	136.0	 944	OK
1292	     0	73.7	138.3	 905	OK
1293	     0	73.7	140.5	 930	OK
1294	     0	74.1	139.6	 910	OK
1295	     0	73.7	137.7	 915	OK
1296	     0	73.7	139.5	 908	OK
1297	     0	76.0	143.0	 910	OK
1298	     0	76.0	142.2	 923	OK
1299	     0	73.3	136.9	 924	OK
1300	     0	74.0	143.0	 922	OK
1301	     0	75.4	143.1	 917	OK
1302	     0	73.9	138.8	 921	OK
1303	     0	72.5	138.8	 929	OK
1304	     0	73.7	139.9	 935	OK
1305	     0	73.5	139.5	 909	OK
1306	     0	74.9	141.9	 925	OK
1307	     0	73.0	136.6	 907	OK
1308	     0	74.1	140.1	 906	OK
1309	     0	73.6	141.2	 916	OK
1310	     0	74.2	140.2	 944	OK
1311	     0	74.4	140.8	 913	OK
1312	     0	76.7	144.4	 914	OK
1313	     0	75.0	142.7	 928	OK
1314	     0	73.0	140.7	 904	OK
1315	     0	73.1	141.1	 925	OK
1316	     0	74.0	141.2	 931	OK
1317	     0	71.7	137.8	 916	OK
1318	     0	74.2	138.9	 922	OK
1319	     0	75.5	143.1	 915	OK
1320	     0	74.7	142.2	 908	OK
1321	     0	73.9	138.9	 924	OK
1322	     0	75.5	142.5	 933	OK
1323	     0	74.2	138.6	 909	OK
1324	     0	71.7	134.1	 916	OK
1325	     0	75.0	141.0	 938	OK
1326	     0	74.2	141.2	 908	OK
1327	     0	72.9	138.3	 921	OK
1328	     0	72.7	138.7	 942	OK
1329	     0	73.9	139.2	 930	OK
1330	     0	73.2	137.7	 934	OK
1331	     0	75.7	143.1	 928	OK
1332	     0	73.3	138.8	 906	OK
1333	     0	72.7	140.2	 934	OK
1334	     0	73.8	137.3	 934	OK
1335	     0	72.9	138.1	 943	OK
1336	     0	71.8	136.8	 925	OK
1337	     0	74.1	143.3	 917	OK
1338	     0	71.2	134.2	 936	OK
1339	     0	71.8	135.1	 948	OK
1340	     0	74.0	139.4	 950	OK
1341	     0	72.7	138.1	 948	OK
1342	     0	71.9	133.9	 920	OK
1343	     0	76.1	143.6	 929	OK
1344	     0	72.6	140.3	 925	OK
1345	     0	74.3	140.8	 926	OK
1346	     0	73.7	141.3	 940	OK
1347	     0	72.5	137.3	 941	OK
1348	     0	73.1	137.2	 943	OK
1349	     0	72.2	139.2	 939	OK
1350	     0	71.1	133.7	 945	OK
1351	     0	73.6	139.9	 954	OK
1352	     0	71.7	137.8	 936	OK
1353	     0	72.6	137.2	 929	OK
1354	     0	74.3	142.5	 935	OK
1355	     0	71.7	138.0	 922	OK
1356	     0	71.8	134.8	 936	OK
1357	     0	71.6	137.4	 934	OK
1358	     0	72.4	134.7	 941	OK
1359	     0	72.4	138.3	 923	OK
1360	     0	73.9	139.1	 943	OK
1361	     0	72.5	138.3	 925	OK
1362	     0	70.4	133.1	 940	OK
1363	     0	72.0	135.8	 951	OK
1364	     0	73.6	137.9	 933	OK
1365	     0	72.8	137.9	 943	OK
1366	     0	74.1	141.0	 908	OK
1367	     0	70.8	134.8	 934	OK
1368	     0	71.6	135.7	 924	OK
1369	     0	70.5	132.8	 936	OK
1370	     0	72.0	135.0	 946	OK
1371	     0	72.7	138.5	 920	OK
1372	     0	74.5	139.6	 937	OK
1373	     0	70.0	134.8	 922	OK
1374	     0	69.6	132.1	 921	OK
1375	     0	74.6	141.5	 918	OK
1376	     0	71.9	136.6	 945	OK
1377	     0	71.5	134.8	 923	OK
1378	     0	71.9	134.9	 942	OK
1379	     0	71.1	136.7	 942	OK
1380	     0	72.7	138.3	 928	OK
1381	     0	73.1	138.4	 919	OK
1382	     0	73.0	136.2	 927	OK
1383	     0	72.8	138.4	 933	OK
1384	     0	71.4	132.4	 930	OK
1385	     0	73.9	141.1	 914	OK
1386	     0	73.1	136.5	 913	OK
1387	     0	70.7	135.2	 919	OK
1388	     0	73.4	139.0	 926	OK
1389	     0	73.4	140.2	 930	OK
1390	     0	71.2	133.1	 938	OK
1391	     0	71.8	135.9	 938	OK
1392	     0	73.0	140.5	 936	OK
1393	     0	71.9	135.2	 937	OK
1394	     0	72.8	137.5	 955	OK
1395	     0	71.0	135.3	 942	OK
1396	     0	72.0	135.4	 921	OK
1397	     0	72.4	137.8	 936	OK
1398	     0	71.6	135.5	 939	OK
1399	     0	73.7	140.3	 928	OK
1400	     0	72.8	138.3	 928	OK
1401	     0	73.4	137.9	 914	OK
1402	     0	73.5	139.9	 929	OK
1403	     0	71.7	137.4	 938	OK
1404	     0	71.7	135.5	 943	OK
1405	     0	75.1	141.7	 943	OK
1406	     0	75.1	140.9	 928	OK
1407	     0	73.7	139.6	 939	OK
1408	     0	71.7	134.9	 942	OK
1409	     0	74.6	140.3	 956	OK
1410	     0	71.5	136.8	 945	OK
1411	     0	74.1	138.5	 933	OK
1412	     0	74.8	142.1	 943	OK
1413	     0	72.6	137.9	 929	OK
1414	     0	73.0	138.4	 928	OK
1415	     0	74.3	141.2	 935	OK
1416	     0	70.5	133.8	 939	OK
1417	     0	72.7	137.3	 934	OK
1418	     0	71.8	135.6	 924	OK
1419	     0	71.1	133.0	 944	OK
1420	     0	73.0	136.4	 910	OK
1421	     0	73.3	138.7	 941	OK
1422	     0	74.2	139.3	 924	OK
1423	     0	72.1	133.8	 911	OK
1424	     0	72.4	137.6	 913	OK
1425	     0	71.9	135.0	 926	OK
1426	     0	70.2	131.3	 905	OK
1427	     0	72.9	136.0	 930	OK
1428	     0	72.6	138.0	 917	OK
1429	     0	72.9	137.1	 943	OK
1430	     0	73.7	138.9	 938	OK
1431	     0	71.8	135.9	 937	OK
1432	     0	71.6	137.8	 937	OK
1433	     0	71.5	136.9	 924	OK
1434	     0	72.2	137.0	 926	OK
1435	     0	71.7	136.4	 932	OK
1436	     0	71.1	135.4	 931	OK
1437	     0	70.1	134.2	 921	OK
1438	     0	73.6	138.9	 932	OK
1439	     0	70.4	136.2	 921	OK
1440	     0	74.5	141.6	 925	OK
1441	     0	71.5	134.8	 927	OK
1442	     0	72.4	134.0	 912	OK
1443	     0	72.3	138.1	 925	OK
1444	     0	72.7	137.9	 917	OK
1445	     0	70.4	133.0	 921	OK
1446	     0	73.5	138.8	 926	OK
1447	     0	73.9	138.7	 931	OK
1448	     0	73.6	140.3	 930	OK
1449	     0	71.2	134.5	 933	OK
1450	     0	71.3	134.9	 929	OK
1451	     0	73.3	138.2	 925	OK
1452	     0	70.0	133.6	 930	OK
1453	     0	72.1	137.4	 931	OK
1454	     0	72.5	136.6	 938	OK
1455	     0	71.5	135.0	 926	OK
1456	     0	75.7	143.5	 931	OK
1457	     0	71.2	134.9	 928	OK
1458	     0	72.7	137.6	 943	OK
1459	     0	72.4	138.0	 917	OK
1460	     0	75.7	143.6	 911	OK
1461	     0	72.5	138.9	 951	OK
1462	     0	75.3	140.6	 954	OK
1463	     0	71.4	136.5	 947	OK
1464	     0	71.9	136.1	 936	OK
1465	     0	73.0	137.8	 939	OK
1466	     0	72.7	138.4	 947	OK
1467	     0	72.2	135.0	 944	OK
1468	     0	74.0	141.4	 932	OK
1469	     0	71.9	136.4	 947	OK
1470	     0	73.5	138.4	 942	OK
1471	     0	72.4	138.8	 931	OK
1472	     0	74.5	140.1	 926	OK
1473	     0	73.3	139.4	 929	OK
1474	     0	70.9	134.9	 929	OK
1475	     0	73.6	140.2	 926	OK
1476	     0	74.1	139.4	 911	OK
1477	     0	70.6	135.4	 935	OK
1478	     0	72.9	139.0	 936	OK
1479	     0	71.9	135.7	 912	OK
1480	     0	74.4	139.1	 928	OK
1481	     0	72.6	138.8	 929	OK
1482	     0	73.6	139.4	 930	OK
1483	     0	76.9	144.9	 931	OK
1484	     0	71.7	137.1	 943	OK
1485	     0	72.4	136.2	 917	OK
1486	     0	70.7	136.6	 925	OK
1487	     0	75.8	141.8	 934	OK
1488	     0	74.4	138.3	 944	OK
1489	     0	75.2	139.8	 925	OK
1490	     0	73.2	138.0	 904	OK
1491	     0	71.9	137.2	 908	OK
1492	     0	71.4	134.2	 923	OK
1493	     0	74.7	142.5	 924	OK
1494	     0	72.7	137.8	 936	OK
1495	     0	73.6	137.0	 923	OK
1496	     0	70.7	134.6	 934	OK
1497	     0	71.7	134.7	 939	OK
1498	     0	74.8	142.1	 909	OK
1499	     0	72.1	135.2	 914	OK
1500	     0	74.2	142.1	 925	OK
1501	     0	75.8	142.4	 923	OK
1502	     0	72.8	136.4	 938	OK
1503	     0	70.4	134.3	 908	OK
1504	     0	74.1	140.2	 905	OK
1505	     0	75.9	142.2	 936	OK
1506	     0	73.0	138.3	 893	OK
1507	     0	73.1	136.6	 926	OK
1508	     0	73.3	138.3	 903	OK
1509	     0	74.5	141.4	 913	OK
1510	     0	75.8	142.4	 926	OK
1511	     0	73.5	138.7	 914	OK
1512	     0	71.7	133.9	 907	OK
1513	     0	73.7	137.3	 901	OK
1514	     0	68.7	130.4	 911	OK
1515	     0	72.7	137.2	 921	OK
1516	     0	72.7	136.4	 920	OK
1517	     0	74.3	138.5	 911	OK
1518	     0	74.9	142.0	 918	OK
1519	     0	73.0	137.9	 899	OK
1520	     0	71.7	135.8	 927	OK
1521	     0	74.0	142.2	 914	OK
1522	     0	71.7	136.8	 925	OK
1523	     0	75.7	142.3	 896	OK
1524	     0	77.3	143.3	 919	OK
1525	     0	72.5	135.5	 919	OK
1526	     0	71.3	134.7	 907	OK
1527	     0	73.4	137.8	 908	OK
1528	     0	72.5	136.8	 926	OK
1529	     0	73.2	138.5	 927	OK
1530	     0	74.7	140.2	 920	OK
1531	     0	73.9	140.1	 910	OK
1532	     0	75.1	141.8	 915	OK
1533	     0	77.2	145.3	 912	OK
1534	     0	72.6	137.0	 921	OK
1535	     0	75.5	143.1	 915	OK
1536	     0	71.7	135.9	 939	OK
1537	     0	72.6	137.6	 955	OK
1538	     0	71.3	134.3	 942	OK
1539	     0	70.9	134.1	 933	OK
1540	     0	71.5	136.6	 933	OK
1541	     0	70.7	133.1	 948	OK
1542	     0	72.3	136.9	 920	OK
1543	     0	73.0	138.1	 950	OK
1544	     0	70.5	135.5	 967	OK
1545	     0	69.1	132.7	 948	OK
1546	     0	71.7	137.9	 957	OK
1547	     0	71.6	136.5	 936	OK
1548	     0	70.6	135.7	 930	OK
1549	     0	71.3	136.1	 952	OK
1550	     0	72.0	135.9	 931	OK
1551	     0	72.1	136.1	 950	OK
1552	     0	69.5	133.1	 948	OK
1553	     0	70.3	136.1	 935	OK
1554	     0	70.3	133.7	 927	OK
1555	     0	72.1	136.6	 922	OK
1556	     0	69.2	132.4	 942	OK
1557	     0	68.6	130.2	 953	OK
1558	     0	69.8	134.5	 957	OK
1559	     0	71.6	136.2	 959	OK
1560	     0	72.2	136.9	 919	OK
1561	     0	71.3	136.9	 956	OK
1562	     0	72.6	136.5	 927	OK
1563	     0	70.9	134.6	 933	OK
1564	     0	70.0	134.6	 955	OK
1565	     0	70.9	135.8	 938	OK
1566	     0	69.5	133.4	 926	OK
1567	     0	71.1	136.5	 949	OK
1568	     0	69.7	132.0	 967	OK
1569	     0	71.2	134.0	 973	OK
1570	     0	69.6	133.4	 940	OK
1571	     0	71.0	135.2	 958	OK
1572	     0	70.7	133.5	 960	OK
1573	     0	68.6	131.1	 943	OK
1574	     0	70.6	134.5	 917	OK
1575	     0	70.9	135.2	 955	OK
1576	     0	69.6	135.7	 960	OK
1577	     0	70.5	134.8	 958	OK
1578	     0	70.0	131.3	 951	OK
1579	     0	70.6	135.9	 959	OK
1580	     0	72.9	138.2	 950	OK
1581	     0	69.6	132.4	 962	OK
1582	     0	68.2	130.6	 979	OK
1583	     0	70.5	134.4	 961	OK
1584	     0	70.0	135.9	 954	OK
1585	     0	70.0	132.2	 963	OK
1586	     0	70.3	134.0	 956	OK
1587	     0	69.9	132.2	 929	OK
1588	     0	72.3	136.4	 973	OK
1589	     0	70.6	132.5	 955	OK
1590	     0	69.3	130.8	 957	OK
1591	     0	70.9	134.1	 954	OK
1592	     0	69.7	134.0	 967	OK
1593	     0	69.2	130.4	 959	OK
1594	     0	70.1	133.1	 952	OK
1595	     0	70.5	135.0	 966	OK
1596	     0	72.8	136.0	 959	OK
1597	     0	69.7	133.2	 961	OK
1598	     0	70.3	135.7	 956	OK
1599	     0	71.3	135.5	 940	OK
1600	     0	71.3	136.2	 945	OK
1601	     0	69.9	134.9	 963	OK
1602	     0	69.8	134.8	 962	OK
1603	     0	70.9	136.4	 963	OK
1604	     0	69.5	134.3	 952	OK
1605	     0	71.1	135.4	 945	OK
1606	     0	68.5	130.1	 958	OK
1607	     0	68.2	129.2	 963	OK
1608	     0	69.4	132.7	 967	OK
1609	     0	70.4	133.2	 936	OK
1610	     0	70.9	134.0	 948	OK
1611	     0	68.6	129.9	 956	OK
1612	     0	69.0	131.5	 974	OK
1613	     0	67.1	128.8	 943	OK
1614	     0	68.4	129.8	 946	OK
1615	     0	69.9	132.5	 943	OK
1616	     0	72.0	136.0	 972	OK
1617	     0	67.7	130.0	 943	OK
1618	     0	70.7	134.0	 951	OK
1619	     0	67.3	129.3	 956	OK
1620	     0	70.2	133.7	 978	OK
1621	     0	69.2	131.1	 949	OK
1622	     0	68.9	132.3	 957	OK
1623	     0	71.9	135.8	 944	OK
1624	     0	70.1	133.4	 939	OK
1625	     0	67.5	128.0	 940	OK
1626	     0	70.5	134.0	 960	OK
1627	     0	70.3	135.1	 937	OK
1628	     0	70.1	134.4	 943	OK
1629	     0	70.9	134.3	 950	OK
1630	     0	72.3	137.4	 955	OK
1631	     0	69.4	133.5	 952	OK
1632	     0	67.3	128.9	 942	OK
1633	     0	68.3	129.6	 951	OK
1634	     0	69.9	134.8	 942	OK
1635	     0	68.9	132.3	 956	OK
1636	     0	71.2	133.6	 960	OK
1637	     0	69.5	131.5	 941	OK
1638	     0	66.6	127.3	 946	OK
1639	     0	69.9	135.2	 968	OK
1640	     0	71.2	135.1	 956	OK
1641	     0	69.9	132.1	 947	OK
1642	     0	68.7	131.7	 949	OK
1643	     0	69.0	132.7	 958	OK
1644	     0	68.5	130.1	 953	OK
1645	     0	68.8	132.1	 953	OK
1646	     0	70.1	132.3	 930	OK
1647	     0	70.1	134.3	 943	OK
1648	     0	69.4	130.9	 939	OK
1649	     0	71.8	138.0	 945	OK
1650	     0	68.4	128.5	 967	OK
1651	     0	70.7	135.0	 922	OK
1652	     0	67.4	127.7	 958	OK
1653	     0	69.9	133.8	 950	OK
1654	     0	70.2	133.5	 969	OK
1655	     0	68.6	134.3	 953	OK
1656	     0	70.1	132.2	 959	OK
1657	     0	71.3	137.4	 954	OK
1658	     0	68.6	130.9	 956	OK
1659	     0	70.4	134.1	 943	OK
1660	     0	70.2	133.8	 961	OK
1661	     0	72.0	138.0	 982	OK
1662	     0	71.8	134.4	 940	OK
1663	     0	71.7	135.2	 965	OK
1664	     0	74.5	142.1	 916	OK
1665	     0	74.1	142.5	 893	OK
1666	     0	72.1	138.1	 895	OK
1667	     0	73.8	141.1	 880	OK
1668	     0	73.5	139.6	 912	OK
1669	     0	72.1	136.9	 898	OK
1670	     0	73.6	139.9	 905	OK
1671	     0	73.4	140.7	 919	OK
1672	     0	70.9	134.6	 893	OK
1673	     0	72.8	136.3	 907	OK
1674	     0	71.0	136.2	 893	OK
1675	     0	72.9	137.0	 907	OK
1676	     0	72.0	140.3	 909	OK
1677	     0	72.7	137.4	 914	OK
1678	     0	73.5	139.8	 911	OK
1679	     0	74.9	140.9	 897	OK
1680	     0	71.0	134.7	 894	OK
1681	     0	71.4	137.1	 899	OK
1682	     0	72.4	136.0	 885	OK
1683	     0	71.9	137.3	 909	OK
1684	     0	72.3	137.7	 909	OK
1685	     0	69.3	130.9	 877	OK
1686	     0	72.9	138.8	 895	OK
1687	     0	72.4	138.1	 906	OK
1688	     0	71.5	138.4	 900	OK
1689	     0	73.8	137.8	 898	OK
1690	     0	70.5	136.2	 888	OK
1691	     0	72.0	135.6	 929	OK
1692	     0	72.5	137.8	 914	OK
1693	     0	69.7	132.5	 915	OK
1694	     0	71.6	137.3	 884	OK
1695	     0	72.8	139.1	 907	OK
1696	     0	70.4	133.8	 913	OK
1697	     0	72.9	138.9	 914	OK
1698	     0	72.9	138.2	 945	OK
1699	     0	72.5	135.5	 899	OK
1700	     0	73.8	138.4	 891	OK
1701	     0	73.0	137.6	 914	OK
1702	     0	73.3	138.2	 927	OK
1703	     0	73.7	142.0	 906	OK
1704	     0	70.6	134.7	 899	OK
1705	     0	71.8	137.3	 915	OK
1706	     0	71.3	137.2	 923	OK
1707	     0	72.2	139.6	 900	OK
1708	     0	73.0	138.0	 915	OK
1709	     0	73.4	138.0	 905	OK
1710	     0	72.5	138.5	 892	OK
1711	     0	73.7	138.1	 913	OK
1712	     0	74.5	141.1	 922	OK
1713	     0	70.4	132.5	 914	OK
1714	     0	72.8	138.4	 915	OK
1715	     0	72.9	136.9	 912	OK
1716	     0	73.2	139.4	 921	OK
1717	     0	73.9	137.1	 918	OK
1718	     0	72.9	140.2	 903	OK
1719	     0	73.6	140.3	 907	OK
1720	     0	73.3	139.6	 906	OK
1721	     0	74.3	139.1	 937	OK
1722	     0	72.2	135.7	 926	OK
1723	     0	73.3	141.3	 916	OK
1724	     0	73.4	141.0	 923	OK
1725	     0	72.3	137.5	 912	OK
1726	     0	72.1	137.0	 925	OK
1727	     0	72.9	140.0	 888	OK
1728	     0	74.1	140.8	 924	OK
1729	     0	71.8	136.5	 929	OK
1730	     0	73.7	139.4	 898	OK
1731	     0	72.2	137.5	 917	OK
1732	     0	71.7	135.2	 919	OK
1733	     0	73.2	139.6	 919	OK
1734	     0	70.9	137.3	 928	OK
1735	     0	71.7	136.3	 907	OK
1736	     0	71.6	136.4	 930	OK
1737	     0	72.6	137.8	 900	OK
1738	     0	71.7	137.4	 905	OK
1739	     0	71.3	136.0	 915	OK
1740	     0	71.5	135.0	 900	OK
1741	     0	73.9	140.6	 924	OK
1742	     0	73.4	139.6	 915	OK
1743	     0	73.3	137.2	 917	OK
1744	     0	71.1	134.0	 896	OK
1745	     0	73.1	137.7	 935	OK
1746	     0	71.7	137.6	 904	OK
1747	     0	69.9	134.6	 915	OK
1748	     0	71.2	135.3	 915	OK
1749	     0	70.5	135.3	 922	OK
1750	     0	71.2	133.6	 910	OK
1751	     0	73.8	140.8	 916	OK
1752	     0	73.5	140.0	 903	OK
1753	     0	70.7	134.8	 916	OK
1754	     0	69.6	134.7	 891	OK
1755	     0	71.6	136.9	 910	OK
1756	     0	70.8	135.2	 914	OK
1757	     0	74.3	138.9	 902	OK
1758	     0	72.5	136.5	 927	OK
1759	     0	70.1	135.2	 895	OK
1760	     0	73.2	137.9	 924	OK
1761	     0	71.2	135.4	 900	OK
1762	     0	72.2	137.9	 909	OK
1763	     0	73.3	139.0	 914	OK
1764	     0	73.1	140.6	 900	OK
1765	     0	74.0	141.8	 913	OK
1766	     0	73.4	140.5	 927	OK
1767	     0	72.8	140.0	 916	OK
1768	     0	72.0	136.7	 907	OK
1769	     0	73.0	137.7	 920	OK
1770	     0	71.8	137.1	 915	OK
1771	     0	72.9	141.7	 904	OK
1772	     0	73.1	139.0	 902	OK
1773	     0	73.4	138.6	 930	OK
1774	     0	72.1	135.8	 912	OK
1775	     0	73.2	138.5	 916	OK
1776	     0	72.7	136.4	 920	OK
1777	     0	72.5	136.5	 890	OK
1778	     0	72.8	136.5	 925	OK
1779	     0	73.2	140.0	 930	OK
1780	     0	72.4	137.0	 936	OK
1781	     0	71.6	135.7	 908	OK
1782	     0	69.7	132.9	 925	OK
1783	     0	72.6	138.3	 940	OK
1784	     0	72.6	135.3	 931	OK
1785	     0	72.9	139.0	 923	OK
1786	     0	76.2	144.8	 912	OK
1787	     0	74.5	141.0	 919	OK
1788	     0	75.6	143.4	 913	OK
1789	     0	73.6	138.6	 910	OK
1790	     0	73.3	139.9	 912	OK
1791	     0	73.6	140.0	 907	OK
1792	     0	69.3	133.2	 920	OK
1793	     0	70.8	137.1	 928	OK
1794	     0	69.1	131.1	 909	OK
1795	     0	72.2	137.8	 906	OK
1796	     0	70.7	136.4	 917	OK
1797	     0	69.7	132.6	 897	OK
1798	     0	71.0	136.1	 897	OK
1799	     0	69.8	134.7	 922	OK
1800	     0	70.3	135.2	 891	OK
1801	     0	70.4	136.1	 905	OK
1802	     0	69.6	133.5	 897	OK
1803	     0	70.3	133.7	 920	OK
1804	     0	72.1	138.4	 900	OK
1805	     0	68.6	131.7	 895	OK
1806	     0	70.6	133.6	 902	OK
1807	     0	70.6	133.5	 910	OK
1808	     0	70.5	133.1	 895	OK
1809	     0	74.7	141.2	 905	OK
1810	     0	72.4	136.9	 894	OK
1811	     0	69.1	133.1	 899	OK
1812	     0	69.2	132.0	 907	OK
1813	     0	72.9	138.1	 892	OK
1814	     0	72.0	134.0	 909	OK
1815	     0	71.0	135.5	 903	OK
1816	     0	71.5	135.0	 896	OK
1817	     0	69.6	133.4	 890	OK
1818	     0	69.9	134.7	 872	OK
1819	     0	69.5	133.0	 903	OK
1820	     0	68.5	133.1	 901	OK
1821	     0	72.9	136.5	 895	OK
1822	     0	70.8	134.4	 902	OK
1823	     0	71.4	135.9	 904	OK
1824	     0	70.1	134.8	 896	OK
1825	     0	71.3	136.0	 920	OK
1826	     0	70.1	133.8	 901	OK
1827	     0	71.4	134.8	 904	OK
1828	     0	71.3	135.3	 933	OK
1829	     0	71.6	136.1	 890	OK
1830	     0	70.7	134.6	 906	OK
1831	     0	73.3	137.3	 905	OK
1832	     0	71.4	134.0	 916	OK
1833	     0	70.8	135.3	 905	OK
1834	     0	70.2	133.6	 909	OK
1835	     0	70.0	133.0	 895	OK
1836	     0	69.3	134.2	 902	OK
1837	     0	70.1	135.1	 898	OK
1838	     0	69.6	132.4	 891	OK
1839	     0	71.1	136.0	 916	OK
1840	     0	73.8	141.4	 923	OK
1841	     0	68.2	132.6	 909	OK
1842	     0	70.3	132.7	 912	OK
1843	     0	70.0	132.1	 916	OK
1844	     0	70.1	132.0	 911	OK
1845	     0	71.4	134.6	 929	OK
1846	     0	73.3	138.1	 906	OK
1847	     0	70.6	135.1	 913	OK
1848	     0	71.0	133.7	 896	OK
1849	     0	71.9	135.3	 901	OK
1850	     0	69.8	133.3	 910	OK
1851	     0	72.2	136.9	 900	OK
1852	     0	72.4	136.6	 910	OK
1853	     0	71.1	136.5	 897	OK
1854	     0	73.4	137.5	 918	OK
1855	     0	71.7	137.2	 910	OK
1856	     0	70.3	134.5	 903	OK
1857	     0	74.2	140.1	 922	OK
1858	     0	71.4	134.6	 926	OK
1859	     0	72.7	138.1	 896	OK
1860	     0	70.8	133.0	 891	OK
1861	     0	69.0	131.6	 911	OK
1862	     0	70.4	133.6	 894	OK
1863	     0	70.6	134.7	 911	OK
1864	     0	71.8	136.6	 889	OK
1865	     0	70.1	132.2	 884	OK
1866	     0	72.3	139.5	 892	OK
1867	     0	71.5	135.0	 893	OK
1868	     0	68.3	131.0	 902	OK
1869	     0	72.7	138.5	 879	OK
1870	     0	72.7	137.3	 901	OK
1871	     0	71.3	134.0	 900	OK
1872	     0	71.1	133.2	 895	OK
1873	     0	70.6	132.4	 898	OK
1874	     0	71.7	136.2	 887	OK
1875	     0	71.4	134.1	 893	OK
1876	     0	71.7	135.3	 895	OK
1877	     0	71.3	134.2	 894	OK
1878	     0	73.0	137.0	 908	OK
1879	     0	72.3	139.0	 901	OK
1880	     0	70.4	134.8	 910	OK
1881	     0	71.6	137.3	 906	OK
1882	     0	69.6	134.4	 896	OK
1883	     0	71.0	133.9	 875	OK
1884	     0	72.2	136.2	 892	OK
1885	     0	71.9	136.2	 890	OK
1886	     0	70.7	133.6	 883	OK
1887	     0	72.2	137.7	 902	OK
1888	     0	69.9	131.6	 878	OK
1889	     0	72.5	138.3	 877	OK
1890	     0	71.4	134.9	 890	OK
1891	     0	69.6	132.2	 886	OK
1892	     0	69.4	130.4	 883	OK
1893	     0	73.5	138.5	 897	OK
1894	     0	72.6	138.0	 892	OK
1895	     0	72.4	137.2	 908	OK
1896	     0	71.5	136.6	 882	OK
1897	     0	71.4	133.4	 882	OK
1898	     0	72.5	136.6	 903	OK
1899	     0	71.4	134.3	 907	OK
1900	     0	73.0	137.8	 912	OK
1901	     0	71.6	135.7	 894	OK
1902	     0	72.7	137.7	 882	OK
1903	     0	72.6	137.2	 897	OK
1904	     0	72.7	137.7	 877	OK
1905	     0	71.4	135.3	 906	OK
1906	     0	73.7	138.6	 893	OK
1907	     0	73.0	138.5	 870	OK
1908	     0	72.7	136.8	 907	OK
1909	     0	72.2	138.3	 905	OK
1910	     0	71.5	137.6	 903	OK
1911	     0	72.8	140.5	 896	OK
1912	     0	73.1	137.3	 891	OK
1913	     0	70.1	134.5	 907	OK
1914	     0	73.0	138.0	 881	OK
1915	     0	73.8	138.4	 888	OK
1916	     0	70.8	132.6	 889	OK
1917	     0	72.6	134.3	 890	OK
1918	     0	74.6	141.2	 869	OK
1919	     0	75.0	141.4	 898	OK
1920	     0	73.3	142.6	 903	OK
1921	     0	73.4	142.5	 905	OK
1922	     0	73.8	140.9	 915	OK
1923	     0	70.8	138.2	 903	OK
1924	     0	72.2	137.1	 892	OK
1925	     0	73.1	140.7	 895	OK
1926	     0	74.0	143.1	 895	OK
1927	     0	72.8	141.0	 885	OK
1928	     0	73.0	139.0	 897	OK
1929	     0	72.0	138.3	 915	OK
1930	     0	72.6	140.7	 907	OK
1931	     0	73.4	142.7	 912	OK
1932	     0	72.0	138.1	 885	OK
1933	     0	73.7	141.5	 900	OK
1934	     0	71.2	137.6	 917	OK
1935	     0	71.1	137.2	 881	OK
1936	     0	72.8	139.7	 902	OK
1937	     0	68.9	133.6	 910	OK
1938	     0	70.3	137.1	 911	OK
1939	     0	70.8	134.9	 894	OK
1940	     0	72.1	141.7	 905	OK
1941	     0	70.7	136.6	 886	OK
1942	     0	68.7	133.6	 898	OK
1943	     0	71.4	136.5	 904	OK
1944	     0	71.5	134.7	 890	OK
1945	     0	72.5	140.0	 887	OK
1946	     0	71.7	136.6	 890	OK
1947	     0	71.8	138.0	 904	OK
1948	     0	71.1	137.7	 888	OK
1949	     0	70.2	135.0	 876	OK
1950	     0	71.8	138.5	 884	OK
1951	     0	69.3	134.5	 894	OK
1952	     0	72.7	139.2	 895	OK
1953	     0	70.8	137.5	 889	OK
1954	     0	71.6	136.4	 880	OK
1955	     0	71.2	136.9	 887	OK
1956	     0	69.3	133.1	 885	OK
1957	     0	70.4	136.7	 913	OK
1958	     0	70.7	134.4	 889	OK
1959	     0	69.5	135.7	 897	OK
1960	     0	69.9	135.7	 900	OK
1961	     0	72.1	138.8	 891	OK
1962	     0	71.7	137.7	 896	OK
1963	     0	72.8	138.9	 898	OK
1964	     0	70.9	135.3	 893	OK
1965	     0	71.9	138.9	 907	OK
1966	     0	72.3	137.8	 875	OK
1967	     0	70.8	135.9	 889	OK
1968	     0	70.5	135.0	 882	OK
1969	     0	71.6	139.4	 906	OK
1970	     0	69.6	133.8	 858	OK
1971	     0	69.0	132.6	 890	OK
1972	     0	72.4	138.9	 897	OK
1973	     0	70.6	135.0	 890	OK
1974	     0	68.8	133.0	 875	OK
1975	     0	71.7	138.9	 879	OK
1976	     0	71.9	137.4	 903	OK
1977	     0	73.1	140.4	 896	OK
1978	     0	69.2	133.1	 897	OK
1979	     0	72.8	141.5	 897	OK
1980	     0	70.4	137.0	 890	OK
1981	     0	72.1	136.4	 899	OK
1982	     0	73.5	140.3	 886	OK
1983	     0	73.7	140.3	 888	OK
1984	     0	71.9	137.5	 894	OK
1985	     0	70.0	133.9	 899	OK
1986	     0	69.0	133.4	 883	OK
1987	     0	72.5	140.4	 900	OK
1988	     0	72.0	138.2	 884	OK
1989	     0	69.7	135.1	 878	OK
1990	     0	70.9	135.6	 873	OK
1991	     0	71.4	136.7	 867	OK
1992	     0	68.3	131.0	 870	OK
1993	     0	71.2	135.3	 877	OK
1994	     0	71.2	134.5	 902	OK
1995	     0	69.3	131.7	 883	OK
1996	     0	72.1	137.5	 892	OK
1997	     0	71.7	136.0	 869	OK
1998	     0	69.2	133.2	 891	OK
1999	     0	69.1	132.9	 882	OK
2000	     0	71.3	134.9	 874	OK
2001	     0	72.6	136.9	 872	OK
2002	     0	72.6	137.2	 889	OK
2003	     0	71.7	136.1	 875	OK
2004	     0	72.5	136.6	 890	OK
2005	     0	70.5	133.6	 884	OK
2006	     0	73.1	137.8	 899	OK
2007	     0	71.4	134.9	 891	OK
2008	     0	67.8	129.0	 867	OK
2009	     0	70.6	134.0	 874	OK
2010	     0	71.0	134.3	 901	OK
2011	     0	70.6	136.6	 860	OK
2012	     0	70.0	132.4	 892	OK
2013	     0	70.0	132.8	 888	OK
2014	     0	69.2	132.3	 872	OK
2015	     0	71.2	138.5	 875	OK
2016	     0	71.4	135.2	 893	OK
2017	     0	70.9	134.3	 903	OK
2018	     0	70.3	134.3	 875	OK
2019	     0	70.5	135.7	 860	OK
2020	     0	72.0	137.2	 857	OK
2021	     0	71.1	137.9	 875	OK
2022	     0	71.0	136.0	 892	OK
2023	     0	70.8	136.1	 857	OK
2024	     0	72.2	136.0	 877	OK
2025	     0	69.8	136.2	 867	OK
2026	     0	71.7	138.6	 878	OK
2027	     0	70.3	133.6	 857	OK
2028	     0	70.1	131.3	 900	OK
2029	     0	69.7	134.4	 870	OK
2030	     0	68.7	129.4	 866	OK
2031	     0	72.9	137.2	 886	OK
2032	     0	69.9	131.9	 858	OK
2033	     0	72.3	135.2	 860	OK
2034	     0	72.0	134.8	 873	OK
2035	     0	73.1	139.6	 879	OK
2036	     0	72.0	135.8	 889	OK
2037	     0	71.6	136.2	 876	OK
2038	     0	72.2	138.5	 878	OK
2039	     0	71.3	137.4	 855	OK
2040	     0	71.7	136.2	 889	OK
2041	     0	71.6	136.3	 868	OK
2042	     0	72.7	137.8	 903	OK
2043	     0	72.3	136.1	 876	OK
2044	     0	72.6	137.7	 874	OK
2045	     0	73.5	139.0	 881	OK
2046	     0	72.7	138.1	 883	OK
2047	     0	72.8	137.2	 872	OK
2048	     0	72.5	138.3	 900	OK
2049	     0	71.6	136.8	 908	OK
2050	     0	68.7	132.2	 932	OK
2051	     0	70.0	130.6	 920	OK
2052	     0	72.3	136.9	 912	OK
2053	     0	71.7	135.1	 913	OK
2054	     0	69.2	134.5	 921	OK
2055	     0	70.2	132.5	 931	OK
2056	     0	71.7	136.1	 917	OK
2057	     0	70.3	135.1	 913	OK
2058	     0	68.8	130.5	 916	OK
2059	     0	69.6	132.1	 926	OK
2060	     0	71.1	134.2	 907	OK
2061	     0	67.6	129.8	 911	OK
2062	     0	69.6	130.4	 919	OK
2063	     0	69.6	132.9	 910	OK
2064	     0	72.8	138.1	 928	OK
2065	     0	69.7	131.8	 911	OK
2066	     0	70.2	134.9	 895	OK
2067	     0	69.8	132.9	 921	OK
2068	     0	71.3	137.0	 936	OK
2069	     0	67.2	128.7	 937	OK
2070	     0	71.2	134.4	 934	OK
2071	     0	72.5	137.9	 914	OK
2072	     0	70.3	131.8	 942	OK
2073	     0	69.5	132.6	 913	OK
2074	     0	70.9	134.1	 895	OK
2075	     0	69.7	133.5	 915	OK
2076	     0	69.7	133.3	 930	OK
2077	     0	70.6	132.9	 916	OK
2078	     0	67.6	129.0	 930	OK
2079	     0	66.9	128.4	 915	OK
2080	     0	68.8	131.1	 918	OK
2081	     0	70.1	134.7	 919	OK
2082	     0	70.1	133.5	 934	OK
2083	     0	70.6	133.6	 929	OK
2084	     0	69.3	130.9	 928	OK
2085	     0	69.5	134.1	 943	OK
2086	     0	69.4	135.5	 916	OK
2087	     0	70.9	132.7	 925	OK
2088	     0	70.2	133.3	 924	OK
2089	     0	68.3	131.7	 920	OK
2090	     0	68.0	131.1	 920	OK
2091	     0	70.3	132.8	 943	OK
2092	     0	69.5	132.0	 932	OK
2093	     0	69.5	132.8	 940	OK
2094	     0	70.1	134.8	 946	OK
2095	     0	69.5	133.3	 911	OK
2096	     0	70.3	134.6	 935	OK
2097	     0	71.1	134.3	 926	OK
2098	     0	70.3	132.1	 913	OK
2099	     0	69.9	133.1	 914	OK
2100	     0	69.2	131.9	 917	OK
2101	     0	69.9	132.1	 928	OK
2102	     0	69.2	133.3	 936	OK
2103	     0	72.2	139.4	 934	OK
2104	     0	67.9	130.6	 926	OK
2105	     0	67.4	129.3	 937	OK
2106	     0	68.9	131.7	 919	OK
2107	     0	70.5	132.9	 928	OK
2108	     0	70.5	135.3	 929	OK
2109	     0	69.3	131.8	 919	OK
2110	     0	70.0	134.1	 920	OK
2111	     0	71.9	137.1	 924	OK
2112	     0	71.3	135.7	 941	OK
2113	     0	68.8	131.7	 926	OK
2114	     0	68.7	131.9	 935	OK
2115	     0	68.6	132.3	 918	OK
2116	     0	68.3	131.7	 940	OK
2117	     0	68.8	131.3	 923	OK
2118	     0	72.3	138.7	 921	OK
2119	     0	69.4	131.6	 941	OK
2120	     0	70.7	132.2	 935	OK
2121	     0	68.9	129.7	 942	OK
2122	     0	70.3	132.8	 938	OK
2123	     0	69.4	133.1	 923	OK
2124	     0	71.7	137.4	 942	OK
2125	     0	68.6	132.9	 938	OK
2126	     0	70.5	134.4	 929	OK
2127	     0	70.9	135.2	 946	OK
2128	     0	70.9	134.7	 940	OK
2129	     0	70.3	133.2	 935	OK
2130	     0	72.0	136.3	 934	OK
2131	     0	70.8	136.4	 939	OK
2132	     0	69.6	131.8	 921	OK
2133	     0	69.6	130.2	 960	OK
2134	     0	69.0	131.2	 927	OK
2135	     0	70.3	133.5	 925	OK
2136	     0	70.0	133.0	 924	OK
2137	     0	69.9	131.6	 946	OK
2138	     0	71.8	135.7	 926	OK
2139	     0	69.8	133.9	 926	OK
2140	     0	71.7	136.1	 938	OK
2141	     0	69.9	133.1	 925	OK
2142	     0	71.1	135.4	 910	OK
2143	     0	74.5	143.9	 923	OK
2144	     0	69.6	131.9	 949	OK
2145	     0	72.0	135.8	 907	OK
2146	     0	69.1	132.4	 920	OK
2147	     0	69.3	132.8	 933	OK
2148	     0	71.3	135.9	 920	OK
2149	     0	67.1	129.6	 927	OK
2150	     0	71.3	134.0	 927	OK
2151	     0	70.1	132.7	 925	OK
2152	     0	69.9	131.6	 909	OK
2153	     0	71.0	136.8	 940	OK
2154	     0	70.4	135.8	 927	OK
2155	     0	70.6	134.0	 928	OK
2156	     0	69.5	134.5	 911	OK
2157	     0	71.5	136.1	 921	OK
2158	     0	69.8	132.2	 929	OK
2159	     0	70.3	134.6	 901	OK
2160	     0	72.0	135.4	 918	OK
2161	     0	69.4	130.6	 915	OK
2162	     0	70.0	132.1	 938	OK
2163	     0	71.1	136.8	 923	OK
2164	     0	70.9	134.5	 900	OK
2165	     0	72.1	137.1	 915	OK
2166	     0	70.8	133.0	 919	OK
2167	     0	68.4	130.6	 932	OK
2168	   200	75.0	143.1	 923	high gain
2169	     0	71.1	134.2	 913	OK
2170	     0	70.7	134.7	 946	OK
2171	     0	72.1	136.1	 929	OK
2172	     0	72.0	134.5	 923	OK
2173	     0	71.0	135.9	 910	OK
2174	     0	70.9	135.2	 913	OK
2175	     0	70.9	135.2	 953	OK
2176	     0	73.7	140.8	 929	OK
2177	     0	73.2	136.3	 892	OK
2178	     0	73.9	139.7	 919	OK
2179	     0	73.8	141.1	 924	OK
2180	     0	75.1	144.5	 932	OK
2181	     0	73.0	138.4	 916	OK
2182	     0	73.2	138.1	 906	OK
2183	     0	73.1	138.6	 936	OK
2184	     0	73.3	140.3	 899	OK
2185	     0	71.4	134.8	 935	OK
2186	     0	73.7	141.0	 892	OK
2187	     0	75.3	142.2	 899	OK
2188	     0	74.6	140.7	 915	OK
2189	     0	71.8	136.7	 901	OK
2190	     0	72.8	137.9	 931	OK
2191	     0	73.6	138.6	 900	OK
2192	     0	74.3	143.0	 915	OK
2193	     0	73.6	138.4	 923	OK
2194	     0	71.4	137.3	 894	OK
2195	     0	74.0	141.1	 918	OK
2196	     0	73.1	138.7	 900	OK
2197	     0	74.3	140.3	 897	OK
2198	     0	71.3	135.6	 893	OK
2199	     0	71.9	135.1	 916	OK
2200	     0	71.6	135.7	 897	OK
2201	     0	75.1	143.7	 915	OK
2202	     0	71.7	137.0	 905	OK
2203	     0	70.3	134.0	 902	OK
2204	     0	72.8	139.8	 915	OK
2205	     0	72.9	139.8	 913	OK
2206	     0	71.0	136.6	 897	OK
2207	     0	70.6	135.6	 918	OK
2208	     0	71.6	134.5	 929	OK
2209	     0	72.0	139.0	 904	OK
2210	     0	71.8	137.7	 917	OK
2211	     0	74.5	142.0	 914	OK
2212	     0	73.2	140.9	 933	OK
2213	     0	71.7	134.8	 911	OK
2214	     0	74.3	140.4	 920	OK
2215	     0	72.8	138.7	 932	OK
2216	     0	70.9	137.1	 912	OK
2217	     0	73.6	141.0	 915	OK
2218	     0	74.6	143.4	 931	OK
2219	     0	72.7	138.6	 914	OK
2220	     0	70.8	136.9	 916	OK
2221	     0	72.4	139.2	 931	OK
2222	     0	71.3	136.0	 920	OK
2223	     0	72.9	140.7	 909	OK
2224	     0	71.4	138.3	 924	OK
2225	     0	71.9	136.0	 947	OK
2226	     0	75.1	141.7	 935	OK
2227	     0	74.7	140.9	 916	OK
2228	     0	72.7	139.6	 935	OK
2229	     0	74.0	141.6	 923	OK
2230	     0	74.2	142.4	 927	OK
2231	     0	73.5	142.2	 933	OK
2232	     0	72.3	137.3	 923	OK
2233	     0	72.1	138.4	 934	OK
2234	     0	73.7	139.1	 903	OK
2235	     0	72.1	138.2	 925	OK
2236	     0	74.2	140.4	 918	OK
2237	     0	70.8	135.6	 903	OK
2238	     0	70.6	137.1	 924	OK
2239	     0	73.8	140.1	 943	OK
2240	     0	74.6	141.1	 911	OK
2241	     0	72.4	139.7	 915	OK
2242	     0	76.4	145.2	 933	OK
2243	     0	76.1	144.6	 907	OK
2244	     0	71.6	137.3	 918	OK
2245	     0	72.3	138.3	 920	OK
2246	     0	73.6	141.5	 926	OK
2247	     0	74.9	142.1	 934	OK
2248	     0	74.2	141.7	 923	OK
2249	     0	74.3	143.3	 914	OK
2250	     0	76.1	143.4	 917	OK
2251	     0	75.0	141.3	 927	OK
2252	     0	73.4	140.2	 917	OK
2253	     0	74.3	142.8	 903	OK
2254	     0	73.1	138.8	 933	OK
2255	     0	74.9	142.1	 923	OK
2256	     0	73.8	141.0	 904	OK
2257	     0	73.3	140.1	 926	OK
2258	     0	72.1	138.5	 912	OK
2259	     0	71.5	135.3	 919	OK
2260	     0	72.9	139.4	 895	OK
2261	     0	73.5	138.0	 928	OK
2262	     0	71.5	135.0	 914	OK
2263	     0	73.7	139.3	 905	OK
2264	     0	72.1	139.2	 922	OK
2265	     0	73.6	140.2	 939	OK
2266	     0	72.8	137.3	 919	OK
2267	     0	75.2	143.0	 933	OK
2268	     0	72.9	138.7	 905	OK
2269	     0	72.7	139.0	 927	OK
2270	     0	72.7	140.0	 902	OK
2271	     0	72.3	136.3	 919	OK
2272	     0	75.7	142.8	 913	OK
2273	     0	75.6	143.0	 932	OK
2274	     0	72.8	139.5	 918	OK
2275	     0	74.0	140.4	 916	OK
2276	     0	73.1	141.1	 901	OK
2277	     0	74.2	139.1	 904	OK
2278	     0	74.1	143.7	 917	OK
2279	     0	73.7	139.6	 873	OK
2280	     0	73.6	140.7	 920	OK
2281	     0	71.3	137.6	 911	OK
2282	     0	74.3	142.6	 912	OK
2283	     0	72.9	139.7	 918	OK
2284	     0	74.3	141.2	 910	OK
2285	     0	73.3	140.9	 898	OK
2286	     0	74.6	143.5	 920	OK
2287	     0	72.7	137.1	 916	OK
2288	     0	75.3	143.9	 919	OK
2289	   200	78.9	145.5	 901	high gain
2290	     0	74.6	141.8	 915	OK
2291	     0	74.3	140.7	 909	OK
2292	     0	75.1	141.0	 915	OK
2293	     0	74.3	142.1	 905	OK
2294	     0	74.3	142.0	 907	OK
2295	     0	73.5	141.3	 900	OK
2296	     0	76.8	145.4	 925	OK
2297	     0	75.1	141.7	 913	OK
2298	     0	74.3	140.9	 925	OK
2299	     0	74.6	140.5	 917	OK
2300	     0	74.9	141.8	 906	OK
2301	     0	76.5	145.7	 916	OK
2302	     0	75.2	141.8	 903	OK
2303	     0	75.3	142.6	 920	OK
2304	     0	72.3	137.2	 970	OK
2305	     0	71.2	133.3	 957	OK
2306	     0	70.3	131.8	 974	OK
2307	     0	67.5	129.2	 949	OK
2308	     0	71.8	134.3	 931	OK
2309	     0	68.3	131.4	 945	OK
2310	     0	68.3	129.6	 926	OK
2311	     0	68.7	133.2	 948	OK
2312	     0	69.2	130.7	 950	OK
2313	     0	70.5	135.5	 937	OK
2314	     0	70.3	133.7	 952	OK
2315	     0	68.7	131.3	 943	OK
2316	     0	69.5	132.0	 930	OK
2317	     0	70.6	135.3	 958	OK
2318	     0	71.2	134.8	 964	OK
2319	     0	68.8	130.3	 928	OK
2320	     0	68.6	131.5	 951	OK
2321	     0	70.1	132.7	 957	OK
2322	     0	67.8	129.3	 969	OK
2323	     0	70.0	132.0	 960	OK
2324	     0	70.3	133.1	 944	OK
2325	     0	72.3	136.2	 967	OK
2326	     0	69.1	133.2	 960	OK
2327	     0	72.0	134.6	 970	OK
2328	     0	70.7	134.7	 954	OK
2329	     0	68.7	130.6	 930	OK
2330	     0	68.3	130.9	 949	OK
2331	     0	70.4	134.3	 941	OK
2332	     0	71.7	135.6	 959	OK
2333	     0	69.0	130.4	 932	OK
2334	     0	68.6	129.8	 965	OK
2335	     0	69.3	131.3	 954	OK
2336	     0	71.7	135.4	 978	OK
2337	     0	71.3	134.4	 961	OK
2338	     0	69.4	131.1	 972	OK
2339	     0	70.9	134.2	 957	OK
2340	     0	70.1	133.4	 960	OK
2341	     0	69.1	128.9	 925	OK
2342	     0	69.1	130.8	 953	OK
2343	     0	71.2	133.6	 968	OK
2344	     0	68.3	128.8	 955	OK
2345	     0	71.3	136.2	 965	OK
2346	     0	69.4	130.9	 962	OK
2347	     0	70.8	134.4	 952	OK
2348	     0	69.9	132.6	 962	OK
2349	     0	69.4	131.0	 968	OK
2350	     0	69.7	132.4	 968	OK
2351	     0	69.8	133.3	 964	OK
2352	     0	69.9	132.8	 937	OK
2353	     0	69.5	133.4	 971	OK
2354	     0	71.9	136.5	 957	OK
2355	     0	68.6	130.3	 959	OK
2356	     0	69.9	133.0	 941	OK
2357	     0	71.4	135.0	 970	OK
2358	     0	69.9	131.3	 949	OK
2359	     0	68.7	130.6	 957	OK
2360	     0	71.2	134.4	 980	OK
2361	     0	69.4	130.7	 976	OK
2362	     0	72.2	137.6	 959	OK
2363	     0	70.5	134.7	 939	OK
2364	     0	71.1	134.2	 954	OK
2365	     0	69.7	130.8	 951	OK
2366	     0	68.8	130.9	 958	OK
2367	     0	70.7	133.1	 958	OK
2368	     0	69.0	130.5	 953	OK
2369	     0	69.7	131.0	 967	OK
2370	     0	68.5	130.6	 950	OK
2371	     0	69.0	131.6	 959	OK
2372	     0	70.0	134.6	 952	OK
2373	     0	69.1	131.2	 945	OK
2374	     0	70.2	133.3	 962	OK
2375	     0	68.8	131.6	 962	OK
2376	     0	71.7	135.2	 964	OK
2377	     0	69.7	131.3	 951	OK
2378	     0	70.4	133.5	 963	OK
2379	     0	69.6	131.0	 969	OK
2380	     0	69.1	129.3	 951	OK
2381	     0	69.9	131.5	 956	OK
2382	     0	68.5	129.0	 976	OK
2383	     0	69.6	131.3	 945	OK
2384	     0	69.1	130.0	 948	OK
2385	     0	67.9	130.8	 972	OK
2386	     0	68.4	129.7	 952	OK
2387	     0	68.3	129.0	 940	OK
2388	     0	68.7	130.2	 964	OK
2389	     0	70.1	131.3	 959	OK
2390	     0	70.1	132.0	 964	OK
2391	     0	68.1	129.7	 951	OK
2392	     0	68.5	132.7	 954	OK
2393	     0	67.4	128.6	 949	OK
2394	     0	68.2	130.7	 948	OK
2395	     0	70.0	132.0	 955	OK
2396	     0	69.5	131.1	 953	OK
2397	     0	69.1	132.8	 944	OK
2398	     0	69.7	129.7	 953	OK
2399	     0	69.7	132.2	 946	OK
2400	     0	71.2	137.2	 954	OK
2401	     0	72.0	136.0	 956	OK
2402	     0	71.1	134.3	 960	OK
2403	     0	70.6	135.0	 955	OK
2404	     0	68.7	132.4	 943	OK
2405	     0	68.0	128.4	 947	OK
2406	     0	71.6	136.2	 946	OK
2407	     0	69.3	131.9	 954	OK
2408	     0	70.0	131.0	 968	OK
2409	     0	69.9	131.6	 961	OK
2410	     0	67.9	130.3	 956	OK
2411	     0	69.0	129.3	 966	OK
2412	     0	70.7	133.9	 936	OK
2413	     0	71.3	133.6	 958	OK
2414	     0	70.0	134.2	 948	OK
2415	     0	68.6	129.7	 958	OK
2416	     0	69.1	129.0	 962	OK
2417	     0	70.1	132.2	 943	OK
2418	     0	69.5	131.9	 957	OK
2419	     0	71.6	136.4	 958	OK
2420	     0	69.2	132.2	 949	OK
2421	     0	71.5	134.8	 945	OK
2422	     0	70.4	134.7	 953	OK
2423	     0	67.7	127.3	 922	OK
2424	     0	67.5	128.9	 957	OK
2425	     0	69.1	128.8	 947	OK
2426	     0	69.4	131.8	 955	OK
2427	     0	72.1	136.4	 974	OK
2428	     0	70.8	134.9	 946	OK
2429	     0	69.6	131.1	 962	OK
2430	     0	72.1	134.4	 943	OK
2431	     0	73.1	135.2	 939	OK
2432	     0	74.9	139.7	 948	OK
2433	     0	74.8	139.8	 945	OK
2434	     0	73.6	140.7	 937	OK
2435	     0	73.2	141.1	 943	OK
2436	     0	72.3	138.5	 962	OK
2437	     0	74.5	140.5	 940	OK
2438	     0	74.8	139.5	 944	OK
2439	     0	74.6	138.1	 943	OK
2440	     0	75.2	143.6	 947	OK
2441	     0	72.1	137.3	 938	OK
2442	     0	73.0	136.1	 941	OK
2443	     0	75.9	142.9	 954	OK
2444	     0	70.8	135.3	 947	OK
2445	     0	73.3	138.3	 941	OK
2446	     0	74.6	140.4	 945	OK
2447	     0	73.6	138.0	 938	OK
2448	     0	71.4	136.8	 938	OK
2449	     0	73.0	136.7	 934	OK
2450	     0	75.1	141.7	 912	OK
2451	     0	72.5	137.9	 931	OK
2452	     0	74.4	138.5	 940	OK
2453	     0	74.4	140.2	 945	OK
2454	     0	73.9	137.7	 970	OK
2455	     0	73.1	140.5	 944	OK
2456	     0	72.3	135.9	 933	OK
2457	     0	72.3	139.0	 927	OK
2458	     0	71.9	137.2	 936	OK
2459	     0	73.1	137.0	 939	OK
2460	     0	73.3	138.7	 940	OK
2461	     0	72.7	138.4	 932	OK
2462	     0	74.2	138.7	 947	OK
2463	     0	72.5	136.5	 937	OK
2464	     0	73.0	135.9	 958	OK
2465	     0	73.6	138.2	 956	OK
2466	     0	73.4	139.2	 946	OK
2467	     0	73.5	139.1	 934	OK
2468	     0	72.9	137.5	 935	OK
2469	     0	73.8	136.9	 923	OK
2470	     0	74.0	139.7	 949	OK
2471	     0	73.9	139.4	 930	OK
2472	     0	72.5	136.5	 957	OK
2473	     0	71.6	137.2	 956	OK
2474	     0	73.5	139.1	 953	OK
2475	     0	73.1	140.7	 942	OK
2476	     0	73.8	138.0	 940	OK
2477	     0	74.1	140.0	 936	OK
2478	     0	73.6	137.3	 970	OK
2479	     0	72.1	136.4	 965	OK
2480	     0	72.2	137.8	 954	OK
2481	     0	73.3	137.2	 924	OK
2482	     0	70.2	132.9	 949	OK
2483	     0	73.0	138.3	 943	OK
2484	     0	73.4	139.5	 951	OK
2485	     0	73.5	139.1	 953	OK
2486	     0	73.7	136.7	 963	OK
2487	     0	74.7	139.5	 939	OK
2488	     0	72.6	138.2	 956	OK
2489	     0	74.6	140.2	 947	OK
2490	     0	73.0	138.6	 961	OK
2491	     0	74.7	141.2	 932	OK
2492	     0	74.1	140.7	 948	OK
2493	     0	73.3	138.7	 962	OK
2494	     0	75.9	142.5	 926	OK
2495	     0	75.6	141.1	 939	OK
2496	     0	74.9	140.0	 944	OK
2497	     0	73.4	137.9	 950	OK
2498	     0	74.0	141.0	 941	OK
2499	     0	72.0	136.2	 928	OK
2500	     0	72.4	137.2	 953	OK
2501	     0	74.5	141.4	 920	OK
2502	     0	72.6	135.9	 961	OK
2503	     0	73.4	138.6	 958	OK
2504	     0	74.5	141.1	 924	OK
2505	     0	74.7	139.1	 948	OK
2506	     0	74.3	140.5	 955	OK
2507	     0	74.0	137.0	 947	OK
2508	     0	75.4	143.0	 945	OK
2509	     0	73.4	139.2	 948	OK
2510	     0	75.0	140.7	 914	OK
2511	     0	72.7	136.0	 935	OK
2512	     0	75.3	142.9	 942	OK
2513	     0	73.8	137.1	 930	OK
2514	     0	72.9	138.5	 929	OK
2515	     0	73.8	138.4	 941	OK
2516	     0	73.7	138.2	 935	OK
2517	     0	73.1	137.6	 954	OK
2518	     0	74.0	138.5	 935	OK
2519	     0	73.8	137.9	 937	OK
2520	     0	73.6	139.0	 941	OK
2521	     0	73.0	137.9	 932	OK
2522	     0	71.9	135.5	 938	OK
2523	     0	72.3	136.8	 935	OK
2524	     0	71.6	135.2	 940	OK
2525	     0	74.0	139.4	 933	OK
2526	     0	72.8	135.7	 932	OK
2527	     0	71.6	134.3	 939	OK
2528	     0	73.6	139.8	 929	OK
2529	     0	73.4	140.6	 912	OK
2530	     0	74.1	139.5	 939	OK
2531	     0	73.2	140.5	 938	OK
2532	     0	75.2	141.5	 916	OK
2533	     0	73.1	135.8	 920	OK
2534	     0	73.0	136.2	 942	OK
2535	     0	72.8	136.0	 912	OK
2536	     0	70.9	133.0	 935	OK
2537	     0	74.6	140.5	 927	OK
2538	     0	73.2	138.7	 940	OK
2539	     0	75.5	139.3	 950	OK
2540	     0	73.4	136.5	 912	OK
2541	     0	73.9	138.1	 942	OK
2542	     0	74.0	138.6	 930	OK
2543	     0	74.2	137.6	 928	OK
2544	     0	71.9	137.7	 929	OK
2545	     0	73.4	139.5	 930	OK
2546	     0	74.1	139.3	 952	OK
2547	     0	76.3	143.6	 917	OK
2548	     0	75.1	140.8	 936	OK
2549	     0	74.6	142.1	 935	OK
2550	     0	74.3	141.7	 938	OK
2551	     0	74.9	144.0	 939	OK
2552	     0	73.8	138.6	 926	OK
2553	     0	74.4	141.8	 922	OK
2554	     0	73.3	136.9	 928	OK
2555	     0	72.3	138.0	 918	OK
2556	     0	75.3	141.9	 936	OK
2557	     0	75.5	141.1	 929	OK
2558	     0	76.6	143.1	 952	OK
2559	   200	79.6	144.8	 934	high gain
