#chan	code	gain	vt50	innse	comment
   0	     0	78.3	141.9	1267	OK
   1	     0	77.1	141.0	1281	OK
   2	     0	76.1	143.0	1284	OK
   3	     0	75.9	143.6	1295	OK
   4	     0	76.3	139.5	1292	OK
   5	     0	76.7	141.8	1288	OK
   6	     0	74.1	136.4	1276	OK
   7	     0	75.8	141.1	1247	OK
   8	     0	76.4	140.1	1269	OK
   9	     0	78.2	144.3	1261	OK
  10	     0	74.4	138.5	1278	OK
  11	     0	75.4	139.7	1268	OK
  12	     0	75.1	138.1	1273	OK
  13	     0	76.8	141.5	1251	OK
  14	     0	75.8	140.7	1264	OK
  15	     0	73.6	137.3	1276	OK
  16	     0	74.9	138.6	1263	OK
  17	     0	75.7	141.5	1291	OK
  18	     0	74.6	149.6	1280	OK
  19	     0	76.2	140.3	1287	OK
  20	     0	74.7	140.0	1307	OK
  21	     0	75.0	139.5	1293	OK
  22	     0	74.1	138.9	1283	OK
  23	     0	73.7	141.9	1308	OK
  24	     0	74.5	137.8	1326	OK
  25	     0	76.5	140.3	1330	OK
  26	     0	75.5	140.5	1307	OK
  27	     0	74.8	140.1	1313	OK
  28	     0	74.1	139.7	1332	OK
  29	     0	74.1	135.2	1314	OK
  30	     0	74.0	137.3	1336	OK
  31	     0	75.5	139.9	1318	OK
  32	     0	75.9	140.9	1335	OK
  33	     0	78.3	145.5	1346	OK
  34	     0	75.5	138.2	1304	OK
  35	     0	74.6	139.5	1349	OK
  36	     0	75.3	140.9	1321	OK
  37	     0	74.4	142.2	1333	OK
  38	     0	75.5	139.8	1315	OK
  39	     0	73.7	135.1	1326	OK
  40	     0	75.9	137.4	1336	OK
  41	     0	73.6	135.0	1291	OK
  42	     0	75.4	140.8	1309	OK
  43	     0	75.3	139.8	1335	OK
  44	     0	77.2	141.8	1313	OK
  45	     0	75.1	139.2	1337	OK
  46	     0	76.0	138.7	1309	OK
  47	     0	76.3	141.2	1331	OK
  48	     0	75.6	140.9	1322	OK
  49	     0	74.2	138.5	1311	OK
  50	     0	75.1	139.5	1330	OK
  51	     0	73.8	138.3	1333	OK
  52	     0	75.8	140.2	1335	OK
  53	     0	75.6	141.9	1314	OK
  54	     0	74.7	139.9	1343	OK
  55	     0	77.2	143.7	1315	OK
  56	     0	74.6	138.4	1309	OK
  57	     0	75.4	141.4	1309	OK
  58	     0	74.1	138.9	1338	OK
  59	     0	74.9	139.3	1328	OK
  60	     0	75.4	139.6	1342	OK
  61	     0	74.0	137.9	1311	OK
  62	     0	75.3	140.0	1320	OK
  63	     0	75.5	140.4	1317	OK
  64	     0	76.6	139.4	1316	OK
  65	     0	75.3	141.3	1337	OK
  66	     0	74.8	138.9	1349	OK
  67	     0	75.5	139.2	1313	OK
  68	     0	74.2	140.2	1330	OK
  69	     0	74.9	139.9	1334	OK
  70	     0	77.0	142.1	1316	OK
  71	     0	75.6	142.0	1345	OK
  72	     0	77.2	142.2	1327	OK
  73	     0	72.3	135.7	1338	OK
  74	     0	73.9	140.1	1322	OK
  75	     0	74.0	138.7	1330	OK
  76	     0	74.2	138.9	1298	OK
  77	     0	76.4	142.2	1337	OK
  78	     0	74.1	138.6	1338	OK
  79	     0	74.9	141.1	1362	OK
  80	     0	76.3	140.1	1341	OK
  81	     0	77.0	140.1	1328	OK
  82	     0	77.6	144.9	1312	OK
  83	     0	74.5	140.4	1342	OK
  84	     0	77.3	143.7	1300	OK
  85	     0	75.9	141.0	1305	OK
  86	     0	74.9	139.2	1323	OK
  87	     0	73.0	138.7	1340	OK
  88	     0	75.8	141.5	1314	OK
  89	     0	76.8	143.1	1317	OK
  90	     0	74.0	135.8	1319	OK
  91	     0	77.0	143.8	1317	OK
  92	     0	77.6	142.7	1322	OK
  93	     0	75.6	138.9	1359	OK
  94	     0	74.5	140.7	1313	OK
  95	     0	73.7	136.1	1339	OK
  96	     0	73.5	134.9	1327	OK
  97	     0	76.0	149.9	1308	OK
  98	     0	75.3	139.4	1326	OK
  99	     0	76.4	143.1	1323	OK
 100	     0	76.0	140.9	1321	OK
 101	     0	76.9	141.4	1274	OK
 102	     0	74.0	137.1	1318	OK
 103	     0	74.7	138.9	1313	OK
 104	     0	77.8	142.2	1304	OK
 105	     0	75.3	139.6	1304	OK
 106	     0	76.2	139.2	1306	OK
 107	     0	75.0	138.6	1314	OK
 108	     0	76.4	143.5	1302	OK
 109	     0	78.3	145.7	1310	OK
 110	     0	74.0	138.8	1308	OK
 111	     0	78.1	147.8	1304	OK
 112	     0	75.7	140.0	1316	OK
 113	     0	77.6	143.5	1310	OK
 114	     0	74.6	138.5	1299	OK
 115	     0	74.6	140.6	1331	OK
 116	     0	75.6	140.8	1294	OK
 117	     0	75.2	139.3	1301	OK
 118	     0	75.9	141.1	1316	OK
 119	     0	74.7	138.4	1286	OK
 120	     0	76.3	144.2	1318	OK
 121	     0	77.2	142.6	1305	OK
 122	     0	76.5	141.1	1311	OK
 123	     0	78.1	141.2	1292	OK
 124	     0	74.3	137.2	1319	OK
 125	     0	75.6	142.9	1297	OK
 126	     0	77.7	145.2	1299	OK
 127	     0	74.7	140.6	1338	OK
 128	     0	77.5	142.5	1265	OK
 129	     0	77.8	146.6	1280	OK
 130	     0	77.8	144.5	1269	OK
 131	     0	74.7	138.2	1267	OK
 132	     0	76.7	143.5	1286	OK
 133	     0	73.1	134.6	1249	OK
 134	     0	73.7	136.7	1273	OK
 135	     0	74.4	139.9	1276	OK
 136	     0	75.2	139.4	1275	OK
 137	     0	75.9	141.2	1284	OK
 138	     0	75.6	140.6	1281	OK
 139	     0	75.2	140.4	1277	OK
 140	     0	75.6	140.3	1301	OK
 141	     0	75.1	140.5	1273	OK
 142	     0	74.1	138.6	1264	OK
 143	     0	74.6	142.8	1256	OK
 144	     0	75.9	143.4	1258	OK
 145	     0	75.3	139.4	1267	OK
 146	     0	75.7	141.3	1286	OK
 147	     0	77.7	145.2	1270	OK
 148	     0	73.8	138.5	1270	OK
 149	     0	76.9	144.8	1274	OK
 150	     0	76.3	139.7	1272	OK
 151	     0	71.3	134.7	1265	OK
 152	     0	75.3	142.7	1266	OK
 153	     0	76.9	142.6	1266	OK
 154	     0	76.3	143.7	1286	OK
 155	     0	76.8	146.9	1235	OK
 156	     0	74.8	139.2	1273	OK
 157	     0	75.5	142.6	1242	OK
 158	     0	74.9	139.9	1272	OK
 159	     0	73.9	140.1	1269	OK
 160	     0	75.1	139.7	1261	OK
 161	     0	74.3	138.3	1248	OK
 162	     0	75.7	141.7	1271	OK
 163	     0	75.9	139.5	1243	OK
 164	     0	73.7	136.4	1267	OK
 165	     0	74.8	140.5	1255	OK
 166	     0	73.2	138.3	1269	OK
 167	     0	75.5	140.3	1238	OK
 168	     0	73.6	137.8	1266	OK
 169	     0	74.2	139.2	1238	OK
 170	     0	75.3	143.1	1251	OK
 171	     0	77.7	143.4	1254	OK
 172	     0	72.8	136.0	1257	OK
 173	     0	74.0	138.7	1248	OK
 174	     0	77.6	146.8	1264	OK
 175	     0	78.6	147.4	1252	OK
 176	     0	77.0	142.5	1275	OK
 177	     0	72.7	137.9	1277	OK
 178	     0	76.0	137.0	1282	OK
 179	     0	75.4	140.8	1233	OK
 180	     0	74.5	139.5	1266	OK
 181	     0	75.6	138.3	1272	OK
 182	     0	76.4	142.3	1255	OK
 183	     0	74.4	137.4	1280	OK
 184	     0	74.3	140.2	1244	OK
 185	     0	75.5	141.0	1271	OK
 186	     0	76.1	141.4	1272	OK
 187	     0	74.2	139.2	1263	OK
 188	     0	76.0	144.6	1265	OK
 189	     0	76.7	145.5	1249	OK
 190	     0	74.3	138.6	1268	OK
 191	     0	77.4	142.8	1249	OK
 192	     0	74.3	146.9	1272	OK
 193	     0	75.2	138.7	1262	OK
 194	     0	74.6	139.0	1273	OK
 195	     0	74.3	138.0	1258	OK
 196	     0	75.5	140.9	1269	OK
 197	     0	77.4	145.9	1278	OK
 198	     0	75.2	142.6	1261	OK
 199	     0	74.4	139.4	1254	OK
 200	     0	75.1	143.8	1265	OK
 201	     0	74.7	141.5	1277	OK
 202	     0	70.8	131.2	1258	OK
 203	     0	75.0	140.3	1272	OK
 204	     0	76.3	142.6	1291	OK
 205	     0	74.8	140.5	1282	OK
 206	     0	72.7	139.8	1262	OK
 207	     0	75.5	141.6	1287	OK
 208	     0	74.1	139.3	1274	OK
 209	     0	73.8	138.4	1264	OK
 210	     0	76.9	142.6	1249	OK
 211	     0	76.3	141.7	1274	OK
 212	     0	75.3	140.3	1275	OK
 213	     0	73.6	139.2	1256	OK
 214	     0	73.8	140.2	1264	OK
 215	     0	74.0	138.8	1267	OK
 216	     0	76.0	142.0	1266	OK
 217	     0	75.0	141.8	1283	OK
 218	     0	72.3	135.6	1274	OK
 219	     0	73.3	139.3	1246	OK
 220	     0	76.1	143.1	1276	OK
 221	     0	74.7	140.5	1271	OK
 222	     0	75.9	144.1	1286	OK
 223	     0	76.2	143.9	1291	OK
 224	     0	76.8	145.3	1271	OK
 225	     0	73.8	140.8	1267	OK
 226	     0	76.2	142.8	1282	OK
 227	     0	76.0	143.8	1263	OK
 228	     0	75.1	138.6	1279	OK
 229	     0	75.6	143.5	1260	OK
 230	     0	75.5	142.4	1261	OK
 231	     0	76.5	142.6	1260	OK
 232	     0	77.1	145.1	1276	OK
 233	     0	75.5	141.2	1266	OK
 234	     0	75.0	146.0	1280	OK
 235	     0	75.0	140.9	1262	OK
 236	     0	74.8	139.3	1290	OK
 237	     0	73.3	138.9	1239	OK
 238	     0	74.3	139.8	1276	OK
 239	     0	74.0	137.6	1283	OK
 240	     0	74.6	140.5	1274	OK
 241	     0	76.3	148.2	1283	OK
 242	     0	74.1	138.2	1284	OK
 243	     0	77.1	144.3	1267	OK
 244	     0	75.4	142.4	1275	OK
 245	     0	75.4	141.5	1282	OK
 246	     0	74.3	138.4	1266	OK
 247	     0	76.3	139.4	1294	OK
 248	     0	78.9	145.8	1277	OK
 249	     0	75.4	142.6	1285	OK
 250	     0	77.1	141.9	1246	OK
 251	     0	73.5	140.5	1276	OK
 252	     0	74.4	139.8	1277	OK
 253	     0	75.1	141.4	1281	OK
 254	     0	73.2	138.2	1276	OK
 255	     0	75.7	141.8	1281	OK
 256	     0	75.3	141.3	1347	OK
 257	     0	76.7	142.1	1308	OK
 258	     0	77.5	143.2	1313	OK
 259	     0	77.0	144.4	1303	OK
 260	     0	75.2	140.2	1338	OK
 261	     0	74.1	140.7	1323	OK
 262	     0	76.8	140.6	1314	OK
 263	     0	76.4	144.4	1356	OK
 264	     0	74.8	138.3	1323	OK
 265	     0	73.6	136.0	1334	OK
 266	     0	73.9	139.1	1327	OK
 267	     0	76.4	142.2	1324	OK
 268	     0	74.7	139.9	1317	OK
 269	     0	73.7	137.9	1293	OK
 270	     0	74.1	138.2	1307	OK
 271	     0	74.6	138.1	1303	OK
 272	     0	73.8	136.9	1316	OK
 273	     0	74.2	140.1	1297	OK
 274	     0	75.2	138.3	1335	OK
 275	     0	74.2	139.6	1314	OK
 276	     0	73.5	137.4	1316	OK
 277	     0	72.5	138.9	1289	OK
 278	     0	73.3	141.7	1330	OK
 279	     0	73.8	138.5	1332	OK
 280	     0	75.3	139.7	1317	OK
 281	     0	74.1	138.2	1312	OK
 282	     0	75.6	141.6	1336	OK
 283	     0	73.2	138.2	1320	OK
 284	     0	76.2	140.6	1315	OK
 285	     0	74.7	138.3	1325	OK
 286	     0	74.3	140.3	1327	OK
 287	     0	75.9	140.5	1310	OK
 288	     0	75.8	141.0	1325	OK
 289	     0	74.6	140.0	1321	OK
 290	     0	73.9	135.9	1325	OK
 291	     0	74.3	138.8	1333	OK
 292	     0	74.1	141.1	1337	OK
 293	     0	74.2	140.9	1338	OK
 294	     0	76.0	140.8	1334	OK
 295	     0	76.8	142.4	1301	OK
 296	     0	74.7	139.9	1320	OK
 297	     0	77.8	145.1	1327	OK
 298	     0	75.9	140.9	1307	OK
 299	     0	75.4	139.6	1335	OK
 300	     0	73.8	140.7	1331	OK
 301	     0	74.7	147.3	1316	OK
 302	     0	73.8	138.9	1331	OK
 303	     0	73.2	137.9	1311	OK
 304	     0	73.4	134.3	1326	OK
 305	     0	73.1	138.3	1299	OK
 306	     0	75.4	140.3	1304	OK
 307	     0	75.8	135.7	1330	OK
 308	     0	74.5	137.3	1326	OK
 309	     0	75.3	149.1	1308	OK
 310	     0	75.9	139.5	1329	OK
 311	     0	74.9	137.7	1348	OK
 312	     0	75.8	141.7	1310	OK
 313	     0	74.4	139.1	1303	OK
 314	     0	75.8	142.3	1321	OK
 315	     0	74.3	140.2	1337	OK
 316	     0	74.1	139.0	1314	OK
 317	     0	76.4	143.1	1328	OK
 318	     0	74.9	139.9	1340	OK
 319	     0	74.3	138.5	1318	OK
 320	     0	76.2	141.8	1331	OK
 321	     0	74.6	139.4	1346	OK
 322	     0	73.7	137.5	1292	OK
 323	     0	74.8	141.5	1280	OK
 324	     0	74.9	140.9	1300	OK
 325	     0	74.5	145.8	1303	OK
 326	     0	74.9	141.2	1293	OK
 327	     0	75.9	143.6	1305	OK
 328	     0	74.8	141.1	1312	OK
 329	     0	75.1	138.3	1303	OK
 330	     0	76.1	141.1	1308	OK
 331	     0	75.9	139.6	1303	OK
 332	     0	74.8	143.0	1310	OK
 333	     0	78.0	145.8	1306	OK
 334	     0	73.2	137.1	1312	OK
 335	     0	74.5	139.6	1296	OK
 336	     0	76.0	140.5	1289	OK
 337	     0	77.0	141.9	1292	OK
 338	     0	73.0	135.6	1251	OK
 339	     0	75.7	146.9	1298	OK
 340	     0	74.2	138.7	1298	OK
 341	     0	75.9	140.5	1296	OK
 342	     0	72.5	135.6	1292	OK
 343	     0	74.0	137.2	1320	OK
 344	     0	76.3	142.3	1324	OK
 345	     0	75.0	139.4	1301	OK
 346	     0	75.8	140.5	1299	OK
 347	     0	73.2	135.2	1319	OK
 348	     0	73.5	136.9	1283	OK
 349	     0	74.7	140.6	1311	OK
 350	     0	75.2	141.9	1287	OK
 351	     0	76.1	142.2	1274	OK
 352	     0	73.8	137.0	1276	OK
 353	     0	73.0	135.2	1321	OK
 354	     0	74.5	137.7	1319	OK
 355	     0	74.5	137.5	1292	OK
 356	     0	74.8	138.1	1284	OK
 357	     0	76.4	142.2	1288	OK
 358	     0	75.4	141.6	1295	OK
 359	     0	76.9	141.8	1297	OK
 360	     0	72.9	133.9	1295	OK
 361	     0	72.6	135.3	1300	OK
 362	     0	72.8	139.6	1327	OK
 363	     0	74.7	135.8	1292	OK
 364	     0	74.2	135.5	1333	OK
 365	     0	76.3	142.8	1288	OK
 366	     0	74.4	140.9	1284	OK
 367	     0	73.1	138.4	1287	OK
 368	     0	73.2	135.4	1299	OK
 369	     0	74.6	140.3	1276	OK
 370	     0	75.1	138.4	1285	OK
 371	     0	77.2	141.9	1290	OK
 372	     0	76.2	140.7	1271	OK
 373	     0	76.1	140.0	1292	OK
 374	     0	74.2	138.4	1267	OK
 375	     0	75.1	138.2	1293	OK
 376	     0	75.9	142.3	1290	OK
 377	     0	77.8	144.2	1268	OK
 378	     0	76.5	141.3	1292	OK
 379	     0	74.9	140.7	1285	OK
 380	     0	74.2	141.0	1281	OK
 381	     0	76.2	141.8	1270	OK
 382	     0	77.8	142.2	1294	OK
 383	     0	76.9	142.5	1262	OK
 384	     0	71.1	131.9	1299	OK
 385	     0	74.9	139.2	1302	OK
 386	     0	73.5	136.0	1279	OK
 387	     0	70.8	138.6	1290	OK
 388	     0	72.5	133.9	1275	OK
 389	     0	73.7	137.8	1282	OK
 390	     0	72.1	136.6	1298	OK
 391	     0	70.4	132.7	1278	OK
 392	     0	75.0	143.6	1268	OK
 393	     0	71.5	135.0	1276	OK
 394	     0	73.3	138.8	1290	OK
 395	     0	72.5	135.4	1258	OK
 396	     0	74.2	138.2	1243	OK
 397	     0	75.2	138.9	1292	OK
 398	     0	71.8	133.9	1312	OK
 399	     0	73.3	134.2	1272	OK
 400	     0	73.1	135.8	1279	OK
 401	     0	71.1	133.0	1291	OK
 402	     0	71.1	133.5	1294	OK
 403	     0	72.3	133.3	1309	OK
 404	     0	72.2	135.0	1265	OK
 405	     0	71.7	135.2	1277	OK
 406	     0	71.6	134.8	1292	OK
 407	     0	72.3	137.3	1285	OK
 408	     0	73.0	136.4	1277	OK
 409	     0	71.6	133.8	1285	OK
 410	     0	72.8	135.2	1273	OK
 411	     0	72.7	135.7	1281	OK
 412	     0	72.2	135.6	1270	OK
 413	     0	71.6	136.4	1265	OK
 414	     0	71.9	134.8	1281	OK
 415	     0	71.4	135.6	1287	OK
 416	     0	72.9	137.8	1297	OK
 417	     0	72.9	136.0	1288	OK
 418	     0	70.4	133.3	1294	OK
 419	     0	74.2	137.4	1288	OK
 420	     0	70.5	131.4	1276	OK
 421	     0	74.7	139.6	1274	OK
 422	     0	72.6	136.2	1290	OK
 423	     0	70.7	133.5	1290	OK
 424	     0	71.2	134.7	1269	OK
 425	     0	73.3	136.6	1285	OK
 426	     0	72.9	138.4	1288	OK
 427	     0	70.6	135.6	1298	OK
 428	     0	73.6	137.9	1303	OK
 429	     0	72.0	135.5	1271	OK
 430	     0	74.4	130.8	1303	OK
 431	     0	73.5	136.1	1255	OK
 432	     0	71.4	134.5	1302	OK
 433	     0	73.2	134.4	1272	OK
 434	     0	72.0	136.9	1276	OK
 435	     0	72.4	134.1	1276	OK
 436	     0	74.4	145.9	1284	OK
 437	     0	75.5	140.8	1289	OK
 438	     0	70.8	132.1	1286	OK
 439	     0	71.8	136.7	1300	OK
 440	     0	72.9	137.4	1277	OK
 441	     0	71.0	133.5	1285	OK
 442	     0	71.7	133.2	1290	OK
 443	     0	73.2	139.3	1290	OK
 444	     0	73.2	136.3	1296	OK
 445	     0	73.5	138.3	1301	OK
 446	     0	73.7	135.4	1301	OK
 447	     0	73.5	136.8	1303	OK
 448	     0	71.3	133.6	1289	OK
 449	     0	74.5	139.2	1281	OK
 450	     0	73.4	136.9	1277	OK
 451	     0	73.7	137.2	1285	OK
 452	     0	72.7	158.2	1289	OK
 453	     0	71.2	132.3	1288	OK
 454	     0	72.3	137.2	1288	OK
 455	     0	75.6	140.6	1276	OK
 456	     0	73.1	135.5	1299	OK
 457	     0	71.5	133.7	1279	OK
 458	     0	70.5	133.9	1271	OK
 459	     0	71.8	133.6	1280	OK
 460	     0	73.9	138.2	1284	OK
 461	     0	74.9	141.9	1266	OK
 462	     0	73.6	128.2	1257	OK
 463	     0	72.6	135.7	1281	OK
 464	     0	70.8	134.3	1269	OK
 465	     0	73.1	137.7	1275	OK
 466	     0	70.7	133.2	1301	OK
 467	     0	72.1	134.3	1289	OK
 468	     0	73.3	137.0	1249	OK
 469	     0	70.1	130.8	1298	OK
 470	     0	72.9	136.2	1281	OK
 471	     0	71.5	132.9	1281	OK
 472	     0	73.2	136.3	1277	OK
 473	     0	72.0	135.5	1245	OK
 474	     0	72.4	134.5	1278	OK
 475	     0	71.0	135.3	1248	OK
 476	     0	71.7	135.3	1263	OK
 477	     0	73.6	139.1	1280	OK
 478	     0	74.0	138.9	1245	OK
 479	     0	71.9	135.0	1273	OK
 480	     0	72.1	137.3	1235	OK
 481	     0	74.4	139.9	1256	OK
 482	     0	72.8	137.6	1263	OK
 483	     0	74.2	137.6	1264	OK
 484	     0	73.1	135.4	1266	OK
 485	     0	72.7	135.1	1267	OK
 486	     0	73.3	139.3	1245	OK
 487	     0	72.6	133.2	1265	OK
 488	     0	72.2	134.4	1260	OK
 489	     0	70.7	130.3	1245	OK
 490	     0	74.4	139.2	1252	OK
 491	     0	71.6	132.6	1255	OK
 492	     0	71.4	134.0	1280	OK
 493	     0	72.2	134.1	1240	OK
 494	     0	72.3	135.1	1269	OK
 495	     0	74.7	140.8	1234	OK
 496	     0	75.7	139.7	1244	OK
 497	     0	73.8	137.9	1269	OK
 498	     0	70.8	134.7	1231	OK
 499	     0	73.1	136.9	1267	OK
 500	     0	72.7	137.0	1246	OK
 501	     0	73.3	137.6	1238	OK
 502	     0	71.9	133.4	1251	OK
 503	     0	73.4	139.0	1232	OK
 504	     0	73.3	137.0	1237	OK
 505	     0	72.4	136.5	1248	OK
 506	     0	72.4	136.5	1250	OK
 507	     0	73.5	136.7	1230	OK
 508	     0	73.1	137.1	1226	OK
 509	     0	73.1	135.7	1236	OK
 510	     0	73.6	135.8	1235	OK
 511	     0	73.5	139.9	1229	OK
 512	     0	72.3	135.4	1252	OK
 513	     0	72.3	136.4	1255	OK
 514	     0	71.6	135.6	1239	OK
 515	     0	72.3	135.4	1208	OK
 516	     0	72.0	134.8	1235	OK
 517	     0	70.7	134.1	1207	OK
 518	     0	74.3	138.3	1227	OK
 519	     0	71.1	136.0	1247	OK
 520	     0	72.1	134.7	1218	OK
 521	     0	71.5	137.4	1238	OK
 522	     0	70.9	133.8	1211	OK
 523	     0	70.4	132.8	1232	OK
 524	     0	70.5	133.9	1240	OK
 525	     0	72.8	135.2	1224	OK
 526	     0	72.0	134.4	1235	OK
 527	     0	74.1	136.7	1214	OK
 528	     0	72.3	134.6	1254	OK
 529	     0	69.9	134.3	1234	OK
 530	     0	69.0	132.0	1228	OK
 531	     0	74.2	136.1	1227	OK
 532	     0	71.4	135.1	1219	OK
 533	     0	71.7	134.4	1257	OK
 534	     0	71.4	134.9	1242	OK
 535	     0	75.1	140.9	1227	OK
 536	     0	72.0	133.9	1223	OK
 537	     0	73.5	137.4	1222	OK
 538	     0	73.1	137.0	1241	OK
 539	     0	72.6	138.6	1222	OK
 540	     0	70.7	133.3	1233	OK
 541	     0	70.6	132.9	1228	OK
 542	     0	75.6	139.5	1227	OK
 543	     0	71.4	135.1	1233	OK
 544	     0	73.2	138.5	1228	OK
 545	     0	71.5	134.0	1258	OK
 546	     0	71.6	138.6	1247	OK
 547	     0	73.0	138.2	1236	OK
 548	     0	71.0	132.1	1243	OK
 549	     0	69.8	133.7	1241	OK
 550	     0	71.7	135.6	1236	OK
 551	     0	74.7	141.6	1224	OK
 552	     0	70.2	133.5	1248	OK
 553	     0	69.8	132.3	1246	OK
 554	     0	70.1	127.5	1262	OK
 555	     0	70.4	133.2	1243	OK
 556	     0	71.9	134.4	1234	OK
 557	     0	72.9	138.2	1231	OK
 558	     0	71.6	134.5	1245	OK
 559	     0	72.4	136.8	1224	OK
 560	     0	73.6	139.4	1217	OK
 561	     0	74.0	144.5	1222	OK
 562	     0	72.7	137.3	1236	OK
 563	     0	72.9	135.3	1250	OK
 564	     0	71.6	138.6	1252	OK
 565	     0	71.3	135.4	1229	OK
 566	     0	70.8	135.5	1250	OK
 567	     0	70.5	132.5	1231	OK
 568	     0	70.3	132.8	1250	OK
 569	     0	72.1	137.7	1254	OK
 570	     0	73.9	136.8	1255	OK
 571	     0	71.4	133.8	1274	OK
 572	     0	72.3	135.3	1241	OK
 573	     0	73.3	137.6	1269	OK
 574	     0	68.6	130.7	1257	OK
 575	     0	73.5	139.3	1246	OK
 576	     0	67.7	128.3	1259	OK
 577	     0	72.7	137.6	1253	OK
 578	     0	70.3	131.2	1234	OK
 579	     0	69.8	132.4	1253	OK
 580	     0	69.6	129.0	1258	OK
 581	     0	71.9	136.0	1247	OK
 582	     0	72.4	130.8	1270	OK
 583	     0	69.6	131.6	1246	OK
 584	     0	72.1	134.5	1253	OK
 585	     0	72.2	134.6	1285	OK
 586	     0	72.3	134.9	1281	OK
 587	     0	70.7	133.8	1274	OK
 588	     0	71.2	133.1	1290	OK
 589	     0	71.7	135.5	1298	OK
 590	     0	72.2	135.4	1302	OK
 591	     0	70.3	131.9	1279	OK
 592	     0	70.4	130.8	1307	OK
 593	     0	69.5	133.5	1287	OK
 594	     0	71.8	135.1	1292	OK
 595	     0	70.1	131.9	1293	OK
 596	     0	71.3	133.7	1281	OK
 597	  4000	71.1	135.7	1313	high noise
 598	     0	71.6	134.9	1291	OK
 599	  4000	69.8	134.8	1316	high noise
 600	     0	71.7	134.1	1311	OK
 601	  4000	70.5	133.6	1331	high noise
 602	  4000	71.9	135.0	1335	high noise
 603	  4000	72.9	141.9	1329	high noise
 604	  4000	69.7	131.0	1366	high noise
 605	  4000	74.7	139.3	1348	high noise
 606	  4000	70.9	134.4	1357	high noise
 607	  4000	71.8	134.4	1370	high noise
 608	  4000	71.6	133.3	1344	high noise
 609	  4000	69.2	131.0	1401	high noise
 610	  4000	71.5	135.3	1399	high noise
 611	  4000	71.4	135.0	1390	high noise
 612	  4000	71.1	131.9	1392	high noise
 613	  4000	72.4	136.4	1399	high noise
 614	  4000	70.5	131.1	1416	high noise
 615	  4000	70.5	133.2	1408	high noise
 616	  4000	74.3	136.5	1416	high noise
 617	  4000	71.8	133.0	1424	high noise
 618	  4000	73.3	132.8	1414	high noise
 619	  4000	71.2	133.7	1435	high noise
 620	  4000	71.2	131.2	1426	high noise
 621	  4000	68.8	128.1	1432	high noise
 622	  4000	70.7	131.2	1440	high noise
 623	  4000	68.4	129.6	1428	high noise
 624	  4000	73.2	135.1	1438	high noise
 625	  4000	70.8	132.7	1434	high noise
 626	  4000	70.5	133.0	1452	high noise
 627	  4000	70.3	132.0	1444	high noise
 628	  4000	69.8	129.4	1460	high noise
 629	  4000	72.2	135.8	1451	high noise
 630	  4000	72.7	136.4	1444	high noise
 631	  4000	72.9	136.4	1424	high noise
 632	  4000	72.2	135.4	1469	high noise
 633	  4000	75.0	139.2	1468	high noise
 634	  4000	74.5	139.2	1442	high noise
 635	  4000	73.1	137.0	1442	high noise
 636	  4000	73.5	137.6	1449	high noise
 637	  4000	73.3	134.2	1462	high noise
 638	  4000	73.7	136.9	1465	high noise
 639	  4000	71.6	135.9	1471	high noise
 640	  4000	72.0	132.0	1498	high noise
 641	  4000	73.3	135.9	1505	high noise
 642	  4000	73.1	138.1	1485	high noise
 643	  4000	73.3	136.3	1521	high noise
 644	  4000	72.8	134.3	1500	high noise
 645	  4000	70.9	133.2	1514	high noise
 646	  4000	72.3	136.5	1494	high noise
 647	  4000	72.0	143.3	1495	high noise
 648	  4000	70.3	131.9	1496	high noise
 649	  4000	72.4	137.5	1488	high noise
 650	  4000	70.0	131.6	1485	high noise
 651	  4000	70.7	132.8	1511	high noise
 652	  4000	67.2	127.2	1499	high noise
 653	  4000	72.1	146.9	1465	high noise
 654	  4000	71.2	136.1	1491	high noise
 655	  4000	71.1	133.8	1468	high noise
 656	  4000	72.6	134.9	1473	high noise
 657	  4000	72.0	136.4	1467	high noise
 658	  4000	71.1	132.1	1476	high noise
 659	  4000	69.4	130.3	1483	high noise
 660	     0	71.8	134.5	1452	OK
 661	  4000	72.3	137.9	1488	high noise
 662	     0	70.7	131.6	1446	OK
 663	  4000	73.0	136.8	1462	high noise
 664	  4000	72.2	134.7	1472	high noise
 665	  4000	72.4	135.7	1465	high noise
 666	     0	72.2	133.9	1440	OK
 667	     0	70.3	133.4	1445	OK
 668	     0	73.0	138.0	1436	OK
 669	     0	70.7	133.7	1416	OK
 670	  4000	70.5	134.1	1464	high noise
 671	     0	72.0	154.9	1440	OK
 672	     0	68.9	132.0	1416	OK
 673	     0	69.6	132.7	1425	OK
 674	     0	70.6	131.1	1421	OK
 675	     0	72.1	135.7	1436	OK
 676	     0	70.6	133.5	1445	OK
 677	     0	72.5	138.4	1409	OK
 678	     0	71.7	134.6	1435	OK
 679	     0	72.3	124.7	1421	OK
 680	     0	72.1	134.5	1414	OK
 681	     0	71.5	135.8	1395	OK
 682	     0	70.8	134.5	1422	OK
 683	     0	70.3	132.0	1410	OK
 684	     0	70.6	132.3	1403	OK
 685	     0	71.9	134.6	1399	OK
 686	     0	71.6	133.9	1389	OK
 687	     0	70.6	133.3	1420	OK
 688	     0	72.5	136.5	1427	OK
 689	     0	70.9	133.8	1421	OK
 690	     0	71.9	133.2	1410	OK
 691	     0	74.2	137.2	1392	OK
 692	     0	71.5	132.4	1406	OK
 693	     0	72.3	136.0	1377	OK
 694	     0	69.6	131.3	1402	OK
 695	     0	73.3	137.8	1386	OK
 696	     0	70.5	131.5	1403	OK
 697	     0	70.5	134.3	1373	OK
 698	     0	71.0	133.5	1381	OK
 699	     0	72.1	137.4	1386	OK
 700	     0	73.3	139.8	1399	OK
 701	     0	70.5	134.1	1392	OK
 702	     0	71.3	137.1	1369	OK
 703	     0	69.5	130.5	1375	OK
 704	     0	74.6	157.2	1329	OK
 705	     0	70.8	132.3	1372	OK
 706	     0	72.7	156.4	1365	OK
 707	     0	72.6	135.8	1376	OK
 708	     0	70.7	129.6	1380	OK
 709	     0	71.7	134.9	1379	OK
 710	     0	72.2	136.4	1387	OK
 711	     0	71.3	133.7	1404	OK
 712	     0	70.2	133.7	1379	OK
 713	     0	70.4	129.9	1377	OK
 714	     0	71.4	134.3	1387	OK
 715	     0	72.1	133.4	1398	OK
 716	     0	71.2	132.9	1410	OK
 717	     0	69.8	130.7	1395	OK
 718	     0	73.6	139.1	1385	OK
 719	     0	71.2	133.3	1386	OK
 720	     0	70.0	131.1	1381	OK
 721	     0	73.6	136.0	1391	OK
 722	     0	71.8	133.8	1403	OK
 723	     0	73.0	136.7	1406	OK
 724	     0	72.5	134.6	1378	OK
 725	     0	70.4	129.9	1371	OK
 726	     0	72.7	136.3	1400	OK
 727	     0	71.6	134.3	1387	OK
 728	     0	70.1	132.0	1367	OK
 729	     0	71.1	135.6	1383	OK
 730	     0	74.0	138.3	1363	OK
 731	     0	71.4	136.3	1395	OK
 732	     0	73.5	137.4	1375	OK
 733	     0	72.7	136.7	1391	OK
 734	     0	72.4	136.7	1378	OK
 735	     0	70.8	133.7	1395	OK
 736	     0	71.0	133.0	1392	OK
 737	     0	73.5	138.5	1394	OK
 738	     0	73.0	138.1	1412	OK
 739	     0	70.3	133.7	1400	OK
 740	     0	72.9	137.3	1392	OK
 741	     0	73.0	141.5	1398	OK
 742	     0	71.6	132.4	1405	OK
 743	     0	71.1	128.7	1413	OK
 744	     0	71.9	134.2	1402	OK
 745	     0	72.7	134.6	1439	OK
 746	     0	72.7	135.4	1436	OK
 747	     0	70.8	132.6	1441	OK
 748	     0	74.1	138.9	1442	OK
 749	     0	72.0	134.2	1414	OK
 750	  4000	72.0	134.3	1462	high noise
 751	     0	71.9	134.4	1403	OK
 752	     0	74.0	140.0	1442	OK
 753	     0	73.7	135.9	1422	OK
 754	     0	72.1	135.1	1444	OK
 755	     0	72.2	136.7	1426	OK
 756	     0	73.3	139.0	1436	OK
 757	     0	75.7	140.3	1439	OK
 758	     0	74.7	140.5	1383	OK
 759	     0	72.4	137.7	1404	OK
 760	     0	72.4	138.3	1420	OK
 761	     0	71.0	135.4	1412	OK
 762	     0	73.7	137.3	1445	OK
 763	     0	73.2	134.6	1393	OK
 764	     0	73.9	139.0	1401	OK
 765	     0	74.9	139.9	1423	OK
 766	  4000	75.8	141.2	1462	high noise
 767	     0	74.3	138.3	1438	OK
 768	     0	75.2	141.5	1415	OK
 769	     0	74.9	147.8	1449	OK
 770	     0	73.3	138.6	1473	OK
 771	     0	73.8	134.9	1465	OK
 772	     0	73.6	137.3	1457	OK
 773	     0	75.2	142.9	1468	OK
 774	     0	72.5	135.5	1466	OK
 775	     0	74.1	140.0	1450	OK
 776	     0	73.4	137.0	1434	OK
 777	     0	71.9	132.1	1456	OK
 778	     0	72.3	131.4	1447	OK
 779	     0	73.6	136.9	1454	OK
 780	     0	73.4	137.7	1418	OK
 781	     0	71.0	131.8	1431	OK
 782	     0	75.1	139.2	1421	OK
 783	     0	73.0	134.6	1418	OK
 784	     0	74.0	137.2	1415	OK
 785	     0	76.5	147.8	1391	OK
 786	     0	73.1	134.2	1389	OK
 787	     0	74.8	138.7	1406	OK
 788	     0	74.1	137.4	1396	OK
 789	     0	74.9	141.4	1422	OK
 790	     0	72.5	135.1	1439	OK
 791	     0	75.4	139.8	1399	OK
 792	     0	71.4	136.0	1417	OK
 793	     0	76.7	153.0	1426	OK
 794	     0	72.5	136.1	1432	OK
 795	     0	73.0	138.9	1445	OK
 796	     0	72.9	134.4	1429	OK
 797	     0	73.5	135.0	1420	OK
 798	     0	75.0	139.0	1402	OK
 799	     0	73.6	136.8	1432	OK
 800	     0	72.8	135.5	1399	OK
 801	     0	76.6	142.3	1400	OK
 802	     0	72.5	133.3	1428	OK
 803	     0	72.3	135.3	1407	OK
 804	     0	77.3	145.7	1410	OK
 805	     0	73.1	129.8	1419	OK
 806	     0	72.6	135.9	1425	OK
 807	     0	75.3	140.4	1426	OK
 808	     0	74.1	137.1	1450	OK
 809	     0	74.2	139.1	1450	OK
 810	     0	73.4	139.1	1455	OK
 811	     0	73.1	134.5	1468	OK
 812	     0	75.4	155.1	1438	OK
 813	     0	73.0	136.0	1430	OK
 814	     0	72.4	134.5	1431	OK
 815	     0	74.5	135.9	1448	OK
 816	     0	73.9	136.0	1424	OK
 817	     0	72.6	136.2	1400	OK
 818	     0	73.1	122.9	1430	OK
 819	     0	74.1	138.1	1410	OK
 820	     0	74.4	138.1	1404	OK
 821	     0	72.8	135.3	1405	OK
 822	     0	74.4	138.4	1395	OK
 823	     0	72.0	136.8	1380	OK
 824	     0	72.5	134.7	1385	OK
 825	     0	72.1	135.6	1400	OK
 826	     0	74.0	139.0	1377	OK
 827	     0	75.4	140.9	1394	OK
 828	     0	73.3	137.0	1420	OK
 829	     0	75.6	140.1	1390	OK
 830	     0	74.9	137.7	1400	OK
 831	     0	74.2	136.7	1384	OK
 832	     0	76.1	141.9	1376	OK
 833	     0	75.0	137.2	1370	OK
 834	     0	75.7	140.5	1383	OK
 835	     0	73.8	139.0	1357	OK
 836	     0	74.3	139.3	1385	OK
 837	     0	74.7	139.9	1386	OK
 838	     0	73.1	136.1	1404	OK
 839	     0	74.2	137.6	1396	OK
 840	     0	74.2	140.3	1415	OK
 841	     0	73.6	136.0	1433	OK
 842	     0	76.5	143.8	1444	OK
 843	     0	75.4	141.5	1483	OK
 844	  4000	77.6	144.5	1503	high noise
 845	  4000	77.0	142.5	1490	high noise
 846	  4000	74.9	136.9	1510	high noise
 847	  4000	75.5	141.2	1499	high noise
 848	  4000	74.8	140.7	1503	high noise
 849	   200	80.4	152.2	1516	high gain
 850	  4000	76.9	143.7	1496	high noise
 851	  4000	73.7	137.2	1525	high noise
 852	  4000	73.4	129.4	1514	high noise
 853	  4000	73.4	137.0	1515	high noise
 854	  4000	74.8	141.2	1521	high noise
 855	  4000	74.6	139.4	1513	high noise
 856	  4000	74.2	140.3	1519	high noise
 857	  4000	76.3	143.7	1518	high noise
 858	  4000	74.4	139.4	1524	high noise
 859	  4000	74.8	141.9	1502	high noise
 860	  4000	74.4	138.3	1513	high noise
 861	  4000	74.3	138.0	1493	high noise
 862	  4000	74.4	138.1	1512	high noise
 863	  4000	76.0	143.8	1495	high noise
 864	  4000	73.5	138.8	1515	high noise
 865	  4000	73.7	137.8	1506	high noise
 866	     0	76.0	141.6	1479	OK
 867	     0	76.4	140.7	1456	OK
 868	     0	72.0	136.2	1468	OK
 869	     0	73.4	137.2	1449	OK
 870	     0	75.4	136.7	1460	OK
 871	     0	72.9	135.7	1442	OK
 872	     0	74.3	140.9	1450	OK
 873	     0	75.3	141.8	1436	OK
 874	     0	75.6	141.7	1450	OK
 875	     0	76.2	140.1	1456	OK
 876	     0	72.2	135.5	1430	OK
 877	     0	75.3	141.0	1452	OK
 878	     0	78.2	145.7	1451	OK
 879	     0	77.0	141.9	1418	OK
 880	     0	76.5	156.3	1438	OK
 881	     0	76.3	144.2	1437	OK
 882	     0	75.2	141.0	1472	OK
 883	     0	74.8	138.0	1458	OK
 884	     0	77.2	143.7	1472	OK
 885	     0	76.6	140.7	1461	OK
 886	     0	75.4	138.6	1465	OK
 887	     0	74.5	137.9	1469	OK
 888	     0	73.9	137.9	1473	OK
 889	     0	77.0	146.1	1462	OK
 890	     0	76.7	139.8	1467	OK
 891	     0	75.5	140.8	1467	OK
 892	     0	75.4	140.6	1478	OK
 893	  4000	75.7	139.7	1493	high noise
 894	     0	75.9	138.8	1473	OK
 895	     0	75.9	139.6	1465	OK
 896	  4000	72.9	135.8	1523	high noise
 897	  4000	72.8	134.3	1551	high noise
 898	  4000	73.5	138.7	1537	high noise
 899	  4000	72.3	135.7	1521	high noise
 900	  4000	73.7	135.8	1535	high noise
 901	  4000	72.2	134.1	1580	high noise
 902	  4000	73.2	135.8	1543	high noise
 903	  4000	72.7	135.1	1568	high noise
 904	  4000	73.1	137.7	1589	high noise
 905	  4000	71.9	133.8	1589	high noise
 906	  4000	70.1	131.5	1597	high noise
 907	  4000	70.9	132.9	1621	high noise
 908	  4000	70.5	135.7	1609	high noise
 909	  4000	70.7	135.8	1618	high noise
 910	  4000	71.6	135.4	1589	high noise
 911	  4000	71.3	133.6	1629	high noise
 912	  4000	70.5	133.5	1628	high noise
 913	  4000	71.4	136.5	1583	high noise
 914	  4000	67.9	126.4	1584	high noise
 915	  4000	68.6	127.7	1593	high noise
 916	  4000	72.4	133.5	1546	high noise
 917	  4000	72.0	136.3	1516	high noise
 918	  4000	73.8	132.7	1508	high noise
 919	  4000	69.2	130.5	1521	high noise
 920	  4000	70.3	130.8	1514	high noise
 921	  4000	72.6	132.0	1473	high noise
 922	     0	73.6	134.8	1446	OK
 923	     0	71.8	134.1	1446	OK
 924	     0	71.7	133.8	1423	OK
 925	     0	72.7	136.2	1441	OK
 926	     0	71.8	134.2	1431	OK
 927	     0	70.1	132.1	1425	OK
 928	     0	72.6	134.7	1419	OK
 929	     0	72.4	135.6	1438	OK
 930	     0	72.2	134.2	1419	OK
 931	     0	68.8	126.9	1372	OK
 932	     0	71.4	132.8	1416	OK
 933	     0	71.5	134.9	1427	OK
 934	     0	71.3	133.0	1419	OK
 935	     0	71.2	133.0	1402	OK
 936	     0	72.3	137.3	1397	OK
 937	     0	72.1	135.2	1406	OK
 938	     0	70.6	132.1	1418	OK
 939	     0	71.0	136.4	1411	OK
 940	     0	71.6	133.1	1407	OK
 941	     0	70.6	131.3	1412	OK
 942	     0	73.6	137.3	1415	OK
 943	     0	73.2	138.7	1411	OK
 944	  4000	68.6	108.8	1496	high noise
 945	     0	71.7	131.7	1411	OK
 946	     0	72.0	135.5	1392	OK
 947	     0	73.2	136.4	1388	OK
 948	     0	71.3	132.6	1391	OK
 949	     0	69.7	130.2	1391	OK
 950	     0	71.2	137.7	1377	OK
 951	     0	70.5	131.4	1388	OK
 952	     0	73.5	136.7	1401	OK
 953	     0	69.3	128.7	1380	OK
 954	     0	71.3	135.9	1396	OK
 955	     0	70.9	136.6	1403	OK
 956	     0	72.2	137.2	1398	OK
 957	     0	71.9	133.5	1389	OK
 958	     0	72.4	136.3	1403	OK
 959	     0	70.3	128.9	1377	OK
 960	     0	74.8	139.5	1385	OK
 961	     0	71.0	132.9	1430	OK
 962	     0	70.7	131.6	1404	OK
 963	     0	70.9	134.0	1389	OK
 964	     0	71.1	130.2	1392	OK
 965	     0	70.0	129.6	1406	OK
 966	     0	70.3	130.7	1387	OK
 967	     0	74.0	137.1	1411	OK
 968	     0	70.0	131.7	1399	OK
 969	     0	70.0	132.4	1411	OK
 970	     0	71.2	133.6	1415	OK
 971	     0	71.0	130.9	1417	OK
 972	     0	72.0	135.2	1433	OK
 973	     0	71.9	137.4	1412	OK
 974	     0	71.5	132.5	1407	OK
 975	     0	72.8	135.6	1400	OK
 976	     0	71.8	134.0	1396	OK
 977	  4000	68.9	114.0	1465	high noise
 978	     0	70.6	132.3	1411	OK
 979	     0	73.7	138.8	1405	OK
 980	     0	70.3	129.6	1417	OK
 981	     0	73.6	137.2	1415	OK
 982	     0	71.9	132.2	1406	OK
 983	     0	70.7	132.4	1389	OK
 984	     0	71.6	130.8	1415	OK
 985	     0	71.3	128.3	1410	OK
 986	     0	72.7	137.9	1398	OK
 987	     0	71.6	133.1	1415	OK
 988	     0	72.9	134.0	1398	OK
 989	     0	71.4	132.2	1392	OK
 990	     0	70.0	130.7	1407	OK
 991	     0	71.3	131.6	1411	OK
 992	     0	69.9	130.7	1411	OK
 993	     0	70.7	131.0	1419	OK
 994	     0	71.1	132.7	1412	OK
 995	     0	69.6	130.7	1417	OK
 996	     0	68.7	126.4	1409	OK
 997	     0	68.9	128.3	1413	OK
 998	     0	68.0	125.8	1400	OK
 999	     0	70.9	131.7	1389	OK
1000	     0	72.1	137.1	1396	OK
1001	     0	71.6	133.6	1404	OK
1002	     0	71.9	136.3	1408	OK
1003	     0	71.6	133.9	1401	OK
1004	     0	73.8	138.1	1404	OK
1005	     0	70.9	133.1	1393	OK
1006	     0	72.9	140.4	1389	OK
1007	     0	70.3	131.9	1391	OK
1008	     0	72.5	133.4	1393	OK
1009	     0	68.0	126.5	1381	OK
1010	     0	71.3	132.7	1387	OK
1011	     0	69.6	131.6	1394	OK
1012	     0	71.4	133.9	1391	OK
1013	     0	71.4	134.3	1397	OK
1014	     0	72.4	134.5	1395	OK
1015	     0	74.0	137.2	1390	OK
1016	     0	75.4	138.7	1383	OK
1017	     0	72.4	135.7	1379	OK
1018	     0	71.5	134.7	1400	OK
1019	     0	71.1	133.1	1406	OK
1020	     0	70.5	131.0	1384	OK
1021	     0	72.5	133.8	1389	OK
1022	     0	74.2	136.7	1388	OK
1023	     0	72.9	135.4	1420	OK
1024	     0	75.7	141.2	1366	OK
1025	     0	75.5	138.4	1381	OK
1026	     0	75.0	149.6	1326	OK
1027	     0	74.8	136.4	1348	OK
1028	     0	76.7	141.2	1327	OK
1029	     0	75.4	139.4	1351	OK
1030	     0	76.9	141.9	1356	OK
1031	     0	76.1	145.5	1361	OK
1032	     0	74.0	141.0	1355	OK
1033	     0	77.6	145.3	1335	OK
1034	     0	75.3	141.4	1361	OK
1035	     0	74.0	140.0	1357	OK
1036	     0	77.3	145.9	1358	OK
1037	     0	75.1	140.9	1344	OK
1038	     0	75.8	142.6	1343	OK
1039	     0	74.1	136.9	1341	OK
1040	     0	73.6	141.0	1341	OK
1041	     0	74.2	144.5	1365	OK
1042	     0	74.0	137.7	1352	OK
1043	     0	74.6	141.8	1385	OK
1044	     0	75.4	140.0	1349	OK
1045	     0	74.2	137.3	1348	OK
1046	     0	73.4	138.3	1355	OK
1047	     0	77.0	147.2	1350	OK
1048	     0	73.1	136.4	1371	OK
1049	     0	76.0	141.4	1370	OK
1050	     0	74.4	142.4	1358	OK
1051	     0	75.2	139.3	1353	OK
1052	     0	74.6	136.7	1348	OK
1053	     0	76.4	150.0	1345	OK
1054	     0	75.3	154.4	1366	OK
1055	     0	74.7	138.2	1386	OK
1056	     0	75.3	142.4	1366	OK
1057	     0	74.7	140.6	1361	OK
1058	     0	74.3	137.7	1376	OK
1059	     0	74.5	142.5	1368	OK
1060	     0	74.6	139.8	1362	OK
1061	     0	73.9	138.2	1371	OK
1062	     0	76.1	141.9	1375	OK
1063	     0	74.4	137.6	1357	OK
1064	     0	75.5	141.8	1358	OK
1065	     0	75.1	141.5	1382	OK
1066	     0	75.0	138.9	1382	OK
1067	     0	76.0	140.5	1384	OK
1068	     0	74.4	140.1	1378	OK
1069	     0	74.5	139.0	1358	OK
1070	     0	75.9	139.6	1379	OK
1071	     0	74.0	126.2	1372	OK
1072	     0	74.6	141.1	1386	OK
1073	     0	79.1	142.8	1371	OK
1074	     0	74.1	138.7	1371	OK
1075	     0	78.2	146.5	1374	OK
1076	     0	75.5	140.1	1361	OK
1077	     0	75.0	140.6	1398	OK
1078	     0	74.5	138.3	1394	OK
1079	     0	73.6	136.8	1381	OK
1080	     0	74.7	137.2	1378	OK
1081	     0	74.2	138.8	1376	OK
1082	     0	77.1	142.4	1361	OK
1083	     0	75.6	143.7	1375	OK
1084	     0	75.0	141.9	1363	OK
1085	     0	76.0	138.7	1374	OK
1086	     0	77.8	143.9	1381	OK
1087	     0	74.3	139.8	1384	OK
1088	     0	75.8	140.2	1371	OK
1089	     0	76.6	139.3	1391	OK
1090	     0	74.8	140.4	1369	OK
1091	     0	73.7	140.2	1364	OK
1092	     0	75.6	139.0	1369	OK
1093	     0	74.6	139.5	1387	OK
1094	     0	75.4	142.7	1363	OK
1095	     0	74.8	141.5	1369	OK
1096	     0	75.7	143.1	1375	OK
1097	     0	75.0	141.2	1360	OK
1098	     0	74.5	140.5	1387	OK
1099	     0	75.0	139.6	1385	OK
1100	     0	74.1	137.6	1389	OK
1101	     0	76.0	139.0	1350	OK
1102	     0	75.5	140.5	1376	OK
1103	     0	74.5	138.5	1362	OK
1104	     0	75.9	141.8	1381	OK
1105	     0	76.4	141.7	1360	OK
1106	     0	75.5	141.4	1372	OK
1107	     0	75.8	141.0	1380	OK
1108	     0	75.6	141.1	1383	OK
1109	     0	75.0	140.8	1352	OK
1110	     0	74.1	139.0	1385	OK
1111	     0	78.3	144.5	1373	OK
1112	     0	75.6	139.9	1386	OK
1113	     0	75.1	142.3	1353	OK
1114	     0	75.6	146.8	1368	OK
1115	     0	74.4	138.6	1366	OK
1116	     0	74.3	139.0	1383	OK
1117	     0	74.7	136.0	1395	OK
1118	     0	74.7	139.8	1397	OK
1119	     0	74.3	160.2	1367	OK
1120	     0	73.7	136.4	1354	OK
1121	     0	76.4	140.7	1351	OK
1122	     0	75.4	139.0	1359	OK
1123	     0	74.8	138.6	1375	OK
1124	     0	76.8	142.3	1351	OK
1125	     0	75.5	141.5	1366	OK
1126	     0	76.0	140.8	1369	OK
1127	     0	75.2	139.6	1392	OK
1128	     0	76.1	140.0	1358	OK
1129	     0	76.5	139.4	1388	OK
1130	     0	75.6	138.7	1364	OK
1131	     0	75.5	141.1	1378	OK
1132	     0	73.5	135.4	1366	OK
1133	     0	75.5	141.5	1371	OK
1134	     0	76.0	144.8	1349	OK
1135	     0	73.6	136.9	1363	OK
1136	     0	76.1	141.7	1376	OK
1137	     0	75.4	141.3	1357	OK
1138	     0	75.1	136.6	1384	OK
1139	     0	77.7	142.0	1342	OK
1140	     0	74.1	139.1	1378	OK
1141	     0	76.7	141.7	1357	OK
1142	     0	75.7	141.9	1347	OK
1143	  4000	74.4	104.3	1456	high noise
1144	     0	74.6	139.6	1374	OK
1145	     0	76.8	143.8	1378	OK
1146	     0	74.8	138.6	1383	OK
1147	     0	76.7	142.1	1384	OK
1148	     0	76.0	141.1	1361	OK
1149	     0	76.7	144.4	1348	OK
1150	     0	75.9	142.9	1358	OK
1151	     0	75.2	142.7	1350	OK
1152	     0	75.9	142.1	1416	OK
1153	     0	73.7	138.4	1408	OK
1154	     0	75.5	145.3	1406	OK
1155	     0	76.0	142.8	1410	OK
1156	     0	72.2	136.0	1436	OK
1157	     0	74.5	139.1	1401	OK
1158	     0	74.7	139.6	1413	OK
1159	     0	74.0	137.4	1402	OK
1160	     0	73.5	136.1	1408	OK
1161	     0	73.1	139.6	1399	OK
1162	     0	75.0	138.4	1403	OK
1163	     0	73.4	136.3	1431	OK
1164	     0	76.4	141.3	1431	OK
1165	     0	73.9	157.3	1407	OK
1166	     0	75.8	139.7	1421	OK
1167	     0	73.9	136.3	1411	OK
1168	     0	77.0	141.6	1400	OK
1169	     0	76.8	142.1	1414	OK
1170	     0	73.7	136.6	1421	OK
1171	     0	74.7	150.7	1396	OK
1172	     0	75.4	142.0	1428	OK
1173	     0	75.0	142.3	1424	OK
1174	     0	76.5	142.8	1427	OK
1175	     0	75.5	138.8	1403	OK
1176	     0	74.2	136.6	1418	OK
1177	     0	72.6	135.0	1410	OK
1178	     0	74.2	137.8	1425	OK
1179	     0	74.3	140.0	1389	OK
1180	     0	74.6	135.7	1404	OK
1181	     0	73.6	138.6	1407	OK
1182	     0	74.7	137.8	1413	OK
1183	     0	75.4	140.5	1412	OK
1184	     0	70.8	132.1	1425	OK
1185	     0	75.5	138.7	1416	OK
1186	     0	72.8	135.5	1404	OK
1187	     0	71.6	135.7	1404	OK
1188	     0	72.4	132.3	1432	OK
1189	     0	73.9	138.7	1430	OK
1190	     0	73.3	138.4	1413	OK
1191	     0	74.6	137.6	1426	OK
1192	     0	76.1	140.8	1432	OK
1193	     0	71.9	131.5	1435	OK
1194	     0	71.6	133.3	1404	OK
1195	     0	73.7	135.8	1447	OK
1196	     0	73.9	139.9	1416	OK
1197	     0	71.0	132.4	1429	OK
1198	     0	72.1	132.9	1410	OK
1199	     0	73.8	135.5	1429	OK
1200	     0	73.9	136.5	1421	OK
1201	     0	74.5	138.5	1379	OK
1202	     0	74.8	137.6	1412	OK
1203	     0	72.6	135.7	1424	OK
1204	     0	73.9	137.1	1424	OK
1205	     0	73.8	135.1	1412	OK
1206	     0	73.1	135.0	1434	OK
1207	     0	74.2	137.7	1398	OK
1208	     0	73.2	135.5	1425	OK
1209	     0	73.5	135.8	1406	OK
1210	     0	76.3	138.8	1432	OK
1211	     0	73.5	137.5	1407	OK
1212	     0	74.3	136.7	1428	OK
1213	     0	73.2	133.5	1430	OK
1214	     0	76.2	143.0	1436	OK
1215	     0	74.0	135.0	1407	OK
1216	     0	76.6	144.2	1416	OK
1217	     0	72.6	135.5	1402	OK
1218	     0	75.4	139.8	1446	OK
1219	     0	72.4	136.7	1406	OK
1220	     0	72.3	137.2	1416	OK
1221	     0	73.4	137.5	1414	OK
1222	     0	74.8	138.0	1435	OK
1223	     0	72.0	135.7	1419	OK
1224	     0	72.6	135.1	1420	OK
1225	     0	73.2	132.8	1417	OK
1226	     0	72.1	135.0	1462	OK
1227	     0	72.6	135.5	1433	OK
1228	     0	76.4	140.8	1417	OK
1229	     0	75.5	140.3	1427	OK
1230	     0	72.8	134.1	1453	OK
1231	     0	75.6	140.9	1399	OK
1232	     0	72.7	134.5	1405	OK
1233	     0	75.2	139.0	1424	OK
1234	     0	72.6	135.9	1413	OK
1235	     0	75.6	151.0	1418	OK
1236	     0	73.4	135.8	1406	OK
1237	     0	72.8	134.9	1394	OK
1238	     0	74.4	137.7	1401	OK
1239	     0	73.3	138.0	1411	OK
1240	     0	72.3	133.7	1427	OK
1241	     0	71.9	135.8	1411	OK
1242	     0	74.0	139.4	1425	OK
1243	     0	72.2	138.2	1422	OK
1244	     0	74.6	137.6	1383	OK
1245	     0	72.4	135.9	1436	OK
1246	     0	75.1	139.9	1408	OK
1247	     0	74.7	138.7	1390	OK
1248	     0	73.5	136.5	1396	OK
1249	     0	73.5	136.2	1419	OK
1250	     0	72.9	137.4	1409	OK
1251	     0	72.8	136.0	1384	OK
1252	     0	73.2	139.6	1408	OK
1253	     0	73.9	140.1	1380	OK
1254	     0	74.0	137.3	1408	OK
1255	     0	73.9	138.7	1409	OK
1256	     0	73.9	135.4	1415	OK
1257	     0	75.1	139.9	1407	OK
1258	     0	71.6	134.0	1403	OK
1259	     0	73.1	134.6	1376	OK
1260	     0	74.4	142.2	1389	OK
1261	     0	74.8	139.8	1398	OK
1262	     0	74.8	136.1	1403	OK
1263	     0	75.3	140.6	1380	OK
1264	     0	72.5	134.8	1403	OK
1265	     0	72.3	137.9	1359	OK
1266	     0	73.6	138.8	1378	OK
1267	     0	73.1	134.4	1391	OK
1268	     0	73.8	136.2	1361	OK
1269	     0	72.1	133.9	1385	OK
1270	     0	74.6	140.0	1375	OK
1271	     0	74.9	136.0	1396	OK
1272	     0	73.2	136.0	1366	OK
1273	     0	73.7	135.7	1381	OK
1274	     0	75.6	138.2	1388	OK
1275	     0	75.1	141.9	1393	OK
1276	     0	75.8	140.3	1403	OK
1277	     0	77.3	145.5	1364	OK
1278	     0	77.8	144.8	1349	OK
1279	     0	76.2	139.4	1315	OK
1280	  4000	79.8	143.5	1219	high noise
1281	  4000	74.7	138.7	1222	high noise
1282	  4000	72.7	139.5	1217	high noise
1283	  4000	76.8	141.9	1243	high noise
1284	  4000	75.0	138.8	1224	high noise
1285	  4000	74.5	142.5	1223	high noise
1286	     0	75.1	140.0	1174	OK
1287	     0	74.7	137.2	1178	OK
1288	     0	73.1	136.4	1172	OK
1289	     0	76.3	142.1	1145	OK
1290	     0	75.7	142.3	1145	OK
1291	     0	76.9	143.0	1135	OK
1292	     0	75.4	139.9	1135	OK
1293	     0	75.9	141.2	1144	OK
1294	     0	76.7	142.8	1129	OK
1295	     0	74.6	142.0	1122	OK
1296	     0	76.0	139.4	1130	OK
1297	     0	75.1	139.1	1134	OK
1298	     0	74.3	139.7	1133	OK
1299	     0	73.4	138.0	1109	OK
1300	     0	75.2	142.6	1095	OK
1301	     0	74.7	141.9	1129	OK
1302	     0	76.0	141.1	1109	OK
1303	     0	74.7	139.2	1107	OK
1304	     0	75.8	142.2	1138	OK
1305	     0	73.7	136.5	1109	OK
1306	     0	75.7	140.8	1110	OK
1307	     0	76.7	141.6	1122	OK
1308	     0	75.8	144.5	1125	OK
1309	     0	77.9	147.1	1122	OK
1310	     0	73.5	137.6	1126	OK
1311	     0	74.6	138.4	1111	OK
1312	     0	74.4	139.6	1127	OK
1313	     0	74.7	142.7	1111	OK
1314	     0	76.0	143.9	1123	OK
1315	     0	76.2	141.2	1133	OK
1316	     0	73.1	137.6	1132	OK
1317	     0	75.2	142.8	1130	OK
1318	     0	76.1	138.0	1121	OK
1319	     0	75.1	140.7	1143	OK
1320	     0	76.9	142.8	1140	OK
1321	     0	74.6	140.1	1136	OK
1322	     0	75.1	140.6	1132	OK
1323	     0	76.8	142.9	1117	OK
1324	     0	74.4	136.9	1118	OK
1325	     0	75.3	140.3	1134	OK
1326	     0	76.1	143.2	1131	OK
1327	     0	71.6	135.3	1115	OK
1328	     0	76.2	142.6	1123	OK
1329	     0	77.4	143.8	1128	OK
1330	     0	76.1	140.2	1135	OK
1331	     0	74.6	138.1	1155	OK
1332	     0	75.1	140.4	1138	OK
1333	     0	76.8	144.6	1153	OK
1334	     0	74.0	138.7	1147	OK
1335	     0	75.6	140.0	1159	OK
1336	     0	74.1	138.0	1130	OK
1337	     0	78.2	146.5	1152	OK
1338	     0	77.4	143.3	1137	OK
1339	     0	75.4	141.5	1158	OK
1340	     0	77.0	146.0	1182	OK
1341	     0	75.1	142.4	1154	OK
1342	     0	77.0	145.7	1146	OK
1343	     0	76.6	143.1	1148	OK
1344	     0	75.2	139.1	1166	OK
1345	     0	76.1	143.4	1156	OK
1346	     0	75.4	140.9	1147	OK
1347	     0	77.8	144.6	1134	OK
1348	     0	75.0	141.4	1140	OK
1349	     0	75.2	143.7	1135	OK
1350	     0	74.5	145.3	1167	OK
1351	     0	75.2	142.2	1151	OK
1352	     0	75.9	143.6	1148	OK
1353	     0	76.2	145.4	1134	OK
1354	     0	76.1	141.5	1160	OK
1355	     0	76.1	143.0	1144	OK
1356	     0	76.8	143.6	1127	OK
1357	     0	75.1	141.6	1149	OK
1358	     0	76.8	142.0	1152	OK
1359	     0	76.6	143.5	1144	OK
1360	     0	74.9	140.2	1167	OK
1361	     0	74.9	142.3	1124	OK
1362	     0	77.3	143.7	1150	OK
1363	     0	74.1	139.8	1132	OK
1364	     0	78.0	143.9	1148	OK
1365	     0	77.6	147.2	1143	OK
1366	     0	77.1	145.9	1141	OK
1367	     0	75.0	141.9	1141	OK
1368	     0	74.6	137.8	1125	OK
1369	     0	77.3	143.3	1128	OK
1370	     0	75.7	140.6	1152	OK
1371	     0	77.0	143.3	1127	OK
1372	     0	76.7	141.5	1143	OK
1373	     0	76.3	143.4	1114	OK
1374	     0	73.9	140.4	1152	OK
1375	     0	74.6	139.9	1121	OK
1376	     0	76.1	142.5	1117	OK
1377	     0	74.3	139.4	1145	OK
1378	     0	74.7	138.8	1151	OK
1379	     0	75.9	141.6	1147	OK
1380	     0	76.3	140.7	1128	OK
1381	     0	75.4	140.5	1141	OK
1382	     0	77.7	143.4	1119	OK
1383	     0	79.9	147.8	1120	OK
1384	     0	74.8	140.3	1134	OK
1385	     0	78.1	145.8	1135	OK
1386	     0	77.8	150.4	1113	OK
1387	     0	77.3	142.3	1103	OK
1388	     0	76.1	143.8	1140	OK
1389	     0	76.6	144.4	1109	OK
1390	     0	75.5	141.1	1132	OK
1391	     0	77.1	147.0	1115	OK
1392	     0	76.4	143.6	1121	OK
1393	     0	75.9	141.3	1133	OK
1394	     0	75.8	140.2	1132	OK
1395	     0	77.2	144.1	1118	OK
1396	     0	78.5	146.6	1112	OK
1397	     0	74.7	141.3	1126	OK
1398	     0	75.1	141.8	1120	OK
1399	     0	75.0	140.7	1111	OK
1400	     0	77.9	144.0	1113	OK
1401	     0	78.0	145.7	1147	OK
1402	     0	75.4	141.1	1130	OK
1403	     0	75.3	139.4	1118	OK
1404	     0	77.4	143.0	1129	OK
1405	     0	75.4	146.1	1121	OK
1406	     0	76.9	144.3	1110	OK
1407	     0	78.4	145.6	1122	OK
1408	     0	75.4	139.9	1087	OK
1409	     0	78.8	149.2	1093	OK
1410	     0	77.4	145.0	1095	OK
1411	     0	74.6	139.8	1100	OK
1412	     0	74.1	139.5	1085	OK
1413	     0	76.7	144.4	1095	OK
1414	     0	76.5	143.7	1092	OK
1415	     0	79.9	151.1	1099	OK
1416	     0	76.6	146.1	1084	OK
1417	     0	74.1	142.1	1094	OK
1418	     0	74.0	140.1	1116	OK
1419	     0	74.7	140.3	1090	OK
1420	     0	77.3	144.7	1098	OK
1421	     0	78.3	147.0	1095	OK
1422	     0	76.6	145.1	1084	OK
1423	     0	73.6	142.5	1096	OK
1424	     0	74.1	140.3	1096	OK
1425	     0	74.7	140.9	1079	OK
1426	     0	75.3	141.2	1091	OK
1427	     0	77.6	143.8	1096	OK
1428	     0	74.7	141.8	1117	OK
1429	     0	74.5	141.4	1071	OK
1430	     0	75.7	144.0	1087	OK
1431	     0	75.1	142.1	1092	OK
1432	     0	75.2	139.1	1068	OK
1433	     0	75.4	143.0	1107	OK
1434	     0	76.8	144.3	1107	OK
1435	     0	76.7	142.0	1098	OK
1436	     0	76.3	144.2	1082	OK
1437	     0	75.5	144.1	1100	OK
1438	     0	75.3	143.5	1092	OK
1439	     0	76.3	142.2	1091	OK
1440	     0	75.2	141.8	1094	OK
1441	     0	75.1	143.2	1108	OK
1442	     0	75.0	141.1	1087	OK
1443	     0	72.8	139.2	1080	OK
1444	     0	74.9	141.4	1080	OK
1445	     0	74.4	137.8	1087	OK
1446	     0	77.0	147.3	1078	OK
1447	     0	74.4	141.5	1100	OK
1448	     0	78.0	147.2	1076	OK
1449	     0	74.8	140.9	1108	OK
1450	     0	74.1	139.6	1071	OK
1451	     0	75.1	142.4	1106	OK
1452	     0	78.2	144.3	1080	OK
1453	     0	75.0	139.8	1066	OK
1454	     0	77.6	146.5	1085	OK
1455	     0	74.3	138.0	1099	OK
1456	     0	75.5	142.4	1098	OK
1457	     0	76.3	142.4	1080	OK
1458	     0	74.1	139.8	1088	OK
1459	     0	76.0	142.3	1093	OK
1460	     0	74.3	140.7	1113	OK
1461	     0	76.9	145.1	1087	OK
1462	     0	73.7	139.2	1096	OK
1463	     0	75.7	141.8	1085	OK
1464	     0	77.5	146.8	1090	OK
1465	     0	75.5	168.1	1080	OK
1466	     0	77.0	145.7	1105	OK
1467	     0	76.4	143.3	1084	OK
1468	     0	76.7	145.0	1113	OK
1469	     0	77.0	142.4	1114	OK
1470	     0	76.6	143.6	1082	OK
1471	     0	76.6	146.4	1093	OK
1472	     0	76.8	143.7	1107	OK
1473	     0	73.4	140.7	1109	OK
1474	     0	76.2	143.1	1105	OK
1475	     0	77.3	145.3	1085	OK
1476	     0	75.5	144.5	1105	OK
1477	     0	72.9	138.2	1112	OK
1478	     0	76.3	145.3	1101	OK
1479	     0	73.8	140.9	1079	OK
1480	     0	77.8	147.8	1089	OK
1481	     0	75.7	144.1	1102	OK
1482	     0	74.9	139.8	1077	OK
1483	     0	76.8	145.5	1105	OK
1484	     0	76.6	146.5	1080	OK
1485	     0	73.5	139.0	1109	OK
1486	     0	75.4	146.0	1098	OK
1487	     0	75.1	143.2	1093	OK
1488	     0	73.4	139.9	1107	OK
1489	     0	75.2	145.0	1090	OK
1490	     0	77.0	145.7	1088	OK
1491	     0	71.9	137.5	1093	OK
1492	     0	75.9	142.0	1099	OK
1493	     0	74.2	141.5	1076	OK
1494	     0	77.5	145.3	1090	OK
1495	     0	73.9	139.2	1108	OK
1496	     0	76.9	144.5	1095	OK
1497	     0	76.7	143.9	1119	OK
1498	     0	75.9	142.9	1093	OK
1499	     0	75.3	143.9	1083	OK
1500	     0	75.9	143.2	1109	OK
1501	     0	75.9	144.4	1094	OK
1502	     0	75.8	143.6	1077	OK
1503	     0	75.3	141.7	1125	OK
1504	     0	76.4	144.0	1089	OK
1505	     0	75.2	144.1	1101	OK
1506	     0	74.6	141.1	1091	OK
1507	     0	75.8	143.5	1083	OK
1508	     0	76.6	143.9	1087	OK
1509	     0	75.6	143.3	1095	OK
1510	     0	76.1	145.6	1078	OK
1511	     0	75.7	143.4	1086	OK
1512	     0	75.1	142.4	1117	OK
1513	     0	74.4	143.3	1096	OK
1514	     0	75.7	143.6	1092	OK
1515	     0	74.1	142.0	1105	OK
1516	     0	77.4	143.9	1103	OK
1517	     0	74.1	141.7	1083	OK
1518	     0	75.0	140.0	1104	OK
1519	     0	74.2	140.4	1095	OK
1520	     0	75.8	140.9	1099	OK
1521	     0	75.7	143.3	1106	OK
1522	     0	73.4	137.6	1108	OK
1523	     0	76.5	142.3	1093	OK
1524	     0	76.0	142.8	1096	OK
1525	     0	76.0	143.6	1091	OK
1526	     0	75.5	143.1	1111	OK
1527	     0	75.2	148.8	1091	OK
1528	     0	77.4	146.4	1086	OK
1529	     0	75.1	142.8	1089	OK
1530	     0	74.6	139.9	1093	OK
1531	     0	75.7	143.3	1082	OK
1532	     0	75.8	143.2	1082	OK
1533	     0	77.0	145.4	1108	OK
1534	     0	77.7	147.5	1112	OK
1535	     0	77.5	143.7	1092	OK
1536	     0	74.0	139.4	1149	OK
1537	     0	75.6	140.9	1127	OK
1538	     0	76.2	142.5	1154	OK
1539	     0	74.7	139.2	1142	OK
1540	     0	77.7	145.7	1145	OK
1541	     0	75.2	140.8	1111	OK
1542	     0	75.7	142.2	1139	OK
1543	     0	76.3	139.8	1128	OK
1544	     0	73.3	135.7	1139	OK
1545	     0	76.5	144.2	1141	OK
1546	     0	76.3	141.9	1123	OK
1547	     0	75.0	139.7	1137	OK
1548	     0	77.7	146.5	1136	OK
1549	     0	76.5	145.4	1148	OK
1550	     0	74.0	138.6	1153	OK
1551	     0	75.9	144.8	1131	OK
1552	     0	76.0	144.4	1133	OK
1553	     0	74.0	140.6	1115	OK
1554	     0	74.9	138.4	1131	OK
1555	     0	77.0	143.1	1112	OK
1556	     0	74.8	138.1	1127	OK
1557	     0	73.9	139.8	1132	OK
1558	     0	73.6	137.5	1153	OK
1559	     0	75.2	139.5	1132	OK
1560	     0	74.5	139.0	1128	OK
1561	     0	76.4	143.0	1127	OK
1562	     0	74.0	140.1	1125	OK
1563	     0	74.6	139.7	1122	OK
1564	     0	73.2	136.9	1136	OK
1565	     0	76.8	143.1	1129	OK
1566	     0	75.7	140.4	1121	OK
1567	     0	74.7	146.5	1123	OK
1568	     0	76.6	143.3	1148	OK
1569	     0	76.8	143.8	1133	OK
1570	     0	74.5	139.3	1117	OK
1571	     0	76.4	144.6	1136	OK
1572	     0	74.5	139.3	1145	OK
1573	     0	75.9	142.6	1131	OK
1574	     0	75.3	141.4	1144	OK
1575	     0	75.9	144.6	1146	OK
1576	     0	73.1	139.2	1137	OK
1577	     0	75.2	140.4	1133	OK
1578	     0	75.7	141.5	1145	OK
1579	     0	73.5	137.1	1137	OK
1580	     0	74.4	138.2	1130	OK
1581	     0	74.4	138.3	1137	OK
1582	     0	76.9	143.0	1148	OK
1583	     0	74.0	137.6	1154	OK
1584	     0	74.9	142.3	1132	OK
1585	     0	74.0	138.6	1149	OK
1586	     0	75.5	148.8	1127	OK
1587	     0	75.7	141.8	1137	OK
1588	     0	74.5	139.9	1145	OK
1589	     0	74.7	118.5	1158	OK
1590	     0	76.3	142.1	1148	OK
1591	     0	74.3	139.7	1147	OK
1592	     0	75.4	138.2	1154	OK
1593	     0	77.4	144.5	1142	OK
1594	     0	74.5	138.8	1128	OK
1595	     0	76.3	143.2	1139	OK
1596	     0	76.1	142.0	1155	OK
1597	     0	74.8	139.8	1152	OK
1598	     0	75.0	138.9	1141	OK
1599	     0	76.3	143.1	1139	OK
1600	     0	73.5	136.9	1150	OK
1601	     0	73.3	138.5	1146	OK
1602	     0	76.4	145.1	1146	OK
1603	     0	72.1	137.2	1141	OK
1604	     0	75.7	141.9	1141	OK
1605	     0	74.4	139.8	1160	OK
1606	     0	75.2	140.2	1144	OK
1607	     0	73.3	136.8	1134	OK
1608	     0	72.6	137.9	1121	OK
1609	     0	74.9	141.2	1113	OK
1610	     0	76.0	143.1	1151	OK
1611	     0	76.3	145.0	1121	OK
1612	     0	73.0	136.7	1140	OK
1613	     0	75.5	141.5	1137	OK
1614	     0	72.9	135.7	1118	OK
1615	     0	76.1	142.8	1132	OK
1616	     0	76.5	143.2	1108	OK
1617	     0	76.5	141.8	1135	OK
1618	     0	74.4	144.7	1121	OK
1619	     0	73.6	139.4	1133	OK
1620	     0	73.3	138.6	1137	OK
1621	     0	73.3	136.3	1151	OK
1622	     0	74.2	140.6	1120	OK
1623	     0	73.9	139.9	1121	OK
1624	     0	76.3	143.4	1134	OK
1625	     0	75.0	142.8	1117	OK
1626	     0	76.7	144.5	1121	OK
1627	     0	76.8	145.5	1128	OK
1628	     0	74.6	139.6	1119	OK
1629	     0	74.2	139.8	1115	OK
1630	     0	77.9	145.1	1119	OK
1631	     0	74.4	141.9	1106	OK
1632	     0	75.1	141.2	1130	OK
1633	     0	76.0	141.2	1158	OK
1634	     0	76.5	144.6	1130	OK
1635	     0	74.3	140.8	1100	OK
1636	     0	74.1	142.5	1120	OK
1637	     0	74.5	141.2	1129	OK
1638	     0	73.8	137.1	1146	OK
1639	     0	73.7	137.7	1143	OK
1640	     0	74.2	138.7	1135	OK
1641	     0	75.1	144.2	1128	OK
1642	     0	73.6	137.5	1132	OK
1643	     0	74.6	140.8	1116	OK
1644	     0	74.6	144.4	1133	OK
1645	     0	73.5	138.4	1118	OK
1646	     0	75.7	143.6	1118	OK
1647	     0	75.4	141.2	1112	OK
1648	     0	74.9	141.1	1135	OK
1649	     0	74.7	140.2	1133	OK
1650	     0	76.9	140.1	1122	OK
1651	     0	76.9	146.4	1113	OK
1652	     0	75.1	138.5	1132	OK
1653	     0	73.1	137.5	1122	OK
1654	     0	77.6	147.8	1119	OK
1655	     0	74.5	141.6	1120	OK
1656	     0	75.1	142.1	1118	OK
1657	     0	75.3	142.6	1117	OK
1658	     0	74.5	141.1	1123	OK
1659	     0	75.9	141.1	1129	OK
1660	     0	76.9	144.4	1117	OK
1661	     0	74.7	138.6	1122	OK
1662	     0	76.0	140.6	1147	OK
1663	     0	76.7	143.2	1125	OK
1664	     0	73.8	137.5	1133	OK
1665	     0	73.6	139.5	1122	OK
1666	     0	73.3	135.6	1133	OK
1667	     0	73.0	137.2	1135	OK
1668	     0	73.4	135.8	1132	OK
1669	     0	71.0	135.5	1134	OK
1670	     0	74.2	140.1	1137	OK
1671	     0	73.7	139.1	1137	OK
1672	     0	71.1	131.7	1136	OK
1673	     0	72.3	136.8	1113	OK
1674	     0	70.5	131.3	1135	OK
1675	     0	72.1	134.8	1120	OK
1676	     0	73.0	139.0	1144	OK
1677	     0	72.7	137.9	1134	OK
1678	     0	71.3	135.6	1126	OK
1679	     0	72.2	136.6	1137	OK
1680	     0	70.3	132.9	1136	OK
1681	     0	69.7	130.8	1144	OK
1682	     0	72.2	134.5	1135	OK
1683	     0	74.3	141.0	1139	OK
1684	     0	72.8	137.0	1149	OK
1685	     0	71.7	134.9	1142	OK
1686	     0	72.1	136.4	1140	OK
1687	     0	73.9	136.9	1146	OK
1688	     0	73.4	138.0	1130	OK
1689	     0	72.4	136.1	1153	OK
1690	     0	72.1	138.1	1131	OK
1691	     0	72.9	136.5	1105	OK
1692	     0	71.1	135.7	1123	OK
1693	     0	71.7	134.3	1133	OK
1694	     0	73.4	139.6	1124	OK
1695	     0	72.4	139.6	1130	OK
1696	     0	73.0	135.5	1139	OK
1697	     0	72.7	137.4	1160	OK
1698	     0	72.7	151.2	1156	OK
1699	     0	72.9	136.9	1142	OK
1700	     0	72.9	138.2	1169	OK
1701	     0	73.5	138.7	1147	OK
1702	     0	71.9	136.3	1128	OK
1703	     0	71.9	137.6	1144	OK
1704	     0	73.4	138.4	1113	OK
1705	     0	71.4	133.2	1113	OK
1706	     0	71.1	135.7	1175	OK
1707	     0	70.6	133.2	1168	OK
1708	     0	73.8	135.8	1149	OK
1709	     0	72.2	136.1	1157	OK
1710	     0	72.9	139.8	1136	OK
1711	     0	72.5	135.2	1144	OK
1712	     0	72.4	137.0	1151	OK
1713	     0	73.1	134.7	1133	OK
1714	     0	74.3	137.3	1154	OK
1715	     0	72.5	138.5	1130	OK
1716	     0	71.3	134.3	1169	OK
1717	     0	73.7	140.6	1125	OK
1718	     0	70.9	134.9	1149	OK
1719	     0	72.1	135.3	1130	OK
1720	     0	74.2	139.3	1150	OK
1721	     0	69.8	132.2	1143	OK
1722	     0	74.7	140.0	1155	OK
1723	     0	72.8	140.5	1148	OK
1724	     0	73.6	139.0	1156	OK
1725	     0	72.6	137.1	1152	OK
1726	     0	72.4	134.5	1152	OK
1727	     0	73.2	138.0	1157	OK
1728	     0	74.8	141.9	1165	OK
1729	     0	71.5	134.1	1134	OK
1730	     0	73.6	137.0	1120	OK
1731	     0	73.3	137.8	1124	OK
1732	     0	72.2	136.6	1120	OK
1733	     0	74.2	141.6	1159	OK
1734	     0	72.7	135.0	1134	OK
1735	     0	74.1	139.8	1118	OK
1736	     0	74.1	140.4	1162	OK
1737	     0	75.5	139.1	1132	OK
1738	     0	75.1	141.0	1128	OK
1739	     0	73.5	137.9	1136	OK
1740	     0	73.1	139.3	1165	OK
1741	     0	72.8	135.7	1147	OK
1742	     0	73.7	138.9	1140	OK
1743	     0	73.2	138.1	1136	OK
1744	     0	74.2	138.2	1151	OK
1745	     0	73.4	139.3	1136	OK
1746	     0	72.2	136.8	1131	OK
1747	     0	74.4	140.0	1164	OK
1748	     0	72.7	136.4	1120	OK
1749	     0	72.7	136.6	1146	OK
1750	     0	72.0	135.9	1161	OK
1751	     0	72.0	138.8	1127	OK
1752	     0	72.4	136.1	1122	OK
1753	     0	71.7	136.1	1158	OK
1754	     0	72.3	134.7	1144	OK
1755	     0	73.6	138.7	1122	OK
1756	     0	73.2	136.5	1172	OK
1757	     0	72.0	136.5	1134	OK
1758	     0	71.9	136.9	1144	OK
1759	     0	71.7	134.6	1127	OK
1760	     0	72.9	136.4	1141	OK
1761	     0	74.1	139.6	1139	OK
1762	     0	74.7	141.0	1135	OK
1763	     0	73.1	137.5	1130	OK
1764	     0	73.5	138.2	1142	OK
1765	     0	71.1	134.2	1135	OK
1766	     0	71.3	135.5	1120	OK
1767	     0	73.2	138.5	1120	OK
1768	     0	70.6	135.4	1145	OK
1769	     0	74.4	139.6	1146	OK
1770	     0	72.8	137.1	1147	OK
1771	     0	72.1	134.2	1140	OK
1772	     0	73.0	139.6	1148	OK
1773	     0	72.1	133.2	1159	OK
1774	     0	74.0	141.9	1137	OK
1775	     0	73.3	137.9	1173	OK
1776	     0	72.6	136.4	1141	OK
1777	     0	74.4	143.7	1161	OK
1778	     0	73.2	137.8	1145	OK
1779	     0	72.3	136.9	1132	OK
1780	     0	74.8	141.1	1145	OK
1781	     0	71.1	134.3	1132	OK
1782	     0	71.5	134.4	1153	OK
1783	     0	74.1	138.6	1139	OK
1784	     0	74.0	137.9	1124	OK
1785	     0	73.5	136.7	1143	OK
1786	     0	74.1	138.9	1140	OK
1787	     0	74.1	137.6	1116	OK
1788	     0	74.1	141.1	1147	OK
1789	     0	73.9	137.8	1151	OK
1790	     0	73.1	140.6	1146	OK
1791	     0	72.2	135.7	1122	OK
1792	     0	74.0	138.0	1159	OK
1793	     0	74.1	138.9	1161	OK
1794	     0	72.2	135.4	1164	OK
1795	     0	73.0	135.8	1146	OK
1796	     0	69.7	133.0	1158	OK
1797	     0	73.0	137.7	1136	OK
1798	     0	70.9	133.9	1163	OK
1799	     0	72.2	135.9	1143	OK
1800	     0	69.6	134.0	1149	OK
1801	     0	72.2	137.1	1172	OK
1802	     0	71.8	134.3	1146	OK
1803	     0	69.9	131.4	1168	OK
1804	     0	72.3	136.6	1165	OK
1805	     0	72.3	135.8	1153	OK
1806	     0	71.4	134.2	1151	OK
1807	     0	72.5	136.7	1167	OK
1808	     0	70.5	131.8	1156	OK
1809	     0	69.2	131.2	1154	OK
1810	     0	73.3	137.0	1147	OK
1811	     0	72.6	138.3	1139	OK
1812	     0	72.2	136.5	1157	OK
1813	     0	73.5	137.9	1157	OK
1814	     0	72.7	136.7	1173	OK
1815	     0	71.8	137.2	1162	OK
1816	     0	72.1	137.7	1172	OK
1817	     0	70.0	134.1	1173	OK
1818	     0	70.4	133.1	1146	OK
1819	     0	70.6	134.0	1157	OK
1820	     0	72.3	136.6	1187	OK
1821	     0	72.4	143.0	1165	OK
1822	     0	72.5	135.6	1164	OK
1823	     0	72.6	137.8	1164	OK
1824	     0	69.8	133.8	1154	OK
1825	     0	72.9	137.4	1155	OK
1826	     0	72.8	137.1	1170	OK
1827	     0	71.1	136.2	1167	OK
1828	     0	72.7	136.2	1164	OK
1829	     0	69.9	134.5	1171	OK
1830	     0	72.9	136.3	1177	OK
1831	     0	71.8	135.3	1187	OK
1832	     0	71.7	135.6	1172	OK
1833	     0	74.0	139.7	1189	OK
1834	     0	72.2	135.5	1204	OK
1835	     0	72.2	137.4	1166	OK
1836	     0	74.2	141.3	1185	OK
1837	     0	75.3	140.6	1180	OK
1838	     0	70.8	135.0	1196	OK
1839	     0	71.8	137.4	1186	OK
1840	     0	70.8	134.7	1178	OK
1841	     0	70.8	133.4	1181	OK
1842	     0	70.1	134.5	1176	OK
1843	     0	71.6	135.7	1179	OK
1844	     0	72.3	137.3	1165	OK
1845	     0	69.1	130.8	1170	OK
1846	     0	71.0	134.3	1193	OK
1847	     0	71.1	137.9	1157	OK
1848	     0	69.8	134.0	1187	OK
1849	     0	70.2	133.6	1190	OK
1850	     0	71.5	134.6	1195	OK
1851	     0	72.0	139.5	1193	OK
1852	     0	71.8	135.2	1201	OK
1853	     0	68.7	130.5	1208	OK
1854	     0	72.5	139.1	1195	OK
1855	     0	73.0	137.4	1185	OK
1856	     0	73.4	138.1	1216	OK
1857	     0	74.4	142.1	1199	OK
1858	     0	70.6	133.2	1200	OK
1859	     0	70.0	134.1	1217	OK
1860	     0	70.2	132.0	1217	OK
1861	     0	71.4	134.1	1221	OK
1862	     0	69.9	132.5	1213	OK
1863	     0	70.3	133.8	1203	OK
1864	     0	72.9	136.3	1215	OK
1865	     0	72.4	135.3	1236	OK
1866	     0	71.8	136.6	1243	OK
1867	     0	72.7	136.3	1220	OK
1868	     0	72.6	136.4	1250	OK
1869	     0	72.2	138.0	1215	OK
1870	     0	70.3	131.9	1235	OK
1871	     0	73.0	136.6	1239	OK
1872	     0	72.0	135.8	1233	OK
1873	     0	70.8	133.6	1256	OK
1874	     0	72.3	134.0	1225	OK
1875	     0	72.7	138.0	1251	OK
1876	     0	69.2	129.9	1237	OK
1877	     0	71.9	137.6	1235	OK
1878	     0	71.5	134.5	1247	OK
1879	     0	69.7	132.7	1222	OK
1880	     0	70.2	133.9	1232	OK
1881	     0	70.5	131.6	1226	OK
1882	     0	70.7	134.5	1251	OK
1883	     0	72.2	134.6	1239	OK
1884	     0	72.6	137.0	1258	OK
1885	     0	71.0	134.9	1246	OK
1886	     0	72.3	137.1	1224	OK
1887	     0	70.6	132.7	1234	OK
1888	     0	70.3	131.7	1253	OK
1889	     0	69.7	129.5	1242	OK
1890	     0	68.7	131.9	1199	OK
1891	     0	71.9	133.7	1251	OK
1892	     0	71.8	134.1	1241	OK
1893	     0	72.5	133.7	1268	OK
1894	     0	69.8	133.5	1247	OK
1895	     0	71.9	136.1	1252	OK
1896	     0	70.0	131.9	1251	OK
1897	     0	72.9	135.9	1245	OK
1898	     0	70.3	133.6	1251	OK
1899	     0	70.7	134.7	1260	OK
1900	     0	70.2	132.2	1265	OK
1901	     0	70.2	133.4	1271	OK
1902	     0	70.5	133.3	1259	OK
1903	     0	72.5	140.0	1265	OK
1904	     0	72.1	135.1	1274	OK
1905	     0	68.9	129.6	1252	OK
1906	     0	73.1	137.9	1268	OK
1907	     0	71.6	136.3	1250	OK
1908	     0	70.1	134.9	1275	OK
1909	     0	70.6	133.3	1254	OK
1910	     0	74.0	139.5	1272	OK
1911	     0	71.8	135.9	1266	OK
1912	     0	73.1	137.8	1257	OK
1913	     0	73.6	139.9	1259	OK
1914	     0	70.3	133.7	1259	OK
1915	     0	71.3	135.5	1251	OK
1916	     0	73.8	137.4	1271	OK
1917	     0	73.8	138.1	1262	OK
1918	     0	73.9	139.1	1274	OK
1919	     0	73.3	136.8	1254	OK
1920	     0	72.6	135.7	1299	OK
1921	     0	75.5	144.0	1273	OK
1922	     0	71.4	133.9	1296	OK
1923	     0	71.6	135.6	1303	OK
1924	     0	72.0	136.2	1309	OK
1925	     0	73.4	139.7	1299	OK
1926	     0	69.7	132.1	1301	OK
1927	     0	70.6	133.4	1299	OK
1928	     0	70.2	132.6	1322	OK
1929	     0	69.1	129.6	1287	OK
1930	     0	72.0	134.1	1290	OK
1931	     0	71.0	134.4	1324	OK
1932	     0	71.1	135.8	1311	OK
1933	     0	71.1	133.8	1285	OK
1934	     0	72.7	139.2	1288	OK
1935	     0	69.9	130.9	1324	OK
1936	     0	70.2	130.4	1297	OK
1937	     0	72.9	135.6	1306	OK
1938	     0	72.6	134.9	1305	OK
1939	     0	72.3	135.8	1307	OK
1940	     0	74.9	141.3	1327	OK
1941	     0	72.4	137.5	1325	OK
1942	     0	70.1	145.0	1288	OK
1943	     0	70.1	135.7	1300	OK
1944	     0	71.8	136.3	1322	OK
1945	     0	71.1	133.5	1317	OK
1946	     0	72.9	136.1	1327	OK
1947	     0	71.4	135.8	1304	OK
1948	     0	70.3	132.1	1318	OK
1949	     0	70.8	133.7	1308	OK
1950	     0	69.7	134.3	1300	OK
1951	     0	69.6	130.5	1343	OK
1952	     0	71.2	134.6	1310	OK
1953	     0	71.6	134.4	1299	OK
1954	     0	71.1	134.9	1327	OK
1955	     0	70.6	135.5	1305	OK
1956	     0	70.1	133.2	1339	OK
1957	     0	72.4	133.7	1317	OK
1958	     0	70.1	132.4	1324	OK
1959	     0	72.9	135.7	1304	OK
1960	     0	70.2	132.7	1318	OK
1961	     0	70.3	149.5	1312	OK
1962	     0	69.4	133.4	1321	OK
1963	     0	69.6	132.6	1319	OK
1964	     0	69.9	132.7	1311	OK
1965	     0	69.9	132.2	1303	OK
1966	     0	73.6	137.4	1302	OK
1967	     0	70.3	135.1	1304	OK
1968	     0	70.5	132.5	1324	OK
1969	     0	73.7	137.7	1299	OK
1970	     0	73.0	136.8	1318	OK
1971	     0	71.8	136.5	1316	OK
1972	     0	71.5	135.7	1322	OK
1973	     0	70.8	133.9	1292	OK
1974	     0	69.4	118.3	1340	OK
1975	     0	70.6	131.6	1306	OK
1976	     0	69.9	133.1	1309	OK
1977	     0	71.4	134.4	1289	OK
1978	     0	71.7	134.7	1316	OK
1979	     0	70.0	132.7	1288	OK
1980	     0	71.6	133.4	1335	OK
1981	     0	70.9	133.3	1279	OK
1982	     0	71.3	135.9	1318	OK
1983	     0	73.4	139.0	1284	OK
1984	     0	72.5	136.6	1292	OK
1985	     0	73.2	139.4	1259	OK
1986	     0	71.8	133.9	1261	OK
1987	     0	71.3	135.2	1271	OK
1988	     0	73.4	139.2	1268	OK
1989	     0	70.7	134.6	1313	OK
1990	     0	72.5	138.4	1270	OK
1991	     0	72.2	136.4	1247	OK
1992	     0	74.9	141.8	1271	OK
1993	     0	70.0	133.0	1278	OK
1994	     0	73.5	136.2	1272	OK
1995	     0	70.6	132.0	1292	OK
1996	     0	70.5	133.4	1270	OK
1997	     0	72.3	139.6	1273	OK
1998	     0	72.7	138.3	1280	OK
1999	     0	72.3	135.5	1296	OK
2000	     0	71.0	133.7	1266	OK
2001	     0	70.2	130.4	1268	OK
2002	     0	72.6	137.4	1282	OK
2003	     0	70.6	134.0	1290	OK
2004	     0	70.2	133.3	1291	OK
2005	     0	72.8	137.0	1270	OK
2006	     0	71.6	136.0	1282	OK
2007	     0	73.5	140.8	1281	OK
2008	     0	72.3	136.3	1306	OK
2009	     0	72.5	139.2	1289	OK
2010	     0	72.8	137.2	1302	OK
2011	     0	72.2	150.3	1259	OK
2012	     0	72.7	136.9	1305	OK
2013	     0	72.6	136.5	1298	OK
2014	     0	72.2	136.8	1280	OK
2015	     0	70.9	135.2	1284	OK
2016	     0	70.6	133.7	1284	OK
2017	     0	71.6	137.9	1293	OK
2018	     0	70.9	133.1	1286	OK
2019	     0	70.9	135.9	1288	OK
2020	     0	73.6	139.8	1287	OK
2021	     0	73.0	140.3	1285	OK
2022	     0	73.0	136.3	1275	OK
2023	     0	72.6	136.4	1278	OK
2024	     0	71.1	135.7	1297	OK
2025	     0	71.8	135.6	1308	OK
2026	     0	73.8	137.8	1272	OK
2027	     0	71.7	138.4	1302	OK
2028	     0	71.2	134.8	1291	OK
2029	     0	73.3	137.2	1291	OK
2030	     0	73.5	136.9	1275	OK
2031	     0	72.6	138.9	1303	OK
2032	     0	74.6	140.7	1297	OK
2033	     0	73.6	142.1	1286	OK
2034	     0	74.1	139.8	1301	OK
2035	     0	73.6	137.5	1284	OK
2036	     0	73.6	139.2	1298	OK
2037	     0	73.6	138.0	1286	OK
2038	     0	71.1	132.1	1290	OK
2039	     0	73.5	137.8	1311	OK
2040	     0	74.6	141.5	1282	OK
2041	     0	74.2	138.8	1309	OK
2042	     0	74.2	140.1	1298	OK
2043	     0	72.3	137.7	1268	OK
2044	     0	74.7	142.7	1293	OK
2045	     0	72.7	135.8	1299	OK
2046	     0	73.0	137.4	1289	OK
2047	     0	73.5	137.1	1295	OK
2048	     0	75.3	139.0	1267	OK
2049	     0	71.9	134.5	1231	OK
2050	     0	76.2	142.6	1242	OK
2051	     0	74.8	140.4	1261	OK
2052	     0	74.0	139.8	1251	OK
2053	     0	73.5	137.9	1241	OK
2054	     0	73.2	136.4	1278	OK
2055	     0	76.0	142.1	1240	OK
2056	     0	75.8	142.4	1269	OK
2057	     0	74.9	140.5	1243	OK
2058	     0	75.6	140.1	1270	OK
2059	     0	73.4	137.6	1261	OK
2060	     0	73.4	137.0	1254	OK
2061	     0	74.5	141.2	1260	OK
2062	     0	75.8	140.8	1255	OK
2063	     0	75.7	140.9	1264	OK
2064	     0	74.8	141.1	1248	OK
2065	     0	75.8	139.5	1266	OK
2066	     0	73.7	137.0	1290	OK
2067	     0	72.8	135.6	1282	OK
2068	     0	73.7	136.5	1263	OK
2069	     0	72.5	137.1	1283	OK
2070	     0	71.7	134.5	1302	OK
2071	     0	75.5	141.6	1254	OK
2072	     0	75.0	140.2	1273	OK
2073	     0	74.7	138.9	1262	OK
2074	     0	74.1	138.2	1304	OK
2075	     0	73.5	136.4	1273	OK
2076	     0	74.9	138.5	1261	OK
2077	     0	75.3	138.8	1269	OK
2078	     0	73.8	136.5	1273	OK
2079	     0	75.3	139.2	1256	OK
2080	     0	73.5	136.9	1288	OK
2081	     0	76.6	143.2	1277	OK
2082	     0	73.3	139.6	1277	OK
2083	     0	73.2	135.5	1280	OK
2084	     0	74.0	138.9	1287	OK
2085	     0	74.2	136.5	1251	OK
2086	     0	72.0	132.2	1285	OK
2087	     0	72.0	134.2	1265	OK
2088	     0	74.8	140.1	1301	OK
2089	     0	76.1	140.7	1270	OK
2090	     0	74.8	139.0	1299	OK
2091	     0	71.9	134.0	1284	OK
2092	     0	73.4	137.7	1286	OK
2093	     0	73.2	137.3	1257	OK
2094	     0	74.1	138.5	1285	OK
2095	     0	73.5	139.7	1245	OK
2096	     0	74.0	138.9	1304	OK
2097	     0	76.9	143.9	1254	OK
2098	     0	73.8	138.9	1284	OK
2099	     0	74.1	136.8	1298	OK
2100	     0	74.1	143.6	1290	OK
2101	     0	73.3	136.5	1279	OK
2102	     0	77.1	144.6	1268	OK
2103	     0	73.9	135.8	1260	OK
2104	     0	70.4	131.1	1306	OK
2105	     0	75.1	171.1	1277	OK
2106	     0	72.9	135.7	1264	OK
2107	     0	74.6	138.7	1290	OK
2108	     0	75.3	141.7	1287	OK
2109	     0	75.0	141.9	1267	OK
2110	     0	74.9	142.4	1290	OK
2111	     0	77.0	145.0	1261	OK
2112	     0	72.1	139.2	1290	OK
2113	     0	75.5	139.9	1246	OK
2114	     0	73.5	137.7	1303	OK
2115	     0	75.3	142.0	1274	OK
2116	     0	74.3	140.9	1281	OK
2117	     0	74.6	142.3	1262	OK
2118	     0	75.7	141.1	1275	OK
2119	     0	74.3	139.6	1265	OK
2120	     0	74.6	139.1	1277	OK
2121	     0	75.3	141.4	1282	OK
2122	     0	74.1	139.7	1293	OK
2123	     0	74.9	141.9	1285	OK
2124	     0	75.9	141.5	1285	OK
2125	     0	73.5	142.0	1279	OK
2126	     0	75.8	140.5	1299	OK
2127	     0	76.1	143.3	1292	OK
2128	     0	75.4	138.4	1285	OK
2129	     0	74.9	139.1	1277	OK
2130	     0	75.1	139.8	1302	OK
2131	     0	75.7	142.9	1288	OK
2132	     0	77.4	145.2	1283	OK
2133	     0	76.1	142.4	1270	OK
2134	     0	74.8	140.2	1277	OK
2135	     0	74.6	138.9	1277	OK
2136	     0	75.3	139.9	1295	OK
2137	     0	77.3	144.1	1293	OK
2138	     0	78.2	145.9	1310	OK
2139	     0	74.9	140.7	1290	OK
2140	     0	76.2	140.6	1282	OK
2141	     0	75.9	142.6	1276	OK
2142	     0	76.5	144.7	1285	OK
2143	     0	75.2	141.0	1290	OK
2144	     0	76.8	141.9	1295	OK
2145	     0	76.8	141.6	1289	OK
2146	     0	74.1	138.9	1286	OK
2147	     0	74.0	138.3	1282	OK
2148	     0	74.4	139.6	1294	OK
2149	     0	74.9	140.8	1275	OK
2150	     0	75.6	139.4	1300	OK
2151	     0	74.5	143.0	1294	OK
2152	     0	74.5	139.2	1296	OK
2153	     0	74.7	138.3	1291	OK
2154	     0	74.6	139.2	1277	OK
2155	     0	73.8	138.1	1271	OK
2156	     0	74.5	137.5	1306	OK
2157	     0	73.8	139.2	1286	OK
2158	     0	73.9	139.9	1266	OK
2159	     0	74.9	144.1	1293	OK
2160	     0	76.3	141.4	1315	OK
2161	     0	73.4	137.7	1264	OK
2162	     0	73.5	138.9	1288	OK
2163	     0	72.9	136.9	1305	OK
2164	     0	75.6	141.6	1291	OK
2165	     0	75.6	141.3	1270	OK
2166	     0	72.7	138.8	1293	OK
2167	     0	76.6	141.4	1286	OK
2168	     0	74.5	137.8	1295	OK
2169	     0	76.5	141.6	1281	OK
2170	     0	75.5	142.8	1307	OK
2171	     0	75.5	141.1	1289	OK
2172	     0	75.3	141.3	1292	OK
2173	     0	78.1	145.2	1264	OK
2174	     0	77.4	146.5	1315	OK
2175	     0	75.1	139.2	1291	OK
2176	     0	71.5	133.5	1334	OK
2177	     0	72.9	143.4	1347	OK
2178	     0	72.2	137.6	1326	OK
2179	     0	70.8	132.6	1359	OK
2180	     0	71.2	131.9	1367	OK
2181	     0	74.1	137.6	1321	OK
2182	     0	71.7	135.1	1367	OK
2183	     0	70.2	133.3	1325	OK
2184	     0	70.6	133.4	1344	OK
2185	     0	72.2	135.9	1356	OK
2186	     0	71.1	133.7	1355	OK
2187	     0	71.8	134.9	1348	OK
2188	     0	73.9	138.0	1351	OK
2189	     0	70.3	134.3	1342	OK
2190	     0	70.5	131.3	1324	OK
2191	     0	70.6	134.0	1334	OK
2192	     0	71.2	135.0	1358	OK
2193	     0	71.7	134.9	1344	OK
2194	     0	73.6	136.9	1348	OK
2195	     0	70.9	131.5	1338	OK
2196	     0	72.9	135.7	1350	OK
2197	     0	71.2	134.1	1329	OK
2198	     0	70.1	130.3	1328	OK
2199	     0	68.5	133.4	1336	OK
2200	     0	70.2	133.4	1366	OK
2201	     0	73.8	137.8	1347	OK
2202	     0	69.8	132.3	1346	OK
2203	     0	69.9	131.1	1346	OK
2204	     0	69.8	128.6	1371	OK
2205	     0	72.1	134.2	1350	OK
2206	     0	71.5	133.1	1364	OK
2207	     0	73.1	138.9	1335	OK
2208	     0	73.7	135.8	1345	OK
2209	     0	73.4	134.7	1360	OK
2210	     0	69.0	128.1	1345	OK
2211	     0	72.3	136.5	1351	OK
2212	     0	69.0	131.3	1363	OK
2213	     0	73.1	138.0	1351	OK
2214	     0	73.3	137.2	1374	OK
2215	     0	70.8	134.0	1366	OK
2216	     0	70.9	130.1	1389	OK
2217	     0	71.5	134.1	1345	OK
2218	     0	69.2	132.0	1392	OK
2219	     0	69.8	135.1	1388	OK
2220	     0	70.5	132.4	1367	OK
2221	     0	73.8	136.6	1367	OK
2222	     0	71.3	133.5	1362	OK
2223	     0	69.2	130.1	1386	OK
2224	     0	73.7	137.6	1349	OK
2225	     0	70.4	130.6	1399	OK
2226	     0	70.7	129.3	1358	OK
2227	     0	72.9	135.2	1355	OK
2228	     0	73.5	135.8	1365	OK
2229	     0	72.8	135.5	1335	OK
2230	     0	74.3	141.6	1353	OK
2231	     0	72.6	133.8	1358	OK
2232	     0	70.8	132.2	1377	OK
2233	     0	69.5	131.0	1353	OK
2234	     0	72.8	134.8	1363	OK
2235	     0	69.5	132.9	1360	OK
2236	     0	71.5	133.2	1358	OK
2237	     0	72.4	134.3	1376	OK
2238	     0	73.1	137.2	1359	OK
2239	     0	71.4	133.2	1341	OK
2240	     0	71.8	134.4	1384	OK
2241	     0	73.3	138.1	1339	OK
2242	     0	70.3	133.2	1354	OK
2243	     0	68.9	130.1	1354	OK
2244	     0	70.4	132.7	1356	OK
2245	     0	70.8	133.3	1341	OK
2246	     0	73.5	136.3	1372	OK
2247	     0	71.8	136.5	1346	OK
2248	     0	71.1	133.8	1368	OK
2249	     0	66.9	127.7	1381	OK
2250	     0	70.8	130.6	1369	OK
2251	     0	72.3	136.5	1369	OK
2252	     0	71.3	134.4	1380	OK
2253	     0	71.9	134.1	1375	OK
2254	     0	72.3	134.6	1391	OK
2255	     0	70.7	133.3	1374	OK
2256	     0	70.4	129.8	1410	OK
2257	     0	70.1	133.9	1380	OK
2258	     0	69.8	132.4	1377	OK
2259	     0	71.2	132.0	1373	OK
2260	     0	70.0	127.9	1368	OK
2261	     0	71.6	133.0	1387	OK
2262	     0	69.6	149.1	1383	OK
2263	     0	71.0	132.6	1388	OK
2264	     0	71.9	136.6	1384	OK
2265	     0	72.0	135.4	1367	OK
2266	     0	73.1	135.1	1410	OK
2267	     0	72.5	135.6	1376	OK
2268	     0	70.6	133.5	1366	OK
2269	     0	72.1	134.1	1377	OK
2270	     0	70.8	134.8	1389	OK
2271	     0	70.4	134.7	1361	OK
2272	     0	71.5	132.9	1393	OK
2273	     0	72.3	138.1	1346	OK
2274	     0	71.4	133.4	1389	OK
2275	     0	71.4	131.1	1390	OK
2276	     0	71.0	136.8	1370	OK
2277	     0	72.7	136.2	1374	OK
2278	     0	72.4	132.6	1368	OK
2279	     0	72.8	134.8	1354	OK
2280	     0	71.0	134.2	1373	OK
2281	     0	71.1	134.8	1391	OK
2282	     0	69.7	132.2	1384	OK
2283	     0	68.1	128.2	1389	OK
2284	     0	71.8	147.5	1366	OK
2285	     0	68.9	130.9	1391	OK
2286	     0	71.0	133.5	1387	OK
2287	     0	71.9	134.1	1373	OK
2288	     0	70.1	131.2	1369	OK
2289	     0	71.5	136.7	1379	OK
2290	     0	70.1	130.0	1368	OK
2291	     0	70.0	132.3	1358	OK
2292	     0	70.9	131.9	1356	OK
2293	     0	70.4	131.2	1376	OK
2294	     0	69.6	128.9	1402	OK
2295	     0	72.3	138.6	1368	OK
2296	     0	69.9	130.0	1372	OK
2297	     0	72.0	134.1	1388	OK
2298	     0	68.9	130.4	1351	OK
2299	     0	71.6	135.2	1386	OK
2300	     0	69.7	129.8	1384	OK
2301	     0	72.8	137.5	1366	OK
2302	     0	70.4	130.1	1360	OK
2303	     0	70.7	133.2	1402	OK
2304	     0	75.1	144.1	1321	OK
2305	     0	78.9	143.9	1364	OK
2306	     0	73.8	138.8	1360	OK
2307	     0	71.1	134.0	1333	OK
2308	     0	73.8	137.7	1337	OK
2309	     0	75.6	144.3	1333	OK
2310	     0	74.3	142.4	1350	OK
2311	     0	76.2	142.3	1335	OK
2312	     0	73.9	138.9	1341	OK
2313	     0	77.7	151.0	1325	OK
2314	     0	75.0	139.7	1341	OK
2315	     0	74.1	136.0	1356	OK
2316	     0	74.9	139.1	1369	OK
2317	     0	71.4	131.6	1369	OK
2318	     0	77.1	144.4	1353	OK
2319	     0	75.2	141.6	1343	OK
2320	     0	75.2	141.7	1341	OK
2321	     0	75.0	139.8	1341	OK
2322	     0	75.6	139.4	1353	OK
2323	     0	73.3	137.9	1343	OK
2324	     0	75.7	138.7	1336	OK
2325	     0	76.2	141.6	1349	OK
2326	     0	74.8	137.6	1348	OK
2327	     0	73.7	135.2	1347	OK
2328	     0	75.0	143.9	1364	OK
2329	     0	72.6	134.4	1330	OK
2330	     0	76.1	146.9	1337	OK
2331	     0	75.5	141.2	1344	OK
2332	     0	74.2	136.8	1336	OK
2333	     0	76.3	141.9	1328	OK
2334	     0	73.8	138.8	1330	OK
2335	     0	74.8	140.2	1341	OK
2336	     0	73.9	138.6	1346	OK
2337	     0	73.0	135.5	1342	OK
2338	     0	75.1	138.2	1345	OK
2339	     0	75.1	139.7	1335	OK
2340	     0	75.8	140.4	1363	OK
2341	     0	74.6	140.2	1359	OK
2342	     0	76.0	138.6	1338	OK
2343	     0	73.0	135.9	1344	OK
2344	     0	74.8	136.6	1353	OK
2345	     0	73.6	137.3	1346	OK
2346	     0	76.8	142.5	1323	OK
2347	     0	71.7	137.0	1360	OK
2348	     0	73.2	137.4	1364	OK
2349	     0	73.5	138.4	1349	OK
2350	     0	73.7	138.2	1370	OK
2351	     0	75.8	142.7	1359	OK
2352	     0	74.3	140.5	1347	OK
2353	     0	73.5	136.5	1351	OK
2354	     0	74.7	141.5	1333	OK
2355	     0	75.0	140.4	1366	OK
2356	     0	74.1	139.8	1373	OK
2357	     0	75.6	141.2	1356	OK
2358	     0	73.2	135.6	1354	OK
2359	     0	75.6	139.2	1348	OK
2360	     0	75.7	144.3	1332	OK
2361	     0	74.8	139.3	1346	OK
2362	     0	72.8	135.1	1368	OK
2363	     0	73.5	136.7	1358	OK
2364	     0	77.9	146.4	1334	OK
2365	     0	76.4	143.0	1328	OK
2366	     0	74.2	140.0	1335	OK
2367	     0	76.6	152.8	1327	OK
2368	     0	72.9	136.8	1349	OK
2369	     0	74.5	141.4	1325	OK
2370	     0	72.7	133.3	1339	OK
2371	     0	75.8	140.9	1350	OK
2372	     0	75.6	141.9	1349	OK
2373	     0	75.4	138.4	1347	OK
2374	     0	74.0	138.1	1331	OK
2375	     0	75.6	139.1	1303	OK
2376	     0	74.0	142.1	1338	OK
2377	     0	72.9	136.8	1322	OK
2378	     0	74.8	137.7	1323	OK
2379	     0	76.3	142.4	1340	OK
2380	     0	75.0	142.4	1353	OK
2381	     0	75.6	141.5	1343	OK
2382	     0	73.7	136.6	1341	OK
2383	     0	75.7	139.5	1357	OK
2384	     0	74.3	142.5	1330	OK
2385	     0	75.5	139.2	1347	OK
2386	     0	74.5	139.6	1354	OK
2387	     0	74.4	139.7	1329	OK
2388	     0	74.8	141.0	1343	OK
2389	     0	75.5	140.6	1331	OK
2390	     0	76.9	142.0	1342	OK
2391	     0	75.9	141.9	1350	OK
2392	     0	74.5	141.1	1338	OK
2393	     0	76.6	141.1	1322	OK
2394	     0	75.8	140.4	1334	OK
2395	     0	75.5	139.8	1328	OK
2396	     0	74.3	138.9	1341	OK
2397	     0	75.9	141.2	1345	OK
2398	     0	75.9	142.2	1336	OK
2399	     0	77.0	144.7	1323	OK
2400	     0	75.8	141.9	1329	OK
2401	     0	75.7	140.0	1323	OK
2402	     0	74.4	138.6	1343	OK
2403	     0	73.4	138.5	1341	OK
2404	     0	76.0	141.9	1330	OK
2405	     0	75.3	141.5	1323	OK
2406	     0	74.5	139.5	1333	OK
2407	     0	76.9	144.0	1321	OK
2408	     0	76.2	141.3	1351	OK
2409	     0	77.1	141.5	1324	OK
2410	     0	75.6	141.3	1334	OK
2411	     0	75.3	141.2	1329	OK
2412	     0	75.1	141.4	1357	OK
2413	     0	75.9	142.3	1335	OK
2414	     0	76.4	142.2	1355	OK
2415	     0	72.1	136.3	1356	OK
2416	     0	74.7	139.9	1345	OK
2417	     0	77.9	146.5	1332	OK
2418	     0	75.2	142.0	1332	OK
2419	     0	76.5	142.3	1344	OK
2420	     0	76.4	143.2	1333	OK
2421	     0	75.5	143.7	1330	OK
2422	     0	74.1	138.0	1370	OK
2423	     0	74.0	141.6	1332	OK
2424	     0	74.6	138.7	1322	OK
2425	     0	78.0	146.5	1331	OK
2426	     0	76.0	141.1	1353	OK
2427	     0	76.6	141.6	1334	OK
2428	     0	76.6	142.6	1331	OK
2429	     0	74.8	139.3	1341	OK
2430	     0	74.9	145.2	1328	OK
2431	     0	75.9	141.7	1347	OK
2432	     0	75.0	138.6	1381	OK
2433	     0	76.3	146.0	1381	OK
2434	     0	76.9	142.6	1384	OK
2435	     0	75.9	143.2	1384	OK
2436	     0	75.2	139.3	1385	OK
2437	     0	76.4	141.6	1382	OK
2438	     0	74.6	142.7	1384	OK
2439	     0	76.0	143.2	1361	OK
2440	     0	72.3	135.7	1374	OK
2441	     0	74.3	137.7	1404	OK
2442	     0	75.6	139.2	1384	OK
2443	     0	74.7	173.5	1403	OK
2444	     0	76.1	141.3	1373	OK
2445	     0	74.6	140.0	1392	OK
2446	     0	74.9	138.2	1381	OK
2447	     0	74.5	137.1	1351	OK
2448	     0	72.8	136.3	1393	OK
2449	     0	73.4	136.6	1375	OK
2450	     0	74.6	135.6	1378	OK
2451	     0	73.8	136.3	1398	OK
2452	     0	76.2	140.2	1387	OK
2453	     0	75.0	139.6	1398	OK
2454	     0	72.5	134.4	1385	OK
2455	     0	75.1	139.2	1375	OK
2456	     0	72.2	135.0	1400	OK
2457	     0	73.6	135.6	1378	OK
2458	     0	75.1	139.3	1380	OK
2459	     0	72.7	137.9	1400	OK
2460	     0	73.0	138.3	1388	OK
2461	     0	72.6	137.2	1383	OK
2462	     0	74.0	136.1	1390	OK
2463	     0	73.4	138.5	1394	OK
2464	     0	72.4	136.0	1374	OK
2465	     0	72.6	136.6	1386	OK
2466	     0	72.8	144.1	1387	OK
2467	     0	73.0	135.5	1404	OK
2468	     0	74.6	137.7	1401	OK
2469	     0	73.3	136.4	1392	OK
2470	     0	74.2	139.4	1394	OK
2471	     0	73.6	137.1	1379	OK
2472	     0	73.4	136.2	1381	OK
2473	     0	75.9	141.2	1378	OK
2474	     0	73.0	135.3	1416	OK
2475	     0	74.9	139.4	1411	OK
2476	     0	73.7	138.7	1389	OK
2477	     0	74.1	139.5	1387	OK
2478	     0	75.9	141.3	1381	OK
2479	     0	74.8	139.9	1386	OK
2480	     0	74.3	138.7	1419	OK
2481	     0	76.0	140.0	1370	OK
2482	     0	74.0	138.4	1388	OK
2483	     0	74.9	141.6	1393	OK
2484	     0	73.3	136.1	1395	OK
2485	     0	73.4	137.0	1388	OK
2486	     0	74.9	139.4	1393	OK
2487	     0	72.2	135.0	1402	OK
2488	     0	75.0	139.6	1411	OK
2489	     0	73.7	135.6	1419	OK
2490	     0	71.9	133.6	1381	OK
2491	     0	70.3	134.4	1383	OK
2492	     0	73.1	135.4	1414	OK
2493	     0	75.3	141.5	1408	OK
2494	     0	74.3	138.5	1412	OK
2495	     0	73.7	136.1	1370	OK
2496	     0	72.0	134.3	1429	OK
2497	     0	74.4	137.9	1364	OK
2498	     0	72.0	138.0	1409	OK
2499	     0	74.9	139.4	1389	OK
2500	     0	74.4	141.7	1417	OK
2501	     0	74.9	139.6	1385	OK
2502	     0	75.7	138.9	1402	OK
2503	     0	74.7	136.2	1400	OK
2504	     0	72.9	135.6	1384	OK
2505	     0	73.5	137.8	1399	OK
2506	     0	73.4	135.6	1365	OK
2507	     0	71.6	135.2	1396	OK
2508	     0	72.8	136.4	1394	OK
2509	     0	73.9	138.7	1402	OK
2510	     0	73.4	139.0	1399	OK
2511	     0	74.2	139.1	1377	OK
2512	     0	74.4	143.1	1366	OK
2513	     0	72.7	136.3	1399	OK
2514	     0	75.7	141.6	1381	OK
2515	     0	73.3	135.2	1383	OK
2516	     0	72.0	132.9	1399	OK
2517	     0	73.3	144.1	1365	OK
2518	     0	73.9	137.2	1399	OK
2519	     0	73.7	137.4	1368	OK
2520	     0	72.8	135.9	1375	OK
2521	     0	74.9	138.7	1389	OK
2522	     0	75.5	145.6	1366	OK
2523	     0	76.2	141.2	1365	OK
2524	     0	71.4	135.7	1354	OK
2525	     0	74.9	137.8	1378	OK
2526	     0	73.6	137.7	1395	OK
2527	     0	73.4	137.6	1355	OK
2528	     0	76.1	144.5	1388	OK
2529	     0	74.0	138.6	1368	OK
2530	     0	75.3	138.6	1386	OK
2531	     0	73.2	136.0	1370	OK
2532	     0	74.2	139.1	1389	OK
2533	     0	72.5	134.5	1403	OK
2534	     0	73.3	135.9	1373	OK
2535	     0	71.0	133.5	1397	OK
2536	     0	73.9	137.5	1400	OK
2537	     0	70.8	133.9	1384	OK
2538	     0	74.6	137.9	1381	OK
2539	     0	75.6	141.6	1354	OK
2540	     0	74.6	141.5	1349	OK
2541	     0	74.8	139.7	1375	OK
2542	     0	73.1	134.8	1352	OK
2543	     0	73.6	138.4	1362	OK
2544	     0	74.7	139.9	1372	OK
2545	     0	76.0	141.1	1373	OK
2546	     0	72.1	135.2	1341	OK
2547	     0	74.2	139.7	1386	OK
2548	     0	75.9	142.4	1375	OK
2549	     0	73.6	136.3	1381	OK
2550	     0	74.3	135.6	1361	OK
2551	     0	76.1	141.0	1362	OK
2552	     0	72.2	136.2	1374	OK
2553	     0	74.8	139.8	1378	OK
2554	     0	73.3	132.3	1369	OK
2555	     0	73.3	138.2	1360	OK
2556	     0	71.9	135.1	1366	OK
2557	     0	75.7	141.0	1339	OK
2558	     0	75.6	138.9	1371	OK
2559	   200	81.0	148.1	1327	high gain
