#chan	code	gain	vt50	innse	comment
   0	     0	86.8	154.5	 819	OK
   1	     0	80.9	143.5	 806	OK
   2	     0	79.7	145.8	 792	OK
   3	     0	83.8	154.3	 817	OK
   4	     0	82.9	149.8	 813	OK
   5	     0	83.5	149.9	 789	OK
   6	     0	81.5	148.8	 798	OK
   7	     0	80.5	147.2	 808	OK
   8	     0	85.0	153.0	 811	OK
   9	     0	80.1	145.7	 818	OK
  10	     0	80.0	144.2	 812	OK
  11	     0	82.3	150.1	 800	OK
  12	     0	83.2	150.3	 831	OK
  13	     0	82.4	147.6	 841	OK
  14	     0	79.4	144.9	 839	OK
  15	     0	81.5	145.8	 853	OK
  16	     0	80.8	144.1	 870	OK
  17	     0	79.7	145.4	 857	OK
  18	     0	82.3	148.4	 865	OK
  19	     0	81.9	148.6	 857	OK
  20	     0	82.4	149.3	 868	OK
  21	     0	83.7	150.3	 878	OK
  22	     0	82.7	150.2	 865	OK
  23	     0	81.8	148.7	 862	OK
  24	     0	83.6	148.8	 875	OK
  25	     0	83.6	151.9	 878	OK
  26	     0	83.9	150.5	 889	OK
  27	     0	82.3	150.3	 873	OK
  28	     0	79.5	145.9	 859	OK
  29	     0	80.5	144.8	 861	OK
  30	     0	79.6	143.9	 873	OK
  31	     0	81.1	146.3	 882	OK
  32	     0	79.9	146.4	 880	OK
  33	     0	81.3	146.3	 883	OK
  34	     0	83.6	147.8	 896	OK
  35	     0	81.9	145.3	 893	OK
  36	     0	81.2	145.2	 871	OK
  37	     0	80.7	144.4	 888	OK
  38	     0	79.9	144.9	 885	OK
  39	     0	83.0	151.5	 895	OK
  40	     0	85.5	154.3	 888	OK
  41	     0	81.2	146.2	 886	OK
  42	     0	81.6	148.4	 877	OK
  43	     0	80.9	147.4	 895	OK
  44	     0	79.7	144.1	 868	OK
  45	     0	83.3	150.0	 884	OK
  46	     0	82.4	147.8	 888	OK
  47	     0	81.5	149.0	 900	OK
  48	     0	81.3	147.2	 905	OK
  49	     0	80.1	145.9	 868	OK
  50	     0	82.2	146.0	 900	OK
  51	     0	82.0	148.7	 892	OK
  52	     0	80.0	145.0	 903	OK
  53	     0	84.7	151.8	 886	OK
  54	     0	82.1	146.7	 892	OK
  55	     0	83.4	152.6	 916	OK
  56	     0	79.2	144.7	 902	OK
  57	     0	83.8	150.1	 911	OK
  58	     0	78.8	142.3	 925	OK
  59	     0	78.8	144.7	 900	OK
  60	     0	82.4	148.8	 907	OK
  61	     0	81.5	145.8	 874	OK
  62	     0	81.5	147.1	 882	OK
  63	     0	81.5	145.8	 880	OK
  64	     0	84.1	150.9	 928	OK
  65	     0	80.5	145.2	 903	OK
  66	     0	84.1	152.5	 917	OK
  67	     0	81.8	145.7	 897	OK
  68	     0	80.9	143.8	 904	OK
  69	     0	78.6	143.9	 891	OK
  70	     0	82.1	149.8	 883	OK
  71	     0	79.6	146.0	 913	OK
  72	     0	79.5	144.3	 919	OK
  73	     0	79.6	144.2	 908	OK
  74	     0	82.3	147.8	 894	OK
  75	     0	80.5	143.5	 897	OK
  76	     0	79.9	143.2	 908	OK
  77	     0	80.3	144.1	 910	OK
  78	     0	81.3	145.8	 906	OK
  79	     0	80.8	144.2	 893	OK
  80	     0	80.6	147.3	 915	OK
  81	     0	79.5	144.8	 904	OK
  82	     0	77.4	142.6	 903	OK
  83	     0	81.8	147.9	 893	OK
  84	     0	79.1	141.7	 897	OK
  85	     0	80.1	145.1	 899	OK
  86	     0	80.1	149.0	 911	OK
  87	     0	81.0	146.0	 909	OK
  88	     0	83.5	148.5	 905	OK
  89	     0	79.9	145.4	 906	OK
  90	     0	79.0	142.6	 893	OK
  91	     0	81.8	146.3	 903	OK
  92	     0	79.8	143.5	 901	OK
  93	     0	80.9	146.5	 910	OK
  94	     0	80.2	144.5	 898	OK
  95	     0	81.0	146.4	 899	OK
  96	     0	80.4	145.1	 911	OK
  97	     0	79.0	142.4	 907	OK
  98	     0	80.0	142.6	 888	OK
  99	     0	80.5	143.8	 894	OK
 100	     0	81.4	145.4	 898	OK
 101	     0	81.8	146.7	 912	OK
 102	     0	83.6	151.3	 909	OK
 103	     0	81.4	147.5	 923	OK
 104	     0	83.3	150.7	 892	OK
 105	     0	83.3	149.4	 892	OK
 106	     0	83.7	151.2	 904	OK
 107	     0	81.6	150.0	 927	OK
 108	     0	83.2	147.4	 896	OK
 109	     0	81.3	146.3	 915	OK
 110	     0	81.4	146.9	 906	OK
 111	     0	76.8	138.9	 885	OK
 112	     0	80.0	144.6	 912	OK
 113	     0	78.2	142.8	 912	OK
 114	     0	80.5	144.6	 903	OK
 115	     0	78.4	142.6	 901	OK
 116	     0	81.0	146.2	 893	OK
 117	     0	81.4	148.6	 915	OK
 118	     0	79.9	143.7	 934	OK
 119	     0	80.4	147.4	 913	OK
 120	     0	81.8	148.7	 910	OK
 121	     0	81.8	148.4	 921	OK
 122	     0	80.6	144.9	 904	OK
 123	     0	81.9	149.8	 929	OK
 124	     0	81.4	144.8	 920	OK
 125	     0	78.9	145.1	 916	OK
 126	     0	78.5	142.8	 922	OK
 127	     0	78.4	140.8	 911	OK
 128	     0	81.9	146.4	 915	OK
 129	     0	81.4	147.1	 893	OK
 130	     0	80.0	144.0	 884	OK
 131	     0	79.1	142.5	 895	OK
 132	     0	80.2	142.7	 894	OK
 133	     0	80.5	145.0	 898	OK
 134	     0	79.7	143.0	 902	OK
 135	     0	79.9	143.9	 903	OK
 136	     0	80.8	146.1	 887	OK
 137	     0	81.1	147.5	 884	OK
 138	     0	82.1	148.6	 902	OK
 139	     0	81.2	146.6	 885	OK
 140	     0	78.7	141.5	 885	OK
 141	     0	80.3	146.5	 881	OK
 142	     0	80.6	144.7	 884	OK
 143	     0	80.6	146.9	 899	OK
 144	     0	82.6	148.4	 877	OK
 145	     0	80.0	145.2	 871	OK
 146	     0	77.7	141.7	 880	OK
 147	     0	80.3	143.6	 862	OK
 148	     0	82.0	148.3	 896	OK
 149	     0	79.2	142.9	 872	OK
 150	     0	79.4	143.4	 893	OK
 151	     0	83.4	148.4	 888	OK
 152	     0	80.5	144.2	 886	OK
 153	     0	82.1	148.2	 875	OK
 154	     0	79.4	140.5	 888	OK
 155	     0	78.7	141.9	 871	OK
 156	     0	79.6	142.1	 887	OK
 157	     0	80.7	147.4	 885	OK
 158	     0	79.1	142.9	 880	OK
 159	     0	81.0	145.9	 876	OK
 160	     0	79.3	141.7	 880	OK
 161	     0	78.8	141.6	 891	OK
 162	     0	78.0	140.9	 864	OK
 163	     0	79.5	142.9	 864	OK
 164	     0	80.3	144.8	 879	OK
 165	     0	77.9	141.2	 870	OK
 166	     0	80.0	146.7	 884	OK
 167	     0	79.5	143.6	 875	OK
 168	     0	82.7	150.8	 884	OK
 169	     0	82.9	151.0	 857	OK
 170	     0	83.1	150.6	 862	OK
 171	     0	80.2	143.9	 878	OK
 172	     0	79.7	145.7	 848	OK
 173	     0	82.5	147.3	 856	OK
 174	     0	79.1	144.3	 872	OK
 175	     0	80.3	146.1	 859	OK
 176	     0	81.2	147.5	 874	OK
 177	     0	81.1	146.9	 871	OK
 178	     0	78.4	143.1	 865	OK
 179	     0	78.2	141.0	 854	OK
 180	     0	82.5	148.6	 863	OK
 181	     0	81.0	147.9	 872	OK
 182	     0	83.9	151.8	 891	OK
 183	     0	81.5	148.7	 854	OK
 184	     0	81.4	147.3	 853	OK
 185	     0	79.7	143.6	 852	OK
 186	     0	79.6	143.9	 879	OK
 187	     0	83.9	151.7	 855	OK
 188	     0	81.3	145.6	 861	OK
 189	     0	79.8	145.0	 876	OK
 190	     0	82.9	151.1	 854	OK
 191	     0	82.2	148.2	 866	OK
 192	     0	80.5	146.0	 844	OK
 193	     0	82.0	145.8	 846	OK
 194	     0	80.1	143.7	 863	OK
 195	     0	80.7	144.8	 844	OK
 196	     0	79.1	143.6	 862	OK
 197	     0	79.4	144.1	 855	OK
 198	     0	81.4	147.5	 853	OK
 199	     0	83.5	151.4	 862	OK
 200	     0	81.6	147.0	 861	OK
 201	     0	80.7	144.0	 869	OK
 202	     0	81.8	146.8	 858	OK
 203	     0	80.5	146.1	 872	OK
 204	     0	82.4	148.6	 857	OK
 205	     0	80.3	145.6	 881	OK
 206	     0	78.3	140.5	 843	OK
 207	     0	79.7	143.5	 850	OK
 208	     0	80.2	144.6	 868	OK
 209	     0	80.7	145.8	 872	OK
 210	     0	78.9	142.8	 885	OK
 211	     0	82.8	147.3	 862	OK
 212	     0	82.1	146.9	 855	OK
 213	     0	79.2	141.9	 833	OK
 214	     0	79.2	142.2	 840	OK
 215	     0	80.2	144.4	 860	OK
 216	     0	79.8	144.7	 846	OK
 217	     0	79.3	141.6	 863	OK
 218	     0	82.0	147.4	 840	OK
 219	     0	82.2	149.0	 858	OK
 220	     0	82.0	147.4	 850	OK
 221	     0	80.3	145.1	 840	OK
 222	     0	82.3	149.7	 845	OK
 223	     0	79.8	143.8	 836	OK
 224	     0	80.0	144.8	 844	OK
 225	     0	79.4	142.5	 864	OK
 226	     0	79.5	143.8	 858	OK
 227	     0	80.1	144.4	 859	OK
 228	     0	79.3	145.5	 869	OK
 229	     0	81.3	145.3	 876	OK
 230	     0	81.6	146.8	 874	OK
 231	     0	80.6	145.5	 852	OK
 232	     0	80.8	144.3	 861	OK
 233	     0	82.3	147.9	 864	OK
 234	     0	81.4	146.3	 849	OK
 235	     0	81.9	148.6	 862	OK
 236	     0	80.0	142.9	 845	OK
 237	     0	78.2	141.3	 866	OK
 238	     0	79.2	144.2	 849	OK
 239	     0	82.0	147.6	 864	OK
 240	     0	81.1	146.2	 882	OK
 241	     0	80.9	145.6	 854	OK
 242	     0	81.8	145.3	 860	OK
 243	     0	81.4	145.5	 854	OK
 244	     0	80.0	144.3	 881	OK
 245	     0	77.6	141.0	 863	OK
 246	     0	80.3	143.7	 859	OK
 247	     0	79.2	142.6	 852	OK
 248	     0	79.9	144.0	 877	OK
 249	     0	84.4	151.0	 886	OK
 250	     0	83.1	149.8	 874	OK
 251	     0	79.5	143.0	 868	OK
 252	     0	83.2	151.8	 871	OK
 253	     0	83.1	148.6	 881	OK
 254	     0	81.2	144.8	 865	OK
 255	     0	81.2	143.8	 869	OK
 256	     0	78.2	142.1	 925	OK
 257	     0	79.6	143.8	 929	OK
 258	     0	80.0	143.7	 919	OK
 259	     0	77.9	143.1	 893	OK
 260	     0	77.1	139.6	 916	OK
 261	     0	79.4	143.5	 896	OK
 262	     0	78.4	143.7	 914	OK
 263	     0	78.4	143.0	 910	OK
 264	     0	80.5	145.2	 899	OK
 265	     0	79.2	143.3	 901	OK
 266	     0	80.3	146.6	 948	OK
 267	     0	76.7	140.3	 903	OK
 268	     0	77.3	139.5	 922	OK
 269	     0	77.5	140.2	 928	OK
 270	     0	77.3	142.9	 921	OK
 271	     0	77.2	139.5	 913	OK
 272	     0	76.2	140.3	 917	OK
 273	     0	77.4	143.6	 923	OK
 274	     0	76.7	140.2	 905	OK
 275	     0	77.1	138.3	 917	OK
 276	     0	76.6	138.9	 914	OK
 277	     0	77.4	141.1	 907	OK
 278	     0	77.4	137.9	 910	OK
 279	     0	77.7	139.9	 907	OK
 280	     0	76.1	138.0	 898	OK
 281	     0	76.0	138.9	 912	OK
 282	     0	78.6	142.1	 916	OK
 283	     0	76.4	140.9	 917	OK
 284	     0	79.7	144.1	 909	OK
 285	     0	77.5	139.8	 902	OK
 286	     0	77.5	143.0	 920	OK
 287	     0	77.5	138.8	 923	OK
 288	     0	78.2	142.2	 901	OK
 289	     0	78.4	144.7	 907	OK
 290	     0	78.6	142.4	 906	OK
 291	     0	76.5	141.0	 912	OK
 292	     0	77.6	143.5	 904	OK
 293	     0	76.7	137.6	 907	OK
 294	     0	77.9	141.2	 921	OK
 295	     0	77.6	139.7	 928	OK
 296	     0	75.8	137.9	 925	OK
 297	     0	77.3	140.3	 907	OK
 298	     0	78.2	141.7	 912	OK
 299	     0	75.3	137.6	 910	OK
 300	     0	76.1	136.0	 922	OK
 301	     0	76.3	139.7	 936	OK
 302	     0	79.3	143.0	 907	OK
 303	     0	78.1	140.8	 933	OK
 304	     0	79.4	143.3	 928	OK
 305	     0	76.6	140.7	 908	OK
 306	     0	77.6	141.7	 914	OK
 307	     0	78.3	143.9	 919	OK
 308	     0	76.9	139.4	 917	OK
 309	     0	78.5	140.0	 940	OK
 310	     0	76.4	138.2	 911	OK
 311	     0	79.0	142.3	 910	OK
 312	     0	76.2	140.5	 944	OK
 313	     0	78.2	141.3	 926	OK
 314	     0	75.8	138.4	 908	OK
 315	     0	80.3	144.8	 914	OK
 316	     0	78.3	144.4	 907	OK
 317	     0	76.3	139.6	 909	OK
 318	     0	80.0	144.1	 928	OK
 319	     0	77.6	141.3	 952	OK
 320	     0	78.6	141.2	 909	OK
 321	     0	80.5	145.0	 938	OK
 322	     0	80.1	143.7	 938	OK
 323	     0	75.2	135.9	 918	OK
 324	     0	77.2	139.9	 923	OK
 325	     0	76.9	141.1	 910	OK
 326	     0	78.0	141.7	 940	OK
 327	     0	77.2	139.2	 922	OK
 328	     0	76.2	139.4	 933	OK
 329	     0	78.5	143.0	 943	OK
 330	     0	76.3	139.2	 904	OK
 331	     0	74.3	134.4	 928	OK
 332	     0	76.8	138.0	 930	OK
 333	     0	76.5	140.4	 923	OK
 334	     0	74.6	135.5	 925	OK
 335	     0	73.8	135.5	 929	OK
 336	     0	75.7	139.0	 914	OK
 337	     0	73.1	134.2	 941	OK
 338	     0	78.1	139.8	 916	OK
 339	     0	74.9	136.7	 906	OK
 340	     0	77.0	140.7	 940	OK
 341	     0	77.5	141.6	 921	OK
 342	     0	76.9	138.7	 916	OK
 343	     0	78.3	140.4	 926	OK
 344	     0	76.8	138.5	 925	OK
 345	     0	77.6	141.7	 935	OK
 346	     0	78.5	142.1	 934	OK
 347	     0	78.2	140.3	 926	OK
 348	     0	76.0	137.4	 928	OK
 349	     0	75.6	138.6	 931	OK
 350	     0	79.8	145.6	 924	OK
 351	     0	77.5	143.3	 927	OK
 352	     0	74.9	136.6	 905	OK
 353	     0	77.1	141.0	 921	OK
 354	     0	76.8	141.0	 919	OK
 355	     0	75.3	138.9	 940	OK
 356	     0	74.2	134.1	 919	OK
 357	     0	74.8	137.9	 915	OK
 358	     0	78.0	143.2	 900	OK
 359	     0	74.1	135.2	 938	OK
 360	     0	76.8	139.3	 929	OK
 361	     0	75.8	138.9	 916	OK
 362	     0	76.2	137.3	 937	OK
 363	     0	74.8	137.3	 894	OK
 364	     0	77.5	141.6	 903	OK
 365	     0	76.9	138.3	 924	OK
 366	     0	73.1	135.2	 939	OK
 367	     0	77.5	139.5	 940	OK
 368	     0	75.6	137.1	 898	OK
 369	     0	77.1	141.0	 915	OK
 370	     0	79.7	144.7	 904	OK
 371	     0	77.5	139.5	 920	OK
 372	     0	76.9	141.4	 912	OK
 373	     0	76.1	135.7	 914	OK
 374	     0	76.9	139.4	 915	OK
 375	     0	77.4	140.9	 925	OK
 376	     0	77.2	139.6	 927	OK
 377	     0	77.3	139.5	 907	OK
 378	     0	79.3	142.3	 913	OK
 379	     0	74.1	136.3	 900	OK
 380	     0	74.0	135.7	 899	OK
 381	     0	78.5	143.2	 917	OK
 382	     0	77.1	138.8	 880	OK
 383	     0	76.0	137.3	 887	OK
 384	     0	79.2	141.6	 870	OK
 385	     0	82.4	148.5	 856	OK
 386	     0	81.4	148.4	 847	OK
 387	     0	80.7	147.1	 840	OK
 388	     0	79.5	143.5	 864	OK
 389	     0	78.8	144.9	 862	OK
 390	     0	79.8	145.0	 850	OK
 391	     0	79.4	140.9	 858	OK
 392	     0	79.6	145.0	 833	OK
 393	     0	78.3	140.6	 849	OK
 394	     0	78.2	140.4	 851	OK
 395	     0	78.9	144.2	 848	OK
 396	     0	77.8	139.4	 868	OK
 397	     0	78.3	142.6	 847	OK
 398	     0	79.3	143.8	 845	OK
 399	     0	76.9	141.5	 860	OK
 400	     0	79.7	144.0	 847	OK
 401	     0	78.2	139.2	 845	OK
 402	     0	80.1	143.7	 860	OK
 403	     0	77.2	141.6	 837	OK
 404	     0	79.6	142.0	 844	OK
 405	     0	79.0	143.7	 843	OK
 406	     0	78.3	140.7	 840	OK
 407	     0	79.9	146.8	 844	OK
 408	     0	79.0	142.3	 866	OK
 409	     0	79.5	143.7	 865	OK
 410	     0	77.6	140.1	 819	OK
 411	     0	79.9	145.0	 835	OK
 412	     0	79.7	144.8	 847	OK
 413	     0	78.3	144.4	 862	OK
 414	     0	79.2	141.9	 866	OK
 415	     0	79.7	144.6	 862	OK
 416	     0	78.9	144.2	 859	OK
 417	     0	77.7	141.3	 850	OK
 418	     0	79.7	144.6	 841	OK
 419	     0	79.0	144.0	 841	OK
 420	     0	79.5	141.8	 829	OK
 421	     0	81.0	146.4	 852	OK
 422	     0	77.3	143.0	 864	OK
 423	     0	76.5	139.7	 877	OK
 424	     0	78.5	140.0	 858	OK
 425	     0	77.7	141.7	 841	OK
 426	     0	76.5	141.5	 856	OK
 427	     0	77.6	140.0	 841	OK
 428	     0	77.1	142.1	 863	OK
 429	     0	79.4	146.4	 852	OK
 430	     0	78.6	144.3	 858	OK
 431	     0	78.4	142.7	 852	OK
 432	     0	77.0	140.1	 861	OK
 433	     0	78.7	142.8	 862	OK
 434	     0	78.1	141.1	 849	OK
 435	     0	83.2	147.9	 860	OK
 436	     0	79.3	143.6	 855	OK
 437	     0	79.0	144.0	 866	OK
 438	     0	76.6	140.1	 868	OK
 439	     0	81.9	147.3	 854	OK
 440	     0	77.8	141.0	 843	OK
 441	     0	78.0	140.0	 865	OK
 442	     0	79.4	142.3	 886	OK
 443	     0	82.0	146.9	 885	OK
 444	     0	75.7	137.8	 888	OK
 445	     0	78.4	143.3	 873	OK
 446	     0	81.2	146.1	 896	OK
 447	     0	79.1	142.5	 887	OK
 448	     0	79.4	144.8	 892	OK
 449	     0	76.5	138.0	 883	OK
 450	     0	79.2	142.8	 878	OK
 451	     0	77.2	141.3	 873	OK
 452	     0	79.5	147.2	 862	OK
 453	     0	78.1	141.7	 876	OK
 454	     0	80.7	144.0	 885	OK
 455	     0	77.5	140.7	 869	OK
 456	     0	78.7	142.9	 878	OK
 457	     0	76.9	141.2	 886	OK
 458	     0	77.6	142.4	 896	OK
 459	     0	79.2	146.4	 899	OK
 460	     0	77.6	139.7	 884	OK
 461	     0	78.2	141.4	 868	OK
 462	     0	78.0	141.6	 861	OK
 463	     0	77.4	141.1	 873	OK
 464	     0	77.9	146.4	 896	OK
 465	     0	78.2	141.9	 882	OK
 466	     0	77.9	139.4	 892	OK
 467	     0	76.3	140.3	 873	OK
 468	     0	78.6	142.0	 878	OK
 469	     0	76.0	138.7	 870	OK
 470	     0	79.3	142.2	 886	OK
 471	     0	80.3	143.7	 875	OK
 472	     0	81.5	146.1	 891	OK
 473	     0	77.8	141.2	 887	OK
 474	     0	79.0	144.9	 901	OK
 475	     0	76.7	140.2	 894	OK
 476	     0	76.8	141.3	 886	OK
 477	     0	81.5	148.1	 878	OK
 478	     0	77.2	138.7	 881	OK
 479	     0	79.7	146.1	 897	OK
 480	     0	79.2	145.1	 891	OK
 481	     0	78.3	143.4	 867	OK
 482	     0	75.8	137.6	 886	OK
 483	     0	79.4	144.2	 885	OK
 484	     0	77.2	141.0	 890	OK
 485	     0	77.4	139.6	 874	OK
 486	     0	77.4	141.2	 895	OK
 487	     0	82.3	146.8	 878	OK
 488	     0	80.3	146.1	 889	OK
 489	     0	78.7	142.9	 884	OK
 490	     0	80.0	146.3	 895	OK
 491	     0	79.7	146.8	 860	OK
 492	     0	76.4	139.7	 900	OK
 493	     0	78.9	145.7	 891	OK
 494	     0	77.9	139.5	 891	OK
 495	     0	78.8	144.2	 891	OK
 496	     0	79.0	142.9	 867	OK
 497	     0	78.1	142.4	 887	OK
 498	     0	76.0	138.1	 898	OK
 499	     0	78.9	143.5	 887	OK
 500	     0	80.4	145.0	 883	OK
 501	     0	77.8	140.0	 916	OK
 502	     0	78.5	142.0	 879	OK
 503	     0	79.5	143.5	 881	OK
 504	     0	79.1	143.9	 882	OK
 505	     0	81.2	146.7	 919	OK
 506	     0	79.3	143.2	 893	OK
 507	     0	79.3	144.9	 887	OK
 508	     0	77.3	140.7	 886	OK
 509	     0	81.5	146.0	 901	OK
 510	     0	79.6	145.3	 893	OK
 511	     0	77.6	142.9	 880	OK
 512	     0	78.9	145.1	 855	OK
 513	     0	76.6	142.1	 861	OK
 514	     0	77.2	141.4	 856	OK
 515	     0	77.1	141.4	 874	OK
 516	     0	78.3	144.6	 866	OK
 517	     0	75.6	138.3	 858	OK
 518	     0	80.5	148.5	 840	OK
 519	     0	77.1	143.2	 850	OK
 520	     0	74.5	137.9	 868	OK
 521	     0	75.7	140.7	 865	OK
 522	     0	75.5	139.8	 846	OK
 523	     0	76.7	143.9	 842	OK
 524	     0	75.9	140.3	 863	OK
 525	     0	75.2	138.7	 872	OK
 526	     0	77.9	144.1	 869	OK
 527	     0	75.5	140.1	 848	OK
 528	     0	77.1	140.9	 874	OK
 529	     0	77.4	143.4	 844	OK
 530	     0	79.4	144.3	 861	OK
 531	     0	77.0	141.6	 850	OK
 532	     0	77.8	141.4	 840	OK
 533	     0	76.9	142.2	 846	OK
 534	     0	77.8	141.6	 853	OK
 535	     0	78.1	142.2	 867	OK
 536	     0	76.8	142.6	 855	OK
 537	     0	74.8	136.8	 864	OK
 538	     0	77.1	141.2	 864	OK
 539	     0	74.7	138.0	 840	OK
 540	     0	76.1	141.6	 847	OK
 541	     0	75.2	137.2	 843	OK
 542	     0	77.4	141.7	 843	OK
 543	     0	74.3	136.2	 843	OK
 544	     0	77.0	140.4	 847	OK
 545	     0	76.0	141.2	 848	OK
 546	     0	74.3	135.6	 861	OK
 547	     0	78.4	143.9	 835	OK
 548	     0	77.9	140.8	 835	OK
 549	     0	78.4	142.2	 858	OK
 550	     0	74.7	136.4	 858	OK
 551	     0	75.1	137.9	 844	OK
 552	     0	76.7	138.7	 848	OK
 553	     0	79.9	143.2	 834	OK
 554	     0	76.2	141.2	 868	OK
 555	     0	74.8	139.2	 868	OK
 556	     0	78.4	143.6	 849	OK
 557	     0	77.0	142.8	 850	OK
 558	     0	78.3	142.6	 847	OK
 559	     0	78.7	143.3	 831	OK
 560	     0	79.2	143.9	 847	OK
 561	     0	75.9	137.6	 854	OK
 562	     0	77.3	142.3	 870	OK
 563	     0	80.3	146.3	 858	OK
 564	     0	77.2	140.5	 857	OK
 565	     0	76.0	139.9	 860	OK
 566	     0	75.7	139.1	 862	OK
 567	     0	72.4	133.0	 853	OK
 568	     0	77.8	141.8	 843	OK
 569	     0	76.8	141.0	 866	OK
 570	     0	76.5	138.8	 862	OK
 571	     0	76.4	140.4	 865	OK
 572	     0	78.3	141.1	 875	OK
 573	     0	75.1	140.0	 842	OK
 574	     0	76.6	139.4	 848	OK
 575	     0	74.9	138.2	 846	OK
 576	     0	78.0	143.1	 852	OK
 577	     0	79.5	145.7	 853	OK
 578	     0	78.2	144.0	 851	OK
 579	     0	75.9	138.5	 864	OK
 580	     0	76.8	138.5	 857	OK
 581	     0	75.4	138.0	 843	OK
 582	     0	74.9	138.3	 832	OK
 583	     0	77.5	141.2	 841	OK
 584	     0	76.7	139.7	 834	OK
 585	     0	76.6	140.7	 849	OK
 586	     0	76.3	141.4	 853	OK
 587	     0	78.0	141.7	 859	OK
 588	     0	80.7	144.5	 854	OK
 589	     0	76.5	138.2	 869	OK
 590	     0	78.8	144.1	 846	OK
 591	     0	78.5	142.7	 860	OK
 592	     0	78.6	144.2	 875	OK
 593	     0	77.0	140.4	 862	OK
 594	     0	73.7	133.7	 861	OK
 595	     0	77.9	142.8	 868	OK
 596	     0	76.7	142.2	 855	OK
 597	     0	78.0	141.1	 860	OK
 598	     0	77.5	142.2	 875	OK
 599	     0	78.2	142.4	 859	OK
 600	     0	77.2	140.7	 845	OK
 601	     0	76.6	140.1	 852	OK
 602	     0	80.4	142.4	 865	OK
 603	     0	78.3	142.2	 851	OK
 604	     0	79.1	144.1	 883	OK
 605	     0	77.8	142.5	 863	OK
 606	     0	79.8	143.3	 894	OK
 607	     0	80.1	144.2	 881	OK
 608	     0	77.5	140.3	 882	OK
 609	     0	77.1	139.9	 859	OK
 610	     0	74.3	137.8	 874	OK
 611	     0	77.1	141.2	 869	OK
 612	     0	76.4	141.1	 860	OK
 613	     0	77.8	132.3	 865	OK
 614	     0	79.7	144.4	 888	OK
 615	     0	81.1	147.0	 874	OK
 616	     0	76.7	139.4	 893	OK
 617	     0	79.1	143.0	 903	OK
 618	     0	79.0	141.0	 905	OK
 619	     0	76.2	141.0	 874	OK
 620	     0	78.2	140.0	 874	OK
 621	     0	79.6	147.1	 902	OK
 622	     0	78.1	143.3	 886	OK
 623	     0	78.9	143.6	 879	OK
 624	     0	77.7	139.8	 891	OK
 625	     0	79.8	144.4	 883	OK
 626	     0	75.0	138.3	 876	OK
 627	     0	78.9	145.1	 890	OK
 628	     0	80.3	144.4	 896	OK
 629	     0	77.3	140.8	 887	OK
 630	     0	81.6	148.2	 866	OK
 631	     0	80.5	145.0	 877	OK
 632	     0	79.9	146.0	 894	OK
 633	     0	79.8	145.9	 891	OK
 634	     0	82.5	147.8	 888	OK
 635	     0	77.2	140.2	 897	OK
 636	     0	78.6	143.2	 900	OK
 637	     0	79.0	143.5	 916	OK
 638	     0	80.5	145.7	 916	OK
 639	     0	80.2	145.6	 895	OK
 640	     0	80.8	148.5	 912	OK
 641	     0	79.7	150.1	 922	OK
 642	     0	77.7	143.8	 900	OK
 643	     0	76.8	141.9	 910	OK
 644	     0	76.4	143.6	 902	OK
 645	     0	78.9	144.9	 918	OK
 646	     0	76.0	142.5	 917	OK
 647	     0	78.6	146.0	 925	OK
 648	     0	78.2	147.2	 900	OK
 649	     0	80.4	148.2	 901	OK
 650	     0	77.2	145.9	 917	OK
 651	     0	78.3	145.3	 917	OK
 652	     0	76.3	143.3	 916	OK
 653	     0	77.2	144.5	 892	OK
 654	     0	78.4	143.3	 907	OK
 655	     0	76.2	143.4	 919	OK
 656	     0	77.0	142.2	 889	OK
 657	     0	76.8	142.5	 886	OK
 658	     0	78.4	146.0	 898	OK
 659	     0	77.0	141.6	 903	OK
 660	     0	77.8	143.9	 890	OK
 661	     0	76.3	142.4	 884	OK
 662	     0	78.8	147.5	 892	OK
 663	     0	77.9	145.8	 893	OK
 664	     0	79.4	145.7	 892	OK
 665	     0	78.6	141.8	 864	OK
 666	     0	77.5	141.1	 867	OK
 667	     0	78.7	145.7	 888	OK
 668	     0	78.0	142.6	 880	OK
 669	     0	74.8	140.1	 903	OK
 670	     0	76.5	141.7	 882	OK
 671	     0	76.1	140.8	 886	OK
 672	     0	78.2	145.3	 877	OK
 673	     0	76.4	142.4	 872	OK
 674	     0	78.1	143.1	 873	OK
 675	     0	75.5	142.8	 877	OK
 676	     0	76.3	141.8	 869	OK
 677	     0	79.2	145.0	 878	OK
 678	     0	76.4	141.4	 884	OK
 679	     0	77.8	142.7	 882	OK
 680	     0	77.2	142.4	 884	OK
 681	     0	75.8	142.5	 866	OK
 682	     0	75.2	139.3	 881	OK
 683	     0	76.0	140.7	 890	OK
 684	     0	76.2	139.8	 868	OK
 685	     0	75.2	137.1	 870	OK
 686	     0	77.8	147.1	 886	OK
 687	     0	76.5	142.5	 873	OK
 688	     0	77.2	143.2	 900	OK
 689	     0	76.6	140.8	 869	OK
 690	     0	77.8	141.9	 861	OK
 691	     0	75.0	138.5	 882	OK
 692	     0	80.4	146.0	 865	OK
 693	     0	78.4	144.8	 883	OK
 694	     0	79.6	145.6	 875	OK
 695	     0	76.4	142.2	 878	OK
 696	     0	76.5	141.9	 885	OK
 697	     0	79.1	146.0	 889	OK
 698	     0	75.8	139.7	 872	OK
 699	     0	76.2	141.6	 860	OK
 700	     0	79.0	144.4	 891	OK
 701	     0	77.9	143.4	 881	OK
 702	     0	79.8	146.2	 871	OK
 703	     0	76.2	142.6	 876	OK
 704	     0	79.6	145.4	 870	OK
 705	     0	78.7	141.7	 867	OK
 706	     0	75.8	137.9	 860	OK
 707	     0	79.0	145.4	 863	OK
 708	     0	78.4	142.8	 877	OK
 709	     0	77.4	141.5	 879	OK
 710	     0	77.9	143.6	 843	OK
 711	     0	76.7	141.0	 873	OK
 712	     0	80.0	144.1	 855	OK
 713	     0	75.7	140.0	 860	OK
 714	     0	77.7	139.8	 872	OK
 715	     0	78.2	140.4	 882	OK
 716	     0	78.9	141.7	 857	OK
 717	     0	75.6	137.6	 880	OK
 718	     0	76.9	141.8	 848	OK
 719	     0	75.8	140.2	 850	OK
 720	     0	76.7	141.3	 871	OK
 721	     0	77.7	141.9	 856	OK
 722	     0	77.1	139.2	 842	OK
 723	     0	76.7	139.1	 873	OK
 724	     0	75.6	138.0	 855	OK
 725	     0	74.7	137.9	 851	OK
 726	     0	77.1	138.6	 855	OK
 727	     0	77.5	140.0	 859	OK
 728	     0	78.0	140.7	 859	OK
 729	     0	74.3	136.9	 867	OK
 730	     0	76.2	137.3	 871	OK
 731	     0	75.5	138.3	 856	OK
 732	     0	76.8	140.3	 851	OK
 733	     0	74.5	137.8	 843	OK
 734	     0	77.5	142.0	 866	OK
 735	     0	77.8	139.0	 848	OK
 736	     0	78.4	140.9	 880	OK
 737	     0	74.8	133.9	 871	OK
 738	     0	77.4	140.5	 877	OK
 739	     0	79.5	143.1	 863	OK
 740	     0	77.1	142.7	 869	OK
 741	     0	78.1	141.6	 831	OK
 742	     0	74.7	135.4	 876	OK
 743	     0	78.4	142.1	 864	OK
 744	     0	77.4	140.2	 859	OK
 745	     0	79.0	142.7	 867	OK
 746	     0	76.5	138.5	 887	OK
 747	     0	75.5	138.1	 861	OK
 748	     0	75.6	136.9	 871	OK
 749	     0	75.8	139.6	 844	OK
 750	     0	79.2	141.4	 870	OK
 751	     0	76.1	140.1	 856	OK
 752	     0	80.1	143.4	 858	OK
 753	     0	78.3	143.3	 880	OK
 754	     0	77.2	137.8	 842	OK
 755	     0	76.0	139.8	 858	OK
 756	     0	77.6	141.1	 861	OK
 757	     0	78.2	138.3	 871	OK
 758	     0	78.9	141.8	 853	OK
 759	     0	78.8	141.3	 858	OK
 760	     0	78.3	140.0	 865	OK
 761	     0	79.0	142.4	 865	OK
 762	     0	77.8	142.6	 840	OK
 763	     0	78.2	143.9	 876	OK
 764	     0	77.2	141.4	 867	OK
 765	     0	78.1	140.4	 885	OK
 766	     0	78.5	142.4	 878	OK
 767	     0	78.8	141.9	 879	OK
 768	     0	79.9	145.0	 904	OK
 769	     0	79.4	144.6	 907	OK
 770	     0	79.0	141.7	 933	OK
 771	     0	78.3	142.4	 922	OK
 772	     0	77.1	141.1	 922	OK
 773	     0	73.8	136.7	 929	OK
 774	     0	78.5	141.2	 922	OK
 775	     0	75.2	138.6	 922	OK
 776	     0	79.8	145.6	 912	OK
 777	     0	76.9	140.2	 918	OK
 778	     0	77.6	140.5	 913	OK
 779	     0	77.2	139.5	 935	OK
 780	     0	79.4	141.2	 931	OK
 781	     0	75.7	138.9	 907	OK
 782	     0	76.2	138.9	 901	OK
 783	     0	75.5	136.9	 895	OK
 784	     0	76.7	139.5	 899	OK
 785	     0	75.1	138.1	 909	OK
 786	     0	78.5	140.6	 901	OK
 787	     0	76.5	137.9	 908	OK
 788	     0	80.2	145.8	 927	OK
 789	     0	76.1	136.9	 917	OK
 790	     0	80.3	145.3	 917	OK
 791	     0	74.8	135.1	 906	OK
 792	     0	76.7	138.6	 917	OK
 793	     0	76.3	139.5	 908	OK
 794	     0	77.6	139.9	 895	OK
 795	     0	76.8	140.6	 905	OK
 796	     0	76.5	138.6	 882	OK
 797	     0	77.0	137.5	 891	OK
 798	     0	79.5	142.4	 914	OK
 799	     0	77.1	139.5	 904	OK
 800	     0	74.8	135.6	 861	OK
 801	     0	78.1	137.8	 904	OK
 802	     0	76.8	139.3	 905	OK
 803	     0	76.9	139.5	 891	OK
 804	     0	76.7	140.5	 901	OK
 805	     0	77.4	139.9	 865	OK
 806	     0	78.8	143.2	 884	OK
 807	     0	75.7	133.6	 882	OK
 808	     0	76.7	138.9	 895	OK
 809	     0	78.1	142.1	 868	OK
 810	     0	76.9	140.7	 902	OK
 811	     0	76.9	140.2	 878	OK
 812	     0	78.8	144.0	 891	OK
 813	     0	75.3	139.7	 890	OK
 814	     0	77.5	141.0	 906	OK
 815	     0	76.3	139.4	 899	OK
 816	     0	74.7	134.1	 916	OK
 817	     0	73.9	135.5	 919	OK
 818	     0	77.3	138.6	 892	OK
 819	     0	76.5	138.3	 928	OK
 820	     0	78.6	141.7	 913	OK
 821	     0	75.6	136.2	 912	OK
 822	     0	77.1	140.6	 919	OK
 823	     0	76.4	140.1	 919	OK
 824	     0	76.7	139.7	 906	OK
 825	     0	77.4	139.4	 897	OK
 826	     0	75.5	138.7	 902	OK
 827	     0	75.1	135.0	 914	OK
 828	     0	77.5	140.8	 902	OK
 829	     0	77.7	140.6	 903	OK
 830	     0	78.5	141.6	 916	OK
 831	     0	77.4	141.4	 911	OK
 832	     0	78.9	141.1	 905	OK
 833	     0	78.5	143.8	 912	OK
 834	     0	77.8	143.1	 914	OK
 835	     0	78.7	142.9	 927	OK
 836	     0	76.5	139.3	 901	OK
 837	     0	75.4	138.3	 924	OK
 838	     0	75.9	139.0	 934	OK
 839	     0	77.3	139.8	 911	OK
 840	     0	78.3	140.7	 913	OK
 841	     0	77.2	141.4	 916	OK
 842	     0	77.4	140.0	 914	OK
 843	     0	77.9	140.5	 944	OK
 844	     0	78.3	141.1	 917	OK
 845	     0	76.6	139.1	 906	OK
 846	     0	77.6	141.5	 921	OK
 847	     0	75.8	139.0	 909	OK
 848	     0	78.1	142.6	 911	OK
 849	     0	76.1	139.5	 924	OK
 850	     0	76.0	136.6	 912	OK
 851	     0	76.9	140.9	 913	OK
 852	     0	78.7	142.4	 913	OK
 853	     0	78.8	144.2	 921	OK
 854	     0	77.2	140.5	 935	OK
 855	     0	78.4	144.1	 914	OK
 856	     0	80.7	144.0	 903	OK
 857	     0	75.6	140.1	 909	OK
 858	     0	77.3	141.3	 921	OK
 859	     0	76.3	139.8	 917	OK
 860	     0	76.2	139.2	 917	OK
 861	     0	75.4	138.2	 884	OK
 862	     0	78.3	141.4	 908	OK
 863	     0	79.3	144.5	 917	OK
 864	     0	77.7	141.1	 918	OK
 865	     0	79.9	144.4	 914	OK
 866	     0	78.6	142.8	 910	OK
 867	     0	75.3	137.7	 913	OK
 868	     0	77.3	138.1	 917	OK
 869	     0	76.5	136.6	 891	OK
 870	     0	75.7	139.5	 906	OK
 871	     0	80.2	143.2	 882	OK
 872	     0	74.6	137.4	 901	OK
 873	     0	78.4	143.2	 895	OK
 874	     0	74.2	137.1	 896	OK
 875	     0	77.7	142.2	 929	OK
 876	     0	78.5	144.3	 874	OK
 877	     0	76.0	137.8	 912	OK
 878	     0	77.6	139.4	 898	OK
 879	     0	80.0	144.2	 900	OK
 880	     0	76.9	138.5	 881	OK
 881	     0	78.0	140.6	 908	OK
 882	     0	78.3	140.3	 903	OK
 883	     0	78.4	141.8	 907	OK
 884	     0	80.9	143.0	 890	OK
 885	     0	73.9	137.1	 887	OK
 886	     0	76.5	139.9	 909	OK
 887	     0	76.9	141.2	 900	OK
 888	     0	77.1	141.2	 901	OK
 889	     0	78.6	141.1	 894	OK
 890	     0	77.6	141.8	 899	OK
 891	     0	78.9	142.6	 887	OK
 892	     0	77.7	139.7	 917	OK
 893	     0	79.6	142.7	 887	OK
 894	     0	79.5	142.3	 901	OK
 895	     0	80.7	146.5	 892	OK
 896	  4000	78.5	144.6	 916	high noise
 897	     0	83.0	148.4	 888	OK
 898	  4000	78.8	144.4	 929	high noise
 899	     0	77.8	141.6	 868	OK
 900	     0	80.6	147.9	 875	OK
 901	     0	80.9	145.7	 894	OK
 902	  4000	77.6	143.0	 907	high noise
 903	     0	76.5	142.5	 901	OK
 904	     0	79.9	145.9	 898	OK
 905	     0	78.9	143.0	 901	OK
 906	  4000	78.7	145.3	 906	high noise
 907	  4000	78.4	143.9	 903	high noise
 908	  4000	81.0	146.2	 921	high noise
 909	  4000	80.3	147.8	 912	high noise
 910	     0	78.4	143.5	 892	OK
 911	  4000	77.1	140.1	 914	high noise
 912	     0	81.0	146.2	 893	OK
 913	  4000	79.1	148.1	 922	high noise
 914	  4000	81.8	150.4	 915	high noise
 915	     0	78.8	142.9	 884	OK
 916	     0	77.6	141.0	 891	OK
 917	  4000	77.6	141.7	 905	high noise
 918	  4000	78.4	142.3	 908	high noise
 919	     0	79.2	144.4	 878	OK
 920	     0	78.2	142.3	 889	OK
 921	     0	76.6	143.5	 879	OK
 922	     0	79.3	145.0	 871	OK
 923	     0	82.2	147.2	 877	OK
 924	     0	78.8	142.2	 896	OK
 925	     0	79.2	145.1	 875	OK
 926	     0	79.5	144.8	 869	OK
 927	     0	80.8	145.7	 878	OK
 928	     0	77.9	141.7	 885	OK
 929	     0	80.3	145.8	 880	OK
 930	     0	81.0	148.4	 869	OK
 931	     0	77.3	142.0	 859	OK
 932	     0	80.4	147.7	 874	OK
 933	     0	79.9	144.9	 874	OK
 934	     0	81.2	149.5	 888	OK
 935	     0	81.2	148.6	 893	OK
 936	     0	77.4	142.6	 880	OK
 937	     0	81.2	147.5	 870	OK
 938	     0	80.0	147.9	 867	OK
 939	     0	78.4	141.9	 873	OK
 940	     0	77.5	143.4	 853	OK
 941	     0	82.9	151.3	 859	OK
 942	     0	81.2	149.7	 876	OK
 943	     0	80.3	144.4	 875	OK
 944	     0	80.5	148.8	 875	OK
 945	     0	81.1	147.4	 859	OK
 946	     0	79.3	144.5	 862	OK
 947	     0	77.7	141.6	 849	OK
 948	     0	80.4	145.7	 870	OK
 949	     0	79.1	145.9	 887	OK
 950	     0	80.6	149.0	 856	OK
 951	     0	78.7	143.4	 851	OK
 952	     0	78.1	143.9	 848	OK
 953	     0	79.0	145.4	 811	OK
 954	     0	80.2	147.3	 855	OK
 955	     0	80.6	148.6	 840	OK
 956	     0	80.5	148.5	 848	OK
 957	     0	80.7	150.0	 834	OK
 958	     0	79.8	144.5	 823	OK
 959	     0	77.9	142.0	 833	OK
 960	     0	81.8	150.9	 825	OK
 961	     0	82.9	151.0	 832	OK
 962	     0	81.3	147.8	 824	OK
 963	     0	81.5	149.1	 821	OK
 964	     0	80.9	148.4	 844	OK
 965	     0	82.4	149.0	 816	OK
 966	     0	76.6	140.6	 838	OK
 967	     0	81.5	147.6	 832	OK
 968	     0	81.0	148.0	 825	OK
 969	     0	77.2	144.0	 825	OK
 970	     0	77.3	141.4	 823	OK
 971	     0	79.5	146.9	 847	OK
 972	     0	81.4	148.3	 836	OK
 973	     0	81.1	149.9	 827	OK
 974	     0	79.6	146.2	 831	OK
 975	     0	80.2	147.8	 849	OK
 976	     0	79.3	144.8	 823	OK
 977	     0	79.9	146.0	 851	OK
 978	     0	80.0	148.7	 813	OK
 979	     0	80.4	144.4	 835	OK
 980	     0	80.2	147.3	 846	OK
 981	     0	79.9	145.6	 841	OK
 982	     0	77.0	140.5	 848	OK
 983	     0	79.0	145.2	 847	OK
 984	     0	79.0	145.4	 832	OK
 985	     0	80.8	148.9	 829	OK
 986	     0	80.0	144.3	 828	OK
 987	     0	81.2	147.3	 830	OK
 988	     0	80.7	145.9	 822	OK
 989	     0	81.5	151.3	 826	OK
 990	     0	82.0	147.8	 825	OK
 991	     0	78.5	145.0	 841	OK
 992	     0	78.2	143.1	 843	OK
 993	     0	81.5	149.0	 849	OK
 994	     0	81.7	147.1	 807	OK
 995	     0	82.4	148.7	 809	OK
 996	     0	82.9	151.3	 825	OK
 997	     0	82.7	151.2	 838	OK
 998	     0	81.7	149.8	 818	OK
 999	     0	82.0	151.3	 814	OK
1000	     0	82.4	147.7	 828	OK
1001	     0	80.8	146.0	 814	OK
1002	     0	80.4	147.9	 822	OK
1003	     0	81.3	150.6	 796	OK
1004	     0	82.3	149.6	 811	OK
1005	     0	80.2	145.9	 817	OK
1006	     0	80.6	147.9	 821	OK
1007	     0	83.2	152.3	 803	OK
1008	     0	81.8	148.5	 830	OK
1009	     0	79.1	145.5	 823	OK
1010	     0	79.7	145.2	 829	OK
1011	     0	82.4	147.4	 829	OK
1012	     0	83.6	152.3	 828	OK
1013	     0	80.5	148.1	 817	OK
1014	     0	79.7	146.7	 818	OK
1015	     0	82.8	149.0	 808	OK
1016	     0	79.7	145.7	 795	OK
1017	     0	81.3	150.2	 814	OK
1018	     0	83.6	151.5	 806	OK
1019	     0	81.9	150.1	 821	OK
1020	     0	83.4	149.6	 791	OK
1021	     0	85.1	156.0	 799	OK
1022	     0	81.5	149.6	 806	OK
1023	     0	81.7	149.8	 809	OK
1024	     0	79.9	144.6	 832	OK
1025	     0	77.4	139.8	 820	OK
1026	     0	76.3	138.3	 838	OK
1027	     0	75.7	138.4	 841	OK
1028	     0	78.8	143.0	 818	OK
1029	     0	77.1	137.0	 826	OK
1030	     0	75.7	138.1	 837	OK
1031	     0	78.7	141.1	 831	OK
1032	     0	79.1	141.6	 815	OK
1033	     0	76.7	139.5	 831	OK
1034	     0	77.4	141.3	 850	OK
1035	     0	74.7	137.0	 832	OK
1036	     0	76.5	137.1	 817	OK
1037	     0	78.9	145.2	 825	OK
1038	     0	79.2	141.5	 830	OK
1039	     0	76.8	140.7	 853	OK
1040	     0	76.9	137.9	 831	OK
1041	     0	77.0	139.7	 813	OK
1042	     0	75.9	139.5	 839	OK
1043	     0	75.9	138.6	 844	OK
1044	     0	78.2	142.6	 830	OK
1045	     0	76.1	136.8	 836	OK
1046	     0	76.2	140.5	 834	OK
1047	     0	77.3	141.3	 843	OK
1048	     0	76.8	140.2	 831	OK
1049	     0	74.3	135.4	 842	OK
1050	     0	77.2	140.6	 840	OK
1051	     0	77.9	139.3	 834	OK
1052	     0	77.1	138.6	 856	OK
1053	     0	75.8	138.6	 843	OK
1054	     0	76.6	136.9	 821	OK
1055	     0	75.9	139.8	 845	OK
1056	     0	76.5	139.4	 858	OK
1057	     0	77.6	143.2	 866	OK
1058	     0	80.8	144.1	 864	OK
1059	     0	76.3	139.3	 864	OK
1060	     0	76.4	139.9	 865	OK
1061	     0	76.8	138.4	 846	OK
1062	     0	77.1	141.3	 881	OK
1063	     0	76.9	139.2	 876	OK
1064	     0	77.3	141.2	 871	OK
1065	     0	77.4	138.7	 882	OK
1066	     0	73.9	136.4	 858	OK
1067	     0	75.5	138.6	 873	OK
1068	     0	76.3	137.3	 870	OK
1069	     0	77.9	139.9	 879	OK
1070	     0	78.1	143.0	 889	OK
1071	     0	78.1	143.1	 876	OK
1072	     0	73.2	133.3	 877	OK
1073	     0	74.3	136.5	 870	OK
1074	     0	76.3	140.9	 871	OK
1075	     0	79.4	144.5	 881	OK
1076	     0	79.5	145.3	 872	OK
1077	     0	77.6	141.7	 874	OK
1078	     0	75.4	137.6	 862	OK
1079	     0	75.6	137.6	 879	OK
1080	     0	75.1	139.3	 864	OK
1081	     0	77.5	140.0	 895	OK
1082	     0	77.4	142.2	 871	OK
1083	     0	76.0	140.0	 867	OK
1084	     0	79.2	143.9	 882	OK
1085	     0	78.4	140.2	 871	OK
1086	     0	78.7	142.2	 882	OK
1087	     0	76.5	139.1	 880	OK
1088	     0	79.2	143.5	 896	OK
1089	     0	79.7	144.3	 893	OK
1090	     0	78.7	142.6	 869	OK
1091	     0	77.3	142.5	 882	OK
1092	     0	79.0	143.7	 895	OK
1093	     0	77.1	136.9	 889	OK
1094	     0	74.7	133.3	 879	OK
1095	     0	77.3	140.1	 883	OK
1096	     0	76.2	139.8	 862	OK
1097	     0	75.6	137.7	 900	OK
1098	     0	76.8	140.0	 880	OK
1099	     0	75.6	137.9	 889	OK
1100	     0	77.1	140.7	 853	OK
1101	     0	76.8	138.0	 876	OK
1102	     0	75.9	139.3	 857	OK
1103	     0	75.1	136.5	 884	OK
1104	     0	75.1	136.4	 876	OK
1105	     0	75.0	137.3	 880	OK
1106	     0	76.0	136.8	 865	OK
1107	     0	77.0	141.3	 869	OK
1108	     0	75.7	137.4	 877	OK
1109	     0	76.2	136.9	 891	OK
1110	     0	77.4	140.2	 882	OK
1111	     0	77.6	141.9	 881	OK
1112	     0	79.2	143.6	 902	OK
1113	     0	77.1	138.6	 871	OK
1114	     0	75.0	137.6	 868	OK
1115	     0	79.2	140.6	 881	OK
1116	     0	75.4	137.9	 872	OK
1117	     0	75.6	136.7	 893	OK
1118	     0	72.9	133.8	 879	OK
1119	     0	74.0	134.1	 878	OK
1120	     0	76.0	138.9	 893	OK
1121	     0	77.9	141.1	 872	OK
1122	     0	76.5	139.4	 883	OK
1123	     0	74.8	136.4	 878	OK
1124	     0	76.6	140.4	 865	OK
1125	     0	76.0	137.4	 868	OK
1126	     0	77.3	138.6	 856	OK
1127	     0	77.2	139.5	 864	OK
1128	     0	78.0	141.2	 883	OK
1129	     0	75.5	137.7	 866	OK
1130	     0	76.2	139.6	 865	OK
1131	     0	78.1	141.2	 880	OK
1132	     0	78.1	141.2	 877	OK
1133	     0	76.6	138.6	 867	OK
1134	     0	78.9	143.7	 866	OK
1135	     0	76.5	139.1	 877	OK
1136	     0	77.2	139.6	 881	OK
1137	     0	77.6	142.5	 866	OK
1138	     0	78.7	140.7	 867	OK
1139	     0	76.3	140.1	 871	OK
1140	     0	77.3	139.7	 874	OK
1141	     0	76.9	139.7	 884	OK
1142	     0	76.5	139.9	 906	OK
1143	     0	73.2	135.0	 881	OK
1144	     0	75.8	136.2	 884	OK
1145	     0	76.2	137.0	 880	OK
1146	     0	76.6	139.2	 877	OK
1147	     0	79.3	143.4	 880	OK
1148	     0	79.6	143.0	 862	OK
1149	     0	81.1	146.1	 894	OK
1150	     0	79.8	145.5	 893	OK
1151	     0	77.9	139.4	 884	OK
1152	     0	82.6	146.0	 885	OK
1153	     0	80.5	143.6	 882	OK
1154	     0	81.8	150.5	 886	OK
1155	     0	79.3	145.3	 881	OK
1156	     0	79.8	143.6	 893	OK
1157	     0	78.4	145.4	 863	OK
1158	     0	76.9	139.7	 882	OK
1159	     0	80.6	144.1	 896	OK
1160	     0	78.5	145.4	 888	OK
1161	     0	81.7	146.4	 882	OK
1162	     0	77.5	141.7	 879	OK
1163	     0	79.0	143.5	 869	OK
1164	     0	79.4	141.8	 877	OK
1165	     0	80.6	145.7	 856	OK
1166	     0	79.7	145.4	 881	OK
1167	     0	81.2	145.1	 871	OK
1168	     0	81.6	148.7	 893	OK
1169	     0	80.2	145.4	 860	OK
1170	     0	80.3	146.4	 861	OK
1171	     0	81.5	147.1	 868	OK
1172	     0	81.3	148.0	 886	OK
1173	     0	80.2	147.5	 856	OK
1174	     0	80.3	145.7	 862	OK
1175	     0	79.2	144.4	 860	OK
1176	     0	79.7	143.7	 868	OK
1177	     0	84.1	151.0	 867	OK
1178	     0	79.9	146.4	 882	OK
1179	     0	80.5	146.8	 864	OK
1180	     0	81.4	144.6	 870	OK
1181	     0	79.8	143.6	 868	OK
1182	     0	81.6	148.4	 883	OK
1183	     0	81.8	147.0	 879	OK
1184	     0	79.6	141.9	 896	OK
1185	     0	82.5	149.6	 866	OK
1186	     0	81.1	145.1	 882	OK
1187	     0	79.8	145.5	 860	OK
1188	     0	81.1	148.2	 876	OK
1189	     0	80.4	146.4	 871	OK
1190	     0	78.8	142.4	 871	OK
1191	     0	80.9	147.1	 851	OK
1192	     0	81.3	146.1	 877	OK
1193	     0	82.0	145.7	 858	OK
1194	     0	81.1	147.2	 895	OK
1195	     0	81.5	146.9	 873	OK
1196	     0	79.2	143.3	 883	OK
1197	     0	78.8	146.3	 858	OK
1198	     0	80.4	146.8	 868	OK
1199	     0	81.0	148.6	 884	OK
1200	     0	80.0	146.5	 871	OK
1201	     0	81.5	145.5	 870	OK
1202	     0	79.5	142.7	 881	OK
1203	     0	82.5	149.9	 884	OK
1204	     0	81.1	145.8	 874	OK
1205	     0	81.9	149.3	 887	OK
1206	     0	77.9	143.5	 880	OK
1207	     0	83.9	153.5	 879	OK
1208	     0	81.7	147.2	 863	OK
1209	     0	82.8	147.5	 880	OK
1210	     0	79.7	144.8	 891	OK
1211	     0	82.0	147.2	 858	OK
1212	     0	81.7	150.0	 873	OK
1213	     0	78.4	142.5	 860	OK
1214	     0	81.8	147.8	 893	OK
1215	     0	81.7	147.0	 901	OK
1216	     0	79.9	147.1	 863	OK
1217	     0	82.4	148.2	 878	OK
1218	     0	80.4	145.6	 869	OK
1219	     0	78.4	141.8	 856	OK
1220	     0	81.2	145.6	 884	OK
1221	     0	82.0	148.7	 870	OK
1222	     0	78.3	141.9	 895	OK
1223	     0	82.8	146.9	 878	OK
1224	     0	81.0	146.9	 877	OK
1225	     0	82.0	146.7	 861	OK
1226	     0	77.6	140.6	 881	OK
1227	     0	79.4	144.0	 871	OK
1228	     0	81.1	145.8	 866	OK
1229	     0	84.0	153.5	 885	OK
1230	     0	80.7	144.5	 867	OK
1231	     0	79.4	145.1	 878	OK
1232	     0	81.8	146.6	 875	OK
1233	     0	84.8	152.7	 866	OK
1234	     0	80.5	146.6	 856	OK
1235	     0	80.3	143.6	 845	OK
1236	     0	82.3	146.2	 866	OK
1237	     0	82.3	150.2	 848	OK
1238	     0	79.1	145.0	 840	OK
1239	     0	78.9	144.6	 850	OK
1240	     0	83.1	150.4	 862	OK
1241	     0	81.9	150.4	 868	OK
1242	     0	81.1	145.8	 850	OK
1243	     0	81.9	148.4	 870	OK
1244	     0	80.6	145.3	 848	OK
1245	     0	82.4	146.9	 845	OK
1246	     0	80.6	142.9	 839	OK
1247	     0	79.8	143.6	 851	OK
1248	     0	80.6	144.3	 861	OK
1249	     0	80.7	146.3	 845	OK
1250	     0	82.0	149.0	 869	OK
1251	     0	82.8	147.7	 852	OK
1252	     0	81.1	146.5	 836	OK
1253	     0	84.8	153.0	 862	OK
1254	     0	82.6	147.6	 849	OK
1255	     0	80.4	145.5	 867	OK
1256	     0	81.3	148.4	 822	OK
1257	     0	81.6	145.7	 847	OK
1258	     0	83.3	150.8	 825	OK
1259	     0	81.5	148.8	 837	OK
1260	     0	80.2	144.5	 830	OK
1261	     0	80.7	146.2	 869	OK
1262	     0	79.1	141.6	 822	OK
1263	     0	82.6	149.0	 858	OK
1264	     0	82.6	146.5	 834	OK
1265	     0	82.3	149.7	 830	OK
1266	     0	82.9	150.1	 846	OK
1267	     0	82.0	147.0	 829	OK
1268	     0	79.7	144.5	 845	OK
1269	     0	83.8	149.6	 827	OK
1270	     0	79.0	143.1	 808	OK
1271	     0	81.9	147.3	 834	OK
1272	     0	84.2	150.9	 831	OK
1273	     0	81.7	150.4	 840	OK
1274	     0	83.7	150.1	 821	OK
1275	     0	83.0	151.0	 819	OK
1276	     0	82.8	151.3	 811	OK
1277	     0	83.7	151.4	 824	OK
1278	     0	84.6	150.9	 813	OK
1279	     0	84.4	149.1	 826	OK
1280	     0	82.6	147.0	 830	OK
1281	     0	81.9	149.1	 809	OK
1282	     0	83.6	149.9	 786	OK
1283	     0	84.2	151.2	 786	OK
1284	     0	80.7	148.9	 796	OK
1285	     0	81.7	148.2	 797	OK
1286	     0	82.9	151.2	 786	OK
1287	     0	79.7	144.2	 781	OK
1288	     0	82.1	150.7	 808	OK
1289	     0	81.2	148.6	 805	OK
1290	     0	81.5	150.2	 800	OK
1291	     0	79.0	143.1	 797	OK
1292	     0	81.5	146.6	 773	OK
1293	     0	81.6	147.7	 799	OK
1294	     0	82.2	148.5	 785	OK
1295	     0	81.6	146.2	 800	OK
1296	     0	81.6	147.9	 803	OK
1297	     0	84.0	153.8	 796	OK
1298	     0	84.2	152.5	 798	OK
1299	     0	81.9	150.0	 793	OK
1300	     0	82.4	148.4	 786	OK
1301	     0	83.8	151.3	 796	OK
1302	     0	82.4	150.2	 818	OK
1303	     0	80.9	147.5	 817	OK
1304	     0	81.5	145.8	 809	OK
1305	     0	81.3	149.8	 788	OK
1306	     0	83.1	148.8	 803	OK
1307	     0	80.8	145.9	 806	OK
1308	     0	81.9	148.4	 817	OK
1309	     0	82.2	149.8	 793	OK
1310	     0	82.5	148.7	 806	OK
1311	     0	82.5	149.4	 783	OK
1312	     0	85.3	154.3	 810	OK
1313	     0	82.9	151.0	 789	OK
1314	     0	81.0	145.4	 802	OK
1315	     0	81.9	148.0	 790	OK
1316	     0	82.7	148.7	 790	OK
1317	     0	79.7	146.4	 809	OK
1318	     0	82.3	147.9	 798	OK
1319	     0	84.1	151.1	 794	OK
1320	     0	82.8	149.6	 781	OK
1321	     0	82.2	151.6	 791	OK
1322	     0	84.5	150.8	 798	OK
1323	     0	82.5	149.5	 805	OK
1324	     0	79.7	145.1	 806	OK
1325	     0	83.2	152.0	 801	OK
1326	     0	82.3	148.2	 785	OK
1327	     0	80.7	145.3	 777	OK
1328	     0	80.8	146.2	 803	OK
1329	     0	82.6	148.1	 794	OK
1330	     0	81.6	148.5	 812	OK
1331	     0	84.6	154.4	 803	OK
1332	     0	81.1	147.2	 803	OK
1333	     0	81.0	146.5	 821	OK
1334	     0	82.4	150.1	 809	OK
1335	     0	80.7	149.4	 802	OK
1336	     0	80.2	146.7	 810	OK
1337	     0	81.7	148.3	 814	OK
1338	     0	79.4	145.7	 785	OK
1339	     0	79.8	143.8	 799	OK
1340	     0	82.5	148.4	 802	OK
1341	     0	80.6	147.1	 808	OK
1342	     0	79.7	145.1	 807	OK
1343	     0	84.8	152.8	 819	OK
1344	     0	80.4	143.9	 802	OK
1345	     0	82.8	152.4	 795	OK
1346	     0	81.5	146.8	 799	OK
1347	     0	80.4	145.2	 799	OK
1348	     0	81.5	148.6	 822	OK
1349	     0	80.1	146.0	 812	OK
1350	     0	79.1	143.4	 815	OK
1351	     0	81.5	147.8	 805	OK
1352	     0	79.6	144.7	 815	OK
1353	     0	81.0	146.5	 805	OK
1354	     0	82.6	147.9	 801	OK
1355	     0	79.5	145.1	 798	OK
1356	     0	79.8	145.6	 779	OK
1357	     0	79.6	145.3	 788	OK
1358	     0	80.9	147.4	 815	OK
1359	     0	80.5	144.6	 816	OK
1360	     0	82.1	150.4	 819	OK
1361	     0	80.7	145.1	 803	OK
1362	     0	78.2	141.9	 819	OK
1363	     0	80.4	146.9	 796	OK
1364	     0	82.3	147.8	 813	OK
1365	     0	80.8	146.5	 807	OK
1366	     0	82.6	147.4	 808	OK
1367	     0	78.6	143.2	 807	OK
1368	     0	79.4	145.5	 812	OK
1369	     0	78.8	141.2	 793	OK
1370	     0	79.9	143.0	 797	OK
1371	     0	81.2	145.6	 806	OK
1372	     0	82.8	148.3	 805	OK
1373	     0	77.7	141.5	 807	OK
1374	     0	77.7	140.5	 804	OK
1375	     0	82.8	148.9	 811	OK
1376	     0	80.0	146.4	 820	OK
1377	     0	79.2	143.3	 804	OK
1378	     0	79.5	144.2	 810	OK
1379	     0	78.7	141.4	 800	OK
1380	     0	80.6	147.0	 800	OK
1381	     0	81.2	149.1	 797	OK
1382	     0	81.6	146.6	 793	OK
1383	     0	80.6	147.5	 784	OK
1384	     0	78.9	142.7	 804	OK
1385	     0	81.7	146.4	 814	OK
1386	     0	81.5	147.2	 779	OK
1387	     0	78.4	144.7	 810	OK
1388	     0	81.6	146.2	 793	OK
1389	     0	80.8	147.3	 800	OK
1390	     0	79.4	142.5	 805	OK
1391	     0	80.1	146.9	 803	OK
1392	     0	80.9	145.0	 796	OK
1393	     0	79.4	144.7	 807	OK
1394	     0	80.8	144.5	 795	OK
1395	     0	78.4	143.3	 811	OK
1396	     0	79.6	143.0	 802	OK
1397	     0	80.1	145.8	 795	OK
1398	     0	79.3	142.2	 815	OK
1399	     0	81.8	147.4	 794	OK
1400	     0	81.1	145.2	 798	OK
1401	     0	81.2	145.6	 797	OK
1402	     0	81.3	145.7	 816	OK
1403	     0	79.4	144.5	 798	OK
1404	     0	79.3	142.8	 815	OK
1405	     0	83.2	150.7	 818	OK
1406	     0	83.3	148.8	 788	OK
1407	     0	81.2	145.9	 828	OK
1408	     0	79.7	144.1	 799	OK
1409	     0	82.1	149.8	 807	OK
1410	     0	79.1	143.5	 802	OK
1411	     0	81.8	147.9	 802	OK
1412	     0	82.8	150.2	 782	OK
1413	     0	79.8	143.8	 799	OK
1414	     0	80.3	147.4	 793	OK
1415	     0	82.1	146.3	 784	OK
1416	     0	77.9	141.2	 809	OK
1417	     0	80.1	145.9	 773	OK
1418	     0	79.4	144.0	 790	OK
1419	     0	78.0	143.4	 792	OK
1420	     0	80.0	145.3	 776	OK
1421	     0	81.3	147.6	 774	OK
1422	     0	81.8	147.4	 798	OK
1423	     0	79.4	144.7	 762	OK
1424	     0	79.3	144.5	 788	OK
1425	     0	79.7	142.5	 778	OK
1426	     0	78.0	143.2	 772	OK
1427	     0	80.5	146.2	 772	OK
1428	     0	80.5	145.9	 756	OK
1429	     0	80.7	145.6	 781	OK
1430	     0	81.4	148.9	 795	OK
1431	     0	79.2	144.6	 787	OK
1432	     0	79.2	144.6	 785	OK
1433	     0	78.8	146.1	 787	OK
1434	     0	79.2	144.7	 806	OK
1435	     0	79.0	142.3	 788	OK
1436	     0	78.1	142.7	 776	OK
1437	     0	77.6	143.5	 793	OK
1438	     0	81.6	146.0	 783	OK
1439	     0	77.7	141.1	 788	OK
1440	     0	82.2	150.1	 784	OK
1441	     0	78.8	141.7	 768	OK
1442	     0	80.4	144.7	 786	OK
1443	     0	80.3	145.5	 791	OK
1444	     0	80.2	145.8	 771	OK
1445	     0	77.5	141.6	 790	OK
1446	     0	81.0	144.4	 799	OK
1447	     0	82.4	148.3	 786	OK
1448	     0	81.3	147.2	 785	OK
1449	     0	79.0	141.1	 793	OK
1450	     0	78.6	143.5	 791	OK
1451	     0	80.8	145.7	 779	OK
1452	     0	76.9	143.0	 786	OK
1453	     0	79.3	144.5	 772	OK
1454	     0	80.2	146.9	 790	OK
1455	     0	79.0	141.5	 787	OK
1456	     0	83.7	151.9	 781	OK
1457	     0	78.8	144.1	 796	OK
1458	     0	80.2	146.9	 793	OK
1459	     0	79.8	144.4	 797	OK
1460	     0	83.5	149.4	 781	OK
1461	     0	79.5	145.5	 780	OK
1462	     0	83.6	152.2	 803	OK
1463	     0	79.0	144.0	 792	OK
1464	     0	79.2	144.3	 787	OK
1465	     0	80.9	147.1	 777	OK
1466	     0	80.0	144.2	 765	OK
1467	     0	79.3	143.4	 788	OK
1468	     0	81.8	149.4	 806	OK
1469	     0	79.3	144.7	 803	OK
1470	     0	81.2	145.4	 789	OK
1471	     0	80.3	148.8	 790	OK
1472	     0	82.3	146.7	 789	OK
1473	     0	80.6	148.2	 784	OK
1474	     0	77.9	141.4	 798	OK
1475	     0	81.4	147.6	 779	OK
1476	     0	82.0	147.9	 795	OK
1477	     0	77.2	140.4	 795	OK
1478	     0	80.2	145.6	 774	OK
1479	     0	78.9	145.4	 799	OK
1480	     0	81.7	147.0	 802	OK
1481	     0	80.3	148.2	 776	OK
1482	     0	81.0	144.9	 776	OK
1483	     0	85.2	151.9	 798	OK
1484	     0	78.8	142.7	 801	OK
1485	     0	79.4	144.0	 787	OK
1486	     0	77.4	142.0	 775	OK
1487	     0	83.6	152.0	 787	OK
1488	     0	82.0	149.3	 790	OK
1489	     0	83.1	148.1	 794	OK
1490	     0	80.7	146.9	 778	OK
1491	     0	79.6	143.5	 780	OK
1492	     0	78.5	143.8	 772	OK
1493	     0	82.4	149.2	 790	OK
1494	     0	79.9	144.5	 789	OK
1495	     0	81.2	145.7	 787	OK
1496	     0	77.9	142.3	 772	OK
1497	     0	78.7	144.4	 779	OK
1498	     0	82.2	148.5	 767	OK
1499	     0	79.3	142.6	 765	OK
1500	     0	81.5	146.8	 799	OK
1501	     0	83.7	151.4	 793	OK
1502	     0	80.4	147.8	 783	OK
1503	     0	77.3	139.1	 782	OK
1504	     0	81.8	147.5	 779	OK
1505	     0	83.9	150.5	 791	OK
1506	     0	80.3	142.6	 781	OK
1507	     0	80.4	148.7	 797	OK
1508	     0	81.0	149.8	 786	OK
1509	     0	82.1	149.7	 787	OK
1510	     0	83.5	151.6	 785	OK
1511	     0	80.5	145.6	 760	OK
1512	     0	78.8	143.7	 776	OK
1513	     0	81.2	144.6	 805	OK
1514	     0	75.4	137.3	 771	OK
1515	     0	80.9	145.1	 752	OK
1516	     0	80.1	145.0	 759	OK
1517	     0	81.6	148.5	 774	OK
1518	     0	82.8	148.8	 785	OK
1519	     0	80.1	147.9	 767	OK
1520	     0	78.7	144.5	 768	OK
1521	     0	81.1	148.4	 774	OK
1522	     0	79.5	143.7	 776	OK
1523	     0	83.5	149.7	 778	OK
1524	     0	84.9	154.8	 757	OK
1525	     0	79.6	145.8	 796	OK
1526	     0	78.8	144.0	 765	OK
1527	     0	80.9	145.7	 774	OK
1528	     0	79.3	144.5	 772	OK
1529	     0	80.4	144.6	 774	OK
1530	     0	82.4	146.9	 779	OK
1531	     0	81.3	147.5	 783	OK
1532	     0	82.9	147.2	 772	OK
1533	     0	85.2	153.3	 779	OK
1534	     0	80.2	145.3	 773	OK
1535	     0	83.3	148.9	 742	OK
1536	     0	78.8	141.7	 806	OK
1537	     0	79.7	143.5	 797	OK
1538	     0	77.7	141.8	 806	OK
1539	     0	77.2	141.8	 793	OK
1540	     0	78.1	144.3	 815	OK
1541	     0	77.3	142.0	 819	OK
1542	     0	79.5	142.6	 799	OK
1543	     0	80.2	144.5	 798	OK
1544	     0	77.5	141.3	 804	OK
1545	     0	76.0	140.5	 800	OK
1546	     0	78.2	141.7	 827	OK
1547	     0	77.4	141.2	 815	OK
1548	     0	77.8	139.9	 804	OK
1549	     0	78.2	143.7	 808	OK
1550	     0	79.0	144.3	 808	OK
1551	     0	78.3	141.6	 812	OK
1552	     0	75.3	137.2	 805	OK
1553	     0	76.8	142.3	 802	OK
1554	     0	76.2	136.7	 829	OK
1555	     0	78.7	143.4	 822	OK
1556	     0	76.0	138.6	 822	OK
1557	     0	75.0	137.8	 812	OK
1558	     0	76.1	139.7	 824	OK
1559	     0	78.6	145.8	 834	OK
1560	     0	79.6	145.7	 803	OK
1561	     0	78.1	142.2	 802	OK
1562	     0	79.6	145.8	 801	OK
1563	     0	77.2	139.8	 814	OK
1564	     0	76.8	139.6	 790	OK
1565	     0	77.2	140.1	 814	OK
1566	     0	76.0	140.5	 823	OK
1567	     0	78.2	144.1	 811	OK
1568	     0	75.9	136.9	 799	OK
1569	     0	78.1	141.8	 790	OK
1570	     0	75.9	141.0	 804	OK
1571	     0	77.9	142.0	 805	OK
1572	     0	77.4	140.8	 818	OK
1573	     0	74.5	137.7	 833	OK
1574	     0	77.5	142.9	 814	OK
1575	     0	77.4	141.9	 806	OK
1576	     0	76.0	141.2	 828	OK
1577	     0	77.7	141.8	 821	OK
1578	     0	77.2	141.9	 819	OK
1579	     0	77.7	140.1	 811	OK
1580	     0	80.1	145.7	 826	OK
1581	     0	76.1	140.6	 798	OK
1582	     0	74.1	136.2	 791	OK
1583	     0	77.2	140.3	 817	OK
1584	     0	76.8	140.5	 802	OK
1585	     0	76.6	140.4	 848	OK
1586	     0	77.4	142.6	 828	OK
1587	     0	76.6	140.4	 805	OK
1588	     0	79.8	145.2	 808	OK
1589	     0	78.0	139.8	 830	OK
1590	     0	75.9	140.5	 820	OK
1591	     0	77.3	140.6	 822	OK
1592	     0	76.1	141.8	 787	OK
1593	     0	75.7	138.3	 829	OK
1594	     0	76.9	139.2	 805	OK
1595	     0	77.5	142.8	 832	OK
1596	     0	80.1	144.7	 825	OK
1597	     0	76.5	140.5	 831	OK
1598	     0	77.4	143.3	 817	OK
1599	     0	78.5	143.8	 826	OK
1600	     0	79.0	142.6	 825	OK
1601	     0	77.3	142.7	 810	OK
1602	     0	76.9	139.1	 834	OK
1603	     0	78.0	144.2	 846	OK
1604	     0	76.0	141.2	 819	OK
1605	     0	78.4	141.5	 826	OK
1606	     0	75.1	137.9	 829	OK
1607	     0	75.0	138.2	 804	OK
1608	     0	75.8	142.2	 831	OK
1609	     0	77.2	141.0	 834	OK
1610	     0	77.9	141.7	 801	OK
1611	     0	75.5	139.9	 809	OK
1612	     0	76.1	140.5	 821	OK
1613	     0	73.7	135.4	 818	OK
1614	     0	75.1	139.2	 833	OK
1615	     0	76.5	139.4	 827	OK
1616	     0	79.3	145.5	 801	OK
1617	     0	74.3	138.0	 824	OK
1618	     0	77.6	142.4	 791	OK
1619	     0	73.6	134.3	 831	OK
1620	     0	77.0	139.9	 836	OK
1621	     0	76.3	139.9	 820	OK
1622	     0	75.4	135.9	 831	OK
1623	     0	79.1	143.9	 826	OK
1624	     0	77.5	142.2	 811	OK
1625	     0	73.8	137.7	 816	OK
1626	     0	77.9	142.0	 824	OK
1627	     0	77.5	141.1	 814	OK
1628	     0	77.1	141.6	 833	OK
1629	     0	77.8	141.4	 841	OK
1630	     0	79.8	146.8	 810	OK
1631	     0	76.5	140.5	 823	OK
1632	     0	73.8	136.7	 817	OK
1633	     0	75.2	137.6	 813	OK
1634	     0	76.4	140.4	 810	OK
1635	     0	75.8	137.1	 812	OK
1636	     0	78.1	143.0	 823	OK
1637	     0	76.6	139.0	 818	OK
1638	     0	73.5	134.3	 835	OK
1639	     0	76.7	138.9	 823	OK
1640	     0	78.2	141.6	 816	OK
1641	     0	76.8	137.9	 832	OK
1642	     0	75.3	136.4	 789	OK
1643	     0	75.9	138.3	 807	OK
1644	     0	75.5	137.3	 837	OK
1645	     0	75.8	140.6	 808	OK
1646	     0	77.1	142.8	 830	OK
1647	     0	77.3	141.4	 812	OK
1648	     0	76.3	137.1	 800	OK
1649	     0	78.7	142.8	 824	OK
1650	     0	75.1	136.4	 821	OK
1651	     0	78.0	142.0	 832	OK
1652	     0	74.1	135.9	 824	OK
1653	     0	76.9	140.8	 814	OK
1654	     0	77.1	139.3	 832	OK
1655	     0	75.5	138.6	 814	OK
1656	     0	77.2	138.0	 814	OK
1657	     0	78.6	143.3	 811	OK
1658	     0	75.1	138.0	 823	OK
1659	     0	77.4	141.2	 823	OK
1660	     0	77.5	142.9	 819	OK
1661	     0	79.2	143.5	 819	OK
1662	     0	79.1	144.5	 804	OK
1663	     0	79.7	143.9	 798	OK
1664	     0	81.1	148.2	 781	OK
1665	     0	80.7	146.3	 781	OK
1666	     0	78.1	143.7	 781	OK
1667	     0	80.2	143.6	 788	OK
1668	     0	80.0	144.1	 785	OK
1669	     0	78.5	139.8	 802	OK
1670	     0	80.4	146.7	 783	OK
1671	     0	80.1	146.1	 788	OK
1672	     0	77.2	140.6	 766	OK
1673	     0	78.8	143.6	 794	OK
1674	     0	78.0	141.7	 790	OK
1675	     0	79.4	141.7	 794	OK
1676	     0	77.7	143.8	 775	OK
1677	     0	78.4	140.3	 782	OK
1678	     0	80.3	147.1	 790	OK
1679	     0	81.6	148.2	 786	OK
1680	     0	77.5	141.5	 793	OK
1681	     0	76.9	140.1	 780	OK
1682	     0	78.9	142.6	 798	OK
1683	     0	78.7	141.7	 763	OK
1684	     0	78.2	139.8	 784	OK
1685	     0	75.5	137.5	 779	OK
1686	     0	79.5	144.3	 794	OK
1687	     0	78.7	142.1	 770	OK
1688	     0	77.9	143.3	 782	OK
1689	     0	80.3	143.7	 802	OK
1690	     0	76.9	141.5	 797	OK
1691	     0	78.5	143.2	 788	OK
1692	     0	79.5	144.0	 789	OK
1693	     0	76.3	138.7	 785	OK
1694	     0	78.3	140.8	 772	OK
1695	     0	80.2	144.4	 784	OK
1696	     0	76.8	139.0	 783	OK
1697	     0	80.3	144.8	 773	OK
1698	     0	79.3	144.1	 798	OK
1699	     0	78.7	142.6	 795	OK
1700	     0	80.5	145.3	 786	OK
1701	     0	79.4	143.9	 801	OK
1702	     0	79.8	146.2	 789	OK
1703	     0	80.9	147.6	 767	OK
1704	     0	77.3	137.0	 773	OK
1705	     0	78.5	145.1	 795	OK
1706	     0	77.4	141.5	 790	OK
1707	     0	78.9	145.7	 789	OK
1708	     0	79.5	144.9	 770	OK
1709	     0	79.9	143.6	 812	OK
1710	     0	78.9	142.7	 768	OK
1711	     0	80.4	145.4	 780	OK
1712	     0	81.5	148.5	 780	OK
1713	     0	76.1	139.3	 793	OK
1714	     0	79.1	144.3	 770	OK
1715	     0	79.5	142.9	 784	OK
1716	     0	79.8	145.3	 777	OK
1717	     0	80.6	146.5	 786	OK
1718	     0	79.5	145.5	 799	OK
1719	     0	80.4	144.8	 788	OK
1720	     0	80.3	145.1	 787	OK
1721	     0	81.3	145.8	 804	OK
1722	  4000	78.2	141.1	 852	high noise
1723	     0	79.7	144.5	 785	OK
1724	     0	80.2	146.1	 792	OK
1725	     0	79.0	145.3	 785	OK
1726	     0	78.5	141.0	 806	OK
1727	     0	80.1	144.3	 780	OK
1728	     0	80.4	147.3	 811	OK
1729	     0	77.9	144.6	 792	OK
1730	     0	80.6	145.8	 800	OK
1731	     0	78.4	142.5	 789	OK
1732	     0	78.2	141.1	 803	OK
1733	     0	79.7	142.5	 813	OK
1734	     0	76.9	139.8	 808	OK
1735	     0	78.5	144.8	 792	OK
1736	     0	77.9	141.2	 821	OK
1737	     0	79.3	142.5	 790	OK
1738	     0	77.7	141.6	 781	OK
1739	     0	78.4	142.6	 788	OK
1740	     0	77.8	140.9	 786	OK
1741	     0	80.3	145.3	 792	OK
1742	     0	79.8	147.1	 805	OK
1743	     0	79.8	142.8	 788	OK
1744	     0	77.7	143.0	 791	OK
1745	     0	79.6	144.9	 780	OK
1746	     0	78.0	142.6	 802	OK
1747	     0	76.1	139.0	 801	OK
1748	     0	77.8	137.4	 787	OK
1749	     0	76.9	138.8	 798	OK
1750	     0	77.5	140.5	 788	OK
1751	     0	80.1	146.6	 797	OK
1752	     0	79.8	146.4	 807	OK
1753	     0	77.0	140.0	 814	OK
1754	     0	75.4	136.6	 806	OK
1755	     0	77.5	140.6	 782	OK
1756	     0	76.7	141.2	 789	OK
1757	     0	81.1	147.1	 780	OK
1758	     0	78.7	143.5	 786	OK
1759	     0	75.9	140.4	 794	OK
1760	     0	79.8	146.3	 785	OK
1761	     0	77.0	140.1	 789	OK
1762	     0	78.0	143.8	 788	OK
1763	     0	79.7	142.7	 787	OK
1764	     0	80.2	144.1	 778	OK
1765	     0	80.7	146.6	 777	OK
1766	     0	79.9	144.6	 811	OK
1767	     0	79.0	144.4	 801	OK
1768	     0	77.6	142.4	 781	OK
1769	     0	79.6	144.8	 812	OK
1770	     0	78.4	142.3	 787	OK
1771	     0	79.2	147.0	 797	OK
1772	     0	79.3	145.9	 789	OK
1773	     0	80.7	146.4	 809	OK
1774	     0	78.4	142.3	 794	OK
1775	     0	79.7	144.8	 814	OK
1776	     0	79.1	144.1	 788	OK
1777	     0	79.4	144.7	 783	OK
1778	     0	79.6	143.8	 803	OK
1779	     0	78.8	145.0	 798	OK
1780	     0	78.6	144.9	 806	OK
1781	     0	77.5	140.6	 806	OK
1782	     0	76.1	138.4	 823	OK
1783	     0	78.9	145.1	 796	OK
1784	     0	79.1	144.2	 802	OK
1785	     0	79.1	144.3	 800	OK
1786	     0	83.3	151.4	 813	OK
1787	     0	80.6	148.0	 800	OK
1788	     0	82.0	152.0	 795	OK
1789	     0	79.4	144.8	 797	OK
1790	     0	78.8	143.3	 803	OK
1791	     0	79.9	147.5	 808	OK
1792	     0	75.6	139.7	 771	OK
1793	     0	77.6	143.4	 762	OK
1794	     0	74.9	137.8	 759	OK
1795	     0	77.8	142.8	 779	OK
1796	     0	77.0	143.4	 761	OK
1797	     0	75.5	138.5	 777	OK
1798	     0	76.8	142.2	 786	OK
1799	     0	75.4	137.4	 753	OK
1800	     0	76.1	140.2	 788	OK
1801	     0	75.5	139.0	 752	OK
1802	     0	75.5	139.7	 772	OK
1803	     0	76.9	140.9	 756	OK
1804	     0	79.0	145.1	 776	OK
1805	     0	74.0	137.9	 774	OK
1806	     0	77.3	142.9	 784	OK
1807	     0	76.2	143.6	 774	OK
1808	     0	77.2	142.1	 776	OK
1809	     0	81.6	151.4	 767	OK
1810	     0	78.9	145.6	 762	OK
1811	     0	74.7	138.3	 769	OK
1812	     0	75.0	136.1	 772	OK
1813	     0	79.2	144.0	 777	OK
1814	     0	78.5	143.4	 753	OK
1815	     0	77.2	142.5	 775	OK
1816	     0	78.6	143.8	 772	OK
1817	     0	75.3	138.6	 768	OK
1818	     0	75.6	139.3	 779	OK
1819	     0	75.5	137.1	 794	OK
1820	     0	74.1	136.8	 785	OK
1821	     0	79.3	145.7	 791	OK
1822	     0	76.9	141.8	 755	OK
1823	     0	77.4	140.3	 775	OK
1824	     0	76.0	141.4	 780	OK
1825	     0	78.1	143.5	 767	OK
1826	     0	76.0	138.4	 761	OK
1827	     0	77.5	141.8	 746	OK
1828	     0	77.3	140.9	 786	OK
1829	     0	77.9	141.5	 778	OK
1830	     0	77.1	142.3	 776	OK
1831	     0	79.9	144.2	 762	OK
1832	     0	77.5	140.2	 775	OK
1833	     0	77.3	142.5	 782	OK
1834	     0	76.7	140.3	 777	OK
1835	     0	76.2	138.4	 780	OK
1836	     0	75.5	139.1	 800	OK
1837	     0	75.9	139.8	 786	OK
1838	     0	75.4	138.3	 751	OK
1839	     0	77.0	140.1	 774	OK
1840	     0	80.2	144.7	 794	OK
1841	     0	73.7	136.0	 767	OK
1842	     0	76.0	141.7	 771	OK
1843	     0	76.5	141.1	 770	OK
1844	     0	76.7	141.1	 782	OK
1845	     0	77.8	140.8	 784	OK
1846	     0	80.4	143.6	 782	OK
1847	     0	77.2	142.2	 787	OK
1848	     0	77.2	140.2	 791	OK
1849	     0	78.5	144.1	 767	OK
1850	     0	76.2	139.7	 762	OK
1851	     0	79.0	142.9	 783	OK
1852	     0	79.3	142.7	 791	OK
1853	     0	77.9	144.3	 784	OK
1854	     0	80.2	148.5	 762	OK
1855	     0	78.7	143.7	 771	OK
1856	     0	76.5	140.9	 743	OK
1857	     0	81.2	148.2	 788	OK
1858	     0	77.4	142.9	 773	OK
1859	     0	79.0	143.2	 755	OK
1860	     0	76.9	140.2	 759	OK
1861	     0	75.1	137.4	 768	OK
1862	     0	76.4	139.8	 767	OK
1863	     0	76.9	141.1	 780	OK
1864	     0	78.0	145.3	 765	OK
1865	     0	76.2	139.0	 766	OK
1866	     0	78.6	142.5	 773	OK
1867	     0	77.7	142.3	 771	OK
1868	     0	73.6	135.7	 785	OK
1869	     0	79.2	142.6	 766	OK
1870	     0	79.1	144.6	 776	OK
1871	     0	77.7	140.8	 761	OK
1872	     0	77.4	140.0	 757	OK
1873	     0	76.8	139.9	 772	OK
1874	     0	78.1	142.0	 767	OK
1875	     0	77.5	140.9	 755	OK
1876	     0	78.0	140.9	 771	OK
1877	     0	77.7	141.9	 763	OK
1878	     0	79.6	144.7	 758	OK
1879	     0	78.7	142.2	 766	OK
1880	     0	76.6	140.8	 758	OK
1881	     0	78.0	141.6	 766	OK
1882	     0	75.6	137.7	 763	OK
1883	     0	77.5	141.7	 751	OK
1884	     0	78.7	143.9	 750	OK
1885	     0	78.3	142.7	 762	OK
1886	     0	76.9	137.6	 755	OK
1887	     0	78.3	145.0	 744	OK
1888	     0	76.3	138.9	 766	OK
1889	     0	78.7	144.6	 786	OK
1890	     0	77.3	141.7	 763	OK
1891	     0	75.1	138.3	 755	OK
1892	     0	75.4	139.1	 758	OK
1893	     0	79.7	144.0	 763	OK
1894	     0	79.4	146.1	 761	OK
1895	     0	78.5	143.3	 772	OK
1896	     0	77.9	140.4	 761	OK
1897	     0	77.6	142.6	 754	OK
1898	     0	78.9	142.7	 756	OK
1899	     0	77.5	141.0	 773	OK
1900	     0	78.8	142.8	 743	OK
1901	     0	77.5	141.7	 769	OK
1902	     0	79.1	141.6	 768	OK
1903	     0	79.1	146.9	 771	OK
1904	     0	79.3	142.9	 770	OK
1905	     0	78.0	141.2	 778	OK
1906	     0	80.4	145.7	 764	OK
1907	     0	78.9	143.7	 761	OK
1908	     0	78.9	143.4	 769	OK
1909	     0	78.4	142.0	 759	OK
1910	     0	77.9	142.0	 758	OK
1911	     0	79.1	145.1	 769	OK
1912	     0	79.9	144.8	 771	OK
1913	     0	76.4	141.1	 764	OK
1914	     0	79.8	144.5	 769	OK
1915	     0	80.4	146.8	 780	OK
1916	     0	77.7	141.5	 763	OK
1917	     0	78.8	142.0	 783	OK
1918	     0	81.1	148.7	 786	OK
1919	     0	81.8	148.1	 776	OK
1920	     0	79.3	150.0	 782	OK
1921	     0	79.9	150.2	 759	OK
1922	     0	80.4	150.9	 786	OK
1923	     0	77.1	144.2	 758	OK
1924	     0	78.4	147.5	 785	OK
1925	     0	79.1	146.8	 801	OK
1926	     0	80.7	149.2	 761	OK
1927	     0	78.7	147.7	 758	OK
1928	     0	79.2	148.7	 785	OK
1929	     0	78.5	145.3	 758	OK
1930	     0	79.4	147.1	 769	OK
1931	     0	79.7	150.8	 774	OK
1932	     0	78.0	146.3	 766	OK
1933	     0	80.7	149.4	 764	OK
1934	     0	77.4	144.0	 776	OK
1935	     0	77.3	144.9	 796	OK
1936	     0	79.4	147.2	 775	OK
1937	     0	74.3	138.6	 764	OK
1938	     0	76.5	140.4	 785	OK
1939	     0	76.7	141.2	 757	OK
1940	     0	78.7	146.7	 778	OK
1941	     0	77.1	142.4	 782	OK
1942	     0	74.8	138.0	 760	OK
1943	     0	77.4	142.3	 784	OK
1944	     0	78.5	144.5	 761	OK
1945	     0	78.8	145.5	 763	OK
1946	     0	78.5	142.1	 766	OK
1947	     0	78.2	145.6	 766	OK
1948	     0	77.7	143.8	 752	OK
1949	     0	76.1	142.9	 747	OK
1950	     0	77.8	144.8	 773	OK
1951	     0	74.8	140.3	 752	OK
1952	     0	79.2	145.1	 766	OK
1953	     0	77.0	144.2	 743	OK
1954	     0	77.8	143.1	 766	OK
1955	     0	77.4	142.9	 776	OK
1956	     0	75.9	141.3	 766	OK
1957	     0	76.7	141.7	 768	OK
1958	     0	77.2	143.5	 781	OK
1959	     0	75.3	139.9	 774	OK
1960	     0	75.7	140.2	 764	OK
1961	     0	78.7	145.9	 754	OK
1962	     0	78.5	146.4	 760	OK
1963	     0	79.3	147.0	 759	OK
1964	     0	76.8	144.1	 762	OK
1965	     0	78.5	143.2	 756	OK
1966	     0	78.3	144.3	 759	OK
1967	     0	76.9	141.3	 767	OK
1968	     0	76.3	139.4	 757	OK
1969	     0	77.1	144.8	 794	OK
1970	     0	75.6	139.8	 765	OK
1971	     0	74.9	137.6	 778	OK
1972	     0	79.1	145.2	 773	OK
1973	     0	77.0	141.9	 766	OK
1974	     0	74.4	137.2	 758	OK
1975	     0	78.5	145.4	 766	OK
1976	     0	78.1	143.2	 759	OK
1977	     0	79.9	145.6	 776	OK
1978	     0	74.7	141.3	 774	OK
1979	     0	79.4	146.9	 753	OK
1980	     0	76.6	140.1	 768	OK
1981	     0	78.4	144.6	 778	OK
1982	     0	80.6	146.3	 770	OK
1983	     0	80.7	146.3	 774	OK
1984	     0	78.1	144.8	 773	OK
1985	     0	76.5	139.1	 762	OK
1986	     0	75.0	136.4	 760	OK
1987	     0	78.5	143.9	 755	OK
1988	     0	78.7	143.2	 758	OK
1989	     0	76.5	140.4	 747	OK
1990	     0	77.0	142.1	 769	OK
1991	     0	77.2	142.2	 776	OK
1992	     0	74.8	136.4	 758	OK
1993	     0	77.7	142.1	 764	OK
1994	     0	77.8	142.6	 753	OK
1995	     0	75.4	137.2	 743	OK
1996	     0	78.6	141.3	 748	OK
1997	     0	78.5	141.0	 756	OK
1998	     0	75.7	139.4	 748	OK
1999	     0	75.4	138.0	 761	OK
2000	     0	77.7	143.0	 750	OK
2001	     0	79.3	145.3	 761	OK
2002	     0	79.9	145.3	 742	OK
2003	     0	77.6	143.9	 742	OK
2004	     0	79.3	143.4	 750	OK
2005	     0	76.7	140.5	 750	OK
2006	     0	80.2	145.7	 755	OK
2007	     0	77.8	143.1	 743	OK
2008	     0	73.0	133.4	 754	OK
2009	     0	77.6	139.5	 745	OK
2010	     0	77.7	138.6	 763	OK
2011	     0	77.3	141.2	 743	OK
2012	     0	76.2	138.8	 745	OK
2013	     0	76.2	141.0	 761	OK
2014	     0	75.2	138.7	 745	OK
2015	     0	77.2	139.3	 760	OK
2016	     0	77.8	141.4	 749	OK
2017	     0	77.2	139.7	 774	OK
2018	     0	77.0	140.9	 743	OK
2019	     0	76.5	140.2	 750	OK
2020	     0	78.7	142.1	 742	OK
2021	     0	77.3	141.4	 748	OK
2022	     0	77.6	141.4	 756	OK
2023	     0	77.1	138.3	 740	OK
2024	     0	78.5	140.4	 759	OK
2025	     0	76.3	138.4	 733	OK
2026	     0	78.1	141.6	 727	OK
2027	     0	75.9	138.9	 754	OK
2028	     0	76.3	138.1	 744	OK
2029	     0	75.6	141.3	 755	OK
2030	     0	74.7	137.5	 758	OK
2031	     0	79.3	144.7	 755	OK
2032	     0	76.4	140.2	 747	OK
2033	     0	78.5	141.9	 752	OK
2034	     0	78.5	142.8	 754	OK
2035	     0	80.0	146.6	 734	OK
2036	     0	78.4	142.4	 735	OK
2037	     0	77.1	142.2	 743	OK
2038	     0	78.7	142.3	 729	OK
2039	     0	77.6	143.3	 747	OK
2040	     0	78.2	142.1	 750	OK
2041	     0	78.0	141.2	 750	OK
2042	     0	79.1	144.2	 747	OK
2043	     0	78.7	141.6	 750	OK
2044	     0	79.2	142.6	 753	OK
2045	     0	79.9	143.8	 765	OK
2046	     0	79.9	147.6	 736	OK
2047	     0	79.7	144.1	 737	OK
2048	     0	79.6	143.7	 779	OK
2049	     0	78.7	146.2	 768	OK
2050	     0	75.1	136.3	 783	OK
2051	     0	76.9	138.2	 757	OK
2052	     0	79.5	145.6	 775	OK
2053	     0	78.6	141.9	 790	OK
2054	     0	75.8	139.2	 775	OK
2055	     0	77.1	137.3	 791	OK
2056	     0	79.1	141.2	 768	OK
2057	     0	77.0	141.1	 786	OK
2058	     0	75.3	137.1	 774	OK
2059	     0	76.5	140.1	 772	OK
2060	     0	77.8	141.4	 783	OK
2061	     0	73.4	134.3	 777	OK
2062	     0	76.4	138.2	 783	OK
2063	     0	76.8	142.1	 772	OK
2064	     0	79.7	147.4	 791	OK
2065	     0	76.6	139.2	 784	OK
2066	     0	76.8	141.2	 773	OK
2067	     0	76.7	140.5	 783	OK
2068	     0	78.0	140.8	 788	OK
2069	     0	73.3	133.4	 780	OK
2070	     0	78.4	140.5	 786	OK
2071	     0	79.1	143.5	 765	OK
2072	     0	77.0	139.8	 788	OK
2073	     0	75.3	139.3	 781	OK
2074	     0	77.6	139.7	 785	OK
2075	     0	76.7	139.2	 803	OK
2076	     0	76.7	140.5	 764	OK
2077	     0	77.3	141.4	 784	OK
2078	     0	74.0	135.4	 789	OK
2079	     0	73.7	135.6	 782	OK
2080	     0	75.2	137.7	 763	OK
2081	     0	77.0	141.6	 775	OK
2082	     0	76.6	140.0	 767	OK
2083	     0	78.2	142.2	 788	OK
2084	     0	76.1	136.6	 776	OK
2085	     0	76.3	140.4	 782	OK
2086	     0	76.1	138.8	 781	OK
2087	     0	78.2	140.2	 767	OK
2088	     0	76.5	139.9	 796	OK
2089	     0	75.0	137.1	 803	OK
2090	     0	74.4	136.5	 778	OK
2091	     0	77.3	139.8	 771	OK
2092	     0	75.9	138.0	 795	OK
2093	     0	76.0	140.0	 779	OK
2094	     0	76.6	140.1	 806	OK
2095	     0	76.6	140.0	 767	OK
2096	     0	77.3	140.4	 804	OK
2097	     0	78.0	143.1	 795	OK
2098	     0	77.5	141.4	 799	OK
2099	     0	76.6	138.4	 796	OK
2100	     0	75.8	139.7	 775	OK
2101	     0	77.4	141.1	 764	OK
2102	     0	75.6	139.4	 796	OK
2103	     0	79.6	143.5	 799	OK
2104	     0	74.5	136.0	 811	OK
2105	     0	73.8	137.4	 804	OK
2106	     0	76.0	137.7	 791	OK
2107	     0	77.7	143.2	 773	OK
2108	     0	77.8	142.1	 779	OK
2109	     0	76.4	139.2	 762	OK
2110	     0	77.4	138.6	 789	OK
2111	     0	78.9	144.2	 785	OK
2112	     0	78.5	143.1	 789	OK
2113	     0	75.6	139.0	 814	OK
2114	     0	75.7	138.6	 816	OK
2115	     0	75.5	137.0	 807	OK
2116	     0	75.2	139.9	 801	OK
2117	     0	75.1	137.5	 800	OK
2118	     0	79.3	146.0	 809	OK
2119	     0	76.6	139.2	 801	OK
2120	     0	77.7	140.4	 797	OK
2121	     0	76.2	140.9	 797	OK
2122	     0	77.3	140.1	 806	OK
2123	     0	76.4	140.7	 774	OK
2124	     0	78.3	143.5	 794	OK
2125	     0	75.3	138.0	 765	OK
2126	     0	77.1	141.7	 813	OK
2127	     0	78.0	142.9	 789	OK
2128	     0	78.5	144.4	 797	OK
2129	     0	77.7	140.6	 809	OK
2130	     0	79.4	142.4	 795	OK
2131	     0	78.0	142.9	 790	OK
2132	     0	76.6	141.0	 795	OK
2133	     0	76.7	140.3	 798	OK
2134	     0	76.0	135.9	 787	OK
2135	     0	77.4	141.1	 799	OK
2136	     0	76.5	138.3	 783	OK
2137	     0	76.8	139.2	 796	OK
2138	     0	78.8	143.9	 793	OK
2139	     0	76.5	138.4	 790	OK
2140	     0	78.4	140.6	 793	OK
2141	     0	76.9	141.6	 802	OK
2142	     0	78.7	142.5	 771	OK
2143	   200	82.9	150.2	 786	high gain
2144	     0	76.8	140.5	 797	OK
2145	     0	79.3	143.8	 789	OK
2146	     0	75.1	139.1	 789	OK
2147	     0	75.7	138.7	 792	OK
2148	     0	78.3	142.0	 771	OK
2149	     0	73.2	134.5	 785	OK
2150	     0	78.2	143.0	 785	OK
2151	     0	77.1	140.1	 780	OK
2152	     0	76.9	139.8	 800	OK
2153	     0	77.6	139.9	 797	OK
2154	     0	77.2	142.1	 781	OK
2155	     0	77.1	140.6	 794	OK
2156	     0	76.1	139.3	 796	OK
2157	     0	78.4	142.9	 794	OK
2158	     0	76.5	140.6	 786	OK
2159	     0	76.9	139.6	 771	OK
2160	     0	79.0	142.2	 795	OK
2161	     0	75.5	137.9	 805	OK
2162	     0	76.4	138.9	 792	OK
2163	     0	78.1	142.7	 786	OK
2164	     0	78.1	143.0	 784	OK
2165	     0	79.2	142.7	 778	OK
2166	     0	78.0	142.6	 796	OK
2167	     0	74.8	136.5	 781	OK
2168	   200	82.5	148.7	 778	high gain
2169	     0	78.1	143.8	 767	OK
2170	     0	77.8	142.5	 807	OK
2171	     0	79.6	143.3	 777	OK
2172	     0	79.2	144.6	 809	OK
2173	     0	77.8	141.8	 796	OK
2174	     0	78.2	143.4	 808	OK
2175	     0	77.9	141.8	 769	OK
2176	     0	80.2	148.7	 792	OK
2177	     0	80.0	146.2	 785	OK
2178	     0	80.6	148.2	 765	OK
2179	     0	80.9	146.4	 769	OK
2180	     0	82.3	152.4	 777	OK
2181	     0	79.0	146.0	 765	OK
2182	     0	80.0	148.2	 788	OK
2183	     0	79.6	147.7	 793	OK
2184	     0	80.3	145.3	 783	OK
2185	     0	77.7	142.0	 791	OK
2186	     0	80.7	149.2	 780	OK
2187	     0	82.6	148.5	 785	OK
2188	     0	81.0	147.9	 780	OK
2189	     0	78.0	141.8	 781	OK
2190	     0	79.2	145.9	 788	OK
2191	     0	80.4	147.7	 792	OK
2192	     0	81.0	148.5	 785	OK
2193	     0	80.4	148.1	 795	OK
2194	     0	77.9	142.7	 795	OK
2195	     0	80.7	146.0	 779	OK
2196	     0	79.5	144.4	 783	OK
2197	     0	81.0	148.3	 778	OK
2198	     0	77.3	141.7	 782	OK
2199	     0	78.7	144.6	 798	OK
2200	     0	78.6	144.4	 787	OK
2201	     0	82.0	149.0	 780	OK
2202	     0	78.7	144.3	 795	OK
2203	     0	76.4	141.4	 774	OK
2204	     0	79.9	145.5	 788	OK
2205	     0	79.8	145.1	 797	OK
2206	     0	77.0	142.1	 795	OK
2207	     0	76.7	141.3	 774	OK
2208	     0	78.2	142.2	 793	OK
2209	     0	78.5	144.1	 761	OK
2210	     0	78.1	145.3	 787	OK
2211	     0	81.8	148.2	 788	OK
2212	     0	80.4	147.7	 785	OK
2213	     0	78.7	143.0	 799	OK
2214	     0	81.6	146.9	 800	OK
2215	     0	79.3	144.5	 799	OK
2216	     0	77.4	143.5	 779	OK
2217	     0	80.5	147.9	 787	OK
2218	     0	81.7	149.8	 791	OK
2219	     0	79.5	145.4	 765	OK
2220	     0	77.1	144.3	 797	OK
2221	     0	79.0	145.8	 776	OK
2222	     0	77.5	140.7	 794	OK
2223	     0	79.0	145.8	 784	OK
2224	     0	78.2	143.4	 791	OK
2225	     0	78.3	145.4	 808	OK
2226	     0	82.1	148.0	 799	OK
2227	     0	81.9	148.9	 796	OK
2228	     0	79.4	145.3	 779	OK
2229	     0	81.0	147.9	 792	OK
2230	     0	81.2	149.7	 782	OK
2231	     0	81.1	147.1	 794	OK
2232	     0	78.7	145.8	 812	OK
2233	     0	79.2	145.5	 811	OK
2234	     0	80.5	145.8	 801	OK
2235	     0	79.1	144.2	 783	OK
2236	     0	81.2	146.5	 787	OK
2237	     0	77.0	142.9	 812	OK
2238	     0	77.4	143.2	 769	OK
2239	     0	81.0	148.1	 779	OK
2240	     0	81.6	151.1	 783	OK
2241	     0	79.2	144.4	 797	OK
2242	     0	83.8	151.6	 797	OK
2243	     0	82.8	150.3	 776	OK
2244	     0	78.4	145.3	 784	OK
2245	     0	79.2	144.5	 784	OK
2246	     0	80.7	147.4	 792	OK
2247	     0	82.2	149.6	 800	OK
2248	     0	81.4	147.3	 786	OK
2249	     0	81.5	149.2	 791	OK
2250	     0	83.4	153.5	 771	OK
2251	     0	81.9	150.1	 767	OK
2252	     0	80.5	147.9	 763	OK
2253	     0	81.2	150.5	 784	OK
2254	     0	80.1	145.3	 769	OK
2255	     0	82.0	150.9	 789	OK
2256	     0	80.8	147.5	 775	OK
2257	     0	80.3	147.9	 787	OK
2258	     0	79.2	144.6	 773	OK
2259	     0	78.0	142.0	 774	OK
2260	     0	79.8	145.3	 781	OK
2261	     0	80.0	145.9	 777	OK
2262	     0	77.9	143.8	 775	OK
2263	     0	80.4	146.5	 777	OK
2264	     0	78.4	142.8	 786	OK
2265	     0	80.4	148.0	 784	OK
2266	     0	79.7	144.2	 784	OK
2267	     0	82.1	150.0	 784	OK
2268	     0	79.0	145.2	 773	OK
2269	     0	79.2	146.5	 787	OK
2270	     0	79.6	148.4	 785	OK
2271	     0	78.5	146.1	 778	OK
2272	     0	83.3	149.0	 786	OK
2273	     0	83.4	148.9	 791	OK
2274	     0	79.6	145.8	 781	OK
2275	     0	80.6	147.0	 789	OK
2276	     0	80.0	146.8	 771	OK
2277	     0	81.5	150.4	 780	OK
2278	     0	81.4	147.6	 767	OK
2279	     0	80.2	146.7	 758	OK
2280	     0	80.7	145.6	 768	OK
2281	     0	78.0	142.9	 762	OK
2282	     0	81.9	151.0	 775	OK
2283	     0	79.5	146.2	 771	OK
2284	     0	81.8	148.8	 789	OK
2285	     0	80.4	146.0	 782	OK
2286	     0	81.4	149.1	 777	OK
2287	     0	79.7	145.5	 763	OK
2288	     0	82.1	150.3	 775	OK
2289	   200	86.6	155.8	 777	high gain
2290	     0	81.8	150.0	 751	OK
2291	     0	81.3	150.0	 781	OK
2292	     0	81.7	152.0	 760	OK
2293	     0	81.3	150.0	 763	OK
2294	     0	81.4	148.7	 777	OK
2295	     0	80.4	145.9	 786	OK
2296	     0	84.5	154.8	 787	OK
2297	     0	81.7	151.4	 767	OK
2298	     0	81.8	148.5	 768	OK
2299	     0	81.7	149.6	 771	OK
2300	     0	82.1	150.9	 785	OK
2301	     0	84.1	153.8	 782	OK
2302	     0	82.3	153.1	 775	OK
2303	     0	81.9	149.9	 787	OK
2304	     0	79.6	146.9	 800	OK
2305	     0	77.8	139.6	 788	OK
2306	     0	77.4	142.1	 794	OK
2307	     0	73.7	136.2	 800	OK
2308	     0	78.6	140.5	 820	OK
2309	     0	75.0	138.1	 815	OK
2310	     0	74.9	135.7	 807	OK
2311	     0	75.6	138.3	 800	OK
2312	     0	75.8	137.1	 812	OK
2313	     0	77.0	138.5	 796	OK
2314	     0	77.5	140.7	 812	OK
2315	     0	75.3	137.7	 800	OK
2316	     0	76.3	139.5	 808	OK
2317	     0	77.0	139.8	 790	OK
2318	     0	78.7	142.9	 818	OK
2319	     0	75.2	135.4	 798	OK
2320	     0	74.7	139.3	 828	OK
2321	     0	77.2	139.4	 789	OK
2322	     0	74.0	135.6	 808	OK
2323	     0	76.6	138.8	 791	OK
2324	     0	77.0	139.0	 817	OK
2325	     0	79.1	143.1	 813	OK
2326	     0	75.9	137.8	 797	OK
2327	     0	79.5	147.3	 812	OK
2328	     0	77.2	140.4	 813	OK
2329	     0	75.2	138.1	 814	OK
2330	     0	74.2	135.6	 810	OK
2331	     0	77.3	138.4	 806	OK
2332	     0	79.2	144.1	 806	OK
2333	     0	75.9	136.1	 786	OK
2334	     0	74.9	136.5	 799	OK
2335	     0	75.9	137.1	 826	OK
2336	     0	79.2	144.0	 830	OK
2337	     0	78.3	144.2	 802	OK
2338	     0	76.7	139.1	 830	OK
2339	     0	78.0	140.4	 832	OK
2340	     0	76.8	139.4	 814	OK
2341	     0	75.6	137.5	 818	OK
2342	     0	76.3	141.1	 803	OK
2343	     0	78.7	141.8	 815	OK
2344	     0	75.0	138.4	 798	OK
2345	     0	78.3	141.3	 827	OK
2346	     0	76.0	136.8	 823	OK
2347	     0	78.1	142.1	 828	OK
2348	     0	76.9	138.9	 813	OK
2349	     0	76.7	138.2	 800	OK
2350	     0	76.9	140.2	 816	OK
2351	     0	77.0	141.3	 834	OK
2352	     0	76.6	141.0	 808	OK
2353	     0	76.0	139.9	 815	OK
2354	     0	79.3	145.6	 821	OK
2355	     0	75.8	139.0	 819	OK
2356	     0	76.6	139.5	 821	OK
2357	     0	78.9	142.2	 816	OK
2358	     0	76.2	138.1	 818	OK
2359	     0	75.4	138.4	 846	OK
2360	     0	78.7	141.9	 818	OK
2361	     0	76.5	139.6	 814	OK
2362	     0	79.8	145.3	 807	OK
2363	     0	77.7	142.4	 789	OK
2364	     0	78.3	144.4	 829	OK
2365	     0	76.7	137.8	 795	OK
2366	     0	76.0	140.6	 839	OK
2367	     0	77.4	143.7	 825	OK
2368	     0	76.2	139.9	 811	OK
2369	     0	77.3	139.1	 824	OK
2370	     0	75.3	137.4	 829	OK
2371	     0	75.8	138.3	 813	OK
2372	     0	77.0	140.2	 822	OK
2373	     0	75.9	140.8	 829	OK
2374	     0	76.5	139.8	 814	OK
2375	     0	75.3	137.2	 824	OK
2376	     0	79.1	143.2	 828	OK
2377	     0	76.2	139.4	 838	OK
2378	     0	77.8	140.8	 822	OK
2379	     0	76.8	138.4	 820	OK
2380	     0	76.1	139.1	 814	OK
2381	     0	76.6	139.2	 814	OK
2382	     0	75.2	139.1	 806	OK
2383	     0	77.1	138.2	 810	OK
2384	     0	75.7	136.4	 827	OK
2385	     0	74.7	137.8	 819	OK
2386	     0	74.8	134.1	 822	OK
2387	     0	75.0	136.9	 827	OK
2388	     0	75.6	135.3	 827	OK
2389	     0	77.7	140.2	 815	OK
2390	     0	76.8	142.5	 819	OK
2391	     0	74.9	137.6	 804	OK
2392	     0	75.1	137.4	 811	OK
2393	     0	73.8	136.9	 818	OK
2394	     0	74.3	135.0	 840	OK
2395	     0	77.2	139.2	 806	OK
2396	     0	76.5	137.6	 823	OK
2397	     0	75.7	138.2	 810	OK
2398	     0	76.8	139.2	 807	OK
2399	     0	76.5	140.1	 816	OK
2400	     0	78.5	143.1	 827	OK
2401	     0	79.6	145.8	 826	OK
2402	     0	78.7	141.0	 829	OK
2403	     0	77.2	139.4	 828	OK
2404	     0	75.1	138.1	 810	OK
2405	     0	74.8	137.7	 806	OK
2406	     0	78.8	141.8	 838	OK
2407	     0	76.3	139.5	 816	OK
2408	     0	77.0	139.9	 819	OK
2409	     0	77.2	139.9	 804	OK
2410	     0	75.2	137.7	 824	OK
2411	     0	75.9	138.4	 822	OK
2412	     0	77.9	143.4	 809	OK
2413	     0	78.4	142.1	 831	OK
2414	     0	77.4	141.7	 815	OK
2415	     0	75.1	135.9	 807	OK
2416	     0	75.9	139.0	 819	OK
2417	     0	77.3	141.9	 801	OK
2418	     0	76.8	138.4	 798	OK
2419	     0	78.5	140.6	 816	OK
2420	     0	75.9	139.2	 820	OK
2421	     0	78.9	144.0	 833	OK
2422	     0	77.1	142.1	 812	OK
2423	     0	74.5	136.7	 803	OK
2424	     0	74.2	134.7	 804	OK
2425	     0	76.5	140.1	 791	OK
2426	     0	76.8	139.0	 807	OK
2427	     0	79.3	143.2	 831	OK
2428	     0	77.8	139.4	 821	OK
2429	     0	76.9	139.7	 795	OK
2430	     0	79.8	143.4	 811	OK
2431	     0	80.5	144.6	 812	OK
2432	     0	82.3	148.1	 823	OK
2433	     0	81.9	149.7	 844	OK
2434	     0	80.5	148.1	 808	OK
2435	     0	80.0	145.9	 803	OK
2436	     0	78.4	144.7	 812	OK
2437	     0	81.5	149.5	 810	OK
2438	     0	82.4	147.9	 810	OK
2439	     0	81.4	148.7	 815	OK
2440	     0	82.3	150.8	 825	OK
2441	     0	79.0	143.3	 811	OK
2442	     0	80.0	144.7	 838	OK
2443	     0	83.1	150.9	 808	OK
2444	     0	77.5	142.1	 821	OK
2445	     0	80.1	145.9	 803	OK
2446	     0	82.6	148.3	 807	OK
2447	     0	80.8	148.0	 838	OK
2448	     0	78.0	142.8	 804	OK
2449	     0	80.4	147.0	 819	OK
2450	     0	82.8	150.6	 813	OK
2451	     0	79.8	146.4	 803	OK
2452	     0	82.3	147.6	 814	OK
2453	     0	81.8	149.0	 807	OK
2454	     0	81.1	146.2	 804	OK
2455	     0	80.3	148.4	 789	OK
2456	     0	79.3	142.3	 824	OK
2457	     0	79.6	145.1	 802	OK
2458	     0	79.5	144.5	 781	OK
2459	     0	80.5	144.7	 800	OK
2460	     0	81.0	146.4	 796	OK
2461	     0	80.3	147.4	 814	OK
2462	     0	81.5	145.0	 807	OK
2463	     0	80.2	146.3	 796	OK
2464	     0	80.8	147.2	 808	OK
2465	     0	81.3	145.8	 813	OK
2466	     0	80.9	145.0	 807	OK
2467	     0	81.2	146.4	 805	OK
2468	     0	80.3	145.9	 803	OK
2469	     0	81.8	148.7	 811	OK
2470	     0	81.6	146.8	 802	OK
2471	     0	81.6	147.9	 817	OK
2472	     0	80.0	146.6	 830	OK
2473	     0	78.3	143.4	 812	OK
2474	     0	80.8	145.2	 817	OK
2475	     0	80.1	145.7	 806	OK
2476	     0	82.2	150.7	 800	OK
2477	     0	82.5	146.8	 808	OK
2478	     0	81.1	148.5	 814	OK
2479	     0	79.2	143.7	 799	OK
2480	     0	79.2	145.6	 831	OK
2481	     0	80.5	146.8	 807	OK
2482	     0	77.2	139.8	 806	OK
2483	     0	81.1	145.0	 818	OK
2484	     0	80.4	148.1	 823	OK
2485	     0	81.1	147.8	 837	OK
2486	     0	81.4	147.1	 804	OK
2487	     0	82.3	146.7	 818	OK
2488	     0	80.2	148.2	 803	OK
2489	     0	82.3	150.0	 826	OK
2490	     0	81.1	148.9	 817	OK
2491	     0	82.2	147.1	 806	OK
2492	     0	81.5	153.3	 813	OK
2493	     0	81.0	147.4	 813	OK
2494	     0	83.8	152.1	 810	OK
2495	     0	83.2	150.5	 806	OK
2496	     0	82.8	148.7	 822	OK
2497	     0	80.7	147.3	 807	OK
2498	     0	81.5	145.1	 806	OK
2499	     0	79.5	143.7	 792	OK
2500	     0	79.7	145.1	 811	OK
2501	     0	82.5	149.9	 812	OK
2502	     0	80.3	145.5	 804	OK
2503	     0	80.7	146.5	 806	OK
2504	     0	82.3	148.3	 794	OK
2505	     0	82.8	151.4	 830	OK
2506	     0	81.4	148.4	 812	OK
2507	     0	81.3	145.0	 793	OK
2508	     0	83.5	151.8	 806	OK
2509	     0	80.7	149.0	 817	OK
2510	     0	82.6	149.3	 809	OK
2511	     0	80.8	145.2	 799	OK
2512	     0	83.1	147.3	 791	OK
2513	     0	81.0	146.0	 815	OK
2514	     0	80.3	146.8	 801	OK
2515	     0	81.5	146.9	 795	OK
2516	     0	81.5	148.9	 807	OK
2517	     0	80.4	146.5	 802	OK
2518	     0	81.7	145.9	 794	OK
2519	     0	80.9	145.0	 789	OK
2520	     0	80.7	142.8	 781	OK
2521	     0	80.0	144.5	 797	OK
2522	     0	78.8	141.6	 798	OK
2523	     0	80.0	147.7	 799	OK
2524	     0	78.9	143.3	 804	OK
2525	     0	81.5	148.9	 802	OK
2526	     0	80.3	143.7	 806	OK
2527	     0	78.4	141.9	 789	OK
2528	     0	81.4	145.2	 801	OK
2529	     0	81.7	149.6	 820	OK
2530	     0	81.9	147.6	 812	OK
2531	     0	80.8	149.7	 795	OK
2532	     0	83.1	152.5	 798	OK
2533	     0	80.7	145.4	 813	OK
2534	     0	80.5	144.7	 797	OK
2535	     0	80.2	146.6	 809	OK
2536	     0	78.4	142.4	 788	OK
2537	     0	82.6	147.4	 801	OK
2538	     0	79.6	143.9	 770	OK
2539	     0	83.0	150.9	 801	OK
2540	     0	80.9	146.5	 797	OK
2541	     0	81.4	146.8	 796	OK
2542	     0	81.8	146.8	 801	OK
2543	     0	81.6	148.9	 786	OK
2544	     0	79.4	142.1	 807	OK
2545	     0	80.6	145.2	 796	OK
2546	     0	82.0	148.4	 806	OK
2547	     0	84.3	149.6	 784	OK
2548	     0	82.8	148.9	 798	OK
2549	     0	82.3	149.9	 820	OK
2550	     0	81.4	145.8	 777	OK
2551	     0	82.6	148.4	 813	OK
2552	     0	81.2	146.1	 796	OK
2553	     0	82.0	149.1	 783	OK
2554	     0	81.0	145.5	 803	OK
2555	     0	79.0	143.1	 788	OK
2556	     0	83.1	152.1	 789	OK
2557	     0	83.1	149.7	 783	OK
2558	     0	84.7	152.6	 811	OK
2559	   200	87.7	152.0	 793	high gain
