#chan	code	gain	vt50	innse	comment
   0	   200	78.2	105.8	 898	high gain
   1	     0	72.4	105.1	 853	OK
   2	   200	97.8	84.1	 645	high gain
   3	     0	75.4	116.8	 861	OK
   4	     0	73.4	111.9	 884	OK
   5	     1	0.0	0.0	   0	dead
   6	     0	72.8	101.6	 854	OK
   7	     0	72.1	103.6	 846	OK
   8	     0	75.0	115.4	 880	OK
   9	     0	71.2	101.1	 867	OK
  10	     0	70.6	108.0	 873	OK
  11	     0	73.2	105.8	 875	OK
  12	     0	74.1	93.7	 909	OK
  13	     0	73.6	96.1	 915	OK
  14	     0	71.2	92.0	 945	OK
  15	     0	71.6	79.7	 942	OK
  16	     0	71.8	93.3	 911	OK
  17	     0	70.1	119.9	 943	OK
  18	     0	72.6	116.0	 954	OK
  19	     1	0.0	0.0	   0	dead
  20	     0	73.3	97.6	 941	OK
  21	     0	73.9	101.6	 925	OK
  22	     0	72.7	115.3	 949	OK
  23	     0	72.7	93.2	 943	OK
  24	     0	73.3	111.9	 947	OK
  25	     0	74.0	119.0	 969	OK
  26	     0	73.4	113.4	 955	OK
  27	     0	72.3	108.9	 952	OK
  28	     0	69.5	105.2	 990	OK
  29	     0	70.8	94.1	 949	OK
  30	     0	70.0	92.9	 979	OK
  31	     0	71.5	119.2	 938	OK
  32	     0	70.7	94.8	 981	OK
  33	     0	71.2	120.3	 949	OK
  34	     0	73.2	93.3	 979	OK
  35	     0	72.2	106.3	 976	OK
  36	     0	71.7	89.8	 967	OK
  37	     0	70.5	99.8	 937	OK
  38	     1	0.0	0.0	   0	dead
  39	     0	73.7	105.8	 969	OK
  40	 20000	110.5	93.4	 659	very high gain
  41	     0	72.3	129.4	 996	OK
  42	     0	72.2	106.1	 963	OK
  43	     0	71.3	94.7	 969	OK
  44	     0	70.5	98.5	 936	OK
  45	     0	72.9	109.1	 995	OK
  46	     0	72.1	96.2	1003	OK
  47	     0	71.0	81.9	1023	OK
  48	     0	71.7	98.7	 962	OK
  49	   200	96.1	80.2	 732	high gain
  50	   200	94.9	78.0	 758	high gain
  51	     0	72.3	105.1	 997	OK
  52	     0	71.0	107.9	 960	OK
  53	 20000	108.2	87.7	 679	very high gain
  54	     0	73.2	95.9	 971	OK
  55	     0	73.3	133.3	 963	OK
  56	     0	69.8	109.0	 954	OK
  57	     0	73.8	102.0	 994	OK
  58	     0	69.7	105.5	1013	OK
  59	     0	69.7	86.7	 966	OK
  60	     0	73.2	98.1	 972	OK
  61	     0	71.5	92.3	 967	OK
  62	     0	70.9	111.8	 979	OK
  63	     0	71.3	86.4	 979	OK
  64	     0	73.4	106.2	1002	OK
  65	     0	71.1	100.2	1004	OK
  66	     0	73.3	118.8	1008	OK
  67	     0	71.2	91.0	1009	OK
  68	     0	71.1	97.7	 960	OK
  69	     0	69.1	107.9	 988	OK
  70	     0	72.4	107.8	 970	OK
  71	     0	70.3	98.6	 989	OK
  72	     0	69.4	112.3	 965	OK
  73	     0	70.0	112.8	 996	OK
  74	     0	72.6	91.9	 970	OK
  75	     0	71.2	92.1	 996	OK
  76	     0	70.5	117.6	1015	OK
  77	     0	70.1	96.1	 965	OK
  78	 20000	103.8	91.1	 669	very high gain
  79	     0	71.5	91.1	 970	OK
  80	     0	71.5	110.4	 968	OK
  81	     0	70.3	98.3	1006	OK
  82	   200	91.3	82.3	 725	high gain
  83	     0	72.4	98.2	 955	OK
  84	 20000	101.2	81.0	 678	very high gain
  85	     0	70.0	83.8	 975	OK
  86	   200	96.8	73.7	 721	high gain
  87	     0	71.3	101.7	1010	OK
  88	     0	73.1	115.9	 976	OK
  89	     0	70.7	101.0	 968	OK
  90	     0	69.6	102.1	 980	OK
  91	     0	72.0	92.1	1006	OK
  92	     0	70.1	93.5	 994	OK
  93	     0	70.5	110.3	 961	OK
  94	     0	70.4	105.4	 973	OK
  95	     1	0.0	0.0	   0	dead
  96	     0	70.0	101.0	 997	OK
  97	     0	69.6	101.0	 982	OK
  98	   200	91.9	85.0	 749	high gain
  99	 20000	105.3	87.4	 667	very high gain
 100	     0	70.7	81.1	 973	OK
 101	     0	71.6	103.0	 970	OK
 102	     0	73.9	74.4	 996	OK
 103	     0	71.8	107.4	 988	OK
 104	     0	73.6	118.5	1007	OK
 105	     0	74.6	96.6	 966	OK
 106	     0	73.9	106.2	 993	OK
 107	     0	72.7	121.5	 986	OK
 108	 20000	103.8	88.1	 709	very high gain
 109	     0	72.0	93.6	 977	OK
 110	     0	72.4	104.8	 973	OK
 111	   200	93.2	77.7	 706	high gain
 112	 20000	101.5	84.7	 685	very high gain
 113	     0	68.9	113.1	 998	OK
 114	     0	70.7	122.6	 998	OK
 115	     0	69.6	121.6	1010	OK
 116	     0	72.2	104.0	 984	OK
 117	     0	72.2	116.7	 977	OK
 118	     0	71.1	90.6	 972	OK
 119	     0	71.7	94.6	 960	OK
 120	     0	72.5	128.0	 990	OK
 121	     0	72.4	110.4	1003	OK
 122	     0	72.1	106.5	 972	OK
 123	     0	72.7	126.1	 988	OK
 124	     0	72.5	105.7	 944	OK
 125	     0	70.6	106.5	 984	OK
 126	     0	70.0	109.5	 972	OK
 127	     0	69.9	112.8	1024	OK
 128	     0	71.7	95.9	 993	OK
 129	 20000	100.7	88.6	 715	very high gain
 130	   200	99.4	76.9	 724	high gain
 131	     0	69.9	102.4	 970	OK
 132	     0	69.4	93.1	 996	OK
 133	     0	70.7	108.9	1020	OK
 134	     0	69.2	112.2	1010	OK
 135	     0	69.8	92.9	 986	OK
 136	     0	70.0	106.5	1018	OK
 137	     0	70.7	99.1	1000	OK
 138	     0	71.4	110.6	1005	OK
 139	     0	70.3	94.0	 998	OK
 140	     0	68.4	103.5	 998	OK
 141	     0	69.6	92.5	 980	OK
 142	   200	96.8	84.4	 708	high gain
 143	     0	69.9	97.0	 994	OK
 144	   200	91.7	84.8	 773	high gain
 145	     0	69.3	90.4	1014	OK
 146	   200	95.4	82.7	 723	high gain
 147	     0	74.0	89.0	 920	OK
 148	     0	71.2	102.9	 989	OK
 149	     0	68.4	106.7	 973	OK
 150	     0	68.4	105.8	 941	OK
 151	     0	71.9	88.4	 983	OK
 152	     0	68.6	94.0	1024	OK
 153	 20000	100.7	86.1	 689	very high gain
 154	     0	67.9	100.1	 994	OK
 155	     0	68.3	87.1	 961	OK
 156	     0	67.8	103.3	 999	OK
 157	     0	69.8	95.4	 983	OK
 158	     0	68.4	108.2	1027	OK
 159	     0	69.8	102.4	 993	OK
 160	     0	68.9	89.7	 991	OK
 161	     0	67.3	94.8	1006	OK
 162	     0	67.4	107.9	 994	OK
 163	     0	68.3	111.7	 987	OK
 164	     0	69.9	89.5	 941	OK
 165	   200	92.3	80.8	 711	high gain
 166	     0	69.4	99.3	1003	OK
 167	     0	68.2	89.9	 984	OK
 168	     0	71.8	112.7	 940	OK
 169	     0	71.8	104.6	 979	OK
 170	     0	71.7	119.2	 983	OK
 171	     0	69.1	96.0	1008	OK
 172	   200	98.8	80.0	 672	high gain
 173	     0	70.9	109.6	 965	OK
 174	     0	69.2	90.7	 958	OK
 175	     1	0.0	0.0	   0	dead
 176	     0	69.7	84.5	 987	OK
 177	     0	70.4	93.0	 973	OK
 178	     0	67.4	91.6	 966	OK
 179	     0	66.9	93.8	 981	OK
 180	     0	71.2	105.0	1010	OK
 181	     0	69.6	114.6	 972	OK
 182	     0	72.2	103.3	 968	OK
 183	     0	70.8	92.5	 945	OK
 184	   200	96.3	81.0	 717	high gain
 185	   200	97.8	80.2	 679	high gain
 186	     0	67.7	98.1	 973	OK
 187	     0	72.2	88.2	 959	OK
 188	     0	70.1	100.0	 985	OK
 189	     0	68.6	100.4	 959	OK
 190	     0	71.9	93.3	 950	OK
 191	     0	69.8	86.1	 959	OK
 192	     0	67.9	101.0	1013	OK
 193	     0	70.4	91.4	 967	OK
 194	     0	67.8	90.5	 983	OK
 195	     0	68.0	92.5	 991	OK
 196	     0	67.0	102.9	 963	OK
 197	   200	93.6	72.4	 729	high gain
 198	     0	69.6	98.1	 958	OK
 199	     0	71.3	100.5	 998	OK
 200	     0	69.4	106.6	1015	OK
 201	   200	98.5	88.0	 680	high gain
 202	     0	69.5	87.7	 978	OK
 203	     0	68.6	99.2	 964	OK
 204	     0	70.0	106.5	 987	OK
 205	     0	68.5	107.0	 993	OK
 206	 20000	102.2	72.1	 640	very high gain
 207	 20000	100.2	84.1	 635	very high gain
 208	     0	69.0	88.0	 996	OK
 209	     0	68.5	81.9	1013	OK
 210	     0	67.3	86.1	 988	OK
 211	     0	70.3	110.4	 980	OK
 212	 20000	100.6	84.4	 660	very high gain
 213	 20000	102.3	80.5	 653	very high gain
 214	   200	88.8	80.7	 729	high gain
 215	     0	68.5	87.6	 972	OK
 216	     0	66.9	82.3	1018	OK
 217	     0	68.0	107.1	 961	OK
 218	     0	69.8	95.5	 938	OK
 219	     0	69.6	102.4	 981	OK
 220	     0	69.5	84.5	 942	OK
 221	     0	68.0	98.5	 979	OK
 222	     1	0.0	0.0	   0	dead
 223	     0	67.9	99.6	 967	OK
 224	     0	68.6	98.5	 984	OK
 225	     0	68.1	96.2	 966	OK
 226	     0	67.5	81.3	 966	OK
 227	     0	68.3	92.7	 981	OK
 228	     0	68.7	94.7	 976	OK
 229	     0	69.7	99.9	 966	OK
 230	     0	69.8	97.8	 980	OK
 231	     0	68.9	101.9	 984	OK
 232	     0	69.5	101.1	1000	OK
 233	     0	70.5	80.8	 982	OK
 234	     0	69.3	96.5	 958	OK
 235	     0	70.4	97.6	 972	OK
 236	     0	67.7	89.3	 970	OK
 237	   200	96.5	86.2	 657	high gain
 238	 20000	103.0	77.9	 662	very high gain
 239	     0	70.1	104.2	 974	OK
 240	     0	69.2	93.5	 991	OK
 241	     0	69.9	93.2	 964	OK
 242	   200	97.9	78.0	 682	high gain
 243	     0	69.6	98.3	 982	OK
 244	     0	68.4	104.8	 962	OK
 245	     0	66.9	106.6	 983	OK
 246	     0	68.6	100.6	 974	OK
 247	     0	68.8	89.5	 963	OK
 248	     0	68.9	98.9	 998	OK
 249	     0	72.1	111.3	 983	OK
 250	     0	71.8	103.6	1005	OK
 251	     0	68.2	98.6	 962	OK
 252	     0	72.0	101.9	 949	OK
 253	     0	71.4	107.6	1016	OK
 254	     0	70.1	104.1	 997	OK
 255	     0	69.7	101.7	 966	OK
 256	     0	69.1	112.3	1024	OK
 257	     0	69.9	100.6	 964	OK
 258	     0	70.6	94.1	1020	OK
 259	     0	69.4	103.2	1032	OK
 260	     0	68.5	95.3	1021	OK
 261	     0	69.4	99.5	1016	OK
 262	 20000	101.2	89.5	 731	very high gain
 263	     0	69.1	84.1	 990	OK
 264	     0	70.5	93.7	1024	OK
 265	     0	69.5	94.6	1026	OK
 266	     0	71.4	92.4	1000	OK
 267	     0	67.3	86.2	1013	OK
 268	   200	95.0	84.3	 729	high gain
 269	     0	67.5	107.4	1047	OK
 270	     0	68.6	105.6	 991	OK
 271	     0	68.3	90.2	1023	OK
 272	     0	67.1	91.3	 991	OK
 273	   200	96.0	69.6	 719	high gain
 274	     0	68.0	104.8	1023	OK
 275	     0	66.4	71.9	1037	OK
 276	   200	91.3	83.2	 744	high gain
 277	     0	68.5	87.5	 960	OK
 278	 20000	101.8	85.1	 689	very high gain
 279	     0	67.8	89.7	1012	OK
 280	     0	66.9	85.2	1015	OK
 281	     0	66.5	91.8	1028	OK
 282	     0	69.2	93.8	1030	OK
 283	     0	67.2	112.9	1032	OK
 284	     0	69.7	89.7	1004	OK
 285	     0	67.6	98.4	1046	OK
 286	     0	67.6	98.4	1021	OK
 287	     0	67.8	82.6	1020	OK
 288	   200	96.7	71.0	 708	high gain
 289	     0	68.3	103.4	 993	OK
 290	     0	68.3	94.3	 980	OK
 291	     0	66.7	82.2	1022	OK
 292	     0	67.5	82.0	1011	OK
 293	     1	0.0	0.0	   0	dead
 294	     0	67.6	92.0	1025	OK
 295	     0	68.1	100.8	1000	OK
 296	     0	67.2	84.8	1016	OK
 297	     0	67.4	96.8	1039	OK
 298	     0	68.5	92.4	1042	OK
 299	     0	65.2	87.1	1042	OK
 300	     0	66.6	85.2	 991	OK
 301	     0	66.7	95.7	1049	OK
 302	     0	69.1	93.7	1013	OK
 303	     0	68.5	98.4	1034	OK
 304	     0	69.2	107.8	1024	OK
 305	     0	67.0	88.6	1039	OK
 306	 20000	106.6	67.0	 641	very high gain
 307	   200	96.6	84.3	 727	high gain
 308	     0	67.0	99.7	1043	OK
 309	     0	68.2	90.9	1046	OK
 310	     0	66.5	93.5	1032	OK
 311	   200	99.6	85.4	 698	high gain
 312	     0	67.6	103.3	1024	OK
 313	     1	0.0	0.0	   0	dead
 314	     0	65.9	96.6	1045	OK
 315	     0	70.1	101.1	1036	OK
 316	     0	69.3	99.5	 995	OK
 317	     0	67.0	101.0	1007	OK
 318	     0	67.5	75.2	1049	OK
 319	     0	66.9	75.9	1061	OK
 320	     0	66.8	97.2	1018	OK
 321	     0	70.1	89.2	1038	OK
 322	     0	68.9	101.2	1024	OK
 323	     0	64.8	97.5	1056	OK
 324	     0	66.3	79.3	1016	OK
 325	   200	97.6	73.4	 721	high gain
 326	   200	95.4	76.0	 701	high gain
 327	 20000	102.0	68.8	 676	very high gain
 328	     0	66.0	99.8	1034	OK
 329	   200	93.6	87.1	 750	high gain
 330	     1	0.0	0.0	   0	dead
 331	     0	64.4	86.5	1051	OK
 332	     0	66.8	99.6	 997	OK
 333	   200	93.2	74.1	 732	high gain
 334	     0	64.7	84.2	1006	OK
 335	     0	64.6	89.9	1024	OK
 336	     0	66.0	93.2	1029	OK
 337	     0	63.3	89.8	1032	OK
 338	     0	67.2	95.8	1044	OK
 339	     0	66.1	96.2	 997	OK
 340	     0	67.3	86.0	1007	OK
 341	     0	67.0	82.3	1009	OK
 342	     0	67.6	98.3	 994	OK
 343	     0	68.7	89.4	1033	OK
 344	     0	66.5	97.0	1028	OK
 345	     0	67.7	96.7	1004	OK
 346	     0	69.2	90.0	1006	OK
 347	     0	68.2	83.4	1019	OK
 348	   200	91.2	82.3	 710	high gain
 349	     0	64.9	73.4	1042	OK
 350	     0	69.5	98.9	1013	OK
 351	     0	67.7	105.6	1035	OK
 352	     0	64.4	87.2	 995	OK
 353	     0	66.6	99.7	1032	OK
 354	     0	67.5	98.2	 977	OK
 355	     0	65.7	83.1	 998	OK
 356	     0	64.3	84.6	1005	OK
 357	     0	65.5	102.5	1026	OK
 358	     0	67.7	99.5	1037	OK
 359	     0	64.6	84.1	1043	OK
 360	     0	66.8	94.0	 996	OK
 361	     0	65.7	80.6	 999	OK
 362	     0	66.2	81.1	 988	OK
 363	     0	65.2	87.6	1019	OK
 364	     0	67.7	100.1	1001	OK
 365	     0	66.4	93.0	1033	OK
 366	     0	63.9	97.6	1005	OK
 367	     0	67.2	90.0	1036	OK
 368	     0	66.1	102.1	1019	OK
 369	     0	66.4	79.7	 977	OK
 370	     0	70.3	99.1	1000	OK
 371	     0	67.9	86.0	1005	OK
 372	     0	67.2	103.8	 988	OK
 373	   200	92.8	81.8	 731	high gain
 374	     0	66.9	93.0	1018	OK
 375	     0	68.1	95.6	1011	OK
 376	     0	67.3	102.1	 993	OK
 377	     0	67.4	102.4	 956	OK
 378	     0	69.4	92.7	 958	OK
 379	   200	83.7	80.0	 743	high gain
 380	     0	65.9	97.6	 978	OK
 381	     0	69.7	90.6	 972	OK
 382	     0	67.9	94.6	 953	OK
 383	     0	68.9	88.1	 898	OK
 384	  4000	72.2	90.5	1028	high noise
 385	     0	76.7	112.0	 934	OK
 386	 20000	108.0	96.0	 689	very high gain
 387	     0	75.8	101.8	 937	OK
 388	     0	74.0	95.7	 969	OK
 389	     0	73.6	88.8	 936	OK
 390	     0	74.4	112.2	 901	OK
 391	     0	73.5	105.9	 972	OK
 392	     0	73.5	80.6	 988	OK
 393	     0	72.9	99.1	 978	OK
 394	 20000	104.5	88.8	 682	very high gain
 395	     0	73.8	108.0	 922	OK
 396	     0	72.4	92.8	 928	OK
 397	     0	73.4	97.6	 968	OK
 398	     0	73.5	100.5	 941	OK
 399	     0	71.1	91.8	 934	OK
 400	     0	74.4	100.3	 942	OK
 401	 20000	102.8	76.2	 668	very high gain
 402	     0	74.5	105.3	 910	OK
 403	     0	72.2	117.9	 939	OK
 404	     0	73.6	95.9	 978	OK
 405	     0	72.6	83.7	 982	OK
 406	     0	73.1	102.7	 939	OK
 407	     0	74.3	96.6	 939	OK
 408	     0	73.3	103.8	 925	OK
 409	     0	74.4	105.7	 915	OK
 410	     0	72.2	93.0	 961	OK
 411	     0	74.2	103.1	 970	OK
 412	 20000	110.8	75.0	 642	very high gain
 413	     0	73.2	106.8	 946	OK
 414	 20000	105.6	89.9	 672	very high gain
 415	 20000	102.7	80.0	 706	very high gain
 416	 20000	102.4	78.8	 682	very high gain
 417	   200	95.0	88.7	 742	high gain
 418	     1	0.0	0.0	   0	dead
 419	     0	73.2	114.4	 956	OK
 420	   200	97.4	88.9	 712	high gain
 421	     0	75.1	111.4	 962	OK
 422	     0	72.4	111.6	 941	OK
 423	     0	67.6	68.2	 955	OK
 424	     0	73.1	105.9	 940	OK
 425	     0	73.0	105.4	 964	OK
 426	     0	72.1	105.2	 966	OK
 427	     0	72.3	84.7	 978	OK
 428	     0	72.3	85.9	 972	OK
 429	     0	74.3	96.6	 944	OK
 430	     0	73.5	109.2	 933	OK
 431	     1	0.0	0.0	   0	dead
 432	     0	71.9	111.1	 963	OK
 433	     0	73.3	101.7	 958	OK
 434	   200	96.3	84.7	 723	high gain
 435	     0	77.7	114.5	 981	OK
 436	     0	73.3	86.2	 959	OK
 437	     0	73.4	105.7	 938	OK
 438	     0	71.1	92.0	 953	OK
 439	     0	76.5	102.2	 970	OK
 440	     0	72.9	91.7	 967	OK
 441	     0	72.2	91.3	 917	OK
 442	     0	73.9	102.3	 961	OK
 443	     0	76.7	111.8	 972	OK
 444	     0	70.6	87.9	 963	OK
 445	     0	73.4	92.5	 964	OK
 446	     1	0.0	0.0	   0	dead
 447	     0	73.3	97.0	 959	OK
 448	     0	74.3	105.2	 988	OK
 449	     0	71.5	103.6	 977	OK
 450	 20000	100.2	91.1	 717	very high gain
 451	     0	72.5	95.8	 973	OK
 452	     1	0.0	0.0	   0	dead
 453	     0	72.1	85.2	1005	OK
 454	     0	74.9	101.3	 990	OK
 455	     0	72.0	99.2	 952	OK
 456	     0	73.0	99.7	 948	OK
 457	     0	71.8	114.0	 928	OK
 458	     0	72.1	101.4	 948	OK
 459	 20000	108.6	92.5	 705	very high gain
 460	     0	72.1	91.7	 995	OK
 461	     0	72.4	78.6	1021	OK
 462	     0	72.7	102.7	1013	OK
 463	   200	99.4	88.3	 719	high gain
 464	     0	73.3	106.9	 987	OK
 465	     0	73.6	91.2	 982	OK
 466	     0	71.7	93.7	 958	OK
 467	     0	70.9	99.3	 980	OK
 468	     0	72.6	83.8	 991	OK
 469	     0	70.9	103.8	 992	OK
 470	     0	73.6	100.9	 977	OK
 471	     0	75.1	90.0	 965	OK
 472	     0	75.2	82.6	 978	OK
 473	 20000	137.9	71.1	 539	very high gain
 474	 20000	108.7	75.9	 684	very high gain
 475	     0	71.3	81.0	1024	OK
 476	     0	72.0	97.1	 984	OK
 477	     0	77.0	96.7	 961	OK
 478	     1	0.0	0.0	   0	dead
 479	     0	74.2	116.6	 993	OK
 480	 20000	110.4	77.7	 655	very high gain
 481	     0	73.0	105.4	 980	OK
 482	     0	70.4	92.6	 958	OK
 483	     0	74.5	98.9	 989	OK
 484	     0	72.0	98.6	 995	OK
 485	     0	72.3	89.9	 992	OK
 486	     0	72.7	89.7	 994	OK
 487	     0	77.4	97.2	 948	OK
 488	     0	74.7	99.2	 961	OK
 489	 20000	100.5	89.6	 726	very high gain
 490	     0	74.5	110.8	 991	OK
 491	     1	0.0	0.0	   0	dead
 492	     0	71.4	119.2	 967	OK
 493	 20000	106.2	89.1	 702	very high gain
 494	     0	72.6	86.2	1015	OK
 495	     0	73.8	101.0	 976	OK
 496	     0	73.1	103.6	 975	OK
 497	 20000	102.3	84.6	 723	very high gain
 498	     0	70.9	105.4	 995	OK
 499	 20000	100.9	81.5	 707	very high gain
 500	     0	75.9	96.7	 988	OK
 501	     0	73.3	92.5	 964	OK
 502	 20000	106.6	79.1	 674	very high gain
 503	     0	74.0	93.2	 984	OK
 504	     0	73.9	108.7	 966	OK
 505	     0	76.0	114.3	 999	OK
 506	     0	74.7	105.8	 984	OK
 507	 20000	101.3	90.1	 698	very high gain
 508	     1	0.0	0.0	   0	dead
 509	     0	76.5	103.0	 976	OK
 510	     0	74.5	103.3	 999	OK
 511	     0	71.4	115.8	 974	OK
 512	     0	74.0	99.6	 930	OK
 513	     0	71.3	102.8	 947	OK
 514	     0	72.3	94.5	 928	OK
 515	     0	71.9	102.1	 938	OK
 516	     0	72.3	109.5	 929	OK
 517	     0	70.1	111.5	 910	OK
 518	     0	74.5	106.6	 955	OK
 519	     0	72.0	109.9	 921	OK
 520	     0	69.5	106.5	 945	OK
 521	     0	70.3	95.3	 924	OK
 522	     0	69.8	92.4	 951	OK
 523	     0	70.7	100.8	 909	OK
 524	   200	91.9	85.2	 737	high gain
 525	   200	92.2	72.9	 712	high gain
 526	     0	72.2	97.2	 948	OK
 527	     0	78.0	74.7	 882	OK
 528	   200	97.2	87.0	 697	high gain
 529	   200	98.4	89.7	 676	high gain
 530	     0	74.7	96.4	 914	OK
 531	     0	70.4	90.7	 937	OK
 532	     0	72.1	103.9	 939	OK
 533	     0	71.0	104.4	 913	OK
 534	     0	71.4	107.9	 947	OK
 535	   200	94.0	87.1	 720	high gain
 536	     0	70.9	96.4	 962	OK
 537	     0	69.1	86.5	 911	OK
 538	     0	71.1	107.8	 931	OK
 539	     0	68.8	94.6	 932	OK
 540	   200	93.9	77.4	 683	high gain
 541	     0	68.8	88.7	 924	OK
 542	   200	92.8	75.5	 710	high gain
 543	   200	81.8	66.9	 773	high gain
 544	     0	70.9	85.7	 904	OK
 545	     0	70.2	105.0	 936	OK
 546	     0	68.9	100.3	 909	OK
 547	   200	94.7	89.2	 690	high gain
 548	 20000	106.5	86.5	 616	very high gain
 549	     0	71.9	100.6	 924	OK
 550	     0	69.1	97.3	 936	OK
 551	     0	69.1	84.3	 910	OK
 552	     0	70.0	92.4	 925	OK
 553	     0	73.8	94.0	 929	OK
 554	     0	70.3	118.3	 950	OK
 555	     0	68.9	80.9	 958	OK
 556	   200	96.7	89.5	 697	high gain
 557	 20000	100.8	78.1	 664	very high gain
 558	 20000	102.0	89.4	 659	very high gain
 559	     0	72.4	97.6	 921	OK
 560	     0	73.5	91.1	 925	OK
 561	     0	70.5	99.0	 930	OK
 562	   200	96.2	74.7	 683	high gain
 563	     0	73.8	90.0	 933	OK
 564	 20000	101.4	84.1	 646	very high gain
 565	   200	81.0	65.2	 788	high gain
 566	   200	93.8	76.6	 675	high gain
 567	     0	67.0	98.6	 931	OK
 568	 20000	101.0	71.8	 641	very high gain
 569	     0	70.2	92.0	 925	OK
 570	     0	70.2	113.9	 941	OK
 571	     0	70.1	91.9	 948	OK
 572	     0	71.9	104.0	 932	OK
 573	     0	69.1	101.0	 966	OK
 574	   200	94.9	82.1	 676	high gain
 575	 20000	102.0	71.9	 645	very high gain
 576	     0	71.1	105.6	 942	OK
 577	     0	73.0	104.8	 938	OK
 578	     0	71.9	99.9	 956	OK
 579	   200	95.9	81.4	 675	high gain
 580	 20000	100.4	70.5	 661	very high gain
 581	     0	68.5	89.4	 958	OK
 582	   200	94.3	78.6	 694	high gain
 583	     0	73.0	77.6	 927	OK
 584	     0	70.9	122.0	 942	OK
 585	 20000	101.1	83.8	 652	very high gain
 586	     0	70.3	99.1	 926	OK
 587	     0	71.0	101.7	 943	OK
 588	   200	98.6	86.5	 696	high gain
 589	     0	70.1	108.7	 905	OK
 590	 20000	102.3	80.5	 635	very high gain
 591	     0	70.8	83.3	 942	OK
 592	     0	72.3	99.6	 949	OK
 593	     0	70.4	92.6	 930	OK
 594	     0	66.7	90.3	 937	OK
 595	     0	70.6	93.4	 922	OK
 596	     0	70.2	87.6	 920	OK
 597	     0	71.3	96.5	 928	OK
 598	   200	96.4	78.4	 711	high gain
 599	     0	71.7	105.0	 949	OK
 600	     0	70.7	93.7	 909	OK
 601	     0	70.0	97.2	 962	OK
 602	     0	73.0	99.8	 970	OK
 603	     0	71.5	98.1	 946	OK
 604	     0	72.9	105.8	 942	OK
 605	     0	70.3	97.8	 956	OK
 606	     0	73.1	92.9	 923	OK
 607	     0	73.4	104.5	 953	OK
 608	   200	98.7	76.9	 680	high gain
 609	     0	69.5	81.3	 949	OK
 610	   200	99.4	72.4	 643	high gain
 611	     0	71.1	102.1	 951	OK
 612	 20000	100.3	73.3	 672	very high gain
 613	     1	0.0	0.0	   0	dead
 614	     0	73.0	90.5	 958	OK
 615	     0	75.0	118.9	 976	OK
 616	     0	70.0	87.3	 979	OK
 617	     0	72.8	91.6	 975	OK
 618	     0	72.0	102.7	 944	OK
 619	     0	70.0	100.4	 973	OK
 620	     0	71.1	95.6	 948	OK
 621	     0	73.1	95.4	 972	OK
 622	     0	71.8	96.7	 969	OK
 623	     0	72.3	117.7	 944	OK
 624	     0	70.5	100.3	 964	OK
 625	     0	73.1	94.9	 976	OK
 626	     0	67.8	74.8	 936	OK
 627	     0	72.9	115.5	 941	OK
 628	   200	89.7	64.9	 779	high gain
 629	     0	70.6	101.7	 951	OK
 630	     0	74.9	101.2	 965	OK
 631	     0	73.8	105.2	 940	OK
 632	     0	73.8	111.8	 981	OK
 633	     0	73.5	98.0	 991	OK
 634	 20000	110.2	91.0	 661	very high gain
 635	     0	70.7	100.9	 952	OK
 636	     0	72.1	110.5	 950	OK
 637	   200	96.9	87.5	 722	high gain
 638	     0	73.7	93.2	 985	OK
 639	     0	72.6	101.5	 960	OK
 640	   200	73.7	132.3	1003	high gain
 641	     0	72.2	121.7	 983	OK
 642	     0	70.0	123.0	1000	OK
 643	     0	69.8	105.0	 946	OK
 644	     0	68.3	120.0	1001	OK
 645	     0	69.9	108.3	1001	OK
 646	     0	69.0	100.8	 985	OK
 647	     0	70.5	113.6	 981	OK
 648	     0	70.3	101.3	 989	OK
 649	   200	76.4	95.2	 967	high gain
 650	     0	68.0	127.3	1029	OK
 651	     0	69.1	117.5	1002	OK
 652	     0	68.3	114.1	 993	OK
 653	     0	69.0	100.9	 986	OK
 654	     0	69.2	110.9	1024	OK
 655	     0	67.7	109.8	1010	OK
 656	     0	68.1	119.2	1009	OK
 657	     0	68.6	107.5	 955	OK
 658	     0	69.7	89.8	1008	OK
 659	     0	68.0	98.3	1005	OK
 660	   200	99.1	80.9	 719	high gain
 661	     0	67.7	99.8	 980	OK
 662	     0	69.8	104.5	 991	OK
 663	     0	69.6	100.2	 975	OK
 664	     0	70.5	89.9	 969	OK
 665	 20000	103.3	91.8	 693	very high gain
 666	     0	67.8	107.2	 989	OK
 667	 20000	104.4	82.2	 669	very high gain
 668	     0	68.2	99.1	 978	OK
 669	     0	66.4	116.9	1012	OK
 670	     0	66.7	78.5	1001	OK
 671	     0	66.7	106.3	 967	OK
 672	     0	69.9	93.8	 940	OK
 673	     0	67.7	101.0	 960	OK
 674	     0	68.0	92.0	 994	OK
 675	     0	66.5	107.2	1004	OK
 676	     0	67.2	96.9	 982	OK
 677	  4000	65.3	65.5	1164	high noise
 678	     0	67.2	105.1	 956	OK
 679	     0	68.8	99.4	 988	OK
 680	   200	95.5	78.4	 712	high gain
 681	     0	67.3	85.9	 954	OK
 682	     0	66.5	97.8	 971	OK
 683	     0	66.1	97.2	 992	OK
 684	     0	67.2	92.5	 988	OK
 685	   200	90.0	81.0	 693	high gain
 686	     0	67.9	130.7	1011	OK
 687	     0	67.0	112.3	 992	OK
 688	   200	100.0	88.5	 685	high gain
 689	     0	68.2	99.0	1017	OK
 690	     0	68.1	94.2	 948	OK
 691	     0	66.0	92.0	1007	OK
 692	     0	69.9	109.3	 988	OK
 693	     0	68.7	114.9	 960	OK
 694	     0	68.9	111.8	1008	OK
 695	     0	67.9	105.0	 973	OK
 696	     0	67.0	111.1	 986	OK
 697	     0	68.4	113.7	1022	OK
 698	     0	66.7	92.4	 967	OK
 699	     0	67.6	93.4	1015	OK
 700	     0	69.4	108.4	 938	OK
 701	     0	68.1	103.2	 953	OK
 702	     0	70.2	107.8	 963	OK
 703	     0	66.9	98.4	 981	OK
 704	     0	67.7	97.6	1005	OK
 705	     0	67.0	83.4	1015	OK
 706	     0	64.2	100.3	 977	OK
 707	     0	68.3	91.1	 993	OK
 708	     0	66.8	96.7	 975	OK
 709	     0	66.6	109.0	 998	OK
 710	     0	67.3	92.0	1000	OK
 711	     0	66.1	90.1	1034	OK
 712	     0	68.8	89.1	 972	OK
 713	     0	65.2	112.9	 993	OK
 714	     0	66.7	106.0	 976	OK
 715	     0	66.0	95.0	 961	OK
 716	     0	67.6	91.0	 974	OK
 717	     0	64.6	86.6	1009	OK
 718	   200	97.0	80.0	 690	high gain
 719	     0	65.4	98.3	 967	OK
 720	     0	62.4	65.8	1059	OK
 721	     0	66.4	103.0	 952	OK
 722	 20000	102.6	72.3	 605	very high gain
 723	     0	66.1	92.4	 963	OK
 724	     0	64.7	89.1	 944	OK
 725	     0	65.2	88.3	 950	OK
 726	     0	66.2	88.1	1012	OK
 727	     0	65.8	108.8	 976	OK
 728	     0	65.9	93.9	 981	OK
 729	     0	64.8	84.2	 978	OK
 730	     0	65.2	101.4	 965	OK
 731	     0	64.9	94.8	 978	OK
 732	     0	66.0	95.8	 997	OK
 733	     0	63.5	84.3	 981	OK
 734	     0	66.1	97.6	 974	OK
 735	     0	66.3	87.9	 978	OK
 736	   200	96.7	82.3	 696	high gain
 737	   200	87.5	79.7	 716	high gain
 738	     0	66.6	100.9	 968	OK
 739	     0	68.2	122.6	1005	OK
 740	     0	66.7	87.2	 981	OK
 741	     0	67.1	91.0	 945	OK
 742	     0	63.1	86.8	1017	OK
 743	     0	67.2	105.2	 972	OK
 744	     0	65.9	100.8	1002	OK
 745	     0	67.1	100.0	 978	OK
 746	     0	65.5	117.4	1018	OK
 747	     0	65.2	90.4	 965	OK
 748	     0	64.3	100.1	1002	OK
 749	     0	65.3	94.9	1003	OK
 750	   200	93.2	74.8	 719	high gain
 751	     0	64.7	100.9	 983	OK
 752	   200	91.9	79.2	 725	high gain
 753	     0	67.0	93.4	 956	OK
 754	     0	65.6	88.1	 957	OK
 755	     0	66.0	82.9	 986	OK
 756	     0	67.4	107.1	 964	OK
 757	     0	66.5	96.5	 977	OK
 758	     0	67.1	96.2	 963	OK
 759	     1	0.0	0.0	   0	dead
 760	     0	67.1	103.2	 998	OK
 761	     0	68.4	87.7	 965	OK
 762	     0	66.8	96.1	 935	OK
 763	     0	67.7	102.0	 940	OK
 764	 20000	102.4	84.4	 660	very high gain
 765	     0	67.8	96.1	 975	OK
 766	     0	67.8	92.6	 968	OK
 767	     0	69.5	104.2	 935	OK
 768	     0	71.5	105.3	1070	OK
 769	     0	71.3	97.9	1066	OK
 770	     0	71.2	84.3	1029	OK
 771	     0	70.7	95.1	1015	OK
 772	     0	69.4	90.7	1045	OK
 773	     0	66.8	94.0	1026	OK
 774	     0	71.2	88.4	1008	OK
 775	     0	68.5	112.1	 999	OK
 776	     0	71.7	102.9	1016	OK
 777	     0	69.0	83.1	1019	OK
 778	   200	94.1	76.4	 751	high gain
 779	     0	70.1	99.4	1012	OK
 780	     0	71.2	91.4	1012	OK
 781	     0	67.9	82.2	1025	OK
 782	     0	66.5	71.9	1046	OK
 783	     0	67.8	88.6	1016	OK
 784	     0	69.4	117.8	 995	OK
 785	     0	66.7	86.7	1000	OK
 786	     0	70.0	90.8	1001	OK
 787	     0	69.2	109.4	 989	OK
 788	     0	72.2	92.8	1014	OK
 789	     0	68.3	88.3	1001	OK
 790	     0	72.6	106.0	 963	OK
 791	     0	65.9	75.5	1015	OK
 792	     0	68.9	88.8	1004	OK
 793	     0	69.0	92.7	 995	OK
 794	     0	69.7	91.9	1035	OK
 795	   200	99.8	83.9	 673	high gain
 796	     0	68.1	89.3	 990	OK
 797	   200	91.6	72.1	 734	high gain
 798	     0	71.2	97.3	 985	OK
 799	     0	69.0	105.5	 994	OK
 800	     0	67.1	79.9	 954	OK
 801	     1	0.0	0.0	   0	dead
 802	     0	69.3	88.4	1006	OK
 803	     0	68.8	85.7	 969	OK
 804	     0	69.2	87.5	1020	OK
 805	   200	92.2	76.9	 739	high gain
 806	     0	71.0	88.5	1001	OK
 807	     1	0.0	0.0	   0	dead
 808	 20000	100.9	83.7	 683	very high gain
 809	     0	70.1	96.7	 999	OK
 810	     0	69.1	86.1	1002	OK
 811	     0	69.8	91.3	 977	OK
 812	     0	70.5	100.5	 994	OK
 813	     0	67.6	90.0	1032	OK
 814	     0	70.0	101.8	1003	OK
 815	     0	69.2	99.3	1008	OK
 816	     0	67.1	94.6	1000	OK
 817	     0	66.5	85.8	 984	OK
 818	     0	68.1	79.6	1034	OK
 819	     0	69.0	98.9	 997	OK
 820	     0	70.9	85.9	1015	OK
 821	     0	67.2	89.6	 972	OK
 822	     0	68.8	96.9	1040	OK
 823	     0	68.8	98.9	1020	OK
 824	     0	68.0	80.8	 990	OK
 825	     0	69.2	92.5	1008	OK
 826	     1	0.0	0.0	   0	dead
 827	   200	85.6	73.8	 778	high gain
 828	   200	91.9	85.2	 745	high gain
 829	     0	69.3	83.2	1019	OK
 830	     0	70.1	101.9	1031	OK
 831	     0	70.3	104.7	 986	OK
 832	     0	70.8	84.6	 997	OK
 833	     0	69.2	76.6	 998	OK
 834	     0	69.6	102.9	1016	OK
 835	     0	71.1	107.4	1024	OK
 836	     0	67.5	78.0	1022	OK
 837	     0	67.3	96.2	 990	OK
 838	     0	67.9	109.1	1045	OK
 839	     0	68.7	83.4	1011	OK
 840	     0	70.1	100.7	1020	OK
 841	     0	69.6	85.3	 992	OK
 842	   200	92.1	80.2	 751	high gain
 843	     0	70.6	87.1	1006	OK
 844	   200	97.3	65.9	 708	high gain
 845	     0	68.2	81.3	 981	OK
 846	     0	68.5	76.9	1024	OK
 847	     0	68.4	109.6	 996	OK
 848	     0	69.8	101.5	1037	OK
 849	     0	67.7	77.9	1021	OK
 850	     0	68.1	84.4	1052	OK
 851	     0	69.1	98.9	1005	OK
 852	     0	71.2	102.1	 991	OK
 853	     0	70.9	86.7	1011	OK
 854	     0	70.1	96.2	1065	OK
 855	     0	70.6	104.8	1023	OK
 856	 20000	106.7	84.8	 705	very high gain
 857	     0	68.4	99.7	 999	OK
 858	     0	69.9	92.2	1054	OK
 859	     0	68.3	91.2	1018	OK
 860	     0	68.0	96.3	1037	OK
 861	     0	68.0	99.8	1024	OK
 862	     0	69.5	83.8	1020	OK
 863	     0	72.0	92.8	1018	OK
 864	   200	75.0	86.8	 931	high gain
 865	     0	71.5	95.8	1034	OK
 866	     0	71.3	87.7	 993	OK
 867	     0	69.1	106.6	1017	OK
 868	     0	69.4	89.2	 993	OK
 869	     0	68.6	90.0	 981	OK
 870	     0	69.0	99.5	 984	OK
 871	   200	98.9	83.9	 727	high gain
 872	     0	68.0	93.4	1004	OK
 873	 20000	102.6	86.9	 696	very high gain
 874	     0	67.8	99.2	 996	OK
 875	     1	0.0	0.0	   0	dead
 876	     0	71.3	101.4	 969	OK
 877	     0	68.8	91.3	1008	OK
 878	     0	69.7	89.8	1019	OK
 879	     0	72.3	91.1	 996	OK
 880	     0	70.0	94.3	 995	OK
 881	     0	71.0	97.5	 985	OK
 882	   200	93.6	82.2	 772	high gain
 883	     0	71.4	104.4	 985	OK
 884	     1	0.0	0.0	   0	dead
 885	     0	67.6	90.9	 954	OK
 886	     0	69.8	97.0	1006	OK
 887	     0	69.5	95.0	1013	OK
 888	     0	70.1	87.6	 974	OK
 889	     0	70.9	86.3	1000	OK
 890	     0	69.8	84.0	1010	OK
 891	 20000	106.5	78.6	 672	very high gain
 892	 20000	105.5	82.0	 671	very high gain
 893	     0	71.2	83.0	 970	OK
 894	     0	72.9	90.9	 990	OK
 895	   200	75.4	104.4	 977	high gain
 896	  4000	71.6	108.9	1041	high noise
 897	     0	76.9	99.7	1004	OK
 898	     0	73.7	101.1	1019	OK
 899	     0	72.0	106.3	1028	OK
 900	  4000	74.9	97.0	1048	high noise
 901	     0	76.0	97.2	1021	OK
 902	     0	71.9	107.2	1011	OK
 903	  4000	71.5	89.2	1048	high noise
 904	 20000	102.3	79.4	 753	very high gain
 905	  4000	73.5	92.9	1054	high noise
 906	     0	73.2	108.0	1022	OK
 907	     0	73.3	93.0	1013	OK
 908	     0	74.9	110.6	1009	OK
 909	     0	74.6	113.3	 996	OK
 910	     0	73.3	98.7	1029	OK
 911	     0	71.3	84.1	1030	OK
 912	     1	0.0	0.0	   0	dead
 913	     0	73.5	88.1	1035	OK
 914	     0	76.0	115.7	1010	OK
 915	     0	73.3	95.0	1034	OK
 916	     0	72.0	105.4	1007	OK
 917	     0	71.9	106.6	1031	OK
 918	     0	72.4	99.8	1003	OK
 919	     0	73.1	104.8	 981	OK
 920	     0	71.6	112.9	1012	OK
 921	     0	71.5	126.8	 987	OK
 922	     0	73.5	96.6	1028	OK
 923	     0	76.0	99.9	1000	OK
 924	     0	72.8	94.4	1024	OK
 925	     0	74.6	95.6	 966	OK
 926	     0	73.7	105.1	 999	OK
 927	     0	74.6	104.6	 986	OK
 928	     1	0.0	0.0	   0	dead
 929	     0	74.6	89.5	 973	OK
 930	 20000	108.5	85.6	 703	very high gain
 931	     0	71.8	93.6	 968	OK
 932	     0	74.7	101.4	 981	OK
 933	     0	74.1	113.5	1020	OK
 934	     0	75.5	93.8	 998	OK
 935	     0	75.6	91.2	1014	OK
 936	     0	71.2	106.2	 977	OK
 937	     0	75.4	101.2	 997	OK
 938	     0	74.0	95.8	 996	OK
 939	 20000	108.1	82.3	 668	very high gain
 940	     0	71.2	84.6	 966	OK
 941	   200	96.6	90.1	 791	high gain
 942	     0	75.0	119.0	 978	OK
 943	     0	74.0	107.7	 983	OK
 944	     0	75.0	102.1	 973	OK
 945	     0	75.3	104.3	 988	OK
 946	     0	73.9	101.8	 967	OK
 947	     0	71.7	107.0	 947	OK
 948	     0	74.4	101.3	 984	OK
 949	     0	74.1	92.3	 965	OK
 950	     0	75.3	90.8	 963	OK
 951	     0	72.5	95.6	 950	OK
 952	     0	72.8	128.9	 948	OK
 953	     0	74.3	95.7	 957	OK
 954	     0	74.5	101.0	 950	OK
 955	     0	74.7	114.3	 935	OK
 956	     0	74.8	94.6	 962	OK
 957	     0	76.3	97.0	 990	OK
 958	     0	73.8	100.6	 937	OK
 959	     0	71.4	84.9	 977	OK
 960	     0	76.0	113.3	 947	OK
 961	 20000	101.3	87.2	 726	very high gain
 962	     0	75.8	103.0	 914	OK
 963	     0	75.2	111.0	 971	OK
 964	     0	75.3	111.9	 935	OK
 965	     1	0.0	0.0	   0	dead
 966	     0	71.1	95.7	 941	OK
 967	     0	75.5	94.2	 942	OK
 968	     0	75.0	104.5	 892	OK
 969	     0	72.3	108.5	 954	OK
 970	     0	71.8	96.1	 922	OK
 971	     0	74.9	95.6	 962	OK
 972	     0	75.1	118.9	 936	OK
 973	 20000	107.2	91.0	 666	very high gain
 974	     0	74.4	96.7	 954	OK
 975	     0	74.3	97.6	 927	OK
 976	     0	73.3	92.9	 936	OK
 977	     0	74.5	97.3	 925	OK
 978	     0	74.6	121.6	 952	OK
 979	     0	74.9	89.9	 965	OK
 980	     0	74.4	102.3	 948	OK
 981	     0	74.8	97.4	 937	OK
 982	     0	71.3	86.6	 961	OK
 983	     0	73.6	111.9	 942	OK
 984	     0	73.1	119.6	 920	OK
 985	     0	75.9	95.7	 911	OK
 986	     0	74.0	117.7	 930	OK
 987	     0	75.8	111.7	 984	OK
 988	     0	75.3	94.5	 906	OK
 989	     0	75.7	125.6	 915	OK
 990	     0	76.4	96.1	 913	OK
 991	 20000	105.7	90.4	 643	very high gain
 992	     0	73.6	91.1	 934	OK
 993	     0	76.2	96.1	 917	OK
 994	     0	76.4	107.3	 900	OK
 995	     1	0.0	0.0	   0	dead
 996	     0	77.6	97.9	 947	OK
 997	     0	77.3	98.0	 915	OK
 998	 20000	108.9	92.8	 647	very high gain
 999	     0	76.7	93.9	 957	OK
1000	     0	76.9	103.2	 939	OK
1001	     0	75.3	107.6	 932	OK
1002	     0	74.7	108.0	 908	OK
1003	     0	75.8	104.4	 924	OK
1004	     0	77.1	93.0	 923	OK
1005	     0	75.0	103.0	 914	OK
1006	 20000	100.5	83.4	 717	very high gain
1007	     0	77.4	105.9	 904	OK
1008	     0	75.4	118.0	 914	OK
1009	     0	74.6	94.9	 921	OK
1010	     0	74.8	96.6	 939	OK
1011	     0	75.9	116.7	 895	OK
1012	 20000	124.7	78.2	 582	very high gain
1013	     0	75.2	98.6	 922	OK
1014	   200	96.7	86.8	 718	high gain
1015	     0	77.2	99.3	 891	OK
1016	 20000	100.8	92.1	 669	very high gain
1017	     0	76.3	103.9	 918	OK
1018	     0	78.6	107.4	 888	OK
1019	     0	76.8	107.8	 897	OK
1020	     0	77.9	103.8	 892	OK
1021	     1	0.0	0.0	   0	dead
1022	   200	99.9	77.9	 707	high gain
1023	     0	75.4	108.5	 893	OK
1024	     0	73.2	99.2	 911	OK
1025	     0	69.9	78.7	 979	OK
1026	     0	69.6	80.1	 928	OK
1027	     0	68.6	87.6	 933	OK
1028	   200	97.4	72.7	 688	high gain
1029	     0	69.7	85.2	 922	OK
1030	     0	68.8	91.9	 930	OK
1031	     0	71.3	100.3	 918	OK
1032	 20000	140.1	72.1	 488	very high gain
1033	     0	69.4	83.1	 919	OK
1034	     0	69.7	89.5	 893	OK
1035	     0	68.4	100.3	 882	OK
1036	   200	98.4	74.0	 644	high gain
1037	     0	72.6	89.0	 913	OK
1038	     0	71.9	96.7	 924	OK
1039	     0	70.2	86.1	 944	OK
1040	     0	70.4	87.6	 936	OK
1041	     0	69.5	99.6	 937	OK
1042	     0	69.5	96.8	 939	OK
1043	   200	94.1	72.5	 677	high gain
1044	     0	71.2	88.0	 903	OK
1045	     0	69.4	92.8	 956	OK
1046	     1	0.0	0.0	   0	dead
1047	   200	92.7	76.3	 709	high gain
1048	     0	69.7	106.2	 945	OK
1049	   200	88.8	80.8	 733	high gain
1050	 20000	103.7	84.5	 633	very high gain
1051	     0	70.6	93.8	 959	OK
1052	     0	69.2	83.5	 947	OK
1053	     0	68.5	83.0	 940	OK
1054	     0	69.7	94.2	 956	OK
1055	     0	69.4	92.0	 945	OK
1056	   200	83.9	68.4	 780	high gain
1057	 20000	103.5	84.4	 654	very high gain
1058	     0	73.5	116.4	 990	OK
1059	     1	0.0	0.0	   0	dead
1060	     0	69.2	93.4	 957	OK
1061	     1	0.0	0.0	   0	dead
1062	     0	70.4	87.1	 974	OK
1063	     0	70.1	100.5	 976	OK
1064	     0	70.7	101.3	 983	OK
1065	 20000	102.9	83.8	 680	very high gain
1066	     0	67.3	102.7	 965	OK
1067	     0	69.1	101.0	1000	OK
1068	     1	0.0	0.0	   0	dead
1069	     0	70.4	101.9	 961	OK
1070	     1	0.0	0.0	   0	dead
1071	   200	95.7	76.7	 713	high gain
1072	     0	66.4	91.0	 938	OK
1073	     0	67.8	90.2	 955	OK
1074	     0	69.4	92.9	 972	OK
1075	 20000	130.6	69.0	 544	very high gain
1076	     0	72.9	105.6	 965	OK
1077	     0	70.0	89.4	 984	OK
1078	 20000	101.8	72.5	 654	very high gain
1079	   200	97.7	77.3	 700	high gain
1080	     0	68.5	87.4	1000	OK
1081	     0	70.8	112.2	 996	OK
1082	     0	70.4	100.2	 945	OK
1083	     0	68.8	92.9	 964	OK
1084	     0	71.6	80.4	1025	OK
1085	     1	0.0	0.0	   0	dead
1086	     0	71.8	90.1	 982	OK
1087	     0	69.9	86.5	 980	OK
1088	     0	69.7	75.5	 986	OK
1089	     0	72.7	90.9	 978	OK
1090	     0	71.3	99.7	 962	OK
1091	     0	69.8	89.5	 996	OK
1092	     0	72.0	90.9	 982	OK
1093	     0	69.9	91.1	1008	OK
1094	     1	0.0	0.0	   0	dead
1095	     0	69.5	95.9	1002	OK
1096	     0	69.1	87.4	 988	OK
1097	     0	68.7	104.0	1002	OK
1098	     1	0.0	0.0	   0	dead
1099	     0	68.1	78.4	1010	OK
1100	     0	69.6	92.5	1001	OK
1101	     0	69.6	93.3	 976	OK
1102	     0	68.7	90.1	 992	OK
1103	     0	68.2	87.8	 977	OK
1104	     0	66.6	75.6	 978	OK
1105	     0	65.5	68.0	 998	OK
1106	     0	68.6	91.4	 983	OK
1107	     0	69.5	90.6	1000	OK
1108	   200	91.9	70.1	 712	high gain
1109	     0	68.6	86.8	1013	OK
1110	     0	70.3	86.4	 972	OK
1111	     1	0.0	0.0	   0	dead
1112	     0	71.5	84.4	1018	OK
1113	 20000	103.6	69.5	 668	very high gain
1114	     0	68.3	95.2	 992	OK
1115	   200	91.7	80.7	 786	high gain
1116	     1	0.0	0.0	   0	dead
1117	   200	83.2	58.6	 788	high gain
1118	     0	66.9	82.4	 982	OK
1119	     0	67.6	88.1	1014	OK
1120	     0	68.2	94.2	1001	OK
1121	     0	70.4	98.1	 985	OK
1122	   200	94.7	71.3	 721	high gain
1123	     0	67.7	99.3	 967	OK
1124	     0	69.2	80.6	1012	OK
1125	     0	68.4	81.3	1005	OK
1126	     0	69.1	78.9	1000	OK
1127	     0	70.1	91.4	 988	OK
1128	     0	70.8	100.0	 981	OK
1129	     0	68.8	100.8	 954	OK
1130	     0	69.3	97.2	 978	OK
1131	     0	71.0	98.5	 958	OK
1132	     0	71.6	109.7	 964	OK
1133	     0	69.1	87.0	1005	OK
1134	     0	72.0	95.3	 977	OK
1135	     0	69.8	88.5	1001	OK
1136	   200	99.6	83.0	 686	high gain
1137	     0	70.8	114.0	 939	OK
1138	     0	71.4	98.5	 981	OK
1139	     0	68.4	86.7	 976	OK
1140	   200	98.3	77.3	 699	high gain
1141	     0	68.6	80.4	1010	OK
1142	   200	90.1	77.1	 757	high gain
1143	     0	66.5	88.9	 974	OK
1144	   200	97.3	76.9	 692	high gain
1145	     0	68.6	91.2	 990	OK
1146	     0	66.9	68.2	 986	OK
1147	     0	72.9	103.6	 997	OK
1148	 20000	103.6	79.9	 695	very high gain
1149	 20000	102.2	81.9	 714	very high gain
1150	     0	72.4	98.3	1009	OK
1151	  4000	68.2	70.1	1048	high noise
1152	     0	76.8	105.3	 946	OK
1153	     0	74.5	97.3	 962	OK
1154	     0	76.1	94.6	 972	OK
1155	     0	73.2	107.3	 978	OK
1156	     0	73.5	102.1	 964	OK
1157	   200	99.4	89.7	 715	high gain
1158	     0	70.3	87.4	 949	OK
1159	     1	0.0	0.0	   0	dead
1160	     0	72.7	102.5	 941	OK
1161	     0	75.7	106.2	 963	OK
1162	     0	71.3	93.1	 988	OK
1163	     0	73.7	95.9	 972	OK
1164	 20000	103.1	87.2	 688	very high gain
1165	     0	74.3	101.5	 976	OK
1166	     1	0.0	0.0	   0	dead
1167	     0	74.7	113.9	 952	OK
1168	     0	75.0	113.6	 956	OK
1169	     0	73.4	87.9	 934	OK
1170	 20000	108.0	81.7	 652	very high gain
1171	     0	74.9	102.6	 942	OK
1172	   200	97.0	93.7	 742	high gain
1173	     0	73.5	97.6	 936	OK
1174	     0	74.0	91.8	 941	OK
1175	   200	93.9	83.8	 734	high gain
1176	     0	71.8	83.4	 939	OK
1177	     0	79.4	88.0	 930	OK
1178	     0	73.6	124.3	 928	OK
1179	     0	74.1	96.5	 948	OK
1180	     0	73.9	86.9	 966	OK
1181	     0	73.3	91.0	 956	OK
1182	     0	75.0	104.1	 950	OK
1183	     0	75.2	110.6	 935	OK
1184	     0	72.1	99.7	 937	OK
1185	     0	75.5	115.7	 958	OK
1186	     0	74.2	98.8	 935	OK
1187	     0	72.6	112.5	 946	OK
1188	     0	74.2	121.8	 985	OK
1189	     0	73.1	119.4	 957	OK
1190	     0	72.4	100.5	 976	OK
1191	     0	74.3	103.5	 945	OK
1192	     0	74.3	101.8	 944	OK
1193	     0	78.1	90.5	 901	OK
1194	     0	74.4	108.6	 985	OK
1195	     0	73.9	86.0	 982	OK
1196	     0	72.4	99.7	 954	OK
1197	 20000	101.5	86.2	 680	very high gain
1198	     0	73.7	108.0	 965	OK
1199	     0	73.7	94.5	 937	OK
1200	     0	72.6	107.3	 969	OK
1201	     0	74.7	101.7	 949	OK
1202	     0	72.6	102.7	 950	OK
1203	     0	75.9	114.5	 969	OK
1204	     0	74.0	89.8	 961	OK
1205	     0	74.9	110.8	 971	OK
1206	  4000	72.0	106.1	 998	high noise
1207	     0	77.3	95.6	 985	OK
1208	     0	74.4	110.4	 962	OK
1209	     0	75.4	93.6	 977	OK
1210	     0	73.0	121.5	 940	OK
1211	     0	74.9	112.8	 982	OK
1212	     0	75.1	111.0	 959	OK
1213	     0	71.5	94.2	 943	OK
1214	  4000	74.7	97.0	1021	high noise
1215	     0	74.9	92.8	 931	OK
1216	     0	72.7	106.4	 975	OK
1217	     0	75.0	89.6	 960	OK
1218	     0	73.8	105.6	 932	OK
1219	     0	71.2	106.4	 893	OK
1220	 20000	114.3	67.0	 611	very high gain
1221	     0	74.5	97.1	 965	OK
1222	     0	70.3	80.6	 978	OK
1223	  4000	72.9	75.9	1012	high noise
1224	     0	73.8	103.3	 959	OK
1225	     0	74.5	98.7	 957	OK
1226	     0	70.5	107.4	 927	OK
1227	     0	72.5	99.9	 945	OK
1228	     0	73.5	97.0	 920	OK
1229	     0	76.5	99.2	 970	OK
1230	     0	73.5	108.7	 962	OK
1231	     0	72.1	101.0	 972	OK
1232	     0	74.1	118.0	 924	OK
1233	     0	77.8	99.5	 939	OK
1234	     0	73.1	100.7	 940	OK
1235	     0	72.8	100.5	 950	OK
1236	 20000	110.1	87.3	 623	very high gain
1237	     0	75.2	114.9	 938	OK
1238	     0	71.9	100.8	 978	OK
1239	 20000	101.7	82.7	 671	very high gain
1240	     0	75.9	101.8	 950	OK
1241	     0	75.0	109.9	 940	OK
1242	     0	75.1	95.5	 955	OK
1243	     0	74.8	110.4	 944	OK
1244	     0	73.0	98.3	 951	OK
1245	     0	74.9	92.2	 922	OK
1246	     0	72.7	102.2	 950	OK
1247	     0	72.1	106.3	 960	OK
1248	     0	73.5	103.3	 924	OK
1249	     0	73.5	98.9	 970	OK
1250	     0	74.6	106.3	 928	OK
1251	     0	74.5	90.5	 930	OK
1252	     0	73.6	101.7	 940	OK
1253	     0	76.7	99.6	 928	OK
1254	     0	74.6	110.0	 915	OK
1255	     0	72.8	95.5	 917	OK
1256	     0	74.4	92.7	 938	OK
1257	     0	73.9	99.7	 913	OK
1258	     0	75.6	111.0	 943	OK
1259	     0	74.4	104.6	 940	OK
1260	 20000	109.5	81.9	 620	very high gain
1261	     0	73.9	93.8	 925	OK
1262	 20000	105.4	83.9	 632	very high gain
1263	     0	75.2	88.6	 937	OK
1264	     0	74.9	100.9	 931	OK
1265	     0	74.8	90.9	 924	OK
1266	 20000	102.6	90.8	 688	very high gain
1267	     0	74.5	114.5	 910	OK
1268	     0	72.7	99.3	 925	OK
1269	 20000	111.3	82.9	 623	very high gain
1270	     0	72.3	92.4	 899	OK
1271	     0	74.6	104.1	 917	OK
1272	     0	76.7	107.7	 891	OK
1273	     0	75.1	124.2	 883	OK
1274	 20000	100.9	92.1	 686	very high gain
1275	     1	0.0	0.0	   0	dead
1276	     0	75.9	122.4	 855	OK
1277	     0	76.5	99.3	 884	OK
1278	     0	77.5	115.9	 914	OK
1279	     0	77.7	113.3	 848	OK
1280	     0	74.0	117.5	 862	OK
1281	     0	73.2	99.3	 842	OK
1282	     1	0.0	0.0	   0	dead
1283	     0	74.1	101.7	 873	OK
1284	   200	99.2	77.3	 642	high gain
1285	     0	72.9	119.9	 839	OK
1286	     0	73.6	107.0	 870	OK
1287	     0	70.8	118.0	 874	OK
1288	     0	72.5	116.3	 831	OK
1289	     0	71.9	104.1	 873	OK
1290	     0	72.4	103.8	 855	OK
1291	     0	70.2	99.4	 853	OK
1292	     0	72.0	98.6	 867	OK
1293	     0	72.6	110.8	 863	OK
1294	     0	72.5	129.9	 863	OK
1295	     0	71.1	105.5	 870	OK
1296	     0	72.3	108.2	 835	OK
1297	     0	74.2	94.6	 840	OK
1298	     0	73.8	87.4	 871	OK
1299	 20000	104.5	86.9	 584	very high gain
1300	     0	72.8	103.9	 884	OK
1301	     0	73.6	92.2	 857	OK
1302	     0	72.7	97.6	 864	OK
1303	   200	90.8	88.5	 682	high gain
1304	     0	71.6	109.8	 881	OK
1305	     0	71.8	97.3	 895	OK
1306	     0	73.0	102.3	 870	OK
1307	     0	71.2	104.6	 858	OK
1308	     0	72.5	106.1	 861	OK
1309	     0	72.3	117.5	 847	OK
1310	     0	72.0	109.8	 889	OK
1311	 20000	101.8	85.8	 633	very high gain
1312	     0	75.3	96.4	 858	OK
1313	     0	73.0	132.5	 885	OK
1314	   200	94.4	89.0	 668	high gain
1315	     0	71.1	117.6	 868	OK
1316	     0	72.1	95.8	 885	OK
1317	     0	69.7	108.6	 866	OK
1318	     0	72.3	99.9	 879	OK
1319	     0	74.1	104.3	 871	OK
1320	     0	72.7	104.2	 876	OK
1321	     0	72.4	120.1	 887	OK
1322	     0	73.6	99.9	 881	OK
1323	     0	72.8	93.7	 855	OK
1324	     0	69.3	100.9	 893	OK
1325	     0	73.0	113.2	 873	OK
1326	   200	93.6	78.2	 673	high gain
1327	 20000	103.6	91.0	 595	very high gain
1328	 20000	106.5	81.6	 601	very high gain
1329	     0	73.0	94.0	 873	OK
1330	     0	71.2	106.6	 870	OK
1331	 20000	107.1	98.4	 612	very high gain
1332	     0	71.5	101.8	 841	OK
1333	     0	71.6	97.3	 866	OK
1334	     0	72.2	98.8	 894	OK
1335	     0	71.1	127.5	 895	OK
1336	     0	70.1	87.2	 886	OK
1337	     0	72.4	114.6	 860	OK
1338	     0	69.5	99.0	 891	OK
1339	 20000	106.0	83.0	 572	very high gain
1340	     0	72.4	112.1	 875	OK
1341	     0	70.5	106.2	 877	OK
1342	     1	0.0	0.0	   0	dead
1343	     0	74.5	113.8	 885	OK
1344	     0	70.1	96.3	 894	OK
1345	     0	72.0	125.1	 877	OK
1346	     0	70.8	118.5	 886	OK
1347	     0	70.2	109.7	 888	OK
1348	     0	70.8	93.7	 888	OK
1349	     0	70.1	109.0	 896	OK
1350	   200	98.4	81.9	 615	high gain
1351	     0	71.4	115.1	 901	OK
1352	     0	69.4	96.8	 888	OK
1353	     0	70.2	99.0	 900	OK
1354	     0	72.7	93.6	 896	OK
1355	   200	90.4	75.8	 677	high gain
1356	     0	69.9	99.3	 895	OK
1357	   200	92.9	83.7	 655	high gain
1358	     0	70.9	96.9	 884	OK
1359	     0	70.1	97.0	 867	OK
1360	     0	71.7	106.3	 863	OK
1361	     0	70.6	94.8	 902	OK
1362	     0	68.3	96.9	 909	OK
1363	 20000	102.3	86.8	 599	very high gain
1364	   200	99.0	86.8	 638	high gain
1365	 20000	105.0	84.3	 613	very high gain
1366	     0	72.3	104.2	 885	OK
1367	 20000	100.3	82.9	 614	very high gain
1368	 20000	104.4	82.1	 557	very high gain
1369	     0	68.9	96.7	 881	OK
1370	     0	70.7	98.8	 901	OK
1371	 20000	102.7	90.9	 606	very high gain
1372	     0	72.5	108.4	 881	OK
1373	   200	98.4	86.5	 587	high gain
1374	     0	67.8	81.7	 854	OK
1375	     0	72.7	107.4	 899	OK
1376	     0	70.7	104.3	 855	OK
1377	     0	69.8	111.9	 862	OK
1378	     0	71.2	92.0	 849	OK
1379	     0	69.4	94.4	 840	OK
1380	   200	99.2	81.9	 645	high gain
1381	 20000	103.9	88.8	 605	very high gain
1382	     0	72.3	95.0	 870	OK
1383	     0	71.0	110.6	 852	OK
1384	     0	69.2	94.1	 870	OK
1385	     0	71.5	87.7	 882	OK
1386	     0	71.5	92.3	 854	OK
1387	     0	69.3	103.7	 863	OK
1388	     0	71.2	111.6	 862	OK
1389	     0	71.4	107.1	 869	OK
1390	     0	69.8	93.1	 888	OK
1391	 20000	104.9	88.6	 590	very high gain
1392	 20000	107.3	76.4	 592	very high gain
1393	     0	69.9	110.4	 881	OK
1394	     0	71.6	109.1	 900	OK
1395	     0	70.4	91.0	 872	OK
1396	     0	70.2	105.8	 907	OK
1397	     0	70.8	97.0	 873	OK
1398	     0	70.0	95.5	 886	OK
1399	     0	72.3	111.2	 846	OK
1400	     0	71.6	103.3	 876	OK
1401	     0	72.4	106.9	 841	OK
1402	     0	72.2	101.4	 880	OK
1403	     0	71.2	93.3	 854	OK
1404	     0	70.2	97.6	 895	OK
1405	     0	73.9	95.1	 843	OK
1406	     0	72.9	84.0	 915	OK
1407	     0	72.1	99.8	 871	OK
1408	     0	68.5	97.8	 902	OK
1409	     0	72.0	110.8	 883	OK
1410	     0	68.9	101.9	 883	OK
1411	     0	70.6	102.4	 889	OK
1412	 20000	102.9	92.6	 627	very high gain
1413	     0	69.3	90.6	 877	OK
1414	     0	68.9	116.5	 919	OK
1415	 20000	104.7	92.2	 611	very high gain
1416	     0	67.3	93.1	 893	OK
1417	   200	90.5	86.6	 666	high gain
1418	   200	92.6	84.5	 669	high gain
1419	     0	67.6	92.8	 871	OK
1420	     0	68.7	105.5	 879	OK
1421	     0	70.5	112.2	 883	OK
1422	   200	92.6	87.4	 686	high gain
1423	     0	68.3	87.9	 900	OK
1424	     0	68.9	94.8	 909	OK
1425	  4000	64.7	66.6	 944	high noise
1426	   200	89.5	76.2	 677	high gain
1427	     0	69.2	110.8	 855	OK
1428	   200	95.3	80.5	 646	high gain
1429	     0	69.9	91.4	 847	OK
1430	   200	98.1	87.2	 611	high gain
1431	   200	91.0	81.5	 651	high gain
1432	     0	68.2	108.6	 890	OK
1433	     0	68.1	114.9	 886	OK
1434	     0	68.2	97.2	 864	OK
1435	     0	68.5	86.3	 858	OK
1436	   200	93.1	77.6	 648	high gain
1437	     0	67.0	107.7	 876	OK
1438	     0	69.5	116.4	 906	OK
1439	     0	66.8	89.4	 895	OK
1440	     0	70.7	95.3	 892	OK
1441	     0	67.8	88.1	 894	OK
1442	     0	68.1	95.2	 908	OK
1443	   200	95.4	81.5	 664	high gain
1444	     0	68.5	110.2	 896	OK
1445	     0	66.1	94.2	 895	OK
1446	     0	70.0	93.8	 881	OK
1447	     0	71.1	107.3	 881	OK
1448	     0	69.9	107.7	 859	OK
1449	     0	67.6	102.2	 855	OK
1450	     0	67.6	94.3	 863	OK
1451	     0	69.6	101.1	 886	OK
1452	     0	66.3	104.1	 903	OK
1453	     0	68.6	87.9	 870	OK
1454	   200	99.9	80.5	 639	high gain
1455	     0	68.3	87.6	 884	OK
1456	     0	72.7	107.4	 879	OK
1457	     0	67.7	104.5	 879	OK
1458	     0	69.0	96.1	 882	OK
1459	   200	97.6	82.0	 621	high gain
1460	   200	92.2	82.8	 698	high gain
1461	     0	68.1	95.8	 904	OK
1462	     0	72.1	107.6	 901	OK
1463	     0	68.1	91.4	 920	OK
1464	     0	68.2	111.6	 902	OK
1465	     0	68.8	83.5	 904	OK
1466	   200	95.7	78.8	 642	high gain
1467	     0	68.4	103.6	 869	OK
1468	     0	70.1	100.0	 892	OK
1469	  4000	68.1	99.6	 924	high noise
1470	   200	98.7	84.2	 636	high gain
1471	     0	69.8	91.4	 891	OK
1472	     0	70.0	94.8	 914	OK
1473	     0	68.3	94.8	 903	OK
1474	     0	66.0	103.7	 888	OK
1475	     0	68.9	116.4	 911	OK
1476	     0	69.1	105.6	 894	OK
1477	     0	65.8	96.8	 892	OK
1478	   200	94.9	79.4	 637	high gain
1479	     0	67.0	92.8	 854	OK
1480	     0	69.8	97.8	 901	OK
1481	     0	68.3	107.0	 879	OK
1482	   200	99.4	82.5	 629	high gain
1483	     0	72.7	110.5	 884	OK
1484	     0	66.2	77.6	 881	OK
1485	     0	68.0	102.9	 868	OK
1486	     0	66.3	92.8	 915	OK
1487	     0	71.3	110.3	 889	OK
1488	     0	69.9	98.2	 910	OK
1489	     0	71.1	103.4	 866	OK
1490	     0	68.3	95.8	 885	OK
1491	     0	68.8	90.5	 869	OK
1492	     0	66.9	93.6	 915	OK
1493	     0	70.1	114.8	 848	OK
1494	  4000	67.8	105.0	 943	high noise
1495	     0	69.1	107.5	 881	OK
1496	     0	66.1	86.1	 902	OK
1497	   200	88.5	80.7	 660	high gain
1498	     0	70.2	121.2	 895	OK
1499	     0	67.1	96.1	 850	OK
1500	     0	69.0	99.5	 910	OK
1501	     0	71.7	92.1	 876	OK
1502	   200	95.8	86.8	 614	high gain
1503	     0	66.8	73.1	 871	OK
1504	     0	70.9	116.0	 880	OK
1505	     0	69.8	77.8	 918	OK
1506	     0	68.6	106.6	 897	OK
1507	     0	68.6	113.8	 876	OK
1508	     0	69.6	109.1	 843	OK
1509	     0	69.7	116.6	 915	OK
1510	     0	72.2	95.9	 872	OK
1511	     0	68.0	80.7	 887	OK
1512	     0	67.2	100.4	 888	OK
1513	     0	69.1	96.9	 892	OK
1514	   200	88.9	70.9	 644	high gain
1515	     0	69.3	97.4	 857	OK
1516	     0	68.4	96.0	 901	OK
1517	     0	69.4	101.8	 869	OK
1518	     0	70.8	98.0	 888	OK
1519	     0	69.1	111.5	 870	OK
1520	     0	67.1	95.9	 907	OK
1521	     0	69.4	114.1	 894	OK
1522	     0	67.7	107.3	 894	OK
1523	     0	71.4	106.6	 880	OK
1524	     0	72.6	113.3	 894	OK
1525	     0	68.3	101.8	 873	OK
1526	     0	66.7	78.2	 870	OK
1527	     0	68.8	88.8	 833	OK
1528	     0	68.0	96.7	 871	OK
1529	     0	68.7	108.4	 889	OK
1530	     0	70.7	95.0	 874	OK
1531	     0	70.1	94.6	 894	OK
1532	     0	71.1	97.0	 884	OK
1533	     0	73.4	111.5	 874	OK
1534	   200	96.8	88.2	 613	high gain
1535	     0	72.0	88.5	 833	OK
1536	     0	68.9	99.1	 927	OK
1537	 20000	102.5	85.8	 605	very high gain
1538	 20000	103.8	82.5	 600	very high gain
1539	 20000	134.3	67.1	 450	very high gain
1540	   200	92.6	82.0	 631	high gain
1541	     0	68.2	106.8	 877	OK
1542	     0	69.7	104.6	 896	OK
1543	     0	70.3	97.1	 911	OK
1544	 20000	103.0	84.6	 578	very high gain
1545	     0	66.3	94.7	 872	OK
1546	     0	68.9	92.7	 890	OK
1547	   200	95.5	83.8	 623	high gain
1548	  4000	66.5	79.4	 938	high noise
1549	     0	68.3	96.0	 891	OK
1550	   200	99.4	90.2	 632	high gain
1551	     0	68.8	94.9	 900	OK
1552	     0	66.5	85.6	 904	OK
1553	     0	67.0	99.5	 897	OK
1554	     0	67.3	91.2	 899	OK
1555	     0	69.0	99.6	 912	OK
1556	     0	65.8	81.3	 917	OK
1557	     0	65.1	107.2	 907	OK
1558	 20000	100.5	74.7	 605	very high gain
1559	     0	68.2	95.8	 909	OK
1560	     0	68.8	110.7	 898	OK
1561	   200	99.6	87.9	 629	high gain
1562	     0	69.1	98.0	 909	OK
1563	     0	67.3	86.2	 914	OK
1564	     1	0.0	0.0	   0	dead
1565	     0	67.5	89.6	 887	OK
1566	     0	66.1	85.6	 913	OK
1567	     0	68.2	92.4	 919	OK
1568	   200	93.6	69.8	 647	high gain
1569	     1	0.0	0.0	   0	dead
1570	     0	66.8	88.1	 915	OK
1571	     0	67.7	94.4	 912	OK
1572	     0	65.9	76.9	 933	OK
1573	  4000	65.2	88.0	 944	high noise
1574	     0	68.1	89.5	 881	OK
1575	     0	67.9	84.8	 920	OK
1576	     0	67.3	114.1	 885	OK
1577	   200	98.5	79.1	 619	high gain
1578	     0	67.2	95.1	 925	OK
1579	     0	68.4	89.6	 928	OK
1580	     0	69.7	103.1	 933	OK
1581	     0	66.5	96.2	 908	OK
1582	     0	65.5	84.7	 903	OK
1583	     0	66.7	80.4	 909	OK
1584	     0	68.0	94.5	 914	OK
1585	     0	66.6	79.0	 929	OK
1586	     0	67.6	96.7	 905	OK
1587	     0	67.0	87.7	 916	OK
1588	   200	93.8	81.9	 710	high gain
1589	     0	67.1	96.6	 919	OK
1590	     0	65.7	99.6	 907	OK
1591	  4000	66.8	89.4	 937	high noise
1592	  4000	66.5	100.0	 940	high noise
1593	   200	84.7	63.7	 702	high gain
1594	     0	66.9	95.7	 910	OK
1595	     0	67.3	96.5	 928	OK
1596	     0	68.9	91.7	 932	OK
1597	     0	66.9	118.3	 896	OK
1598	   200	91.8	71.1	 657	high gain
1599	  4000	67.8	104.6	 941	high noise
1600	   200	91.4	85.4	 677	high gain
1601	   200	93.2	75.7	 648	high gain
1602	     0	65.4	89.1	 873	OK
1603	     0	67.8	121.7	 926	OK
1604	     0	65.9	98.1	 889	OK
1605	     0	67.6	88.1	 903	OK
1606	  4000	65.4	88.2	 955	high noise
1607	   200	99.2	81.6	 580	high gain
1608	     0	65.6	110.8	 921	OK
1609	     0	67.0	86.7	 910	OK
1610	     0	67.5	90.9	 921	OK
1611	     0	65.4	93.2	 915	OK
1612	     0	66.2	86.3	 923	OK
1613	     0	63.2	95.3	 894	OK
1614	   200	99.5	74.8	 572	high gain
1615	     0	66.3	84.8	 906	OK
1616	     1	0.0	0.0	   0	dead
1617	   200	88.1	78.8	 652	high gain
1618	     0	67.4	90.4	 905	OK
1619	     0	64.1	80.2	 896	OK
1620	     0	67.2	96.6	 895	OK
1621	     0	65.8	78.5	 902	OK
1622	     0	64.9	98.8	 901	OK
1623	   200	88.5	74.8	 697	high gain
1624	   200	91.2	76.4	 661	high gain
1625	   200	89.0	70.5	 656	high gain
1626	     0	67.3	90.2	 881	OK
1627	     0	66.5	84.4	 882	OK
1628	     0	67.1	86.6	 883	OK
1629	     0	68.2	99.2	 902	OK
1630	     0	68.7	101.1	 897	OK
1631	     0	65.4	89.2	 902	OK
1632	     0	64.6	85.4	 892	OK
1633	   200	96.0	65.7	 617	high gain
1634	     0	66.0	81.3	 928	OK
1635	     0	65.3	92.6	 881	OK
1636	   200	92.2	88.0	 675	high gain
1637	     0	66.4	85.0	 890	OK
1638	   200	88.5	71.0	 643	high gain
1639	     0	66.6	95.1	 875	OK
1640	     0	67.9	92.9	 913	OK
1641	     0	67.2	89.3	 889	OK
1642	 20000	101.3	77.3	 565	very high gain
1643	     0	65.8	102.6	 899	OK
1644	     0	65.2	94.0	 913	OK
1645	     0	66.0	89.9	 905	OK
1646	     0	67.5	94.2	 892	OK
1647	     0	67.3	104.1	 908	OK
1648	     0	66.0	89.6	 923	OK
1649	     0	68.5	91.8	 932	OK
1650	     0	64.8	92.5	 888	OK
1651	     0	68.6	96.0	 889	OK
1652	     0	64.2	96.4	 905	OK
1653	     0	67.0	104.3	 925	OK
1654	     0	67.8	100.4	 905	OK
1655	     0	65.7	83.6	 905	OK
1656	     0	68.3	87.7	 896	OK
1657	     0	69.0	110.6	 902	OK
1658	     0	66.0	93.6	 870	OK
1659	     0	67.6	97.6	 901	OK
1660	     0	68.4	99.4	 875	OK
1661	   200	92.1	86.5	 668	high gain
1662	 20000	101.8	87.5	 589	very high gain
1663	     0	71.0	96.3	 893	OK
1664	     0	75.2	94.2	 924	OK
1665	     0	74.6	81.8	 911	OK
1666	   200	97.0	85.3	 696	high gain
1667	     0	75.0	90.3	 881	OK
1668	     0	74.6	88.4	 900	OK
1669	     1	0.0	0.0	   0	dead
1670	     0	74.9	106.1	 826	OK
1671	 20000	108.3	87.7	 622	very high gain
1672	     0	71.8	114.8	 863	OK
1673	     0	73.3	109.1	 858	OK
1674	   200	97.4	85.9	 639	high gain
1675	   200	95.1	81.8	 662	high gain
1676	     0	73.3	115.6	 837	OK
1677	     0	74.0	92.0	 855	OK
1678	     0	75.3	100.3	 845	OK
1679	 90000	36.9	110.0	1778	very low gain
1680	     0	72.0	98.9	 834	OK
1681	   200	98.2	87.9	 631	high gain
1682	     0	72.9	95.1	 852	OK
1683	     0	73.2	89.3	 892	OK
1684	     0	73.1	99.1	 876	OK
1685	     0	70.1	101.5	 860	OK
1686	     0	74.1	101.2	 839	OK
1687	     0	73.1	111.9	 867	OK
1688	     0	72.9	105.4	 865	OK
1689	 20000	101.6	89.9	 638	very high gain
1690	     0	71.6	89.2	 868	OK
1691	     0	72.9	110.5	 862	OK
1692	   200	97.0	89.8	 655	high gain
1693	   200	98.2	80.2	 635	high gain
1694	     0	72.9	99.2	 833	OK
1695	     0	74.2	99.3	 870	OK
1696	   200	96.4	75.7	 667	high gain
1697	     1	0.0	0.0	   0	dead
1698	     0	74.1	109.1	 853	OK
1699	     0	73.3	89.1	 891	OK
1700	     0	75.2	112.8	 857	OK
1701	     0	73.9	97.9	 843	OK
1702	     0	74.3	104.9	 849	OK
1703	     0	74.9	85.6	 879	OK
1704	   200	96.9	78.4	 654	high gain
1705	     0	73.6	92.5	 857	OK
1706	     0	72.1	110.3	 859	OK
1707	     0	73.6	105.3	 867	OK
1708	     0	74.8	94.2	 879	OK
1709	     0	74.6	99.0	 882	OK
1710	 20000	100.6	79.5	 631	very high gain
1711	   200	81.1	76.2	 820	high gain
1712	     0	75.9	104.0	 867	OK
1713	     0	71.2	104.4	 890	OK
1714	     0	74.2	98.7	 903	OK
1715	     0	74.0	98.0	 842	OK
1716	     0	74.7	93.3	 896	OK
1717	     1	0.0	0.0	   0	dead
1718	     0	74.0	115.9	 867	OK
1719	     0	74.5	89.4	 889	OK
1720	     0	75.0	94.5	 853	OK
1721	     0	75.0	87.4	 918	OK
1722	     0	72.8	86.3	 871	OK
1723	     0	75.3	93.9	 890	OK
1724	     0	74.9	104.0	 876	OK
1725	     0	74.1	94.4	 854	OK
1726	     0	73.3	97.1	 872	OK
1727	     0	74.1	102.8	 872	OK
1728	 20000	109.9	93.8	 610	very high gain
1729	     0	73.2	101.6	 886	OK
1730	     1	0.0	0.0	   0	dead
1731	     0	73.6	92.0	 878	OK
1732	 20000	101.6	86.7	 652	very high gain
1733	     0	73.7	94.7	 873	OK
1734	     0	71.6	97.6	 868	OK
1735	   200	94.0	87.0	 687	high gain
1736	     0	73.1	92.0	 889	OK
1737	     0	73.8	91.0	 886	OK
1738	     0	72.9	98.8	 861	OK
1739	     0	69.7	72.6	 933	OK
1740	     0	72.1	98.8	 876	OK
1741	     0	75.0	101.0	 874	OK
1742	     0	74.4	118.1	 906	OK
1743	     0	74.8	92.7	 876	OK
1744	     1	0.0	0.0	   0	dead
1745	     0	74.3	100.3	 894	OK
1746	     0	72.8	110.5	 883	OK
1747	     0	71.6	90.1	 899	OK
1748	   200	83.5	62.2	 760	high gain
1749	     0	69.7	76.8	 883	OK
1750	     0	72.0	85.9	 886	OK
1751	 20000	109.2	89.1	 614	very high gain
1752	     0	74.4	86.5	 890	OK
1753	     0	71.5	96.0	 868	OK
1754	   200	95.2	82.8	 642	high gain
1755	     0	72.8	97.2	 889	OK
1756	     0	71.4	95.3	 856	OK
1757	     0	76.1	98.8	 886	OK
1758	 20000	101.1	92.4	 645	very high gain
1759	     0	71.4	88.7	 870	OK
1760	 20000	108.4	89.8	 609	very high gain
1761	     0	72.1	106.0	 855	OK
1762	     0	73.1	98.8	 857	OK
1763	     0	74.5	92.3	 884	OK
1764	 20000	103.7	84.0	 626	very high gain
1765	     0	75.2	116.6	 867	OK
1766	     0	74.7	102.3	 880	OK
1767	     0	73.4	76.8	 918	OK
1768	     0	72.7	118.2	 873	OK
1769	     0	73.9	111.7	 861	OK
1770	     0	73.3	91.9	 881	OK
1771	     0	74.1	119.0	 869	OK
1772	     0	74.4	106.4	 867	OK
1773	     0	75.0	102.6	 872	OK
1774	     0	73.8	93.4	 862	OK
1775	     0	74.6	103.3	 859	OK
1776	     0	74.3	95.1	 841	OK
1777	 20000	105.9	82.1	 605	very high gain
1778	     0	74.0	91.5	 895	OK
1779	     0	74.5	110.7	 847	OK
1780	     0	73.4	105.2	 865	OK
1781	     0	72.3	97.4	 897	OK
1782	     0	70.8	90.4	 891	OK
1783	     0	74.3	102.6	 877	OK
1784	 20000	101.0	83.1	 643	very high gain
1785	     0	74.0	117.3	 914	OK
1786	     0	77.4	126.1	 856	OK
1787	     0	75.9	113.8	 843	OK
1788	 20000	110.6	90.1	 639	very high gain
1789	     0	74.6	106.0	 847	OK
1790	     0	74.2	109.7	 874	OK
1791	     0	73.6	103.3	 900	OK
1792	   200	99.6	75.6	 589	high gain
1793	     0	72.2	108.4	 836	OK
1794	     0	69.6	96.0	 844	OK
1795	     0	72.4	107.4	 841	OK
1796	   200	95.9	87.2	 637	high gain
1797	     0	69.7	93.8	 853	OK
1798	     0	71.4	103.6	 850	OK
1799	   200	92.3	83.4	 643	high gain
1800	     0	70.8	94.4	 851	OK
1801	     0	70.4	91.6	 837	OK
1802	 20000	105.7	82.8	 553	very high gain
1803	   200	99.3	85.6	 599	high gain
1804	     0	73.2	95.0	 834	OK
1805	     0	68.5	97.8	 837	OK
1806	   200	88.4	72.5	 695	high gain
1807	   200	99.3	90.5	 596	high gain
1808	     0	70.9	97.2	 845	OK
1809	     0	75.1	90.6	 841	OK
1810	     0	72.7	124.1	 832	OK
1811	     0	68.9	91.0	 854	OK
1812	     0	69.1	98.8	 837	OK
1813	     0	73.3	96.8	 841	OK
1814	 20000	103.9	88.1	 571	very high gain
1815	     0	71.6	104.9	 820	OK
1816	     0	71.5	100.5	 845	OK
1817	     0	69.5	87.4	 824	OK
1818	     0	70.7	91.8	 826	OK
1819	  4000	69.6	105.7	 869	high noise
1820	   200	99.5	80.2	 582	high gain
1821	     0	73.1	103.2	 836	OK
1822	     0	70.9	102.9	 838	OK
1823	     0	71.6	109.8	 835	OK
1824	     0	74.5	85.2	 792	OK
1825	  4000	71.7	108.7	 866	high noise
1826	     0	70.2	94.8	 830	OK
1827	   200	97.3	85.7	 631	high gain
1828	     0	71.5	116.1	 812	OK
1829	   200	99.4	84.6	 636	high gain
1830	 20000	105.0	83.1	 570	very high gain
1831	     0	73.6	96.2	 843	OK
1832	     0	71.4	94.8	 852	OK
1833	 20000	105.3	88.0	 576	very high gain
1834	     0	71.0	95.6	 835	OK
1835	   200	94.8	86.8	 629	high gain
1836	     0	68.8	85.6	 845	OK
1837	  4000	69.8	99.3	 871	high noise
1838	   200	91.2	86.5	 651	high gain
1839	   200	93.5	79.1	 629	high gain
1840	     0	74.2	91.7	 821	OK
1841	     0	68.2	84.2	 856	OK
1842	     1	0.0	0.0	   0	dead
1843	  4000	69.7	100.0	 868	high noise
1844	 20000	103.7	86.7	 578	very high gain
1845	   200	97.0	81.2	 624	high gain
1846	     0	73.3	101.1	 836	OK
1847	   200	97.1	81.7	 617	high gain
1848	   200	97.7	82.9	 606	high gain
1849	   200	97.1	90.6	 611	high gain
1850	     0	69.8	103.7	 846	OK
1851	   200	94.1	90.5	 637	high gain
1852	     0	72.8	90.2	 862	OK
1853	     0	71.3	98.1	 842	OK
1854	 20000	108.2	94.8	 585	very high gain
1855	     0	72.2	92.6	 844	OK
1856	   200	96.0	77.9	 594	high gain
1857	     0	73.8	97.2	 840	OK
1858	     0	71.1	100.4	 857	OK
1859	  4000	72.1	115.6	 880	high noise
1860	   200	93.0	83.0	 626	high gain
1861	   200	87.4	75.1	 647	high gain
1862	     0	69.7	105.4	 846	OK
1863	     0	69.8	94.9	 842	OK
1864	     0	71.4	105.7	 807	OK
1865	  4000	69.5	93.5	 880	high noise
1866	   200	95.4	82.9	 620	high gain
1867	  4000	71.5	102.7	 872	high noise
1868	     0	67.5	89.9	 845	OK
1869	     0	72.1	88.4	 838	OK
1870	     0	72.7	105.4	 836	OK
1871	     0	70.6	109.6	 843	OK
1872	   200	99.9	81.8	 599	high gain
1873	   200	91.8	81.7	 629	high gain
1874	     0	71.5	93.5	 831	OK
1875	     0	70.9	97.3	 839	OK
1876	   200	92.3	74.3	 648	high gain
1877	     0	70.7	96.4	 840	OK
1878	     0	72.7	106.6	 833	OK
1879	   200	97.2	78.4	 604	high gain
1880	     0	70.3	101.7	 836	OK
1881	   200	94.3	85.1	 622	high gain
1882	  4000	68.9	89.5	 876	high noise
1883	     0	70.5	92.6	 820	OK
1884	   200	93.9	76.9	 655	high gain
1885	 20000	102.5	87.9	 578	very high gain
1886	   200	95.3	82.1	 629	high gain
1887	  4000	69.2	74.0	 882	high noise
1888	     0	69.8	96.8	 838	OK
1889	     0	72.6	95.9	 825	OK
1890	     0	71.4	90.4	 826	OK
1891	     0	68.9	97.0	 832	OK
1892	   200	89.4	73.5	 660	high gain
1893	  4000	73.8	105.2	 867	high noise
1894	     0	72.5	101.0	 834	OK
1895	     0	72.0	98.7	 832	OK
1896	     0	71.4	108.3	 843	OK
1897	     0	71.6	91.0	 837	OK
1898	   200	98.0	92.9	 636	high gain
1899	     0	71.3	99.0	 814	OK
1900	     0	72.5	94.5	 830	OK
1901	     0	71.4	103.7	 847	OK
1902	   200	99.3	81.9	 603	high gain
1903	     0	72.7	99.3	 816	OK
1904	 20000	102.2	86.4	 578	very high gain
1905	 20000	108.8	75.5	 522	very high gain
1906	     0	73.7	100.4	 819	OK
1907	     0	73.1	100.2	 811	OK
1908	     0	72.6	97.3	 845	OK
1909	     0	72.4	113.9	 832	OK
1910	     0	71.1	87.1	 834	OK
1911	     0	73.1	111.3	 834	OK
1912	   200	87.6	70.7	 698	high gain
1913	     0	70.2	115.6	 805	OK
1914	     0	70.7	76.1	 846	OK
1915	     0	73.6	111.8	 834	OK
1916	     0	70.9	104.8	 809	OK
1917	     0	72.3	91.2	 806	OK
1918	     0	74.7	115.8	 840	OK
1919	     0	74.7	110.0	 845	OK
1920	     0	72.5	112.2	 834	OK
1921	 20000	103.6	100.8	 590	very high gain
1922	     0	72.4	121.6	 867	OK
1923	     0	68.4	116.0	 828	OK
1924	     0	70.2	106.8	 834	OK
1925	     0	70.6	118.5	 855	OK
1926	   200	91.9	83.7	 688	high gain
1927	     0	70.6	106.9	 857	OK
1928	     0	71.4	101.5	 870	OK
1929	     0	69.8	99.4	 879	OK
1930	     0	70.8	99.9	 862	OK
1931	     0	72.8	100.3	 828	OK
1932	     0	69.2	128.4	 850	OK
1933	 20000	102.6	97.2	 578	very high gain
1934	     0	68.1	111.3	 841	OK
1935	     0	69.9	93.5	 855	OK
1936	     0	71.1	95.5	 845	OK
1937	     0	65.8	111.5	 852	OK
1938	   200	97.8	86.8	 610	high gain
1939	     0	67.9	93.7	 846	OK
1940	  4000	68.7	112.0	 893	high noise
1941	   200	94.2	81.6	 652	high gain
1942	     0	66.3	97.4	 851	OK
1943	     0	67.8	94.6	 848	OK
1944	  4000	68.1	83.4	 907	high noise
1945	     0	70.1	94.6	 853	OK
1946	     0	68.4	101.4	 857	OK
1947	     0	68.3	112.2	 855	OK
1948	     0	68.6	104.4	 847	OK
1949	     0	66.9	101.5	 853	OK
1950	  4000	68.0	111.1	 897	high noise
1951	     0	65.6	108.9	 870	OK
1952	     0	70.0	95.2	 845	OK
1953	     0	67.5	100.8	 848	OK
1954	     0	68.4	96.8	 831	OK
1955	     0	68.4	101.7	 868	OK
1956	     0	65.7	91.1	 854	OK
1957	     0	67.4	105.1	 854	OK
1958	     0	68.2	107.9	 842	OK
1959	     0	66.9	96.8	 883	OK
1960	     0	66.5	87.9	 855	OK
1961	     0	69.0	118.8	 853	OK
1962	   200	94.0	75.5	 628	high gain
1963	     0	70.1	116.6	 871	OK
1964	     0	67.5	107.6	 820	OK
1965	   200	97.0	75.7	 623	high gain
1966	     0	70.0	94.3	 844	OK
1967	     0	67.3	100.5	 858	OK
1968	 20000	100.7	83.9	 585	very high gain
1969	     0	68.6	108.6	 835	OK
1970	     0	66.6	88.2	 846	OK
1971	  4000	65.5	89.4	 897	high noise
1972	   200	88.5	61.4	 720	high gain
1973	     0	67.6	101.0	 846	OK
1974	     0	64.9	101.5	 840	OK
1975	     0	69.5	92.1	 844	OK
1976	     0	67.9	105.3	 879	OK
1977	 20000	103.6	87.4	 568	very high gain
1978	     0	66.6	88.9	 875	OK
1979	 20000	101.5	90.7	 598	very high gain
1980	     0	66.7	109.6	 879	OK
1981	     0	68.4	103.0	 830	OK
1982	     0	70.3	94.2	 864	OK
1983	     1	0.0	0.0	   0	dead
1984	   200	99.1	85.7	 598	high gain
1985	     0	63.8	89.4	 865	OK
1986	   200	86.9	74.9	 651	high gain
1987	     0	68.2	98.8	 847	OK
1988	  4000	66.7	87.1	 888	high noise
1989	   200	98.5	84.4	 573	high gain
1990	     0	66.0	110.6	 874	OK
1991	     0	65.9	107.8	 873	OK
1992	 20000	106.5	80.2	 526	very high gain
1993	     0	66.5	105.3	 820	OK
1994	     0	65.2	101.4	 883	OK
1995	   200	99.8	75.5	 533	high gain
1996	   200	97.9	81.3	 599	high gain
1997	  4000	65.6	80.8	 889	high noise
1998	     0	64.4	91.9	 832	OK
1999	     0	63.8	104.2	 849	OK
2000	     0	66.1	101.5	 831	OK
2001	     0	67.9	94.7	 856	OK
2002	     0	68.0	86.6	 875	OK
2003	     0	66.8	106.6	 842	OK
2004	     0	67.9	94.0	 847	OK
2005	   200	91.0	80.2	 649	high gain
2006	 20000	103.5	79.2	 580	very high gain
2007	     0	67.0	88.3	 875	OK
2008	  4000	62.1	90.6	 911	high noise
2009	   200	85.2	72.6	 658	high gain
2010	     0	67.4	89.8	 847	OK
2011	  4000	65.7	92.7	 885	high noise
2012	   200	85.4	77.4	 667	high gain
2013	     0	65.4	91.9	 865	OK
2014	     0	63.9	100.9	 864	OK
2015	     1	0.0	0.0	   0	dead
2016	     0	67.1	91.5	 876	OK
2017	     0	65.0	89.0	 874	OK
2018	   200	90.1	70.3	 642	high gain
2019	     0	65.2	111.7	 834	OK
2020	     0	67.0	87.4	 879	OK
2021	     0	66.2	90.8	 843	OK
2022	   200	98.7	78.8	 581	high gain
2023	   200	96.7	76.2	 597	high gain
2024	     0	67.0	98.2	 845	OK
2025	     0	65.0	92.4	 859	OK
2026	  4000	66.2	90.1	 890	high noise
2027	     0	65.3	95.8	 827	OK
2028	     0	66.0	85.4	 824	OK
2029	     0	64.7	105.6	 843	OK
2030	     1	0.0	0.0	   0	dead
2031	     0	67.7	101.6	 860	OK
2032	     0	64.7	113.1	 845	OK
2033	     0	68.0	90.5	 840	OK
2034	     0	66.8	92.7	 863	OK
2035	   200	93.7	82.0	 611	high gain
2036	     0	66.9	101.4	 869	OK
2037	   200	93.5	82.7	 604	high gain
2038	   200	99.6	75.3	 575	high gain
2039	   200	97.7	86.7	 581	high gain
2040	     0	67.1	101.3	 849	OK
2041	 20000	100.6	85.3	 560	very high gain
2042	     0	68.4	94.6	 825	OK
2043	   200	88.5	72.0	 655	high gain
2044	     0	68.3	89.8	 835	OK
2045	     0	68.4	105.5	 840	OK
2046	     0	68.9	96.0	 813	OK
2047	     0	69.0	101.2	 808	OK
2048	  4000	70.9	90.2	 937	high noise
2049	     0	71.3	113.2	 862	OK
2050	     0	67.5	98.9	 846	OK
2051	   200	98.3	81.0	 620	high gain
2052	     0	71.2	86.6	 873	OK
2053	     0	70.4	88.3	 871	OK
2054	   200	91.7	82.4	 640	high gain
2055	     0	68.6	79.7	 882	OK
2056	     0	70.6	91.6	 869	OK
2057	     0	69.4	102.9	 882	OK
2058	   200	97.2	75.1	 603	high gain
2059	     0	68.6	90.2	 845	OK
2060	   200	99.5	84.6	 607	high gain
2061	     0	66.4	84.0	 839	OK
2062	   200	82.0	65.0	 696	high gain
2063	     0	68.5	95.5	 877	OK
2064	     1	0.0	0.0	   0	dead
2065	     1	0.0	0.0	   0	dead
2066	     0	68.7	91.7	 849	OK
2067	     1	0.0	0.0	   0	dead
2068	     0	69.9	94.5	 837	OK
2069	   200	88.3	65.2	 651	high gain
2070	   200	90.8	70.5	 654	high gain
2071	     0	71.6	118.7	 838	OK
2072	   200	90.9	79.5	 641	high gain
2073	     0	68.3	109.1	 861	OK
2074	     0	69.4	100.0	 882	OK
2075	     0	68.6	85.9	 879	OK
2076	     0	68.5	94.0	 852	OK
2077	     0	69.5	87.1	 823	OK
2078	     0	66.0	77.2	 909	OK
2079	     0	66.4	110.8	 832	OK
2080	   200	95.8	80.3	 609	high gain
2081	     0	69.8	118.1	 885	OK
2082	     0	68.8	100.9	 876	OK
2083	   200	93.9	82.5	 647	high gain
2084	     0	67.5	83.8	 862	OK
2085	   200	96.1	73.9	 636	high gain
2086	     0	68.3	99.4	 846	OK
2087	   200	95.4	81.3	 610	high gain
2088	 20000	100.4	78.2	 601	very high gain
2089	     0	67.0	99.1	 840	OK
2090	   200	94.3	79.3	 615	high gain
2091	   200	91.9	71.8	 659	high gain
2092	     0	68.1	95.8	 892	OK
2093	     0	68.6	97.5	 870	OK
2094	   200	89.5	81.4	 658	high gain
2095	     0	68.5	85.7	 887	OK
2096	     0	69.7	108.2	 873	OK
2097	     0	70.4	106.6	 864	OK
2098	     0	69.5	94.3	 883	OK
2099	     0	69.0	88.3	 867	OK
2100	     0	68.3	86.8	 873	OK
2101	     0	68.7	90.0	 876	OK
2102	     0	68.5	101.8	 874	OK
2103	   200	91.2	87.3	 690	high gain
2104	     0	66.8	92.6	 875	OK
2105	     0	67.0	101.1	 872	OK
2106	     0	68.2	88.4	 886	OK
2107	     0	70.2	113.3	 896	OK
2108	     0	70.1	88.1	 876	OK
2109	     0	68.3	84.8	 875	OK
2110	   200	87.9	76.8	 698	high gain
2111	     0	71.1	97.8	 873	OK
2112	   200	99.0	76.9	 635	high gain
2113	     0	67.8	116.2	 865	OK
2114	     0	67.8	93.0	 887	OK
2115	     0	66.1	72.8	 889	OK
2116	     0	67.5	107.0	 895	OK
2117	   200	99.6	81.1	 607	high gain
2118	   200	97.5	82.9	 625	high gain
2119	     0	67.6	79.8	 907	OK
2120	     1	0.0	0.0	   0	dead
2121	     0	68.2	93.0	 890	OK
2122	   200	97.9	78.6	 617	high gain
2123	     0	68.8	94.2	 886	OK
2124	 20000	107.1	79.7	 589	very high gain
2125	     0	67.6	90.0	 885	OK
2126	     0	69.6	94.2	 862	OK
2127	     0	70.2	86.6	 853	OK
2128	     0	70.4	108.1	 880	OK
2129	   200	93.3	83.6	 647	high gain
2130	   200	94.3	78.5	 665	high gain
2131	     0	70.3	93.1	 899	OK
2132	     0	68.8	101.0	 865	OK
2133	     0	69.0	87.7	 893	OK
2134	     1	0.0	0.0	   0	dead
2135	   200	89.2	81.9	 674	high gain
2136	     0	69.2	99.5	 865	OK
2137	     0	68.5	93.3	 874	OK
2138	     0	71.3	94.4	 898	OK
2139	     0	68.9	86.8	 898	OK
2140	     0	71.2	121.3	 893	OK
2141	     0	69.6	101.1	 874	OK
2142	     0	70.5	87.1	 840	OK
2143	     0	74.8	93.7	 863	OK
2144	     0	68.7	79.8	 877	OK
2145	     0	71.3	103.2	 861	OK
2146	     0	68.2	92.5	 860	OK
2147	     0	68.6	102.4	 876	OK
2148	 20000	101.6	78.8	 621	very high gain
2149	     0	65.9	87.2	 865	OK
2150	   200	97.4	86.7	 633	high gain
2151	     0	69.0	84.9	 860	OK
2152	     0	69.4	93.5	 875	OK
2153	   200	94.4	85.8	 660	high gain
2154	     0	69.6	97.9	 887	OK
2155	   200	89.9	79.9	 668	high gain
2156	     0	67.7	77.9	 866	OK
2157	     0	70.9	104.9	 866	OK
2158	     0	68.9	88.7	 850	OK
2159	   200	95.4	84.4	 655	high gain
2160	     0	71.0	84.9	 844	OK
2161	     0	69.5	88.5	 855	OK
2162	     0	71.0	66.2	 825	OK
2163	     0	71.0	103.8	 863	OK
2164	     0	70.7	102.7	 858	OK
2165	   200	99.3	89.6	 625	high gain
2166	   200	97.4	80.2	 607	high gain
2167	   200	96.6	80.9	 597	high gain
2168	     0	75.1	98.4	 871	OK
2169	   200	98.0	72.3	 619	high gain
2170	     0	70.4	93.9	 891	OK
2171	     0	72.1	106.4	 884	OK
2172	 20000	102.8	87.3	 601	very high gain
2173	 20000	103.6	77.0	 589	very high gain
2174	     0	71.5	109.0	 853	OK
2175	     0	72.4	101.0	 833	OK
2176	     0	72.9	125.6	 909	OK
2177	     0	73.8	102.2	 899	OK
2178	     0	75.0	101.4	 861	OK
2179	   200	94.9	77.3	 714	high gain
2180	 20000	103.8	97.8	 655	very high gain
2181	     0	74.5	95.5	 888	OK
2182	     0	74.7	98.2	 872	OK
2183	 20000	110.4	87.0	 581	very high gain
2184	   200	96.6	86.6	 671	high gain
2185	     0	72.6	92.2	 900	OK
2186	     1	0.0	0.0	   0	dead
2187	     0	76.7	103.7	 874	OK
2188	   200	96.9	90.4	 722	high gain
2189	     0	72.7	94.7	 872	OK
2190	   200	99.1	91.3	 673	high gain
2191	     0	74.9	101.1	 902	OK
2192	 20000	105.3	92.2	 622	very high gain
2193	 20000	101.3	94.2	 669	very high gain
2194	     0	72.1	98.1	 855	OK
2195	     0	74.1	83.3	 906	OK
2196	     0	73.8	99.3	 868	OK
2197	     0	75.3	115.7	 862	OK
2198	   200	96.0	89.9	 656	high gain
2199	   200	94.9	71.1	 680	high gain
2200	     0	72.7	91.3	 868	OK
2201	     0	73.3	75.3	 921	OK
2202	     0	72.4	87.1	 909	OK
2203	     0	70.9	97.9	 865	OK
2204	     0	74.7	95.0	 871	OK
2205	     0	73.9	100.1	 880	OK
2206	     0	72.0	97.9	 881	OK
2207	   200	97.7	87.2	 659	high gain
2208	     0	72.3	101.0	 874	OK
2209	     0	73.3	108.3	 869	OK
2210	     0	72.4	99.8	 902	OK
2211	     0	75.6	113.8	 886	OK
2212	     0	75.0	102.1	 883	OK
2213	     0	71.2	80.0	 908	OK
2214	     0	75.6	98.6	 872	OK
2215	     0	73.8	88.7	 897	OK
2216	     0	71.9	104.2	 892	OK
2217	     0	74.7	116.5	 891	OK
2218	     0	75.6	108.7	 876	OK
2219	     0	73.7	108.3	 904	OK
2220	     0	72.1	98.4	 910	OK
2221	     0	73.4	114.5	 876	OK
2222	     0	71.8	91.6	 912	OK
2223	     0	74.3	105.8	 885	OK
2224	     0	72.5	91.0	 880	OK
2225	     0	72.7	102.7	 906	OK
2226	     0	76.2	110.7	 887	OK
2227	     0	75.9	113.7	 879	OK
2228	     0	72.7	83.6	 905	OK
2229	     0	75.2	103.9	 878	OK
2230	     0	75.6	94.6	 890	OK
2231	     0	75.1	110.5	 870	OK
2232	     0	73.4	105.0	 874	OK
2233	     0	73.8	93.0	 880	OK
2234	     0	75.2	98.2	 876	OK
2235	     0	72.9	102.0	 878	OK
2236	     0	75.5	100.1	 906	OK
2237	     0	71.7	98.4	 901	OK
2238	     1	0.0	0.0	   0	dead
2239	     0	75.1	113.0	 869	OK
2240	     0	76.4	92.8	 897	OK
2241	     0	73.5	124.2	 882	OK
2242	     0	78.1	113.6	 896	OK
2243	 20000	101.8	94.3	 686	very high gain
2244	     0	73.1	95.8	 871	OK
2245	 20000	103.1	81.0	 624	very high gain
2246	     1	0.0	0.0	   0	dead
2247	     0	76.3	120.0	 896	OK
2248	 20000	105.1	93.1	 645	very high gain
2249	     0	76.8	98.8	 874	OK
2250	     0	77.3	130.2	 865	OK
2251	     0	76.4	111.0	 873	OK
2252	     0	75.1	93.9	 886	OK
2253	     0	75.8	100.0	 876	OK
2254	 20000	108.5	92.5	 609	very high gain
2255	     0	76.2	111.9	 857	OK
2256	     0	74.8	87.5	 895	OK
2257	     0	74.6	98.4	 869	OK
2258	     0	73.9	100.9	 858	OK
2259	     0	72.3	100.7	 912	OK
2260	 20000	102.3	85.4	 623	very high gain
2261	     0	74.2	102.9	 902	OK
2262	     0	72.3	96.0	 877	OK
2263	     0	74.8	114.6	 856	OK
2264	     0	72.1	76.5	 905	OK
2265	     0	75.2	92.3	 875	OK
2266	   200	97.2	85.4	 693	high gain
2267	     0	76.1	107.4	 882	OK
2268	 20000	104.5	93.4	 636	very high gain
2269	     0	72.4	80.5	 920	OK
2270	     0	74.0	110.0	 864	OK
2271	     0	73.3	102.6	 876	OK
2272	     0	77.2	102.7	 860	OK
2273	     0	77.4	97.0	 887	OK
2274	     0	73.5	126.9	 856	OK
2275	     0	75.2	109.2	 868	OK
2276	     0	74.2	106.1	 849	OK
2277	     0	76.1	95.6	 870	OK
2278	     0	76.1	100.0	 857	OK
2279	     0	75.0	97.8	 870	OK
2280	     0	75.6	96.6	 870	OK
2281	     0	72.0	92.2	 877	OK
2282	     0	76.0	96.0	 892	OK
2283	     0	73.8	99.5	 879	OK
2284	     0	75.7	103.3	 883	OK
2285	   200	98.9	87.9	 665	high gain
2286	     0	75.8	98.0	 868	OK
2287	 20000	106.2	83.3	 624	very high gain
2288	     0	76.7	101.9	 864	OK
2289	     0	80.5	109.7	 851	OK
2290	 20000	109.1	85.2	 620	very high gain
2291	     0	75.6	110.4	 863	OK
2292	     0	76.6	104.8	 872	OK
2293	     0	75.8	106.8	 839	OK
2294	     0	75.9	99.1	 893	OK
2295	     0	74.8	102.2	 857	OK
2296	 20000	107.9	95.3	 628	very high gain
2297	     0	76.7	100.9	 885	OK
2298	     0	76.0	97.2	 873	OK
2299	     0	76.1	101.2	 892	OK
2300	     0	76.1	107.9	 850	OK
2301	     0	78.0	86.9	 894	OK
2302	 20000	107.3	87.0	 628	very high gain
2303	     0	76.4	96.5	 897	OK
2304	     0	73.6	116.8	 883	OK
2305	     0	70.9	93.6	 892	OK
2306	     0	70.8	99.4	 913	OK
2307	     0	67.5	84.6	 896	OK
2308	     0	72.1	102.7	 867	OK
2309	     0	67.8	81.2	 925	OK
2310	     0	68.0	98.2	 873	OK
2311	     0	68.4	95.4	 925	OK
2312	     0	69.2	90.9	 900	OK
2313	     0	70.2	90.8	 870	OK
2314	   200	90.4	80.5	 706	high gain
2315	   200	90.7	67.9	 655	high gain
2316	     0	69.9	109.5	 909	OK
2317	     0	70.6	93.8	 922	OK
2318	     0	71.3	100.6	 895	OK
2319	     0	67.6	79.5	 867	OK
2320	     0	68.0	89.9	 892	OK
2321	     0	70.3	87.0	 899	OK
2322	     0	66.9	79.0	 904	OK
2323	     0	69.6	89.8	 905	OK
2324	   200	92.2	80.4	 698	high gain
2325	     0	72.4	106.0	 903	OK
2326	   200	94.9	78.3	 656	high gain
2327	     0	72.7	90.9	 887	OK
2328	     0	70.7	101.2	 861	OK
2329	     0	68.8	111.9	 885	OK
2330	     0	67.7	88.4	 920	OK
2331	     0	70.3	91.8	 905	OK
2332	   200	96.7	85.7	 671	high gain
2333	   200	90.1	76.0	 666	high gain
2334	     1	0.0	0.0	   0	dead
2335	     0	69.3	98.0	 868	OK
2336	   200	89.6	78.4	 726	high gain
2337	     0	71.7	99.3	 872	OK
2338	     0	69.4	85.3	 880	OK
2339	   200	90.1	81.3	 721	high gain
2340	   200	92.5	78.9	 689	high gain
2341	     0	68.9	85.7	 911	OK
2342	     0	69.3	98.2	 908	OK
2343	   200	99.7	84.0	 667	high gain
2344	     0	68.4	106.0	 918	OK
2345	     0	71.4	108.2	 906	OK
2346	     0	69.3	100.7	 895	OK
2347	     0	70.8	104.2	 905	OK
2348	     0	69.9	91.9	 893	OK
2349	     0	69.3	85.0	 923	OK
2350	     1	0.0	0.0	   0	dead
2351	   200	91.9	76.2	 696	high gain
2352	     0	69.6	89.3	 921	OK
2353	     0	69.9	116.1	 941	OK
2354	     0	71.8	100.3	 913	OK
2355	     0	68.7	103.5	 908	OK
2356	     0	69.8	98.5	 906	OK
2357	     0	71.5	70.9	 913	OK
2358	     0	69.2	97.1	 923	OK
2359	     0	68.7	98.3	 903	OK
2360	 20000	118.8	69.6	 562	very high gain
2361	     0	69.4	100.7	 934	OK
2362	     0	72.0	87.7	 939	OK
2363	     0	70.7	106.3	 887	OK
2364	     0	71.5	115.5	 919	OK
2365	     0	71.8	70.3	 866	OK
2366	     0	68.9	102.7	 915	OK
2367	     0	71.1	95.0	 915	OK
2368	     0	69.0	104.6	 898	OK
2369	     0	69.2	83.7	 904	OK
2370	     0	68.0	91.4	 903	OK
2371	     1	0.0	0.0	   0	dead
2372	     0	69.5	94.2	 928	OK
2373	   200	93.6	73.0	 661	high gain
2374	  4000	69.9	94.0	 953	high noise
2375	     0	68.6	90.9	 902	OK
2376	     0	70.8	80.4	 912	OK
2377	     0	69.5	103.9	 933	OK
2378	   200	94.6	69.8	 673	high gain
2379	     0	70.0	87.9	 902	OK
2380	     0	69.0	88.9	 904	OK
2381	     0	70.0	92.0	 932	OK
2382	     0	67.7	82.9	 933	OK
2383	   200	98.8	72.6	 628	high gain
2384	     0	68.2	90.3	 908	OK
2385	     0	67.3	82.5	 903	OK
2386	  4000	67.1	76.0	 968	high noise
2387	     0	68.3	95.5	 917	OK
2388	   200	93.9	79.5	 666	high gain
2389	   200	95.7	83.7	 671	high gain
2390	     0	69.7	102.5	 920	OK
2391	     0	67.8	93.2	 917	OK
2392	 20000	100.7	78.3	 617	very high gain
2393	     0	67.0	86.5	 915	OK
2394	     0	70.0	77.5	 878	OK
2395	     0	69.6	100.8	 929	OK
2396	     0	67.6	73.2	 914	OK
2397	     0	68.2	91.7	 917	OK
2398	   200	92.4	80.2	 669	high gain
2399	     0	69.9	106.2	 885	OK
2400	     0	71.0	97.3	 910	OK
2401	     1	0.0	0.0	   0	dead
2402	     0	71.0	93.6	 922	OK
2403	     0	70.5	103.5	 915	OK
2404	   200	91.8	83.1	 671	high gain
2405	     0	67.8	98.2	 920	OK
2406	     0	71.3	95.2	 938	OK
2407	     0	69.4	104.8	 901	OK
2408	     0	69.7	92.3	 886	OK
2409	     0	69.9	85.0	 929	OK
2410	     0	67.9	94.9	 899	OK
2411	     0	68.6	105.5	 883	OK
2412	     0	70.4	96.2	 941	OK
2413	     0	71.4	102.4	 923	OK
2414	     0	70.2	96.3	 889	OK
2415	   200	97.8	74.2	 613	high gain
2416	 20000	103.4	71.4	 602	very high gain
2417	     0	70.0	93.5	 905	OK
2418	     0	68.9	91.2	 902	OK
2419	     0	70.8	90.5	 918	OK
2420	 20000	101.8	68.7	 618	very high gain
2421	   200	96.5	86.0	 660	high gain
2422	     0	70.9	100.6	 876	OK
2423	     0	66.7	84.9	 891	OK
2424	   200	93.0	67.7	 636	high gain
2425	   200	95.3	80.6	 643	high gain
2426	     0	69.6	102.0	 923	OK
2427	   200	95.0	86.3	 690	high gain
2428	     0	70.6	84.8	 910	OK
2429	   200	94.0	73.5	 681	high gain
2430	  4000	70.7	81.0	 946	high noise
2431	     0	72.4	104.7	 932	OK
2432	     0	77.1	99.6	 888	OK
2433	     0	76.2	104.6	 898	OK
2434	     0	74.8	95.7	 879	OK
2435	     1	0.0	0.0	   0	dead
2436	     0	73.0	97.3	 903	OK
2437	     0	75.2	90.2	 910	OK
2438	     0	75.8	104.0	 872	OK
2439	     0	75.3	107.0	 851	OK
2440	     0	76.4	93.1	 909	OK
2441	     0	72.7	102.6	 861	OK
2442	     0	73.6	90.7	 895	OK
2443	 20000	110.1	96.7	 612	very high gain
2444	     0	71.4	120.6	 889	OK
2445	     0	73.2	85.8	 866	OK
2446	   200	98.0	91.3	 682	high gain
2447	     0	74.5	100.7	 876	OK
2448	     0	72.0	102.9	 896	OK
2449	     0	73.3	99.3	 862	OK
2450	     0	75.8	115.8	 875	OK
2451	     0	73.1	105.6	 889	OK
2452	     0	74.8	101.0	 883	OK
2453	     0	74.7	109.9	 854	OK
2454	   200	97.1	92.6	 675	high gain
2455	     0	74.1	100.7	 859	OK
2456	     0	72.5	104.2	 848	OK
2457	     0	72.8	128.0	 857	OK
2458	   200	92.9	79.5	 702	high gain
2459	     0	73.4	102.7	 848	OK
2460	     0	74.0	98.5	 901	OK
2461	     0	73.2	91.9	 888	OK
2462	     0	74.2	91.1	 863	OK
2463	     0	73.0	114.7	 885	OK
2464	 20000	104.7	90.3	 615	very high gain
2465	 20000	105.4	91.3	 610	very high gain
2466	     0	74.3	94.5	 849	OK
2467	     0	74.4	94.6	 907	OK
2468	     0	73.2	105.5	 873	OK
2469	     0	74.5	107.0	 844	OK
2470	     0	75.4	95.3	 882	OK
2471	     0	75.0	106.0	 852	OK
2472	     0	73.2	104.9	 866	OK
2473	     0	71.8	94.9	 891	OK
2474	     0	73.7	104.0	 873	OK
2475	     0	73.7	119.8	 860	OK
2476	     0	74.3	114.9	 869	OK
2477	     0	73.1	79.2	 894	OK
2478	     0	74.1	99.1	 899	OK
2479	     0	73.0	93.0	 897	OK
2480	     0	72.6	99.5	 872	OK
2481	     0	74.1	94.0	 877	OK
2482	     0	69.7	80.8	 906	OK
2483	     0	73.8	90.1	 865	OK
2484	     0	73.8	114.0	 860	OK
2485	   200	94.6	79.8	 698	high gain
2486	     0	74.0	97.3	 900	OK
2487	     0	75.1	102.4	 893	OK
2488	     0	73.0	110.0	 902	OK
2489	     0	75.2	102.6	 897	OK
2490	     0	73.8	107.4	 900	OK
2491	     0	75.5	98.5	 880	OK
2492	     0	74.4	137.6	 887	OK
2493	     0	73.9	98.3	 894	OK
2494	     0	76.5	91.6	 878	OK
2495	     0	76.1	122.9	 871	OK
2496	 20000	105.4	91.9	 653	very high gain
2497	     0	73.7	102.5	 880	OK
2498	     0	74.0	104.4	 869	OK
2499	 20000	106.2	76.8	 575	very high gain
2500	     0	72.4	96.5	 849	OK
2501	     0	75.0	111.4	 882	OK
2502	     0	73.5	93.0	 883	OK
2503	     0	73.4	109.0	 870	OK
2504	     0	75.2	95.3	 877	OK
2505	     0	75.9	100.0	 887	OK
2506	     0	74.6	105.4	 898	OK
2507	     0	73.9	98.9	 857	OK
2508	     0	74.6	82.7	 903	OK
2509	     0	73.7	112.7	 861	OK
2510	     0	75.3	114.8	 880	OK
2511	     0	73.3	103.5	 854	OK
2512	 20000	101.8	83.2	 656	very high gain
2513	 20000	101.4	83.6	 649	very high gain
2514	     0	72.5	85.2	 894	OK
2515	     0	74.7	94.9	 875	OK
2516	     0	74.1	110.4	 843	OK
2517	     0	73.6	117.0	 892	OK
2518	     0	73.9	110.7	 860	OK
2519	     0	73.8	100.6	 865	OK
2520	     0	73.7	91.7	 889	OK
2521	     0	73.6	107.8	 891	OK
2522	     0	71.5	96.3	 855	OK
2523	     0	72.8	114.9	 859	OK
2524	     0	71.5	93.8	 896	OK
2525	     0	74.5	95.1	 869	OK
2526	   200	95.8	88.6	 665	high gain
2527	     0	71.5	90.2	 867	OK
2528	     0	73.8	108.8	 865	OK
2529	     0	73.9	110.2	 878	OK
2530	     0	74.4	96.5	 878	OK
2531	   200	97.0	81.1	 677	high gain
2532	     0	75.6	123.2	 876	OK
2533	     0	73.4	102.1	 864	OK
2534	   200	93.5	90.6	 671	high gain
2535	     0	71.8	83.6	 855	OK
2536	     0	70.9	105.7	 864	OK
2537	     0	75.0	100.6	 859	OK
2538	     0	73.3	101.8	 869	OK
2539	     0	76.4	98.3	 867	OK
2540	     0	73.6	105.8	 884	OK
2541	     0	74.0	103.9	 858	OK
2542	     0	78.6	93.6	 822	OK
2543	     0	74.4	107.6	 871	OK
2544	     0	71.8	89.3	 871	OK
2545	     0	73.1	105.7	 871	OK
2546	     0	74.6	107.4	 884	OK
2547	     0	77.1	96.0	 849	OK
2548	     0	75.0	101.3	 851	OK
2549	 20000	101.1	93.5	 648	very high gain
2550	     1	0.0	0.0	   0	dead
2551	 20000	100.8	84.5	 665	very high gain
2552	     0	74.3	94.9	 888	OK
2553	     0	75.1	90.9	 865	OK
2554	     0	73.9	97.6	 873	OK
2555	     0	72.4	110.8	 877	OK
2556	 20000	104.5	94.0	 647	very high gain
2557	     0	76.2	111.1	 897	OK
2558	     0	77.7	111.5	 865	OK
2559	 20000	111.5	100.0	 624	very high gain
