#chan	code	gain	vt50	innse	comment
   0	     0	89.9	166.3	 758	OK
   1	     0	83.9	156.8	 745	OK
   2	     0	82.6	155.0	 746	OK
   3	     0	87.1	162.3	 758	OK
   4	     0	85.7	159.5	 742	OK
   5	     0	86.6	159.1	 758	OK
   6	     0	84.6	156.9	 754	OK
   7	     0	83.6	157.0	 750	OK
   8	     0	87.9	163.7	 769	OK
   9	     0	83.1	156.6	 765	OK
  10	     0	82.8	154.7	 743	OK
  11	     0	85.3	160.2	 750	OK
  12	     0	86.1	160.9	 775	OK
  13	     0	85.4	159.1	 799	OK
  14	     0	82.2	152.8	 801	OK
  15	     0	84.5	159.4	 798	OK
  16	     0	83.8	157.9	 793	OK
  17	     0	82.6	154.8	 820	OK
  18	     0	85.3	159.6	 808	OK
  19	     0	85.0	158.1	 796	OK
  20	     0	85.6	159.6	 828	OK
  21	     0	86.9	160.8	 815	OK
  22	     0	85.6	160.5	 841	OK
  23	     0	84.9	158.7	 821	OK
  24	     0	86.5	159.3	 812	OK
  25	     0	86.6	164.6	 820	OK
  26	     0	86.9	162.9	 837	OK
  27	     0	85.2	157.9	 788	OK
  28	     0	82.5	155.1	 824	OK
  29	     0	83.5	154.8	 834	OK
  30	     0	82.4	153.7	 823	OK
  31	     0	84.3	158.5	 844	OK
  32	     0	83.1	155.9	 832	OK
  33	     0	84.2	156.8	 827	OK
  34	     0	86.7	159.9	 847	OK
  35	     0	85.0	159.0	 819	OK
  36	     0	84.2	156.1	 855	OK
  37	     0	83.8	155.2	 848	OK
  38	     0	83.0	155.3	 839	OK
  39	     0	86.1	161.0	 834	OK
  40	     0	88.9	165.1	 833	OK
  41	     0	84.2	157.5	 844	OK
  42	     0	84.8	158.3	 840	OK
  43	     0	84.1	155.2	 849	OK
  44	     0	82.7	155.3	 862	OK
  45	     0	86.4	160.3	 839	OK
  46	     0	85.2	159.6	 846	OK
  47	     0	84.8	156.3	 838	OK
  48	     0	84.0	153.2	 844	OK
  49	     0	82.9	153.2	 833	OK
  50	     0	85.3	159.4	 853	OK
  51	     0	84.9	161.1	 862	OK
  52	     0	83.1	155.6	 842	OK
  53	     0	87.8	161.2	 846	OK
  54	     0	85.4	158.0	 855	OK
  55	     0	86.6	162.3	 862	OK
  56	     0	82.2	153.9	 861	OK
  57	     0	86.8	160.9	 845	OK
  58	     0	81.8	152.0	 856	OK
  59	     0	81.6	153.5	 852	OK
  60	     0	85.4	157.2	 855	OK
  61	     0	84.6	157.3	 844	OK
  62	     0	84.4	157.9	 851	OK
  63	     0	84.5	159.5	 839	OK
  64	     0	87.3	162.3	 844	OK
  65	     0	83.4	155.7	 853	OK
  66	     0	87.0	163.4	 853	OK
  67	     0	84.7	155.6	 843	OK
  68	     0	84.0	156.1	 838	OK
  69	     0	81.6	154.2	 852	OK
  70	     0	85.2	160.2	 857	OK
  71	     0	82.5	153.0	 855	OK
  72	     0	82.6	153.6	 813	OK
  73	     0	82.7	156.3	 872	OK
  74	     0	85.3	157.8	 860	OK
  75	     0	83.6	154.4	 852	OK
  76	     0	82.8	155.0	 866	OK
  77	     0	83.5	155.7	 853	OK
  78	     0	84.4	155.6	 846	OK
  79	     0	83.7	157.6	 847	OK
  80	     0	83.8	157.0	 856	OK
  81	     0	82.6	155.2	 862	OK
  82	     0	80.2	149.2	 857	OK
  83	     0	84.9	157.3	 859	OK
  84	     0	82.0	152.5	 881	OK
  85	     0	83.1	155.3	 852	OK
  86	     0	83.0	156.0	 856	OK
  87	     0	84.0	154.0	 864	OK
  88	     0	86.5	158.4	 858	OK
  89	     0	83.1	153.8	 847	OK
  90	     0	82.1	151.7	 869	OK
  91	     0	84.9	156.7	 874	OK
  92	     0	82.9	156.0	 859	OK
  93	     0	84.0	155.7	 874	OK
  94	     0	83.4	156.1	 843	OK
  95	     0	84.1	156.2	 879	OK
  96	     0	83.2	153.4	 863	OK
  97	     0	82.2	151.5	 872	OK
  98	     0	82.9	153.3	 860	OK
  99	     0	83.6	153.5	 873	OK
 100	     0	84.5	158.3	 871	OK
 101	     0	84.9	156.8	 866	OK
 102	     0	86.6	158.9	 862	OK
 103	     0	84.6	157.3	 848	OK
 104	     0	86.5	161.1	 861	OK
 105	     0	86.4	160.3	 871	OK
 106	     0	86.8	162.0	 879	OK
 107	     0	84.7	160.2	 853	OK
 108	     0	86.4	161.1	 863	OK
 109	     0	84.5	155.8	 852	OK
 110	     0	84.6	160.5	 868	OK
 111	     0	79.9	149.2	 844	OK
 112	     0	83.0	154.1	 868	OK
 113	     0	81.2	151.0	 889	OK
 114	     0	83.3	157.3	 869	OK
 115	     0	81.7	152.1	 838	OK
 116	     0	84.4	158.6	 851	OK
 117	     0	84.6	157.3	 853	OK
 118	     0	82.9	153.6	 860	OK
 119	     0	83.4	155.5	 865	OK
 120	     0	84.7	156.5	 855	OK
 121	     0	85.0	159.0	 869	OK
 122	     0	83.6	155.4	 866	OK
 123	     0	85.2	160.5	 855	OK
 124	     0	84.5	155.8	 849	OK
 125	     0	82.1	153.8	 855	OK
 126	     0	81.5	153.8	 877	OK
 127	     0	82.2	153.8	 868	OK
 128	     0	84.3	157.3	 862	OK
 129	     0	84.2	156.7	 870	OK
 130	     0	82.8	154.1	 850	OK
 131	     0	81.9	150.4	 864	OK
 132	     0	83.1	152.2	 862	OK
 133	     0	83.4	154.3	 851	OK
 134	     0	82.7	153.5	 873	OK
 135	  4000	82.7	154.4	 902	high noise
 136	     0	83.6	154.9	 844	OK
 137	     0	83.9	156.2	 838	OK
 138	     0	85.3	159.3	 846	OK
 139	     0	84.1	156.0	 841	OK
 140	     0	81.8	153.1	 839	OK
 141	     0	83.4	153.1	 860	OK
 142	     0	83.3	153.8	 852	OK
 143	     0	83.6	156.0	 835	OK
 144	     0	85.6	160.8	 850	OK
 145	     0	83.0	154.5	 844	OK
 146	     0	80.5	151.1	 831	OK
 147	     0	83.2	153.1	 836	OK
 148	     0	85.0	157.5	 832	OK
 149	     0	82.1	152.1	 856	OK
 150	     0	82.3	152.4	 836	OK
 151	     0	86.5	158.6	 822	OK
 152	     0	83.4	153.2	 840	OK
 153	     0	85.0	158.7	 853	OK
 154	     0	82.4	152.6	 853	OK
 155	     0	81.6	150.3	 833	OK
 156	     0	82.7	151.3	 857	OK
 157	     0	83.5	153.2	 839	OK
 158	     0	81.9	152.8	 849	OK
 159	     0	84.1	154.5	 823	OK
 160	     0	82.1	152.5	 849	OK
 161	     0	81.4	149.4	 847	OK
 162	     0	80.9	152.3	 849	OK
 163	     0	82.6	155.7	 848	OK
 164	     0	83.2	153.2	 822	OK
 165	     0	80.8	150.5	 847	OK
 166	     0	83.1	155.4	 850	OK
 167	     0	82.3	149.7	 829	OK
 168	     0	85.5	157.8	 819	OK
 169	     0	86.0	160.8	 832	OK
 170	     0	85.9	159.4	 840	OK
 171	     0	83.0	153.2	 836	OK
 172	     0	82.5	154.6	 827	OK
 173	     0	85.4	158.1	 822	OK
 174	     0	81.4	154.3	 825	OK
 175	     0	83.2	154.3	 822	OK
 176	     0	84.1	156.7	 828	OK
 177	     0	84.3	157.4	 819	OK
 178	     0	81.5	152.5	 817	OK
 179	     0	81.0	153.6	 823	OK
 180	     0	85.6	157.6	 830	OK
 181	     0	83.9	156.7	 813	OK
 182	     0	87.0	159.9	 839	OK
 183	     0	84.4	155.6	 817	OK
 184	     0	84.5	157.0	 831	OK
 185	     0	82.8	153.4	 836	OK
 186	     0	82.8	151.7	 795	OK
 187	     0	87.0	157.8	 818	OK
 188	     0	84.2	157.4	 833	OK
 189	     0	82.7	152.3	 826	OK
 190	     0	85.8	160.5	 831	OK
 191	     0	85.1	157.7	 816	OK
 192	     0	83.8	155.2	 801	OK
 193	     0	85.0	157.0	 836	OK
 194	     0	83.2	156.2	 814	OK
 195	     0	83.8	154.5	 813	OK
 196	     0	82.1	153.5	 827	OK
 197	     0	82.4	152.7	 807	OK
 198	     0	84.3	156.9	 826	OK
 199	     0	86.4	163.0	 825	OK
 200	     0	84.8	156.7	 816	OK
 201	     0	83.7	154.3	 820	OK
 202	     0	84.9	156.9	 824	OK
 203	     0	83.5	152.3	 815	OK
 204	     0	85.4	155.8	 822	OK
 205	     0	83.3	156.4	 826	OK
 206	     0	81.3	149.4	 829	OK
 207	     0	82.7	151.7	 835	OK
 208	     0	83.1	153.9	 824	OK
 209	     0	83.6	156.4	 808	OK
 210	     0	82.0	153.1	 812	OK
 211	     0	85.8	160.1	 817	OK
 212	     0	85.1	155.1	 801	OK
 213	     0	82.1	151.0	 827	OK
 214	     0	81.9	151.0	 832	OK
 215	     0	83.2	154.2	 804	OK
 216	     0	82.7	153.6	 803	OK
 217	     0	82.0	153.5	 816	OK
 218	     0	85.0	159.5	 817	OK
 219	     0	85.3	156.3	 815	OK
 220	     0	84.8	157.6	 814	OK
 221	     0	83.4	154.8	 806	OK
 222	     0	85.4	159.2	 813	OK
 223	     0	83.1	153.3	 832	OK
 224	     0	82.9	155.4	 812	OK
 225	     0	82.3	153.8	 803	OK
 226	     0	82.4	150.3	 834	OK
 227	     0	83.1	153.7	 825	OK
 228	     0	82.1	152.6	 818	OK
 229	     0	84.3	155.1	 824	OK
 230	     0	84.7	156.4	 826	OK
 231	     0	83.6	155.5	 822	OK
 232	     0	83.8	156.5	 812	OK
 233	     0	85.3	158.4	 819	OK
 234	     0	84.4	153.3	 826	OK
 235	     0	84.8	156.4	 811	OK
 236	     0	83.0	152.1	 830	OK
 237	     0	81.1	150.7	 839	OK
 238	     0	82.4	155.1	 845	OK
 239	     0	84.8	157.9	 830	OK
 240	     0	84.1	155.9	 835	OK
 241	     0	83.9	153.9	 844	OK
 242	     0	84.8	157.8	 828	OK
 243	     0	84.1	155.1	 836	OK
 244	     0	82.7	153.3	 823	OK
 245	     0	80.7	151.9	 829	OK
 246	     0	83.4	152.9	 819	OK
 247	     0	82.0	151.4	 831	OK
 248	     0	82.7	153.8	 823	OK
 249	     0	87.7	162.2	 831	OK
 250	     0	86.1	158.6	 835	OK
 251	     0	82.4	155.0	 841	OK
 252	     0	86.0	158.1	 840	OK
 253	     0	86.2	159.5	 818	OK
 254	     0	84.4	154.6	 837	OK
 255	     0	84.1	156.2	 844	OK
 256	     0	81.2	154.3	 860	OK
 257	     0	82.0	153.2	 854	OK
 258	     0	82.7	152.7	 865	OK
 259	     0	80.7	151.7	 860	OK
 260	     0	79.9	148.0	 883	OK
 261	     0	82.3	152.4	 886	OK
 262	     0	81.3	151.1	 873	OK
 263	     0	81.3	152.0	 881	OK
 264	     0	83.5	155.0	 870	OK
 265	     0	81.9	150.6	 857	OK
 266	     0	83.2	156.0	 884	OK
 267	     0	79.5	148.2	 874	OK
 268	     0	79.9	149.3	 883	OK
 269	     0	80.3	151.7	 854	OK
 270	     0	80.0	150.8	 854	OK
 271	     0	79.9	150.7	 857	OK
 272	     0	79.0	146.0	 868	OK
 273	     0	80.2	151.1	 868	OK
 274	     0	79.5	149.0	 869	OK
 275	     0	79.8	150.3	 874	OK
 276	     0	79.5	147.7	 867	OK
 277	     0	80.0	149.8	 868	OK
 278	     0	80.2	150.5	 866	OK
 279	     0	80.7	148.5	 859	OK
 280	     0	78.8	149.8	 867	OK
 281	     0	78.7	146.0	 884	OK
 282	     0	81.6	149.7	 895	OK
 283	     0	79.3	148.5	 865	OK
 284	     0	82.6	152.4	 848	OK
 285	     0	80.7	149.1	 859	OK
 286	     0	80.2	149.1	 874	OK
 287	     0	80.5	150.3	 869	OK
 288	     0	80.9	149.9	 875	OK
 289	     0	81.2	152.1	 865	OK
 290	     0	81.5	151.0	 881	OK
 291	     0	79.4	148.5	 869	OK
 292	     0	80.4	152.5	 867	OK
 293	     0	79.5	147.0	 882	OK
 294	     0	80.5	149.4	 903	OK
 295	     0	80.4	151.7	 864	OK
 296	     0	78.5	146.1	 897	OK
 297	     0	80.3	148.7	 882	OK
 298	     0	81.0	154.0	 882	OK
 299	     0	78.0	146.3	 882	OK
 300	     0	79.0	148.0	 908	OK
 301	     0	79.0	149.1	 898	OK
 302	     0	81.9	153.4	 886	OK
 303	     0	81.2	150.0	 900	OK
 304	     0	82.0	154.8	 879	OK
 305	     0	79.5	147.8	 895	OK
 306	     0	80.6	149.9	 883	OK
 307	     0	81.0	152.6	 873	OK
 308	     0	79.7	150.8	 878	OK
 309	     0	81.6	149.8	 873	OK
 310	     0	79.1	148.8	 897	OK
 311	     0	81.8	153.8	 882	OK
 312	     0	79.0	147.9	 886	OK
 313	     0	81.2	149.3	 877	OK
 314	     0	78.7	147.4	 880	OK
 315	     0	83.3	154.9	 877	OK
 316	     0	81.0	153.1	 884	OK
 317	     0	78.9	146.9	 882	OK
 318	     0	82.8	154.0	 892	OK
 319	     0	80.6	149.5	 894	OK
 320	     0	81.7	153.5	 866	OK
 321	     0	83.5	156.5	 878	OK
 322	     0	83.0	154.4	 876	OK
 323	     0	78.0	145.8	 877	OK
 324	     0	80.2	148.6	 896	OK
 325	     0	79.5	148.5	 902	OK
 326	     0	80.9	150.2	 890	OK
 327	     0	80.0	148.3	 904	OK
 328	     0	79.2	147.6	 877	OK
 329	     0	81.3	149.5	 893	OK
 330	     0	79.1	145.3	 909	OK
 331	     0	77.0	143.6	 894	OK
 332	     0	79.5	149.0	 891	OK
 333	     0	79.4	147.3	 896	OK
 334	     0	77.3	141.7	 891	OK
 335	     0	76.6	143.8	 887	OK
 336	     0	78.6	147.6	 891	OK
 337	     0	75.8	142.2	 880	OK
 338	     0	80.9	152.8	 889	OK
 339	     0	77.6	146.2	 876	OK
 340	     0	80.0	149.7	 891	OK
 341	     0	80.3	147.3	 876	OK
 342	     0	79.8	149.2	 890	OK
 343	     0	81.3	154.4	 877	OK
 344	     0	79.6	147.2	 881	OK
 345	     0	80.4	149.9	 885	OK
 346	     0	81.3	152.1	 875	OK
 347	     0	81.0	152.3	 900	OK
 348	     0	79.1	148.5	 872	OK
 349	     0	78.3	147.8	 880	OK
 350	     0	83.1	152.2	 887	OK
 351	     0	80.5	150.0	 883	OK
 352	     0	77.7	145.6	 861	OK
 353	     0	79.9	148.0	 884	OK
 354	     0	79.6	150.0	 880	OK
 355	     0	78.0	147.8	 878	OK
 356	     0	77.0	142.5	 890	OK
 357	     0	77.5	144.7	 879	OK
 358	     0	81.0	151.8	 887	OK
 359	     0	77.0	143.8	 888	OK
 360	     0	79.5	148.0	 870	OK
 361	     0	78.8	147.3	 878	OK
 362	     0	78.9	147.7	 901	OK
 363	     0	77.7	145.5	 899	OK
 364	     0	80.2	150.7	 874	OK
 365	     0	79.6	147.1	 872	OK
 366	     0	75.8	143.3	 894	OK
 367	     0	80.4	149.6	 890	OK
 368	     0	78.3	146.7	 902	OK
 369	     0	80.0	149.8	 866	OK
 370	     0	82.6	154.3	 876	OK
 371	     0	80.1	151.1	 875	OK
 372	     0	79.7	147.2	 880	OK
 373	     0	78.9	146.1	 876	OK
 374	     0	79.7	148.8	 877	OK
 375	     0	80.2	149.1	 865	OK
 376	     0	80.1	148.3	 894	OK
 377	     0	80.1	150.6	 869	OK
 378	     0	82.0	151.5	 888	OK
 379	     0	76.7	141.9	 857	OK
 380	     0	76.8	143.0	 897	OK
 381	     0	81.6	152.4	 835	OK
 382	     0	79.7	149.8	 863	OK
 383	     0	78.1	145.9	 894	OK
 384	     0	82.9	156.0	 787	OK
 385	     0	85.3	162.0	 788	OK
 386	     0	84.3	158.7	 807	OK
 387	     0	84.0	155.4	 822	OK
 388	     0	82.7	153.6	 789	OK
 389	     0	81.8	154.3	 794	OK
 390	     0	82.9	156.6	 791	OK
 391	     0	82.6	153.2	 792	OK
 392	     0	82.6	153.6	 803	OK
 393	     0	81.3	150.9	 794	OK
 394	     0	81.3	152.3	 797	OK
 395	     0	82.1	154.7	 793	OK
 396	     0	81.1	150.3	 816	OK
 397	     0	81.4	151.4	 791	OK
 398	     0	82.0	151.5	 801	OK
 399	     0	79.9	149.4	 785	OK
 400	     0	82.8	155.0	 811	OK
 401	     0	81.3	148.9	 783	OK
 402	     0	83.2	154.4	 776	OK
 403	     0	80.3	151.3	 805	OK
 404	     0	82.6	155.1	 806	OK
 405	     0	81.7	152.5	 789	OK
 406	     0	81.5	151.4	 794	OK
 407	     0	83.0	155.0	 801	OK
 408	     0	82.1	153.0	 797	OK
 409	     0	82.7	153.9	 808	OK
 410	     0	80.5	151.4	 803	OK
 411	     0	82.7	155.6	 771	OK
 412	     0	83.0	153.1	 790	OK
 413	     0	81.4	155.3	 802	OK
 414	     0	82.3	153.6	 786	OK
 415	     0	82.7	152.6	 802	OK
 416	     0	82.1	152.2	 798	OK
 417	     0	80.6	149.7	 797	OK
 418	     0	82.5	154.7	 812	OK
 419	     0	81.8	155.0	 796	OK
 420	     0	82.6	152.4	 781	OK
 421	     0	84.0	156.6	 781	OK
 422	     0	80.8	151.9	 799	OK
 423	     0	79.3	151.0	 802	OK
 424	     0	81.5	152.8	 797	OK
 425	     0	80.7	153.7	 786	OK
 426	     0	79.8	148.7	 818	OK
 427	     0	80.7	150.7	 797	OK
 428	     0	80.1	149.7	 789	OK
 429	     0	82.5	156.4	 789	OK
 430	     0	81.7	153.8	 786	OK
 431	     0	81.4	150.8	 825	OK
 432	     0	79.8	151.1	 822	OK
 433	     0	81.8	154.4	 803	OK
 434	     0	81.1	151.4	 799	OK
 435	     0	86.5	162.2	 818	OK
 436	     0	82.3	153.4	 791	OK
 437	     0	82.1	153.1	 790	OK
 438	     0	79.6	150.8	 827	OK
 439	     0	85.1	157.9	 805	OK
 440	     0	80.7	153.4	 814	OK
 441	     0	81.0	151.0	 800	OK
 442	     0	82.5	153.2	 795	OK
 443	     0	85.2	158.2	 814	OK
 444	     0	78.8	148.1	 822	OK
 445	     0	81.4	153.5	 807	OK
 446	     0	84.5	158.3	 828	OK
 447	     0	82.0	152.3	 817	OK
 448	     0	82.1	154.5	 812	OK
 449	     0	79.8	149.1	 829	OK
 450	     0	82.2	154.5	 839	OK
 451	     0	80.2	151.5	 823	OK
 452	     0	82.8	154.1	 822	OK
 453	     0	81.1	151.5	 822	OK
 454	     0	83.6	156.2	 836	OK
 455	     0	80.3	152.0	 838	OK
 456	     0	81.6	154.0	 840	OK
 457	     0	80.0	152.2	 825	OK
 458	     0	80.4	149.5	 826	OK
 459	     0	82.3	154.4	 837	OK
 460	     0	80.4	149.4	 824	OK
 461	     0	81.2	152.9	 829	OK
 462	     0	81.2	152.1	 827	OK
 463	     0	80.2	149.2	 826	OK
 464	     0	81.0	154.4	 823	OK
 465	     0	81.3	152.5	 828	OK
 466	     0	80.8	152.7	 828	OK
 467	     0	79.5	150.3	 818	OK
 468	     0	81.7	152.2	 824	OK
 469	     0	79.1	150.7	 809	OK
 470	     0	82.4	153.4	 843	OK
 471	     0	83.3	154.3	 819	OK
 472	     0	84.7	157.5	 835	OK
 473	     0	80.6	151.7	 846	OK
 474	     0	82.5	155.8	 824	OK
 475	     0	79.6	150.8	 841	OK
 476	     0	80.0	151.3	 834	OK
 477	     0	84.5	156.3	 820	OK
 478	     0	80.2	151.4	 837	OK
 479	     0	82.9	156.0	 821	OK
 480	     0	82.2	152.8	 820	OK
 481	     0	81.7	151.1	 842	OK
 482	     0	78.9	147.9	 847	OK
 483	     0	82.5	155.0	 821	OK
 484	     0	80.4	149.5	 838	OK
 485	     0	80.6	150.4	 810	OK
 486	     0	80.6	152.4	 829	OK
 487	     0	85.3	158.2	 828	OK
 488	     0	83.4	156.2	 831	OK
 489	     0	81.6	156.5	 834	OK
 490	     0	83.0	156.9	 822	OK
 491	     0	83.0	155.2	 826	OK
 492	     0	79.8	151.3	 828	OK
 493	     0	82.3	152.5	 834	OK
 494	     0	80.9	149.5	 847	OK
 495	     0	81.6	154.5	 835	OK
 496	     0	81.9	152.8	 825	OK
 497	     0	81.0	150.2	 826	OK
 498	     0	79.0	148.8	 838	OK
 499	     0	82.0	151.6	 850	OK
 500	     0	83.5	156.8	 833	OK
 501	     0	81.0	153.5	 816	OK
 502	     0	81.8	153.4	 860	OK
 503	     0	82.8	154.6	 854	OK
 504	     0	82.3	155.8	 814	OK
 505	     0	84.3	159.6	 848	OK
 506	     0	82.6	156.0	 814	OK
 507	     0	82.3	155.1	 839	OK
 508	     0	80.5	150.5	 843	OK
 509	     0	84.8	159.8	 836	OK
 510	     0	82.8	156.7	 816	OK
 511	     0	81.6	154.5	 825	OK
 512	     0	80.7	150.3	 843	OK
 513	     0	78.9	149.7	 839	OK
 514	     0	79.7	148.0	 818	OK
 515	     0	79.5	149.6	 846	OK
 516	     0	80.9	152.8	 841	OK
 517	     0	78.1	146.7	 826	OK
 518	     0	83.2	156.7	 820	OK
 519	     0	79.5	151.3	 830	OK
 520	     0	76.8	147.5	 814	OK
 521	     0	78.2	146.6	 855	OK
 522	     0	78.2	147.5	 811	OK
 523	     0	79.2	148.6	 832	OK
 524	     0	78.4	150.6	 827	OK
 525	     0	77.5	144.9	 819	OK
 526	     0	80.5	152.5	 806	OK
 527	     0	78.0	147.6	 835	OK
 528	     0	79.6	149.9	 806	OK
 529	     0	79.9	150.2	 833	OK
 530	     0	81.9	153.9	 830	OK
 531	     0	79.6	147.9	 817	OK
 532	     0	80.3	149.2	 824	OK
 533	     0	79.4	147.1	 819	OK
 534	     0	80.3	150.1	 821	OK
 535	     0	80.7	150.4	 825	OK
 536	     0	79.5	151.1	 819	OK
 537	     0	77.2	144.1	 816	OK
 538	     0	79.5	151.4	 828	OK
 539	     0	77.1	145.7	 813	OK
 540	     0	78.6	147.5	 835	OK
 541	     0	77.7	146.6	 811	OK
 542	     0	79.8	148.2	 816	OK
 543	     0	76.5	141.6	 842	OK
 544	     0	79.3	146.1	 806	OK
 545	     0	78.3	149.0	 818	OK
 546	     0	76.8	145.5	 823	OK
 547	     0	80.9	152.7	 825	OK
 548	     0	80.4	147.4	 840	OK
 549	     0	80.8	150.3	 817	OK
 550	     0	77.2	145.7	 821	OK
 551	     0	77.5	145.6	 816	OK
 552	     0	79.0	149.5	 810	OK
 553	     0	82.6	152.1	 828	OK
 554	     0	78.6	148.8	 817	OK
 555	     0	77.4	144.7	 813	OK
 556	     0	81.0	149.5	 811	OK
 557	     0	79.3	147.7	 826	OK
 558	     0	80.6	152.3	 829	OK
 559	     0	81.3	151.4	 820	OK
 560	     0	81.6	153.1	 820	OK
 561	     0	78.6	146.1	 822	OK
 562	     0	79.7	147.7	 832	OK
 563	     0	82.8	154.5	 830	OK
 564	     0	79.8	149.0	 820	OK
 565	     0	78.5	145.4	 819	OK
 566	     0	78.1	144.4	 797	OK
 567	     0	74.8	142.9	 818	OK
 568	     0	80.2	148.4	 810	OK
 569	     0	79.3	147.8	 829	OK
 570	     0	78.8	147.0	 797	OK
 571	     0	78.8	149.3	 836	OK
 572	     0	80.8	149.9	 823	OK
 573	     0	77.4	145.9	 808	OK
 574	     0	79.2	147.6	 830	OK
 575	     0	77.4	146.1	 809	OK
 576	     0	80.6	152.0	 814	OK
 577	     0	81.9	151.9	 804	OK
 578	     0	80.9	150.3	 807	OK
 579	     0	78.5	147.8	 817	OK
 580	     0	79.3	148.0	 816	OK
 581	     0	77.7	146.2	 816	OK
 582	     0	77.5	144.7	 813	OK
 583	     0	80.0	151.5	 826	OK
 584	     0	79.3	149.9	 812	OK
 585	     0	79.1	148.8	 828	OK
 586	     0	78.8	147.2	 828	OK
 587	     0	80.6	150.3	 810	OK
 588	     0	83.4	153.0	 794	OK
 589	     0	78.9	149.2	 835	OK
 590	     0	81.4	149.4	 830	OK
 591	     0	81.1	151.4	 825	OK
 592	     0	81.3	152.0	 830	OK
 593	     0	79.4	148.6	 815	OK
 594	     0	76.0	141.5	 816	OK
 595	     0	80.4	151.1	 810	OK
 596	     0	79.3	151.4	 816	OK
 597	     0	80.7	151.1	 830	OK
 598	     0	80.2	150.4	 828	OK
 599	     0	80.8	150.6	 827	OK
 600	     0	79.8	150.1	 808	OK
 601	     0	79.3	147.8	 825	OK
 602	     0	82.8	152.5	 815	OK
 603	     0	81.0	150.2	 843	OK
 604	     0	81.8	152.7	 838	OK
 605	     0	80.3	150.4	 827	OK
 606	     0	82.5	153.1	 840	OK
 607	     0	82.7	153.4	 852	OK
 608	     0	80.2	150.2	 839	OK
 609	     0	79.5	149.2	 847	OK
 610	     0	76.8	144.0	 849	OK
 611	     0	79.6	151.5	 844	OK
 612	     0	78.7	145.6	 848	OK
 613	     0	80.6	141.9	 827	OK
 614	     0	82.2	150.7	 838	OK
 615	     0	83.7	155.4	 847	OK
 616	     0	79.4	147.6	 844	OK
 617	     0	81.7	152.0	 858	OK
 618	     0	81.6	152.5	 861	OK
 619	     0	78.6	146.7	 863	OK
 620	     0	80.9	150.1	 865	OK
 621	     0	82.3	153.6	 860	OK
 622	     0	80.8	151.9	 827	OK
 623	     0	81.7	154.4	 841	OK
 624	     0	80.1	149.6	 848	OK
 625	     0	82.6	153.7	 845	OK
 626	     0	77.6	147.1	 831	OK
 627	     0	81.7	153.9	 847	OK
 628	     0	82.7	153.7	 842	OK
 629	     0	80.0	148.7	 871	OK
 630	     0	84.3	157.1	 844	OK
 631	     0	83.2	153.2	 864	OK
 632	     0	82.6	154.5	 851	OK
 633	     0	82.3	152.0	 891	OK
 634	     0	85.2	157.9	 852	OK
 635	     0	80.0	148.4	 862	OK
 636	     0	80.9	151.4	 867	OK
 637	     0	81.5	151.4	 873	OK
 638	     0	83.0	152.7	 869	OK
 639	     0	82.4	154.2	 860	OK
 640	     0	84.0	160.6	 877	OK
 641	     0	82.4	162.0	 861	OK
 642	     0	80.5	155.5	 861	OK
 643	     0	79.3	153.7	 851	OK
 644	     0	79.2	151.8	 866	OK
 645	     0	81.5	156.3	 858	OK
 646	     0	78.7	151.2	 889	OK
 647	     0	81.1	157.3	 874	OK
 648	     0	80.9	156.2	 854	OK
 649	     0	83.0	160.2	 847	OK
 650	     0	79.7	154.3	 854	OK
 651	     0	81.3	154.2	 860	OK
 652	     0	78.9	153.4	 850	OK
 653	     0	79.9	154.1	 861	OK
 654	     0	81.2	152.6	 843	OK
 655	     0	78.8	152.1	 849	OK
 656	     0	79.9	153.3	 855	OK
 657	     0	79.5	150.7	 838	OK
 658	     0	81.2	152.8	 850	OK
 659	     0	79.7	152.6	 875	OK
 660	     0	80.3	153.9	 844	OK
 661	     0	78.9	148.5	 858	OK
 662	     0	81.7	156.5	 832	OK
 663	     0	80.8	152.0	 861	OK
 664	     0	82.0	155.0	 846	OK
 665	     0	81.2	154.1	 839	OK
 666	     0	80.2	152.6	 809	OK
 667	     0	81.4	153.0	 843	OK
 668	     0	80.6	151.5	 831	OK
 669	     0	77.5	149.0	 839	OK
 670	     0	79.1	148.8	 845	OK
 671	     0	78.8	152.1	 831	OK
 672	     0	80.9	154.2	 844	OK
 673	     0	78.9	151.2	 845	OK
 674	     0	80.8	151.8	 846	OK
 675	     0	78.3	151.0	 827	OK
 676	     0	78.8	150.4	 851	OK
 677	     0	81.9	155.0	 818	OK
 678	     0	79.0	150.7	 858	OK
 679	     0	80.5	151.4	 847	OK
 680	     0	79.8	148.5	 839	OK
 681	     0	78.5	148.4	 845	OK
 682	     0	77.8	148.1	 836	OK
 683	     0	78.6	147.5	 852	OK
 684	     0	78.9	150.4	 810	OK
 685	     0	78.0	145.7	 839	OK
 686	     0	80.6	155.2	 847	OK
 687	     0	79.3	149.2	 843	OK
 688	     0	79.8	152.0	 827	OK
 689	     0	79.2	149.4	 819	OK
 690	     0	80.7	151.2	 826	OK
 691	     0	77.7	147.4	 853	OK
 692	     0	82.9	157.9	 851	OK
 693	     0	81.2	154.4	 845	OK
 694	     0	82.3	154.5	 820	OK
 695	     0	79.1	151.4	 839	OK
 696	     0	79.0	150.0	 843	OK
 697	     0	81.8	155.2	 831	OK
 698	     0	78.4	147.0	 837	OK
 699	     0	78.8	151.2	 828	OK
 700	     0	81.9	154.6	 829	OK
 701	     0	80.5	151.6	 839	OK
 702	     0	82.6	156.1	 836	OK
 703	     0	78.8	148.7	 833	OK
 704	     0	82.1	154.8	 827	OK
 705	     0	81.4	151.0	 855	OK
 706	     0	78.2	147.3	 826	OK
 707	     0	81.7	154.7	 817	OK
 708	     0	80.8	151.8	 825	OK
 709	     0	80.0	153.0	 825	OK
 710	     0	80.4	149.6	 804	OK
 711	     0	79.3	149.7	 826	OK
 712	     0	82.7	153.6	 841	OK
 713	     0	78.3	146.9	 822	OK
 714	     0	80.5	151.0	 811	OK
 715	     0	80.7	151.1	 826	OK
 716	     0	81.6	150.9	 812	OK
 717	     0	78.1	150.1	 830	OK
 718	     0	79.2	150.1	 836	OK
 719	     0	78.4	148.2	 821	OK
 720	     0	79.3	147.8	 814	OK
 721	     0	80.3	151.3	 813	OK
 722	     0	79.9	149.6	 824	OK
 723	     0	79.5	151.3	 830	OK
 724	     0	78.1	145.9	 816	OK
 725	     0	77.2	146.5	 835	OK
 726	     0	79.7	150.2	 818	OK
 727	     0	80.2	151.3	 814	OK
 728	     0	80.6	151.1	 806	OK
 729	     0	77.0	145.6	 810	OK
 730	     0	78.6	146.5	 813	OK
 731	     0	78.0	145.2	 809	OK
 732	     0	79.4	147.9	 825	OK
 733	     0	76.9	146.9	 819	OK
 734	     0	80.2	148.5	 832	OK
 735	     0	80.4	148.2	 836	OK
 736	     0	80.9	150.8	 811	OK
 737	     0	77.3	143.1	 803	OK
 738	     0	79.9	149.3	 815	OK
 739	     0	82.3	154.0	 844	OK
 740	     0	79.8	151.2	 808	OK
 741	     0	80.9	153.9	 821	OK
 742	     0	77.2	144.2	 819	OK
 743	     0	81.1	151.3	 836	OK
 744	     0	80.0	149.6	 809	OK
 745	     0	81.5	152.5	 812	OK
 746	     0	79.2	149.8	 839	OK
 747	     0	78.1	147.4	 821	OK
 748	     0	78.1	147.2	 834	OK
 749	     0	78.4	149.5	 838	OK
 750	     0	81.8	151.0	 815	OK
 751	     0	78.4	149.3	 835	OK
 752	     0	82.7	152.9	 816	OK
 753	     0	80.8	150.0	 819	OK
 754	     0	79.8	150.6	 827	OK
 755	     0	78.6	145.4	 804	OK
 756	     0	80.0	149.9	 834	OK
 757	     0	80.9	150.8	 812	OK
 758	     0	81.5	152.2	 815	OK
 759	     0	81.5	150.4	 829	OK
 760	     0	80.7	152.6	 836	OK
 761	     0	81.6	151.5	 818	OK
 762	     0	80.6	149.5	 815	OK
 763	     0	81.0	150.5	 834	OK
 764	     0	79.6	148.2	 827	OK
 765	     0	80.8	150.5	 825	OK
 766	     0	81.2	152.0	 821	OK
 767	     0	82.1	153.0	 838	OK
 768	     0	81.5	151.6	 869	OK
 769	     0	81.9	152.0	 885	OK
 770	     0	81.5	149.9	 889	OK
 771	     0	80.6	150.4	 887	OK
 772	     0	79.4	146.4	 903	OK
 773	     0	76.3	144.7	 903	OK
 774	     0	80.8	150.5	 883	OK
 775	     0	77.6	145.2	 905	OK
 776	     0	82.7	153.4	 906	OK
 777	     0	79.6	146.5	 895	OK
 778	     0	80.3	146.7	 904	OK
 779	     0	79.8	151.1	 908	OK
 780	     0	82.0	151.1	 879	OK
 781	     0	78.1	144.0	 901	OK
 782	     0	78.6	146.6	 888	OK
 783	     0	77.9	143.8	 875	OK
 784	     0	79.1	149.8	 897	OK
 785	     0	77.5	142.5	 879	OK
 786	     0	81.2	150.6	 884	OK
 787	     0	79.0	145.6	 872	OK
 788	     0	82.9	154.7	 890	OK
 789	     0	78.8	148.2	 873	OK
 790	     0	82.8	154.1	 887	OK
 791	     0	77.5	142.9	 897	OK
 792	     0	79.2	147.0	 896	OK
 793	     0	78.7	148.5	 884	OK
 794	     0	80.3	148.6	 892	OK
 795	     0	79.6	149.1	 864	OK
 796	     0	79.0	147.0	 894	OK
 797	     0	79.6	145.5	 866	OK
 798	     0	82.3	153.3	 860	OK
 799	     0	79.7	150.6	 879	OK
 800	     0	77.4	142.8	 884	OK
 801	     0	81.0	150.2	 868	OK
 802	     0	79.6	148.3	 873	OK
 803	     0	79.5	147.4	 869	OK
 804	     0	79.4	148.2	 855	OK
 805	     0	79.9	144.9	 868	OK
 806	     0	81.3	150.4	 842	OK
 807	     0	78.1	142.3	 859	OK
 808	     0	79.3	145.3	 871	OK
 809	     0	80.7	150.4	 857	OK
 810	     0	79.3	148.7	 860	OK
 811	     0	79.7	150.4	 869	OK
 812	     0	81.4	152.8	 872	OK
 813	     0	78.0	147.9	 886	OK
 814	     0	80.1	149.5	 866	OK
 815	     0	79.1	147.4	 880	OK
 816	     0	77.1	142.4	 906	OK
 817	     0	76.3	143.2	 890	OK
 818	     0	79.7	146.5	 890	OK
 819	     0	78.9	148.2	 898	OK
 820	     0	81.1	147.2	 878	OK
 821	     0	78.1	146.9	 878	OK
 822	     0	79.6	146.4	 905	OK
 823	     0	78.9	147.9	 894	OK
 824	     0	79.2	146.6	 904	OK
 825	     0	80.3	150.3	 875	OK
 826	     0	78.0	145.7	 896	OK
 827	     0	77.5	143.3	 893	OK
 828	     0	79.9	149.4	 887	OK
 829	     0	80.3	148.6	 890	OK
 830	     0	81.0	149.8	 898	OK
 831	     0	79.7	149.9	 885	OK
 832	     0	81.7	152.5	 876	OK
 833	     0	80.9	149.8	 893	OK
 834	     0	80.5	149.4	 884	OK
 835	     0	81.4	152.7	 898	OK
 836	     0	79.0	144.8	 875	OK
 837	     0	77.9	146.4	 879	OK
 838	     0	78.4	146.6	 883	OK
 839	     0	80.1	148.2	 860	OK
 840	     0	80.9	151.5	 905	OK
 841	     0	79.9	148.3	 871	OK
 842	     0	79.8	147.9	 881	OK
 843	     0	80.6	149.3	 896	OK
 844	     0	80.9	147.2	 896	OK
 845	     0	79.1	147.0	 897	OK
 846	     0	79.9	146.0	 898	OK
 847	     0	78.5	146.8	 903	OK
 848	     0	80.6	150.2	 880	OK
 849	     0	78.9	148.6	 899	OK
 850	     0	78.7	147.8	 888	OK
 851	     0	79.3	149.1	 904	OK
 852	     0	81.3	154.0	 908	OK
 853	     0	81.5	152.1	 891	OK
 854	     0	79.6	146.8	 923	OK
 855	     0	81.1	150.3	 905	OK
 856	     0	83.3	156.1	 893	OK
 857	     0	77.9	146.9	 900	OK
 858	     0	79.7	149.0	 910	OK
 859	     0	78.8	145.4	 887	OK
 860	     0	78.9	147.8	 889	OK
 861	     0	78.2	146.9	 894	OK
 862	     0	80.9	147.0	 877	OK
 863	     0	81.9	152.8	 880	OK
 864	     0	80.1	149.4	 890	OK
 865	     0	82.5	152.2	 905	OK
 866	     0	81.1	151.5	 869	OK
 867	     0	77.9	146.8	 885	OK
 868	     0	79.7	146.7	 853	OK
 869	     0	79.0	145.6	 854	OK
 870	     0	78.1	146.8	 883	OK
 871	     0	82.7	150.6	 866	OK
 872	     0	76.9	144.9	 909	OK
 873	     0	81.0	148.3	 875	OK
 874	     0	76.8	145.3	 882	OK
 875	     0	80.2	149.2	 891	OK
 876	     0	81.0	152.3	 859	OK
 877	     0	78.6	148.8	 920	OK
 878	     0	80.2	148.4	 880	OK
 879	     0	82.7	153.3	 884	OK
 880	     0	79.6	149.7	 881	OK
 881	     0	80.6	149.3	 869	OK
 882	     0	81.0	150.3	 891	OK
 883	     0	81.0	149.8	 869	OK
 884	     0	83.7	151.8	 868	OK
 885	     0	76.3	145.1	 886	OK
 886	     0	78.8	147.7	 844	OK
 887	     0	79.2	148.4	 863	OK
 888	     0	79.6	148.6	 888	OK
 889	     0	81.3	149.7	 871	OK
 890	     0	79.9	146.0	 891	OK
 891	     0	81.6	151.9	 864	OK
 892	     0	80.1	147.0	 863	OK
 893	     0	82.2	150.3	 866	OK
 894	     0	81.9	150.5	 883	OK
 895	     0	82.5	151.5	 864	OK
 896	     0	81.7	154.7	 865	OK
 897	     0	85.9	161.8	 875	OK
 898	     0	81.5	153.7	 874	OK
 899	     0	80.5	153.0	 850	OK
 900	     0	83.1	154.2	 871	OK
 901	     0	83.6	155.4	 860	OK
 902	     0	80.2	149.1	 853	OK
 903	     0	79.1	151.4	 870	OK
 904	     0	82.5	156.0	 862	OK
 905	  4000	81.6	151.8	 880	high noise
 906	  4000	81.3	154.6	 877	high noise
 907	  4000	81.1	151.5	 882	high noise
 908	  4000	83.7	157.5	 877	high noise
 909	     0	83.1	156.7	 873	OK
 910	     0	81.3	153.3	 857	OK
 911	     0	79.8	149.6	 862	OK
 912	     0	84.0	158.5	 861	OK
 913	     0	82.0	155.3	 849	OK
 914	     0	84.6	158.9	 868	OK
 915	     0	81.5	151.9	 853	OK
 916	     0	80.3	152.0	 861	OK
 917	     0	80.4	151.1	 851	OK
 918	     0	81.1	151.1	 852	OK
 919	     0	81.7	153.1	 852	OK
 920	     0	80.9	153.0	 834	OK
 921	     0	79.4	151.8	 836	OK
 922	     0	82.0	155.2	 822	OK
 923	     0	84.9	160.0	 853	OK
 924	     0	81.6	150.1	 869	OK
 925	     0	82.0	154.2	 828	OK
 926	     0	82.2	158.5	 829	OK
 927	     0	83.5	154.9	 835	OK
 928	     0	80.4	150.4	 846	OK
 929	     0	82.9	154.8	 846	OK
 930	     0	83.6	157.1	 827	OK
 931	     0	79.9	148.9	 836	OK
 932	     0	83.0	156.5	 858	OK
 933	     0	82.7	154.8	 817	OK
 934	     0	83.9	157.6	 825	OK
 935	     0	83.9	157.1	 830	OK
 936	     0	79.8	150.9	 843	OK
 937	     0	83.7	157.5	 838	OK
 938	     0	82.7	154.4	 851	OK
 939	     0	81.3	154.0	 825	OK
 940	     0	80.0	148.9	 827	OK
 941	     0	85.7	157.3	 842	OK
 942	     0	83.9	157.8	 833	OK
 943	     0	83.0	154.7	 842	OK
 944	     0	83.3	158.0	 828	OK
 945	     0	83.7	158.6	 828	OK
 946	     0	81.7	156.0	 833	OK
 947	     0	80.3	152.2	 821	OK
 948	     0	82.9	155.0	 787	OK
 949	     0	81.7	153.4	 818	OK
 950	     0	83.2	158.6	 815	OK
 951	     0	81.4	151.3	 806	OK
 952	     0	80.5	152.2	 816	OK
 953	     0	81.3	154.3	 787	OK
 954	     0	82.7	154.6	 806	OK
 955	     0	83.3	157.2	 794	OK
 956	     0	83.1	154.4	 783	OK
 957	     0	83.6	156.3	 819	OK
 958	     0	82.2	153.5	 811	OK
 959	     0	80.3	149.7	 777	OK
 960	     0	84.5	159.0	 778	OK
 961	     0	85.7	160.9	 781	OK
 962	     0	84.1	157.2	 789	OK
 963	     0	84.1	157.9	 793	OK
 964	     0	83.6	160.4	 796	OK
 965	     0	84.9	160.6	 779	OK
 966	     0	79.2	151.5	 802	OK
 967	     0	84.0	157.0	 779	OK
 968	     0	83.8	156.8	 772	OK
 969	     0	79.8	151.8	 788	OK
 970	     0	79.9	152.1	 779	OK
 971	     0	82.2	154.2	 778	OK
 972	     0	84.0	156.4	 803	OK
 973	     0	83.7	156.0	 781	OK
 974	     0	82.2	154.2	 788	OK
 975	     0	82.8	157.4	 777	OK
 976	     0	81.9	154.2	 803	OK
 977	     0	82.5	155.2	 790	OK
 978	     0	82.8	156.9	 797	OK
 979	     0	83.0	156.6	 803	OK
 980	     0	83.1	154.8	 793	OK
 981	     0	82.7	154.5	 792	OK
 982	     0	79.4	149.5	 788	OK
 983	     0	81.8	153.0	 798	OK
 984	     0	81.6	153.8	 778	OK
 985	     0	83.5	155.3	 789	OK
 986	     0	82.7	155.9	 786	OK
 987	     0	83.8	160.5	 811	OK
 988	     0	83.4	155.8	 769	OK
 989	     0	84.0	159.8	 804	OK
 990	     0	84.6	158.2	 771	OK
 991	     0	81.1	152.7	 777	OK
 992	     0	81.1	152.1	 765	OK
 993	     0	84.1	156.6	 793	OK
 994	     0	84.4	157.6	 779	OK
 995	     0	84.9	158.6	 766	OK
 996	     0	85.5	160.4	 803	OK
 997	     0	85.3	157.6	 780	OK
 998	     0	84.4	159.3	 789	OK
 999	     0	84.7	158.9	 810	OK
1000	     0	85.4	159.6	 781	OK
1001	     0	83.6	157.5	 765	OK
1002	     0	83.2	157.2	 778	OK
1003	     0	83.8	159.4	 781	OK
1004	     0	85.1	160.8	 759	OK
1005	     0	82.8	155.6	 790	OK
1006	     0	83.2	156.6	 773	OK
1007	     0	85.8	161.4	 749	OK
1008	     0	84.3	161.1	 766	OK
1009	     0	81.8	155.2	 757	OK
1010	     0	82.1	154.2	 769	OK
1011	     0	84.8	159.9	 771	OK
1012	     0	86.4	161.2	 769	OK
1013	     0	83.2	156.9	 763	OK
1014	     0	82.6	156.6	 769	OK
1015	     0	85.5	158.3	 760	OK
1016	     0	82.4	155.5	 760	OK
1017	     0	83.9	158.7	 754	OK
1018	     0	86.3	164.0	 771	OK
1019	     0	84.7	158.2	 767	OK
1020	     0	85.9	162.2	 773	OK
1021	     0	87.7	166.1	 759	OK
1022	     0	84.3	158.9	 759	OK
1023	     0	84.7	160.2	 752	OK
1024	     0	82.0	152.3	 808	OK
1025	     0	80.1	148.2	 801	OK
1026	     0	79.0	147.2	 800	OK
1027	     0	78.3	145.4	 809	OK
1028	     0	81.6	151.1	 805	OK
1029	     0	79.9	146.6	 789	OK
1030	     0	78.4	145.7	 800	OK
1031	     0	81.6	150.4	 794	OK
1032	     0	81.8	151.4	 813	OK
1033	     0	79.3	146.9	 793	OK
1034	     0	80.2	149.9	 809	OK
1035	     0	77.6	147.6	 807	OK
1036	     0	79.5	147.4	 804	OK
1037	     0	81.7	153.8	 814	OK
1038	     0	82.0	151.1	 823	OK
1039	     0	79.6	146.3	 808	OK
1040	     0	79.6	146.9	 796	OK
1041	     0	79.6	146.5	 788	OK
1042	     0	78.6	146.4	 797	OK
1043	     0	78.7	146.7	 815	OK
1044	     0	81.0	152.0	 805	OK
1045	     0	78.9	145.5	 804	OK
1046	     0	79.2	146.9	 788	OK
1047	     0	80.2	150.2	 817	OK
1048	     0	79.2	147.0	 793	OK
1049	     0	77.2	144.9	 802	OK
1050	     0	79.9	148.5	 799	OK
1051	     0	81.1	149.6	 813	OK
1052	     0	79.8	148.5	 812	OK
1053	     0	78.5	146.8	 824	OK
1054	     0	79.4	146.0	 812	OK
1055	     0	78.5	146.8	 818	OK
1056	     0	79.2	148.2	 798	OK
1057	     0	80.3	149.9	 830	OK
1058	     0	83.9	155.4	 846	OK
1059	     0	79.4	148.0	 831	OK
1060	     0	79.0	149.5	 831	OK
1061	     0	79.7	146.6	 839	OK
1062	     0	80.0	148.4	 839	OK
1063	     0	79.8	149.2	 848	OK
1064	     0	80.2	149.6	 846	OK
1065	     0	80.2	149.2	 830	OK
1066	     0	76.2	142.9	 836	OK
1067	     0	78.5	149.1	 858	OK
1068	     0	78.9	145.5	 841	OK
1069	     0	80.6	147.4	 860	OK
1070	     0	80.5	148.3	 847	OK
1071	     0	80.9	148.9	 823	OK
1072	     0	76.0	141.4	 830	OK
1073	     0	76.8	143.5	 850	OK
1074	     0	78.7	148.0	 858	OK
1075	     0	82.3	151.0	 854	OK
1076	     0	82.1	154.7	 844	OK
1077	     0	80.4	149.3	 838	OK
1078	     0	78.1	145.3	 856	OK
1079	     0	78.6	145.0	 817	OK
1080	     0	77.9	147.4	 860	OK
1081	     0	80.3	151.0	 829	OK
1082	     0	80.1	148.1	 859	OK
1083	     0	78.8	144.2	 844	OK
1084	     0	82.0	151.8	 818	OK
1085	     0	81.2	148.7	 855	OK
1086	     0	81.7	152.8	 853	OK
1087	     0	79.2	147.3	 858	OK
1088	     0	82.3	152.1	 860	OK
1089	     0	82.5	151.9	 832	OK
1090	     0	81.6	151.5	 843	OK
1091	     0	80.3	148.4	 871	OK
1092	     0	81.8	152.3	 850	OK
1093	     0	80.1	148.6	 831	OK
1094	     0	77.3	139.3	 850	OK
1095	     0	80.1	147.9	 840	OK
1096	     0	79.2	145.6	 851	OK
1097	     0	78.1	145.7	 863	OK
1098	     0	79.6	145.7	 851	OK
1099	     0	78.5	146.7	 846	OK
1100	     0	80.2	146.8	 859	OK
1101	     0	79.7	149.1	 864	OK
1102	     0	78.4	145.2	 856	OK
1103	     0	77.9	144.2	 867	OK
1104	     0	78.0	148.7	 859	OK
1105	     0	77.8	143.0	 833	OK
1106	     0	79.1	144.3	 838	OK
1107	     0	79.7	146.2	 869	OK
1108	     0	78.4	143.3	 844	OK
1109	     0	79.1	147.6	 832	OK
1110	     0	80.1	149.5	 867	OK
1111	     0	80.5	150.5	 853	OK
1112	     0	82.2	150.3	 864	OK
1113	     0	79.8	147.0	 853	OK
1114	     0	77.6	145.3	 849	OK
1115	     0	82.4	150.6	 842	OK
1116	     0	78.4	146.4	 851	OK
1117	     0	78.6	145.3	 832	OK
1118	     0	75.8	143.0	 854	OK
1119	     0	76.6	144.1	 839	OK
1120	     0	78.9	146.3	 820	OK
1121	     0	80.8	150.0	 862	OK
1122	     0	79.5	147.6	 859	OK
1123	     0	77.5	144.6	 857	OK
1124	     0	79.3	146.0	 847	OK
1125	     0	78.5	146.2	 839	OK
1126	     0	80.4	148.7	 848	OK
1127	     0	80.1	147.5	 833	OK
1128	     0	80.8	149.3	 846	OK
1129	     0	78.5	145.7	 827	OK
1130	     0	79.0	145.9	 861	OK
1131	     0	80.8	148.6	 850	OK
1132	     0	81.2	151.1	 857	OK
1133	     0	79.3	146.4	 846	OK
1134	     0	82.0	151.7	 834	OK
1135	     0	79.3	149.9	 838	OK
1136	     0	80.1	148.0	 835	OK
1137	     0	80.3	148.1	 845	OK
1138	     0	81.7	148.6	 846	OK
1139	     0	79.1	147.4	 843	OK
1140	     0	80.0	147.4	 852	OK
1141	     0	79.5	146.8	 862	OK
1142	     0	79.6	147.6	 872	OK
1143	     0	76.2	140.9	 846	OK
1144	     0	78.3	143.9	 871	OK
1145	     0	79.3	146.4	 854	OK
1146	     0	79.3	144.0	 840	OK
1147	     0	82.2	153.9	 848	OK
1148	     0	82.1	148.3	 848	OK
1149	     0	84.2	155.0	 880	OK
1150	     0	82.5	156.0	 855	OK
1151	     0	80.0	147.0	 877	OK
1152	     0	85.8	156.6	 857	OK
1153	     0	83.5	153.8	 833	OK
1154	     0	84.9	157.5	 837	OK
1155	     0	82.1	153.5	 835	OK
1156	     0	82.8	154.3	 833	OK
1157	     0	81.2	151.5	 835	OK
1158	     0	79.4	148.7	 847	OK
1159	     0	83.2	154.3	 841	OK
1160	     0	81.2	152.9	 831	OK
1161	     0	84.4	157.8	 850	OK
1162	     0	80.2	151.9	 837	OK
1163	     0	81.9	154.0	 854	OK
1164	     0	82.1	151.7	 828	OK
1165	     0	83.3	155.7	 838	OK
1166	     0	82.4	152.7	 849	OK
1167	     0	84.1	155.0	 841	OK
1168	     0	84.3	155.5	 848	OK
1169	     0	83.0	155.5	 835	OK
1170	     0	83.1	152.9	 838	OK
1171	     0	84.1	155.8	 832	OK
1172	     0	84.1	154.7	 823	OK
1173	     0	82.9	155.0	 830	OK
1174	     0	83.3	156.2	 830	OK
1175	     0	81.8	153.7	 817	OK
1176	     0	82.2	151.9	 821	OK
1177	     0	86.9	163.8	 817	OK
1178	     0	83.0	157.2	 825	OK
1179	     0	83.0	155.8	 827	OK
1180	     0	84.0	155.2	 825	OK
1181	     0	82.8	152.9	 821	OK
1182	     0	84.2	158.4	 841	OK
1183	     0	84.3	160.3	 822	OK
1184	     0	82.1	151.9	 818	OK
1185	     0	85.2	158.5	 824	OK
1186	     0	83.8	155.4	 822	OK
1187	     0	82.4	155.1	 819	OK
1188	     0	83.9	155.3	 856	OK
1189	     0	83.0	153.3	 843	OK
1190	     0	81.5	152.6	 843	OK
1191	     0	83.4	155.5	 824	OK
1192	     0	83.9	156.6	 835	OK
1193	     0	84.8	157.3	 820	OK
1194	     0	83.8	156.9	 855	OK
1195	     0	84.4	157.6	 842	OK
1196	     0	81.7	151.4	 839	OK
1197	     0	81.6	151.5	 822	OK
1198	     0	83.2	155.2	 811	OK
1199	     0	83.7	154.8	 817	OK
1200	     0	82.5	153.0	 838	OK
1201	     0	84.3	155.0	 829	OK
1202	     0	82.2	155.1	 840	OK
1203	     0	85.4	159.9	 812	OK
1204	     0	83.9	155.5	 833	OK
1205	     0	84.7	156.3	 837	OK
1206	     0	80.7	151.9	 842	OK
1207	     0	86.6	161.7	 834	OK
1208	     0	84.2	159.5	 826	OK
1209	     0	85.2	158.2	 845	OK
1210	     0	82.5	153.6	 841	OK
1211	     0	84.7	158.5	 827	OK
1212	     0	84.4	158.5	 831	OK
1213	     0	81.1	151.9	 831	OK
1214	     0	84.7	157.0	 830	OK
1215	     0	84.5	156.6	 830	OK
1216	     0	82.5	154.5	 823	OK
1217	     0	85.2	160.2	 820	OK
1218	     0	83.3	155.8	 810	OK
1219	     0	81.1	151.5	 832	OK
1220	     0	83.9	155.7	 840	OK
1221	     0	84.7	158.2	 830	OK
1222	     0	81.0	150.2	 839	OK
1223	     0	85.5	159.3	 815	OK
1224	     0	83.5	156.3	 815	OK
1225	     0	84.7	156.5	 832	OK
1226	     0	80.2	152.2	 819	OK
1227	     0	82.2	154.0	 808	OK
1228	     0	83.9	155.7	 815	OK
1229	     0	86.9	159.8	 822	OK
1230	     0	83.4	155.2	 828	OK
1231	     0	81.9	153.1	 830	OK
1232	     0	84.5	159.0	 819	OK
1233	     0	87.4	162.4	 819	OK
1234	     0	83.0	153.6	 795	OK
1235	     0	83.1	154.4	 813	OK
1236	     0	85.0	157.2	 824	OK
1237	     0	85.2	157.4	 821	OK
1238	     0	81.7	154.1	 807	OK
1239	     0	81.5	151.2	 811	OK
1240	     0	85.8	157.9	 836	OK
1241	     0	84.7	160.4	 808	OK
1242	     0	83.8	155.6	 807	OK
1243	     0	84.6	158.6	 798	OK
1244	     0	83.2	155.7	 810	OK
1245	     0	85.2	156.3	 810	OK
1246	     0	83.0	155.3	 800	OK
1247	     0	82.4	152.0	 814	OK
1248	     0	83.4	154.1	 830	OK
1249	     0	83.4	154.1	 791	OK
1250	     0	84.6	156.7	 822	OK
1251	     0	85.3	157.8	 802	OK
1252	     0	83.7	155.8	 816	OK
1253	     0	87.6	162.7	 822	OK
1254	     0	85.2	158.1	 789	OK
1255	     0	83.1	155.1	 817	OK
1256	     0	83.7	157.9	 790	OK
1257	     0	84.2	154.4	 813	OK
1258	     0	86.0	160.0	 805	OK
1259	     0	84.3	157.5	 800	OK
1260	     0	82.8	155.1	 807	OK
1261	     0	83.4	156.1	 796	OK
1262	     0	81.8	153.8	 814	OK
1263	     0	85.4	159.8	 787	OK
1264	     0	85.1	156.1	 806	OK
1265	     0	84.9	159.6	 789	OK
1266	     0	85.5	157.0	 806	OK
1267	     0	84.7	157.2	 782	OK
1268	     0	82.5	154.0	 798	OK
1269	     0	86.5	159.6	 786	OK
1270	     0	81.6	153.7	 798	OK
1271	     0	84.5	156.5	 779	OK
1272	     0	86.9	161.0	 790	OK
1273	     0	84.6	159.1	 784	OK
1274	     0	86.3	160.6	 784	OK
1275	     0	85.7	161.1	 785	OK
1276	     0	85.5	160.6	 774	OK
1277	     0	86.3	159.6	 754	OK
1278	     0	87.1	162.6	 776	OK
1279	     0	87.3	161.6	 772	OK
1280	     0	85.7	159.4	 757	OK
1281	     0	85.0	159.6	 752	OK
1282	     0	86.6	160.7	 720	OK
1283	     0	87.1	161.3	 741	OK
1284	     0	83.3	158.4	 733	OK
1285	     0	84.6	160.7	 751	OK
1286	     0	85.6	160.9	 752	OK
1287	     0	82.6	154.0	 732	OK
1288	     0	85.1	162.5	 745	OK
1289	     0	84.2	159.2	 734	OK
1290	     0	84.5	157.6	 755	OK
1291	     0	81.9	153.1	 755	OK
1292	     0	84.7	156.4	 741	OK
1293	     0	84.8	157.7	 752	OK
1294	     0	85.1	158.7	 756	OK
1295	     0	84.4	157.5	 735	OK
1296	     0	84.7	157.8	 737	OK
1297	     0	87.0	162.0	 737	OK
1298	     0	87.2	163.9	 735	OK
1299	     0	84.9	158.1	 757	OK
1300	     0	85.5	158.4	 746	OK
1301	     0	86.7	162.2	 736	OK
1302	     0	85.3	160.0	 741	OK
1303	     0	83.7	156.9	 755	OK
1304	     0	84.4	156.5	 741	OK
1305	     0	84.3	160.4	 735	OK
1306	     0	86.0	159.8	 750	OK
1307	     0	83.9	155.9	 757	OK
1308	     0	84.8	158.1	 741	OK
1309	     0	85.2	159.4	 747	OK
1310	     0	85.4	159.3	 753	OK
1311	     0	85.6	160.6	 748	OK
1312	     0	88.3	164.2	 747	OK
1313	     0	85.9	162.5	 755	OK
1314	     0	84.0	156.8	 751	OK
1315	     0	84.8	157.5	 742	OK
1316	     0	85.5	158.1	 752	OK
1317	     0	82.6	156.1	 738	OK
1318	     0	85.6	159.9	 751	OK
1319	     0	87.2	159.7	 751	OK
1320	     0	85.8	159.3	 753	OK
1321	     0	85.0	161.1	 754	OK
1322	     0	87.3	164.6	 751	OK
1323	     0	85.7	159.2	 757	OK
1324	     0	82.8	154.1	 762	OK
1325	     0	86.3	160.6	 743	OK
1326	     0	85.1	159.5	 742	OK
1327	     0	83.6	156.3	 747	OK
1328	     0	83.7	155.3	 755	OK
1329	     0	85.5	160.3	 764	OK
1330	     0	84.7	155.2	 767	OK
1331	     0	87.4	162.5	 759	OK
1332	     0	84.0	157.3	 752	OK
1333	     0	83.8	156.7	 769	OK
1334	     0	85.3	159.7	 737	OK
1335	     0	83.9	158.1	 768	OK
1336	     0	83.1	156.3	 728	OK
1337	     0	84.8	158.6	 753	OK
1338	     0	82.2	153.3	 758	OK
1339	     0	82.8	156.4	 747	OK
1340	     0	85.5	158.2	 757	OK
1341	     0	83.5	157.2	 738	OK
1342	     0	82.8	155.4	 738	OK
1343	     0	87.6	163.2	 747	OK
1344	     0	83.2	156.2	 752	OK
1345	     0	85.9	161.8	 785	OK
1346	     0	84.3	159.1	 751	OK
1347	     0	83.3	156.2	 770	OK
1348	     0	84.3	158.3	 772	OK
1349	     0	83.0	156.1	 747	OK
1350	     0	82.1	153.5	 767	OK
1351	     0	84.5	159.7	 767	OK
1352	     0	82.4	156.1	 738	OK
1353	     0	83.9	156.2	 755	OK
1354	     0	85.8	158.5	 755	OK
1355	     0	82.4	154.6	 746	OK
1356	     0	82.8	156.0	 754	OK
1357	     0	82.5	154.2	 757	OK
1358	     0	83.7	157.5	 766	OK
1359	     0	83.6	156.8	 750	OK
1360	     0	84.9	157.1	 756	OK
1361	     0	83.6	154.5	 771	OK
1362	     0	81.1	152.1	 766	OK
1363	     0	83.2	156.7	 736	OK
1364	     0	85.3	158.5	 774	OK
1365	     0	83.8	155.6	 764	OK
1366	     0	85.6	158.5	 764	OK
1367	     0	81.7	154.2	 748	OK
1368	     0	82.3	153.6	 770	OK
1369	     0	81.9	150.5	 756	OK
1370	     0	82.9	156.0	 748	OK
1371	     0	84.1	155.4	 753	OK
1372	     0	85.9	159.0	 756	OK
1373	     0	80.6	151.0	 753	OK
1374	     0	80.7	152.9	 761	OK
1375	     0	86.1	162.0	 749	OK
1376	     0	82.8	156.3	 757	OK
1377	     0	82.2	155.2	 755	OK
1378	     0	82.5	154.2	 762	OK
1379	     0	81.7	153.9	 746	OK
1380	     0	83.5	160.4	 757	OK
1381	     0	84.1	158.8	 752	OK
1382	     0	84.5	156.8	 757	OK
1383	     0	83.5	158.1	 731	OK
1384	     0	81.8	153.2	 756	OK
1385	     0	84.8	160.5	 753	OK
1386	     0	84.3	158.9	 758	OK
1387	     0	81.4	151.9	 752	OK
1388	     0	84.5	157.5	 757	OK
1389	     0	83.7	157.3	 765	OK
1390	     0	82.4	152.8	 742	OK
1391	     0	83.1	157.4	 740	OK
1392	     0	83.8	154.9	 752	OK
1393	     0	82.4	153.8	 759	OK
1394	     0	83.7	156.0	 751	OK
1395	     0	81.5	153.5	 768	OK
1396	     0	82.6	153.6	 774	OK
1397	     0	83.0	156.0	 748	OK
1398	     0	82.2	153.8	 751	OK
1399	     0	84.9	158.2	 756	OK
1400	     0	83.9	155.6	 743	OK
1401	     0	84.1	155.5	 753	OK
1402	     0	84.3	159.4	 753	OK
1403	     0	82.2	156.0	 742	OK
1404	     0	82.2	154.6	 751	OK
1405	     0	86.4	160.9	 759	OK
1406	     0	86.5	160.6	 764	OK
1407	     0	84.8	159.3	 750	OK
1408	     0	81.9	150.8	 767	OK
1409	     0	85.1	158.8	 736	OK
1410	     0	81.8	152.9	 754	OK
1411	     0	84.8	159.1	 755	OK
1412	     0	85.6	160.0	 755	OK
1413	     0	82.7	155.0	 747	OK
1414	     0	83.2	155.9	 724	OK
1415	     0	85.2	159.3	 763	OK
1416	     0	80.5	149.7	 769	OK
1417	     0	82.9	155.7	 753	OK
1418	     0	82.0	152.7	 755	OK
1419	     0	81.0	152.1	 748	OK
1420	     0	82.9	155.7	 744	OK
1421	     0	84.3	158.0	 748	OK
1422	     0	84.8	156.9	 754	OK
1423	     0	82.3	154.7	 744	OK
1424	     0	82.2	153.6	 740	OK
1425	     0	82.7	152.7	 745	OK
1426	     0	81.0	148.8	 762	OK
1427	     0	83.3	156.8	 729	OK
1428	     0	83.4	156.2	 754	OK
1429	     0	83.8	155.3	 742	OK
1430	     0	84.5	156.6	 727	OK
1431	     0	82.1	153.9	 743	OK
1432	     0	82.0	153.5	 732	OK
1433	     0	81.5	154.6	 752	OK
1434	     0	82.3	155.2	 734	OK
1435	     0	81.7	151.7	 755	OK
1436	     0	80.9	152.2	 738	OK
1437	     0	80.4	152.1	 723	OK
1438	     0	84.4	156.1	 728	OK
1439	     0	80.5	152.4	 728	OK
1440	     0	85.3	157.7	 756	OK
1441	     0	81.8	151.6	 750	OK
1442	     0	83.1	154.0	 760	OK
1443	     0	83.1	154.7	 759	OK
1444	     0	83.2	156.0	 742	OK
1445	     0	80.3	151.1	 751	OK
1446	     0	83.7	154.6	 762	OK
1447	     0	85.1	157.9	 761	OK
1448	     0	84.2	155.5	 750	OK
1449	     0	81.8	153.4	 744	OK
1450	     0	81.4	152.2	 762	OK
1451	     0	83.6	155.2	 724	OK
1452	     0	79.7	150.0	 753	OK
1453	     0	82.0	153.0	 742	OK
1454	     0	83.1	154.5	 754	OK
1455	     0	81.7	155.1	 761	OK
1456	     0	86.7	162.2	 732	OK
1457	     0	81.6	153.0	 749	OK
1458	     0	83.0	156.1	 760	OK
1459	     0	82.6	154.4	 746	OK
1460	     0	86.5	160.9	 732	OK
1461	     0	82.5	153.1	 754	OK
1462	     0	86.7	162.5	 750	OK
1463	     0	81.9	152.8	 767	OK
1464	     0	82.0	156.1	 736	OK
1465	     0	83.6	153.7	 757	OK
1466	     0	82.9	153.2	 754	OK
1467	     0	82.1	151.1	 749	OK
1468	     0	85.0	157.5	 753	OK
1469	     0	82.3	152.8	 745	OK
1470	     0	84.1	155.1	 736	OK
1471	     0	83.1	154.2	 757	OK
1472	     0	85.2	159.7	 744	OK
1473	     0	83.7	155.3	 746	OK
1474	     0	80.9	149.7	 739	OK
1475	     0	84.3	155.3	 744	OK
1476	     0	85.0	157.2	 752	OK
1477	     0	80.1	151.7	 747	OK
1478	     0	83.1	152.9	 736	OK
1479	     0	82.0	154.0	 740	OK
1480	     0	85.1	159.8	 746	OK
1481	     0	83.3	156.4	 738	OK
1482	     0	84.0	157.7	 739	OK
1483	     0	88.3	161.8	 759	OK
1484	     0	81.6	153.1	 751	OK
1485	     0	82.3	153.8	 746	OK
1486	     0	80.3	151.3	 748	OK
1487	     0	86.6	162.6	 736	OK
1488	     0	84.9	156.5	 752	OK
1489	     0	86.1	161.6	 761	OK
1490	     0	83.8	157.2	 740	OK
1491	     0	82.4	156.5	 726	OK
1492	     0	81.3	151.0	 753	OK
1493	     0	85.4	161.5	 741	OK
1494	     0	82.7	154.0	 743	OK
1495	     0	84.1	155.2	 727	OK
1496	     0	80.6	151.6	 736	OK
1497	     0	81.5	153.4	 733	OK
1498	     0	85.2	158.0	 733	OK
1499	     0	82.3	154.4	 755	OK
1500	     0	84.7	156.2	 736	OK
1501	     0	86.7	161.8	 728	OK
1502	     0	83.5	154.7	 740	OK
1503	     0	80.2	149.2	 725	OK
1504	     0	84.5	156.1	 750	OK
1505	     0	86.9	159.8	 757	OK
1506	     0	83.3	154.0	 761	OK
1507	     0	83.3	155.7	 739	OK
1508	     0	83.8	156.5	 745	OK
1509	     0	85.1	159.4	 726	OK
1510	     0	86.6	160.7	 716	OK
1511	     0	83.6	156.0	 713	OK
1512	     0	81.7	152.9	 721	OK
1513	     0	84.0	156.4	 729	OK
1514	     0	78.2	145.8	 735	OK
1515	     0	83.7	154.8	 715	OK
1516	     0	83.1	155.7	 737	OK
1517	     0	84.6	155.5	 724	OK
1518	     0	85.6	158.9	 769	OK
1519	     0	83.2	154.1	 726	OK
1520	     0	81.7	154.0	 724	OK
1521	     0	84.3	158.6	 725	OK
1522	     0	82.3	152.5	 744	OK
1523	     0	86.5	162.2	 721	OK
1524	     0	88.2	162.5	 742	OK
1525	     0	82.4	155.2	 729	OK
1526	     0	81.6	153.5	 744	OK
1527	     0	83.8	155.6	 733	OK
1528	     0	82.2	154.2	 741	OK
1529	     0	83.4	156.6	 737	OK
1530	     0	85.3	159.5	 730	OK
1531	     0	84.0	157.5	 728	OK
1532	     0	85.5	156.8	 714	OK
1533	     0	88.2	166.2	 737	OK
1534	     0	82.9	154.0	 744	OK
1535	     0	86.1	161.1	 718	OK
1536	     0	81.7	153.2	 752	OK
1537	     0	82.5	154.7	 756	OK
1538	     0	80.4	150.2	 759	OK
1539	     0	79.8	151.3	 774	OK
1540	     0	80.9	151.1	 764	OK
1541	     0	79.9	150.9	 758	OK
1542	     0	82.1	153.7	 772	OK
1543	     0	82.9	154.2	 763	OK
1544	     0	80.1	150.2	 755	OK
1545	     0	78.6	149.8	 764	OK
1546	     0	81.0	154.0	 759	OK
1547	     0	80.0	150.5	 778	OK
1548	     0	80.4	149.9	 760	OK
1549	     0	81.0	153.2	 759	OK
1550	     0	81.8	153.0	 745	OK
1551	     0	81.3	152.1	 766	OK
1552	     0	78.1	145.4	 780	OK
1553	     0	79.6	149.8	 770	OK
1554	     0	79.1	148.3	 760	OK
1555	     0	81.5	153.6	 764	OK
1556	     0	78.7	148.3	 754	OK
1557	     0	77.7	146.5	 772	OK
1558	     0	78.8	150.5	 774	OK
1559	     0	81.4	152.0	 776	OK
1560	     0	82.5	154.2	 756	OK
1561	     0	81.0	151.6	 764	OK
1562	     0	82.5	154.7	 767	OK
1563	     0	80.2	150.3	 776	OK
1564	     0	79.3	148.8	 751	OK
1565	     0	79.9	149.1	 763	OK
1566	     0	78.8	150.3	 786	OK
1567	     0	81.0	151.8	 788	OK
1568	     0	79.0	149.4	 780	OK
1569	     0	81.0	152.2	 749	OK
1570	     0	78.8	148.2	 772	OK
1571	     0	80.6	150.4	 759	OK
1572	     0	80.1	148.5	 783	OK
1573	     0	77.4	148.0	 764	OK
1574	     0	80.3	148.7	 769	OK
1575	     0	80.3	149.6	 778	OK
1576	     0	78.7	149.7	 757	OK
1577	     0	80.5	148.8	 791	OK
1578	     0	79.7	150.1	 772	OK
1579	     0	80.4	149.1	 781	OK
1580	     0	83.0	157.4	 771	OK
1581	     0	78.9	147.0	 771	OK
1582	     0	77.0	146.6	 769	OK
1583	     0	80.1	147.4	 788	OK
1584	     0	79.7	149.2	 764	OK
1585	     0	79.4	147.6	 797	OK
1586	     0	80.1	150.8	 780	OK
1587	     0	79.4	149.4	 786	OK
1588	     0	82.6	154.7	 804	OK
1589	     0	80.6	152.7	 789	OK
1590	     0	78.9	149.3	 778	OK
1591	     0	80.1	150.0	 762	OK
1592	     0	79.1	149.0	 772	OK
1593	     0	78.4	146.9	 779	OK
1594	     0	79.5	147.4	 778	OK
1595	     0	80.3	151.3	 787	OK
1596	     0	82.9	154.3	 779	OK
1597	     0	79.3	149.9	 787	OK
1598	     0	80.0	149.3	 772	OK
1599	     0	81.1	152.9	 768	OK
1600	     0	81.8	153.6	 781	OK
1601	     0	80.2	150.2	 756	OK
1602	     0	79.8	148.1	 775	OK
1603	     0	80.8	153.1	 775	OK
1604	     0	79.0	147.9	 766	OK
1605	     0	81.3	153.6	 787	OK
1606	     0	77.9	146.6	 783	OK
1607	     0	77.8	146.2	 760	OK
1608	     0	78.6	150.0	 759	OK
1609	     0	80.1	148.4	 789	OK
1610	     0	80.7	150.0	 788	OK
1611	     0	78.0	148.3	 787	OK
1612	     0	79.0	147.0	 764	OK
1613	     0	76.4	143.7	 778	OK
1614	     0	77.6	145.6	 765	OK
1615	     0	79.2	147.0	 776	OK
1616	     0	82.0	152.1	 793	OK
1617	     0	77.1	146.2	 780	OK
1618	     0	80.5	149.3	 765	OK
1619	     0	76.2	141.9	 782	OK
1620	     0	79.8	148.8	 771	OK
1621	     0	79.1	147.0	 784	OK
1622	     0	78.5	149.2	 788	OK
1623	     0	82.2	152.0	 769	OK
1624	     0	80.3	150.7	 799	OK
1625	     0	76.6	144.3	 771	OK
1626	     0	80.5	150.6	 785	OK
1627	     0	80.3	151.4	 783	OK
1628	     0	79.8	150.6	 771	OK
1629	     0	80.6	152.9	 779	OK
1630	     0	82.4	154.9	 780	OK
1631	     0	79.5	150.3	 766	OK
1632	     0	76.4	145.1	 781	OK
1633	     0	78.0	146.2	 789	OK
1634	     0	79.2	146.9	 773	OK
1635	     0	78.4	145.9	 776	OK
1636	     0	81.1	151.3	 784	OK
1637	     0	79.4	146.9	 785	OK
1638	     0	76.2	143.1	 793	OK
1639	     0	79.6	149.1	 770	OK
1640	     0	81.1	151.2	 769	OK
1641	     0	79.5	149.8	 759	OK
1642	     0	78.1	146.2	 779	OK
1643	     0	78.6	147.6	 758	OK
1644	     0	78.3	145.3	 769	OK
1645	     0	78.7	149.3	 781	OK
1646	     0	80.0	152.2	 767	OK
1647	     0	80.1	150.4	 758	OK
1648	     0	79.2	149.1	 772	OK
1649	     0	81.6	152.6	 761	OK
1650	     0	77.9	146.3	 777	OK
1651	     0	80.9	150.5	 782	OK
1652	     0	76.7	144.2	 787	OK
1653	     0	79.8	149.6	 768	OK
1654	     0	80.0	150.0	 777	OK
1655	     0	78.2	147.4	 776	OK
1656	     0	79.9	150.0	 781	OK
1657	     0	81.4	155.3	 747	OK
1658	     0	78.0	146.4	 767	OK
1659	     0	80.1	150.6	 763	OK
1660	     0	80.1	152.5	 779	OK
1661	     0	82.0	153.6	 767	OK
1662	     0	81.9	153.7	 771	OK
1663	     0	81.7	151.7	 787	OK
1664	     0	84.6	157.5	 712	OK
1665	     0	83.7	158.4	 712	OK
1666	     0	81.0	152.3	 723	OK
1667	     0	83.2	155.4	 715	OK
1668	     0	83.2	154.8	 734	OK
1669	     0	81.4	151.5	 722	OK
1670	     0	83.3	155.4	 725	OK
1671	     0	83.1	157.6	 717	OK
1672	     0	80.2	151.4	 723	OK
1673	     0	81.9	154.1	 735	OK
1674	     0	80.7	152.4	 735	OK
1675	     0	82.3	153.1	 731	OK
1676	     0	80.7	153.8	 730	OK
1677	     0	81.5	154.8	 722	OK
1678	     0	83.2	156.3	 712	OK
1679	     0	84.7	159.4	 713	OK
1680	     0	80.6	149.8	 722	OK
1681	     0	79.9	151.0	 718	OK
1682	     0	81.8	153.6	 718	OK
1683	     0	81.5	155.6	 714	OK
1684	     0	80.9	153.3	 727	OK
1685	     0	78.2	146.5	 737	OK
1686	     0	82.3	154.4	 725	OK
1687	     0	81.8	154.4	 715	OK
1688	     0	80.7	152.8	 730	OK
1689	     0	83.2	155.1	 721	OK
1690	     0	79.8	151.8	 725	OK
1691	     0	81.5	154.2	 725	OK
1692	     0	82.4	156.0	 730	OK
1693	     0	79.1	147.6	 698	OK
1694	     0	81.2	154.7	 711	OK
1695	     0	83.1	155.2	 727	OK
1696	     0	79.8	149.4	 727	OK
1697	     0	83.1	154.6	 729	OK
1698	     0	82.5	155.2	 724	OK
1699	     0	81.6	153.7	 726	OK
1700	     0	83.4	158.4	 722	OK
1701	     0	82.4	153.5	 728	OK
1702	     0	82.9	154.6	 736	OK
1703	     0	83.7	155.6	 719	OK
1704	     0	80.2	148.2	 746	OK
1705	     0	81.6	155.9	 716	OK
1706	     0	80.3	153.3	 734	OK
1707	     0	81.9	155.4	 741	OK
1708	     0	82.5	155.4	 737	OK
1709	     0	82.8	154.8	 736	OK
1710	     0	81.8	152.7	 727	OK
1711	     0	83.3	154.2	 708	OK
1712	     0	84.8	159.9	 718	OK
1713	     0	79.0	149.4	 739	OK
1714	     0	82.3	154.6	 741	OK
1715	     0	82.6	156.5	 733	OK
1716	     0	82.8	156.1	 730	OK
1717	     0	83.6	157.5	 719	OK
1718	     0	82.6	158.3	 733	OK
1719	     0	83.4	157.6	 725	OK
1720	     0	83.1	155.8	 730	OK
1721	     0	84.3	157.0	 752	OK
1722	  4000	81.4	154.0	 794	high noise
1723	     0	82.9	157.6	 733	OK
1724	     0	83.3	157.9	 729	OK
1725	     0	81.8	155.5	 727	OK
1726	     0	81.5	156.0	 743	OK
1727	     0	83.0	154.6	 744	OK
1728	     0	83.5	158.4	 759	OK
1729	     0	80.7	154.3	 741	OK
1730	     0	83.5	155.1	 725	OK
1731	     0	81.7	154.2	 737	OK
1732	     0	81.1	152.3	 732	OK
1733	     0	82.8	155.2	 721	OK
1734	     0	79.8	150.4	 755	OK
1735	     0	81.4	153.8	 751	OK
1736	     0	80.7	151.4	 738	OK
1737	     0	82.2	153.7	 737	OK
1738	     0	80.6	152.5	 740	OK
1739	     0	81.3	152.8	 738	OK
1740	     0	80.8	154.5	 740	OK
1741	     0	83.4	156.2	 738	OK
1742	     0	82.8	156.9	 741	OK
1743	     0	83.1	153.3	 739	OK
1744	     0	80.7	151.9	 749	OK
1745	     0	82.9	156.5	 729	OK
1746	     0	81.1	153.5	 751	OK
1747	     0	79.1	153.0	 733	OK
1748	     0	80.9	149.6	 736	OK
1749	     0	79.8	150.0	 734	OK
1750	     0	80.4	152.0	 730	OK
1751	     0	83.2	157.5	 743	OK
1752	     0	82.8	157.2	 730	OK
1753	     0	80.0	150.6	 754	OK
1754	     0	78.2	146.8	 747	OK
1755	     0	80.6	153.8	 730	OK
1756	     0	79.8	151.5	 717	OK
1757	     0	84.5	158.0	 742	OK
1758	     0	81.8	153.9	 736	OK
1759	     0	78.9	147.7	 716	OK
1760	     0	83.0	156.6	 743	OK
1761	     0	80.1	150.5	 738	OK
1762	     0	80.8	151.9	 752	OK
1763	     0	82.8	152.6	 724	OK
1764	     0	83.2	155.9	 727	OK
1765	     0	83.8	159.2	 734	OK
1766	     0	82.9	155.6	 732	OK
1767	     0	82.2	155.7	 738	OK
1768	     0	80.8	151.9	 745	OK
1769	     0	82.8	156.0	 739	OK
1770	     0	81.4	155.3	 725	OK
1771	     0	82.3	157.1	 723	OK
1772	     0	82.5	156.2	 727	OK
1773	     0	83.8	156.7	 734	OK
1774	     0	81.4	153.6	 719	OK
1775	     0	83.1	155.6	 725	OK
1776	     0	82.2	154.5	 738	OK
1777	     0	82.5	154.2	 730	OK
1778	     0	82.9	155.5	 744	OK
1779	     0	81.9	155.2	 733	OK
1780	     0	81.9	153.3	 734	OK
1781	     0	80.6	153.6	 735	OK
1782	     0	79.2	148.8	 750	OK
1783	     0	82.1	154.2	 736	OK
1784	     0	82.2	153.7	 757	OK
1785	     0	82.4	155.7	 728	OK
1786	     0	86.5	162.3	 739	OK
1787	     0	83.8	158.3	 729	OK
1788	     0	85.3	162.1	 737	OK
1789	     0	82.7	155.6	 734	OK
1790	     0	82.2	154.5	 735	OK
1791	     0	83.7	158.9	 736	OK
1792	     0	77.5	147.3	 760	OK
1793	     0	80.0	153.6	 729	OK
1794	     0	77.3	145.4	 745	OK
1795	     0	80.6	154.0	 724	OK
1796	     0	79.4	148.6	 727	OK
1797	     0	78.0	149.2	 745	OK
1798	     0	79.4	150.4	 718	OK
1799	     0	77.9	145.8	 732	OK
1800	     0	78.6	148.9	 727	OK
1801	     0	77.9	149.5	 743	OK
1802	     0	77.9	148.0	 741	OK
1803	     0	79.4	148.9	 726	OK
1804	     0	81.5	153.8	 716	OK
1805	     0	76.7	145.7	 714	OK
1806	     0	80.0	150.2	 726	OK
1807	     0	78.7	149.0	 749	OK
1808	     0	79.7	148.2	 740	OK
1809	     0	84.4	157.0	 738	OK
1810	     0	81.6	156.9	 739	OK
1811	     0	77.4	146.4	 736	OK
1812	     0	77.7	145.3	 716	OK
1813	     0	82.2	153.4	 720	OK
1814	     0	81.1	152.7	 724	OK
1815	     0	79.7	151.5	 741	OK
1816	     0	81.2	152.8	 737	OK
1817	     0	77.9	148.0	 729	OK
1818	     0	78.2	148.7	 729	OK
1819	     0	78.1	144.9	 737	OK
1820	     0	76.3	145.3	 728	OK
1821	     0	81.9	154.7	 720	OK
1822	     0	79.6	147.7	 751	OK
1823	     0	80.0	151.1	 729	OK
1824	     0	78.6	149.4	 741	OK
1825	     0	80.4	153.4	 719	OK
1826	     0	78.6	149.2	 713	OK
1827	     0	80.2	149.9	 727	OK
1828	     0	80.0	149.4	 738	OK
1829	     0	80.5	151.1	 737	OK
1830	     0	79.5	150.3	 747	OK
1831	     0	82.6	152.4	 710	OK
1832	     0	80.2	151.6	 741	OK
1833	     0	79.8	149.0	 732	OK
1834	     0	78.9	149.1	 720	OK
1835	     0	78.8	146.9	 748	OK
1836	     0	78.1	145.8	 740	OK
1837	     0	78.5	148.8	 747	OK
1838	     0	77.9	148.9	 721	OK
1839	     0	79.6	148.5	 736	OK
1840	     0	82.8	155.0	 727	OK
1841	     0	76.2	145.5	 730	OK
1842	     0	78.6	147.8	 747	OK
1843	     0	78.8	148.1	 752	OK
1844	     0	79.2	149.4	 750	OK
1845	     0	80.5	149.1	 737	OK
1846	     0	83.0	156.1	 755	OK
1847	     0	79.8	150.7	 741	OK
1848	     0	79.9	149.1	 746	OK
1849	     0	81.1	153.5	 756	OK
1850	     0	78.9	150.7	 741	OK
1851	     0	81.7	154.8	 740	OK
1852	     0	81.8	152.0	 745	OK
1853	     0	80.4	152.1	 721	OK
1854	     0	82.9	154.8	 750	OK
1855	     0	81.1	151.9	 746	OK
1856	     0	79.2	150.0	 716	OK
1857	     0	83.9	157.4	 727	OK
1858	     0	80.1	152.1	 756	OK
1859	     0	81.7	152.6	 731	OK
1860	     0	79.6	150.2	 731	OK
1861	     0	77.7	145.9	 726	OK
1862	     0	78.9	148.6	 753	OK
1863	     0	79.5	149.9	 720	OK
1864	     0	80.6	151.5	 727	OK
1865	     0	78.7	147.0	 718	OK
1866	     0	81.4	153.9	 750	OK
1867	     0	80.3	151.1	 726	OK
1868	     0	76.1	143.4	 739	OK
1869	     0	81.9	154.6	 733	OK
1870	     0	82.0	153.3	 731	OK
1871	     0	80.4	150.1	 734	OK
1872	     0	80.0	149.1	 739	OK
1873	     0	79.2	148.5	 733	OK
1874	     0	80.5	150.7	 738	OK
1875	     0	80.1	148.1	 736	OK
1876	     0	80.6	150.5	 718	OK
1877	     0	80.4	150.6	 715	OK
1878	     0	82.2	151.3	 730	OK
1879	     0	81.4	151.9	 708	OK
1880	     0	79.4	149.9	 720	OK
1881	     0	80.5	151.3	 722	OK
1882	     0	78.3	149.6	 727	OK
1883	     0	80.1	150.2	 727	OK
1884	     0	81.3	153.0	 718	OK
1885	     0	81.0	151.1	 731	OK
1886	     0	79.4	147.1	 728	OK
1887	     0	80.9	151.3	 726	OK
1888	     0	78.7	147.3	 700	OK
1889	     0	81.4	153.2	 734	OK
1890	     0	80.0	150.9	 743	OK
1891	     0	77.8	146.5	 740	OK
1892	     0	77.9	144.3	 720	OK
1893	     0	82.2	155.4	 733	OK
1894	     0	81.9	151.8	 717	OK
1895	     0	81.2	152.3	 731	OK
1896	     0	80.5	152.1	 708	OK
1897	     0	80.0	148.7	 736	OK
1898	     0	81.3	151.8	 744	OK
1899	     0	80.1	148.7	 727	OK
1900	     0	81.5	152.6	 731	OK
1901	     0	80.2	151.2	 728	OK
1902	     0	81.9	151.6	 750	OK
1903	     0	81.6	154.8	 733	OK
1904	     0	81.9	152.6	 738	OK
1905	     0	80.4	150.7	 710	OK
1906	     0	83.2	156.4	 742	OK
1907	     0	81.7	153.8	 714	OK
1908	     0	81.5	152.1	 741	OK
1909	     0	81.0	152.6	 745	OK
1910	     0	80.4	151.3	 715	OK
1911	     0	81.8	154.0	 714	OK
1912	     0	82.8	154.9	 708	OK
1913	     0	78.8	149.6	 729	OK
1914	     0	82.2	153.1	 711	OK
1915	     0	83.2	155.3	 734	OK
1916	     0	80.2	150.0	 731	OK
1917	     0	81.7	150.8	 735	OK
1918	     0	83.7	156.7	 738	OK
1919	     0	84.1	157.2	 713	OK
1920	     0	82.3	160.5	 738	OK
1921	     0	82.4	159.6	 724	OK
1922	     0	83.2	159.8	 726	OK
1923	     0	79.6	155.6	 712	OK
1924	     0	81.1	156.4	 738	OK
1925	     0	81.6	158.0	 745	OK
1926	     0	83.5	159.6	 704	OK
1927	     0	81.3	156.8	 712	OK
1928	     0	82.0	156.1	 727	OK
1929	     0	81.1	155.0	 702	OK
1930	     0	82.0	156.1	 714	OK
1931	     0	82.8	157.2	 705	OK
1932	     0	80.9	154.3	 721	OK
1933	     0	83.3	160.8	 719	OK
1934	     0	80.0	154.3	 727	OK
1935	     0	79.9	152.3	 704	OK
1936	     0	82.0	156.6	 718	OK
1937	     0	77.0	147.6	 723	OK
1938	     0	79.1	152.8	 719	OK
1939	     0	79.2	153.1	 728	OK
1940	     0	81.4	157.4	 725	OK
1941	     0	79.7	152.1	 696	OK
1942	     0	77.3	149.6	 729	OK
1943	     0	80.0	152.3	 707	OK
1944	     0	81.0	151.4	 713	OK
1945	     0	81.4	154.7	 714	OK
1946	     0	81.0	154.1	 714	OK
1947	     0	80.9	154.6	 740	OK
1948	     0	80.3	152.5	 722	OK
1949	     0	78.7	149.1	 720	OK
1950	     0	80.6	154.3	 713	OK
1951	     0	77.6	149.8	 703	OK
1952	     0	82.0	155.7	 714	OK
1953	     0	79.5	153.4	 717	OK
1954	     0	80.3	153.8	 732	OK
1955	     0	80.0	152.2	 724	OK
1956	     0	78.4	147.7	 721	OK
1957	     0	79.4	149.9	 726	OK
1958	     0	79.9	152.4	 729	OK
1959	     0	77.8	148.9	 718	OK
1960	     0	78.0	149.9	 721	OK
1961	     0	81.3	154.8	 725	OK
1962	     0	81.0	151.7	 714	OK
1963	     0	82.0	155.3	 730	OK
1964	     0	79.3	149.9	 735	OK
1965	     0	81.2	152.4	 729	OK
1966	     0	81.1	153.3	 742	OK
1967	     0	79.4	151.2	 722	OK
1968	     0	79.0	149.4	 706	OK
1969	     0	80.8	154.1	 719	OK
1970	     0	78.3	149.1	 729	OK
1971	     0	77.3	149.2	 717	OK
1972	     0	81.6	155.0	 716	OK
1973	     0	79.4	151.7	 723	OK
1974	     0	76.9	147.8	 718	OK
1975	     0	81.1	154.4	 735	OK
1976	     0	80.8	151.6	 714	OK
1977	     0	82.5	158.4	 728	OK
1978	     0	77.3	147.2	 734	OK
1979	     0	81.7	157.1	 710	OK
1980	     0	79.0	149.8	 728	OK
1981	     0	81.1	153.7	 715	OK
1982	     0	83.1	155.0	 707	OK
1983	     0	83.3	158.8	 736	OK
1984	     0	80.7	151.7	 723	OK
1985	     0	78.8	148.9	 723	OK
1986	     0	77.6	145.7	 699	OK
1987	     0	80.9	152.6	 694	OK
1988	     0	81.2	153.3	 701	OK
1989	     0	78.9	148.8	 725	OK
1990	     0	79.6	149.5	 720	OK
1991	     0	79.8	151.9	 694	OK
1992	     0	77.3	145.1	 708	OK
1993	     0	80.3	151.3	 723	OK
1994	     0	80.3	151.5	 689	OK
1995	     0	78.1	146.3	 701	OK
1996	     0	81.1	153.3	 672	OK
1997	     0	80.9	153.4	 696	OK
1998	     0	78.2	148.2	 706	OK
1999	     0	77.8	149.7	 708	OK
2000	     0	80.1	154.0	 716	OK
2001	     0	81.8	154.4	 713	OK
2002	     0	82.4	155.0	 709	OK
2003	     0	80.2	150.8	 704	OK
2004	     0	81.9	152.0	 710	OK
2005	     0	79.3	149.3	 705	OK
2006	     0	82.7	155.0	 698	OK
2007	     0	80.2	152.3	 730	OK
2008	     0	75.5	145.0	 703	OK
2009	     0	80.0	148.9	 695	OK
2010	     0	80.2	151.8	 707	OK
2011	     0	80.0	150.3	 716	OK
2012	     0	78.6	148.3	 723	OK
2013	     0	78.7	147.1	 705	OK
2014	     0	77.6	148.2	 712	OK
2015	     0	79.9	150.7	 700	OK
2016	     0	80.4	149.8	 710	OK
2017	     0	79.8	149.3	 702	OK
2018	     0	79.5	149.8	 708	OK
2019	     0	78.9	148.0	 701	OK
2020	     0	81.2	152.6	 706	OK
2021	     0	79.7	153.7	 702	OK
2022	     0	80.2	151.6	 694	OK
2023	     0	79.4	148.6	 713	OK
2024	     0	81.2	153.1	 713	OK
2025	     0	78.8	149.6	 699	OK
2026	     0	80.8	153.6	 694	OK
2027	     0	78.7	147.0	 708	OK
2028	     0	78.8	150.8	 712	OK
2029	     0	78.3	149.2	 686	OK
2030	     0	77.3	144.1	 709	OK
2031	     0	81.8	154.2	 692	OK
2032	     0	78.9	149.2	 697	OK
2033	     0	81.2	152.3	 701	OK
2034	     0	81.1	152.4	 718	OK
2035	     0	82.4	154.7	 693	OK
2036	     0	80.8	152.2	 704	OK
2037	     0	79.7	149.6	 678	OK
2038	     0	81.3	149.5	 702	OK
2039	     0	80.0	152.0	 690	OK
2040	     0	80.6	150.6	 706	OK
2041	     0	80.5	150.6	 694	OK
2042	     0	81.9	153.9	 727	OK
2043	     0	81.2	151.4	 712	OK
2044	     0	81.8	153.5	 700	OK
2045	     0	82.5	155.4	 692	OK
2046	     0	82.5	154.6	 700	OK
2047	     0	82.8	152.1	 691	OK
2048	     0	81.3	151.0	 755	OK
2049	     0	81.0	153.0	 750	OK
2050	     0	77.7	145.6	 738	OK
2051	     0	79.6	146.7	 745	OK
2052	     0	82.0	151.7	 737	OK
2053	     0	81.3	152.3	 740	OK
2054	     0	78.4	145.1	 760	OK
2055	     0	79.9	147.8	 708	OK
2056	     0	81.7	151.0	 744	OK
2057	     0	79.6	149.8	 732	OK
2058	     0	77.8	144.8	 762	OK
2059	     0	78.9	145.6	 747	OK
2060	     0	80.5	150.1	 738	OK
2061	     0	76.1	142.4	 751	OK
2062	     0	79.1	147.7	 753	OK
2063	     0	79.1	146.2	 741	OK
2064	     0	82.4	153.2	 742	OK
2065	     0	79.1	145.0	 761	OK
2066	     0	79.5	149.5	 754	OK
2067	     0	79.3	147.5	 748	OK
2068	     0	80.7	149.8	 754	OK
2069	     0	75.7	141.7	 743	OK
2070	     0	81.3	149.1	 754	OK
2071	     0	81.9	151.6	 739	OK
2072	     0	79.7	146.4	 729	OK
2073	     0	78.0	148.1	 757	OK
2074	     0	80.1	148.6	 749	OK
2075	     0	79.4	147.6	 745	OK
2076	     0	79.3	148.8	 749	OK
2077	     0	80.0	150.0	 753	OK
2078	     0	76.5	143.4	 758	OK
2079	     0	76.3	142.9	 754	OK
2080	     0	77.7	146.1	 750	OK
2081	     0	79.7	149.9	 737	OK
2082	     0	79.3	147.4	 752	OK
2083	     0	80.7	150.9	 754	OK
2084	     0	78.9	147.9	 737	OK
2085	     0	78.8	146.3	 741	OK
2086	     0	78.7	146.9	 752	OK
2087	     0	80.6	147.7	 736	OK
2088	     0	79.1	145.4	 764	OK
2089	     0	77.4	145.1	 753	OK
2090	     0	77.1	145.4	 755	OK
2091	     0	79.9	149.3	 763	OK
2092	     0	78.6	146.1	 743	OK
2093	     0	78.5	148.1	 768	OK
2094	     0	79.3	149.7	 745	OK
2095	     0	79.0	148.0	 740	OK
2096	     0	79.9	148.9	 735	OK
2097	     0	80.5	150.8	 737	OK
2098	     0	80.1	149.2	 746	OK
2099	     0	79.2	147.7	 759	OK
2100	     0	78.3	145.0	 752	OK
2101	     0	80.0	150.5	 745	OK
2102	     0	78.4	147.8	 760	OK
2103	     0	82.1	153.1	 769	OK
2104	     0	77.1	144.5	 772	OK
2105	     0	76.5	142.5	 777	OK
2106	     0	78.5	149.0	 758	OK
2107	     0	80.2	151.4	 750	OK
2108	     0	80.4	149.5	 757	OK
2109	     0	79.0	145.9	 756	OK
2110	     0	79.9	149.0	 735	OK
2111	     0	81.6	153.1	 762	OK
2112	     0	81.1	149.6	 767	OK
2113	     0	78.1	147.0	 776	OK
2114	     0	78.3	146.6	 765	OK
2115	     0	78.3	145.3	 766	OK
2116	     0	77.6	145.4	 782	OK
2117	     0	77.7	145.2	 760	OK
2118	     0	81.8	151.7	 762	OK
2119	     0	78.9	148.2	 754	OK
2120	     0	80.2	148.5	 752	OK
2121	     0	78.5	146.0	 763	OK
2122	     0	79.9	148.7	 774	OK
2123	     0	79.0	148.5	 750	OK
2124	     0	81.1	152.0	 766	OK
2125	     0	77.8	146.0	 753	OK
2126	     0	79.8	148.3	 766	OK
2127	     0	80.8	151.4	 762	OK
2128	     0	81.1	149.8	 756	OK
2129	     0	80.0	149.7	 752	OK
2130	     0	81.9	151.4	 756	OK
2131	     0	80.2	150.9	 753	OK
2132	     0	79.1	146.8	 777	OK
2133	     0	79.2	148.7	 759	OK
2134	     0	78.6	145.7	 773	OK
2135	     0	80.1	148.5	 790	OK
2136	     0	79.4	149.6	 752	OK
2137	     0	79.3	147.2	 784	OK
2138	     0	81.3	152.4	 738	OK
2139	     0	79.3	147.4	 769	OK
2140	     0	81.2	152.0	 749	OK
2141	     0	79.5	149.6	 738	OK
2142	     0	81.3	151.6	 766	OK
2143	   200	85.5	158.2	 746	high gain
2144	     0	79.4	150.8	 740	OK
2145	     0	81.9	154.2	 768	OK
2146	     0	77.4	143.4	 767	OK
2147	     0	78.2	146.7	 764	OK
2148	     0	80.9	151.5	 760	OK
2149	     0	75.6	141.6	 757	OK
2150	     0	80.6	150.4	 759	OK
2151	     0	79.5	148.7	 770	OK
2152	     0	79.2	146.7	 759	OK
2153	     0	80.1	150.9	 730	OK
2154	     0	79.6	148.2	 754	OK
2155	     0	79.7	146.8	 765	OK
2156	     0	78.6	147.3	 765	OK
2157	     0	80.9	149.1	 746	OK
2158	     0	79.0	148.1	 748	OK
2159	     0	79.4	147.7	 750	OK
2160	     0	81.7	150.3	 755	OK
2161	     0	78.0	146.2	 758	OK
2162	     0	78.9	147.3	 756	OK
2163	     0	80.5	151.1	 745	OK
2164	     0	80.6	150.7	 745	OK
2165	     0	81.7	150.5	 757	OK
2166	     0	80.4	150.6	 746	OK
2167	     0	77.2	143.9	 738	OK
2168	   200	85.0	156.2	 749	high gain
2169	     0	80.6	149.4	 736	OK
2170	     0	80.0	150.0	 761	OK
2171	     0	82.2	153.6	 763	OK
2172	     0	81.7	153.9	 761	OK
2173	     0	80.2	149.5	 750	OK
2174	     0	80.5	151.1	 751	OK
2175	     0	79.6	149.4	 772	OK
2176	     0	83.5	159.4	 758	OK
2177	     0	82.6	155.9	 737	OK
2178	     0	83.4	157.4	 754	OK
2179	     0	83.5	156.3	 757	OK
2180	     0	85.0	161.7	 739	OK
2181	     0	81.8	154.0	 732	OK
2182	     0	82.8	156.3	 746	OK
2183	     0	82.2	157.3	 727	OK
2184	     0	82.7	157.7	 717	OK
2185	     0	80.4	151.1	 753	OK
2186	     0	83.3	158.7	 743	OK
2187	     0	85.0	160.9	 758	OK
2188	     0	83.9	158.2	 742	OK
2189	     0	80.6	151.4	 742	OK
2190	     0	81.8	153.3	 741	OK
2191	     0	83.2	155.4	 719	OK
2192	     0	83.7	159.0	 753	OK
2193	     0	82.8	156.4	 727	OK
2194	     0	80.5	151.9	 739	OK
2195	     0	83.5	155.8	 756	OK
2196	     0	82.1	152.4	 749	OK
2197	     0	83.8	159.8	 727	OK
2198	     0	80.0	150.6	 743	OK
2199	     0	81.3	150.9	 736	OK
2200	     0	81.3	153.1	 737	OK
2201	     0	84.7	159.2	 734	OK
2202	     0	81.3	155.5	 742	OK
2203	     0	79.0	149.7	 739	OK
2204	     0	82.5	154.8	 732	OK
2205	     0	82.4	155.0	 743	OK
2206	     0	79.5	151.3	 738	OK
2207	     0	79.2	150.4	 765	OK
2208	     0	80.6	150.4	 764	OK
2209	     0	81.0	153.1	 717	OK
2210	     0	80.7	152.1	 757	OK
2211	     0	84.5	159.8	 724	OK
2212	     0	83.1	155.9	 727	OK
2213	     0	81.5	152.4	 734	OK
2214	     0	84.2	158.9	 767	OK
2215	     0	82.2	153.6	 740	OK
2216	     0	80.1	152.6	 768	OK
2217	     0	83.2	156.7	 748	OK
2218	     0	84.4	158.8	 754	OK
2219	     0	82.2	154.2	 726	OK
2220	     0	80.0	151.9	 738	OK
2221	     0	81.6	157.1	 739	OK
2222	     0	80.3	149.0	 734	OK
2223	     0	81.7	154.9	 742	OK
2224	     0	80.7	152.5	 741	OK
2225	     0	80.9	153.0	 743	OK
2226	     0	84.8	161.3	 737	OK
2227	     0	84.3	161.0	 747	OK
2228	     0	82.0	154.9	 748	OK
2229	     0	83.7	156.3	 750	OK
2230	     0	83.8	159.3	 753	OK
2231	     0	83.7	157.5	 743	OK
2232	     0	81.2	155.7	 754	OK
2233	     0	81.6	155.2	 757	OK
2234	     0	83.3	157.8	 738	OK
2235	     0	81.7	153.7	 735	OK
2236	     0	83.8	158.7	 765	OK
2237	     0	79.6	151.5	 745	OK
2238	     0	79.8	151.9	 755	OK
2239	     0	83.6	158.1	 746	OK
2240	     0	84.1	158.0	 743	OK
2241	     0	81.7	156.5	 745	OK
2242	     0	86.4	160.9	 761	OK
2243	     0	85.5	163.2	 751	OK
2244	     0	80.9	153.8	 751	OK
2245	     0	81.7	153.6	 701	OK
2246	     0	83.2	156.0	 738	OK
2247	     0	84.8	162.5	 749	OK
2248	     0	84.0	157.3	 745	OK
2249	     0	84.0	158.6	 728	OK
2250	     0	86.1	164.9	 728	OK
2251	     0	84.5	159.7	 735	OK
2252	     0	83.1	157.4	 749	OK
2253	     0	84.0	156.1	 765	OK
2254	     0	82.6	157.7	 758	OK
2255	     0	84.7	157.8	 723	OK
2256	     0	83.4	158.2	 719	OK
2257	     0	82.7	157.3	 731	OK
2258	     0	81.9	153.5	 734	OK
2259	     0	80.7	151.1	 747	OK
2260	     0	82.5	155.4	 735	OK
2261	     0	82.9	157.1	 728	OK
2262	     0	80.4	150.5	 721	OK
2263	     0	83.3	158.9	 742	OK
2264	     0	81.1	153.1	 742	OK
2265	     0	83.1	157.7	 723	OK
2266	     0	82.2	153.8	 746	OK
2267	     0	85.0	158.9	 727	OK
2268	     0	81.8	154.7	 721	OK
2269	     0	81.9	153.6	 735	OK
2270	     0	82.2	156.7	 759	OK
2271	     0	81.2	155.2	 723	OK
2272	     0	85.9	159.0	 759	OK
2273	     0	85.9	161.5	 739	OK
2274	     0	82.3	156.0	 730	OK
2275	     0	83.1	159.5	 738	OK
2276	     0	82.4	156.2	 744	OK
2277	     0	84.1	155.3	 738	OK
2278	     0	83.9	159.0	 734	OK
2279	     0	82.9	155.7	 723	OK
2280	     0	83.3	157.7	 727	OK
2281	     0	80.5	151.4	 731	OK
2282	     0	84.5	158.0	 735	OK
2283	     0	82.2	155.7	 745	OK
2284	     0	84.5	160.2	 725	OK
2285	     0	83.0	153.9	 727	OK
2286	     0	84.1	156.2	 738	OK
2287	     0	82.1	155.5	 736	OK
2288	     0	84.6	157.8	 728	OK
2289	   200	89.5	165.7	 727	high gain
2290	     0	84.4	159.0	 728	OK
2291	     0	84.0	156.9	 734	OK
2292	     0	84.5	158.5	 735	OK
2293	     0	84.0	159.0	 732	OK
2294	     0	83.9	159.7	 730	OK
2295	     0	83.1	156.8	 732	OK
2296	     0	87.0	164.8	 738	OK
2297	     0	84.4	157.2	 730	OK
2298	     0	84.5	157.2	 739	OK
2299	     0	84.4	159.2	 726	OK
2300	     0	84.6	156.5	 743	OK
2301	     0	86.7	162.8	 723	OK
2302	     0	85.2	158.7	 743	OK
2303	     0	85.0	159.2	 733	OK
2304	     0	81.9	151.9	 764	OK
2305	     0	80.4	150.7	 767	OK
2306	     0	79.9	149.1	 798	OK
2307	     0	76.4	144.1	 780	OK
2308	     0	81.6	152.1	 795	OK
2309	     0	77.4	144.7	 796	OK
2310	     0	77.6	143.1	 788	OK
2311	     0	78.4	145.1	 759	OK
2312	     0	78.4	145.8	 782	OK
2313	     0	80.2	150.3	 753	OK
2314	     0	80.2	145.7	 785	OK
2315	     0	77.8	142.1	 772	OK
2316	     0	79.2	148.7	 766	OK
2317	     0	80.2	149.5	 765	OK
2318	     0	81.3	150.1	 767	OK
2319	     0	77.9	143.9	 789	OK
2320	     0	77.5	144.0	 772	OK
2321	     0	79.8	149.3	 772	OK
2322	     0	76.6	143.4	 777	OK
2323	     0	79.4	147.3	 779	OK
2324	     0	79.6	147.4	 771	OK
2325	     0	82.1	153.6	 788	OK
2326	     0	78.9	146.2	 782	OK
2327	     0	82.4	153.9	 770	OK
2328	     0	80.0	148.4	 790	OK
2329	     0	77.9	145.8	 758	OK
2330	     0	77.1	143.1	 812	OK
2331	     0	80.1	150.6	 776	OK
2332	     0	81.9	150.1	 778	OK
2333	     0	78.8	145.2	 785	OK
2334	     0	77.5	147.4	 786	OK
2335	     0	78.9	148.1	 763	OK
2336	     0	81.9	150.5	 788	OK
2337	     0	80.8	148.6	 796	OK
2338	     0	79.6	146.7	 775	OK
2339	     0	81.1	151.3	 761	OK
2340	     0	79.6	147.7	 791	OK
2341	     0	78.4	147.9	 776	OK
2342	     0	79.0	146.6	 784	OK
2343	     0	81.3	153.6	 789	OK
2344	     0	77.7	146.4	 777	OK
2345	     0	81.1	148.9	 793	OK
2346	     0	78.8	145.7	 788	OK
2347	     0	80.9	150.3	 794	OK
2348	     0	79.8	150.3	 774	OK
2349	     0	79.4	146.5	 802	OK
2350	     0	79.7	147.7	 781	OK
2351	     0	79.7	147.2	 786	OK
2352	     0	79.4	146.9	 786	OK
2353	     0	78.7	148.5	 771	OK
2354	     0	82.1	153.3	 787	OK
2355	     0	78.2	146.2	 821	OK
2356	     0	79.6	150.8	 799	OK
2357	     0	81.6	151.0	 790	OK
2358	     0	79.3	145.7	 787	OK
2359	     0	78.4	148.3	 811	OK
2360	     0	81.7	153.2	 785	OK
2361	     0	79.2	148.1	 793	OK
2362	     0	82.8	154.0	 801	OK
2363	     0	80.5	150.3	 769	OK
2364	     0	81.0	152.4	 795	OK
2365	     0	79.5	147.1	 811	OK
2366	     0	78.7	145.3	 792	OK
2367	     0	80.1	149.4	 787	OK
2368	     0	78.9	147.5	 797	OK
2369	     0	80.4	150.8	 799	OK
2370	     0	78.2	144.5	 804	OK
2371	     0	78.8	147.6	 775	OK
2372	     0	80.0	149.7	 786	OK
2373	     0	78.8	149.3	 785	OK
2374	     0	79.4	149.1	 808	OK
2375	     0	78.2	144.7	 784	OK
2376	     0	82.2	152.3	 788	OK
2377	     0	79.3	148.7	 810	OK
2378	     0	80.4	146.5	 789	OK
2379	     0	79.8	148.2	 795	OK
2380	     0	79.0	147.7	 798	OK
2381	     0	79.5	148.8	 778	OK
2382	     0	78.0	144.1	 795	OK
2383	     0	79.7	147.5	 797	OK
2384	     0	78.8	146.1	 781	OK
2385	     0	77.6	143.4	 790	OK
2386	     0	77.9	147.0	 793	OK
2387	     0	77.5	145.0	 786	OK
2388	     0	78.5	146.3	 788	OK
2389	     0	80.6	150.5	 792	OK
2390	     0	79.8	146.8	 792	OK
2391	     0	77.7	145.7	 798	OK
2392	     0	77.8	145.8	 810	OK
2393	     0	76.7	144.5	 775	OK
2394	     0	77.3	146.4	 787	OK
2395	     0	79.9	148.0	 786	OK
2396	     0	79.1	145.9	 783	OK
2397	     0	78.5	144.6	 785	OK
2398	     0	79.6	146.5	 800	OK
2399	     0	79.5	150.2	 771	OK
2400	     0	81.4	152.8	 793	OK
2401	     0	82.5	154.0	 793	OK
2402	     0	81.8	149.9	 783	OK
2403	     0	80.2	148.4	 771	OK
2404	     0	78.0	143.8	 800	OK
2405	     0	77.4	146.0	 792	OK
2406	     0	81.6	150.4	 788	OK
2407	     0	79.1	147.4	 780	OK
2408	     0	79.8	147.4	 783	OK
2409	     0	80.0	147.5	 781	OK
2410	     0	77.9	144.8	 787	OK
2411	     0	79.1	147.5	 778	OK
2412	     0	80.8	148.7	 769	OK
2413	     0	81.5	153.0	 793	OK
2414	     0	80.1	149.4	 789	OK
2415	     0	77.9	144.3	 780	OK
2416	     0	78.8	146.7	 775	OK
2417	     0	80.2	151.3	 777	OK
2418	     0	79.5	147.0	 791	OK
2419	     0	81.4	149.2	 797	OK
2420	     0	78.8	144.9	 786	OK
2421	     0	81.6	153.1	 778	OK
2422	     0	80.0	149.5	 787	OK
2423	     0	77.2	141.9	 796	OK
2424	     0	77.0	142.0	 764	OK
2425	     0	79.1	145.3	 779	OK
2426	     0	79.4	149.0	 764	OK
2427	     0	82.0	153.7	 761	OK
2428	     0	80.5	148.7	 799	OK
2429	     0	79.6	147.3	 782	OK
2430	     0	82.5	151.4	 768	OK
2431	     0	83.0	153.4	 796	OK
2432	     0	85.6	158.4	 773	OK
2433	     0	85.1	159.4	 757	OK
2434	     0	83.2	154.7	 772	OK
2435	     0	82.8	155.6	 789	OK
2436	     0	81.2	151.2	 763	OK
2437	     0	84.1	160.3	 752	OK
2438	     0	85.2	159.8	 772	OK
2439	     0	84.3	158.0	 775	OK
2440	     0	85.0	160.8	 762	OK
2441	     0	81.7	152.5	 772	OK
2442	     0	82.6	154.6	 768	OK
2443	     0	85.9	159.3	 782	OK
2444	     0	80.0	152.6	 767	OK
2445	     0	82.8	156.3	 744	OK
2446	     0	85.4	157.3	 772	OK
2447	     0	83.6	154.3	 755	OK
2448	     0	80.7	151.2	 753	OK
2449	     0	83.2	156.3	 763	OK
2450	     0	85.7	159.1	 783	OK
2451	     0	82.3	156.4	 764	OK
2452	     0	85.0	158.1	 755	OK
2453	     0	84.6	158.3	 761	OK
2454	     0	84.0	157.1	 750	OK
2455	     0	83.2	158.4	 752	OK
2456	     0	82.0	153.7	 748	OK
2457	     0	82.5	154.7	 769	OK
2458	     0	81.9	154.9	 759	OK
2459	     0	82.9	153.8	 764	OK
2460	     0	83.4	154.7	 769	OK
2461	     0	83.1	156.1	 761	OK
2462	     0	84.0	154.6	 755	OK
2463	     0	82.9	156.4	 766	OK
2464	     0	83.2	157.0	 756	OK
2465	     0	84.0	155.4	 742	OK
2466	     0	83.5	154.9	 756	OK
2467	     0	83.8	155.7	 753	OK
2468	     0	82.9	155.4	 779	OK
2469	     0	84.5	157.5	 772	OK
2470	     0	84.5	156.9	 762	OK
2471	     0	84.4	157.2	 755	OK
2472	     0	82.6	156.1	 773	OK
2473	     0	81.0	151.5	 767	OK
2474	     0	83.5	156.9	 782	OK
2475	     0	82.9	157.3	 782	OK
2476	     0	85.0	157.1	 761	OK
2477	     0	85.2	156.3	 768	OK
2478	     0	83.8	158.0	 774	OK
2479	     0	81.9	157.7	 774	OK
2480	     0	82.0	154.1	 768	OK
2481	     0	83.1	156.2	 763	OK
2482	     0	79.7	151.1	 771	OK
2483	     0	83.5	155.2	 742	OK
2484	     0	83.2	154.9	 768	OK
2485	     0	83.9	157.7	 766	OK
2486	     0	84.3	156.6	 767	OK
2487	     0	85.0	159.7	 788	OK
2488	     0	82.9	155.1	 759	OK
2489	     0	84.9	158.6	 763	OK
2490	     0	83.7	156.5	 765	OK
2491	     0	84.8	157.3	 746	OK
2492	     0	84.3	161.8	 758	OK
2493	     0	83.7	155.3	 759	OK
2494	     0	86.5	161.3	 763	OK
2495	     0	85.8	162.0	 765	OK
2496	     0	85.3	161.4	 752	OK
2497	     0	83.4	157.3	 767	OK
2498	     0	84.2	155.3	 742	OK
2499	     0	82.1	151.3	 762	OK
2500	     0	82.4	152.9	 765	OK
2501	     0	85.1	159.8	 767	OK
2502	     0	83.0	155.9	 763	OK
2503	     0	83.4	156.9	 760	OK
2504	     0	85.2	159.9	 754	OK
2505	     0	85.6	160.0	 763	OK
2506	     0	84.1	157.5	 780	OK
2507	     0	83.9	155.4	 748	OK
2508	     0	86.3	162.1	 766	OK
2509	     0	83.5	156.0	 771	OK
2510	     0	85.3	160.1	 758	OK
2511	     0	83.3	155.4	 769	OK
2512	     0	85.8	157.9	 765	OK
2513	     0	83.5	156.0	 752	OK
2514	     0	82.8	156.2	 766	OK
2515	     0	84.0	156.7	 751	OK
2516	     0	84.1	157.8	 759	OK
2517	     0	83.3	156.6	 749	OK
2518	     0	84.4	158.1	 764	OK
2519	     0	83.8	155.1	 756	OK
2520	     0	83.4	155.1	 743	OK
2521	     0	82.7	154.0	 751	OK
2522	     0	81.4	151.9	 750	OK
2523	     0	82.6	158.3	 745	OK
2524	     0	81.4	152.2	 752	OK
2525	     0	84.2	156.8	 752	OK
2526	     0	82.7	157.1	 749	OK
2527	     0	81.1	153.0	 743	OK
2528	     0	84.2	156.5	 749	OK
2529	     0	84.3	157.0	 764	OK
2530	     0	84.8	157.5	 751	OK
2531	     0	83.5	156.5	 735	OK
2532	     0	85.8	162.2	 750	OK
2533	     0	83.3	157.6	 767	OK
2534	     0	83.3	156.7	 754	OK
2535	     0	82.8	154.6	 751	OK
2536	     0	80.8	152.0	 749	OK
2537	     0	85.2	159.3	 757	OK
2538	     0	82.3	157.0	 757	OK
2539	     0	85.6	161.5	 745	OK
2540	     0	83.6	156.6	 767	OK
2541	     0	84.1	156.5	 748	OK
2542	     0	84.3	159.0	 762	OK
2543	     0	84.4	158.6	 753	OK
2544	     0	82.0	155.2	 733	OK
2545	     0	83.3	157.3	 755	OK
2546	     0	84.6	157.5	 736	OK
2547	     0	87.0	159.4	 732	OK
2548	     0	85.6	159.4	 758	OK
2549	     0	85.0	160.5	 744	OK
2550	     0	84.0	155.6	 749	OK
2551	     0	85.2	159.4	 748	OK
2552	     0	83.8	159.6	 731	OK
2553	     0	84.7	159.7	 752	OK
2554	     0	83.7	155.9	 744	OK
2555	     0	81.6	152.8	 729	OK
2556	     0	85.7	159.4	 750	OK
2557	     0	85.8	159.7	 753	OK
2558	     0	87.3	162.3	 743	OK
2559	   200	90.5	166.1	 748	high gain
