#chan	code	gain	vt50	innse	comment
   0	   200	81.7	107.9	 873	high gain
   1	     0	75.2	106.0	 852	OK
   2	     0	73.6	103.4	 854	OK
   3	     0	78.2	111.2	 843	OK
   4	     0	77.0	107.4	 843	OK
   5	     0	76.7	107.6	 865	OK
   6	     0	75.0	106.7	 881	OK
   7	     0	74.2	105.1	 872	OK
   8	     0	78.1	110.3	 880	OK
   9	     0	73.6	105.0	 871	OK
  10	     0	73.4	105.5	 892	OK
  11	     0	76.6	108.4	 858	OK
  12	     0	76.6	105.3	 876	OK
  13	     0	75.9	106.5	 898	OK
  14	     0	72.9	102.8	 911	OK
  15	     0	75.0	104.4	 929	OK
  16	     0	74.1	102.6	 923	OK
  17	     0	73.1	103.1	 920	OK
  18	     0	75.0	108.8	 934	OK
  19	     0	74.8	102.8	 930	OK
  20	     0	75.3	107.2	 946	OK
  21	     0	76.2	106.6	 952	OK
  22	     0	75.8	108.3	 944	OK
  23	     0	74.7	105.4	 956	OK
  24	     0	76.3	107.2	 956	OK
  25	     0	76.7	107.8	 957	OK
  26	     0	77.0	107.2	 945	OK
  27	     0	75.5	105.3	 958	OK
  28	     0	72.2	103.4	 942	OK
  29	     0	72.8	103.7	 942	OK
  30	     0	73.0	104.1	 964	OK
  31	     0	74.0	105.5	 952	OK
  32	     0	73.2	104.1	 949	OK
  33	     0	74.5	102.8	 948	OK
  34	     0	75.9	106.6	 940	OK
  35	     0	75.0	105.7	 972	OK
  36	     0	74.1	105.6	 957	OK
  37	     0	73.3	103.5	 968	OK
  38	     0	72.6	103.3	 976	OK
  39	     0	76.9	107.5	 948	OK
  40	     0	78.4	107.5	 967	OK
  41	     0	74.6	104.5	 974	OK
  42	     0	74.6	103.3	 995	OK
  43	     0	73.4	105.1	 989	OK
  44	     0	73.2	104.7	 940	OK
  45	     0	75.9	105.8	 974	OK
  46	     0	74.8	104.8	 982	OK
  47	     0	74.8	106.9	 975	OK
  48	     0	73.9	104.0	 952	OK
  49	     0	72.8	103.4	 969	OK
  50	     0	75.4	106.2	 973	OK
  51	     0	75.3	105.5	 964	OK
  52	     0	72.8	103.3	 984	OK
  53	     0	77.0	108.9	 980	OK
  54	     0	75.4	104.9	 972	OK
  55	     0	77.0	106.1	 978	OK
  56	     0	72.6	102.4	 985	OK
  57	     0	76.6	108.1	 962	OK
  58	     0	72.2	102.1	 983	OK
  59	     0	72.1	101.0	 977	OK
  60	     0	75.5	104.7	 985	OK
  61	     0	74.6	102.9	 980	OK
  62	     0	74.1	105.0	1000	OK
  63	     0	73.9	104.9	 957	OK
  64	     0	77.0	109.1	 964	OK
  65	     0	74.3	106.4	 971	OK
  66	     0	77.4	108.6	 996	OK
  67	     0	74.5	104.6	 973	OK
  68	     0	74.3	103.3	 971	OK
  69	     0	72.4	103.8	 980	OK
  70	     0	75.2	105.8	 994	OK
  71	     0	72.6	103.9	 992	OK
  72	     0	73.1	102.2	 992	OK
  73	     0	72.8	102.5	 952	OK
  74	     0	75.9	104.8	 983	OK
  75	     0	73.7	106.3	 975	OK
  76	     0	72.7	103.9	 981	OK
  77	     0	73.4	104.0	 966	OK
  78	     0	74.3	104.2	 992	OK
  79	     0	74.2	104.4	 985	OK
  80	     0	74.3	104.3	 972	OK
  81	     0	72.9	102.7	 972	OK
  82	     0	70.1	98.7	 980	OK
  83	     0	74.6	103.9	 954	OK
  84	     0	71.0	100.6	 983	OK
  85	     0	72.8	103.3	 958	OK
  86	     0	73.4	103.9	 974	OK
  87	     0	74.2	103.9	1000	OK
  88	     0	75.7	105.1	 958	OK
  89	     0	72.6	103.2	 996	OK
  90	     0	71.5	101.1	 983	OK
  91	     0	74.6	103.3	 970	OK
  92	     0	73.1	102.9	 988	OK
  93	     0	74.1	104.3	 970	OK
  94	     0	72.9	104.5	 981	OK
  95	     0	73.9	103.1	 968	OK
  96	     0	73.0	102.1	 981	OK
  97	     0	71.1	101.8	 972	OK
  98	     0	72.0	102.4	 995	OK
  99	     0	73.4	99.8	 978	OK
 100	     0	72.6	103.6	1004	OK
 101	     0	74.5	105.6	 970	OK
 102	     0	76.4	105.7	 973	OK
 103	     0	74.6	102.9	 974	OK
 104	     0	76.9	105.3	 947	OK
 105	     0	76.1	107.5	 964	OK
 106	     0	76.7	104.8	 980	OK
 107	     0	75.0	105.7	 974	OK
 108	     0	75.1	104.0	 971	OK
 109	     0	74.3	103.3	 985	OK
 110	     0	75.1	105.7	1003	OK
 111	     0	70.1	102.0	 972	OK
 112	     0	72.7	104.8	 992	OK
 113	     0	71.8	102.9	 968	OK
 114	     0	73.7	104.1	 965	OK
 115	     0	71.6	103.1	 993	OK
 116	     0	74.0	103.8	 982	OK
 117	     0	74.8	103.2	 979	OK
 118	     0	72.9	103.3	 979	OK
 119	     0	74.2	103.7	 973	OK
 120	     0	74.8	103.9	 982	OK
 121	     0	74.4	105.2	 965	OK
 122	     0	74.3	104.8	 988	OK
 123	     0	75.6	105.8	 975	OK
 124	     0	74.8	104.9	 991	OK
 125	     0	72.7	103.2	 980	OK
 126	     0	71.9	102.8	 995	OK
 127	     0	72.6	103.5	 989	OK
 128	     0	74.2	104.1	 995	OK
 129	     0	74.6	104.9	1005	OK
 130	     0	73.5	101.6	 995	OK
 131	     0	72.5	100.8	 967	OK
 132	     0	73.1	102.3	 997	OK
 133	     0	73.8	103.1	1004	OK
 134	     0	72.5	101.3	1014	OK
 135	     0	72.7	103.8	 991	OK
 136	     0	74.0	102.7	 979	OK
 137	     0	74.6	103.8	 990	OK
 138	     0	75.9	105.0	 998	OK
 139	     0	73.6	104.3	 994	OK
 140	     0	71.4	100.5	 977	OK
 141	     0	74.0	103.3	 996	OK
 142	     0	73.2	102.7	 965	OK
 143	     0	73.5	102.6	 993	OK
 144	     0	76.2	104.3	 967	OK
 145	     0	73.1	104.2	 991	OK
 146	     0	71.3	102.6	 972	OK
 147	     0	72.6	101.8	 989	OK
 148	     0	75.1	107.0	 999	OK
 149	     0	72.3	104.8	 985	OK
 150	     0	71.8	100.4	 981	OK
 151	     0	76.7	106.3	 960	OK
 152	     0	72.7	103.9	 967	OK
 153	     0	74.4	106.0	 953	OK
 154	     0	72.1	100.4	 992	OK
 155	     0	71.8	102.3	 976	OK
 156	     0	72.1	102.9	 972	OK
 157	     0	73.8	102.6	 975	OK
 158	     0	72.6	102.1	 982	OK
 159	     0	74.4	106.1	 998	OK
 160	     0	72.2	102.2	 961	OK
 161	     0	71.0	99.6	 991	OK
 162	     0	71.2	101.8	 987	OK
 163	     0	72.6	106.8	 988	OK
 164	     0	72.2	101.0	 972	OK
 165	     0	70.3	101.8	 972	OK
 166	     0	74.0	102.9	 955	OK
 167	     0	71.5	102.0	 985	OK
 168	     0	75.7	107.3	 973	OK
 169	     0	76.0	104.8	 959	OK
 170	     0	76.3	108.1	 952	OK
 171	     0	73.5	103.4	 941	OK
 172	     0	72.8	105.5	 956	OK
 173	     0	75.4	104.8	 953	OK
 174	     0	72.8	100.9	 937	OK
 175	     0	73.2	101.0	 938	OK
 176	     0	74.0	103.2	 949	OK
 177	     0	74.3	103.2	 971	OK
 178	     0	71.8	100.3	 933	OK
 179	     0	71.3	103.2	 956	OK
 180	     0	76.2	105.5	 969	OK
 181	     0	74.5	105.4	 943	OK
 182	     0	76.5	107.6	 969	OK
 183	     0	74.7	105.8	 954	OK
 184	     0	74.5	105.2	 963	OK
 185	     0	72.6	103.2	 937	OK
 186	     0	73.4	102.4	 947	OK
 187	     0	77.0	107.5	 955	OK
 188	     0	74.1	103.6	 941	OK
 189	     0	72.5	103.1	 939	OK
 190	     0	76.2	105.9	 961	OK
 191	     0	74.3	104.9	 957	OK
 192	     0	74.4	102.7	 943	OK
 193	     0	75.4	105.1	 957	OK
 194	     0	73.0	106.8	 959	OK
 195	     0	73.6	104.1	 967	OK
 196	     0	72.3	103.3	 967	OK
 197	     0	72.2	102.4	 952	OK
 198	     0	74.5	104.5	 954	OK
 199	     0	76.0	105.9	 967	OK
 200	     0	75.5	104.3	 939	OK
 201	     0	73.3	103.6	 961	OK
 202	     0	75.2	106.0	 937	OK
 203	     0	73.1	104.9	 956	OK
 204	     0	76.0	104.9	 945	OK
 205	     0	73.7	106.4	 939	OK
 206	     0	71.2	101.8	 953	OK
 207	     0	73.3	101.6	 948	OK
 208	     0	73.2	102.8	 976	OK
 209	     0	73.7	104.9	 977	OK
 210	     0	72.4	103.8	 954	OK
 211	     0	75.4	106.1	 951	OK
 212	     0	75.0	103.8	 934	OK
 213	     0	71.4	102.6	 921	OK
 214	     0	71.7	99.3	 929	OK
 215	     0	72.6	103.7	 934	OK
 216	     0	72.2	100.0	 946	OK
 217	     0	72.2	104.1	 953	OK
 218	     0	75.2	105.7	 953	OK
 219	     0	75.3	104.8	 939	OK
 220	     0	74.4	103.3	 942	OK
 221	     0	73.6	102.8	 964	OK
 222	     0	74.4	105.4	 946	OK
 223	     0	72.7	102.5	 925	OK
 224	     0	73.1	101.7	 944	OK
 225	     0	72.2	101.7	 948	OK
 226	     0	71.9	101.6	 939	OK
 227	     0	73.2	104.2	 960	OK
 228	     0	72.4	102.1	 937	OK
 229	     0	74.2	105.5	 960	OK
 230	     0	75.0	106.5	 952	OK
 231	     0	73.5	102.8	 949	OK
 232	     0	74.0	102.7	 954	OK
 233	     0	75.9	106.5	 952	OK
 234	     0	74.0	102.7	 951	OK
 235	     0	74.6	104.3	 967	OK
 236	     0	72.7	102.8	 967	OK
 237	     0	71.7	101.3	 967	OK
 238	     0	72.7	105.0	 962	OK
 239	     0	75.2	104.2	 967	OK
 240	     0	74.2	104.8	 964	OK
 241	     0	74.3	105.1	 957	OK
 242	     0	74.2	105.3	 948	OK
 243	     0	74.6	105.2	 962	OK
 244	     0	73.3	104.3	 944	OK
 245	     0	71.8	101.6	 954	OK
 246	     0	73.3	102.7	 938	OK
 247	     0	72.5	103.1	 970	OK
 248	     0	72.5	102.9	 961	OK
 249	     0	78.0	107.5	 978	OK
 250	     0	76.5	107.4	 974	OK
 251	     0	73.4	102.5	 962	OK
 252	     0	76.9	106.2	 950	OK
 253	     0	76.0	108.2	 974	OK
 254	     0	74.7	104.2	 981	OK
 255	     0	74.1	104.8	 951	OK
 256	     0	72.6	103.2	 984	OK
 257	     0	73.2	100.8	 988	OK
 258	     0	74.2	105.0	 992	OK
 259	     0	72.0	101.5	 981	OK
 260	     0	71.5	103.2	 982	OK
 261	     0	73.6	103.3	 987	OK
 262	     0	73.1	103.8	 990	OK
 263	     0	72.8	101.3	 989	OK
 264	     0	74.1	104.2	1008	OK
 265	     0	73.7	103.0	 962	OK
 266	     0	74.2	105.6	1010	OK
 267	     0	70.7	102.9	 981	OK
 268	     0	71.9	101.6	 987	OK
 269	     0	71.7	104.5	 990	OK
 270	     0	71.6	103.2	 982	OK
 271	     0	71.5	102.5	1006	OK
 272	     0	70.7	100.9	1004	OK
 273	     0	71.2	103.2	1008	OK
 274	     0	71.2	101.7	 982	OK
 275	     0	71.0	100.3	 983	OK
 276	     0	71.4	101.6	 985	OK
 277	     0	70.7	102.7	 985	OK
 278	     0	71.5	102.0	 982	OK
 279	     0	71.8	102.4	1005	OK
 280	     0	70.3	102.9	 999	OK
 281	     0	70.0	98.3	 992	OK
 282	     0	73.1	102.3	1003	OK
 283	     0	71.3	101.1	 984	OK
 284	     0	73.8	105.1	1004	OK
 285	     0	71.9	101.4	 990	OK
 286	     0	72.0	101.3	1016	OK
 287	     0	71.5	99.9	 983	OK
 288	     0	71.7	102.0	1000	OK
 289	     0	71.3	100.9	 994	OK
 290	     0	72.2	100.9	1006	OK
 291	     0	70.5	99.2	 980	OK
 292	     0	71.4	102.2	 996	OK
 293	     0	70.5	100.6	 993	OK
 294	     0	71.5	101.7	 999	OK
 295	     0	71.4	102.0	1007	OK
 296	     0	69.5	98.2	 990	OK
 297	     0	71.4	101.5	1022	OK
 298	     0	72.4	102.6	 995	OK
 299	     0	68.8	99.2	 974	OK
 300	     0	70.1	100.1	1014	OK
 301	     0	69.8	99.1	1009	OK
 302	     0	72.5	101.9	1000	OK
 303	     0	72.1	101.7	1011	OK
 304	     0	72.7	103.8	1003	OK
 305	     0	70.4	99.2	1022	OK
 306	     0	71.1	100.6	1017	OK
 307	     0	72.3	100.1	1010	OK
 308	     0	70.5	101.4	 998	OK
 309	     0	72.5	101.4	 978	OK
 310	     0	70.3	101.7	1012	OK
 311	     0	72.5	102.7	 992	OK
 312	     0	70.6	100.8	1009	OK
 313	     0	72.2	102.7	 996	OK
 314	     0	70.0	99.1	1005	OK
 315	     0	74.0	104.1	 995	OK
 316	     0	72.6	102.6	1012	OK
 317	     0	69.7	100.4	1015	OK
 318	     0	73.2	102.8	1012	OK
 319	     0	70.9	101.2	1020	OK
 320	     0	72.1	101.7	1001	OK
 321	     0	73.5	103.6	1015	OK
 322	     0	73.4	103.4	1028	OK
 323	     0	69.1	98.9	 984	OK
 324	     0	70.4	99.8	1036	OK
 325	     0	70.3	99.7	 998	OK
 326	     0	70.9	100.6	1011	OK
 327	     0	70.9	101.0	 997	OK
 328	     0	69.6	98.3	1012	OK
 329	     0	72.3	103.0	 996	OK
 330	     0	70.1	100.3	1004	OK
 331	     0	68.3	99.6	1020	OK
 332	     0	70.1	102.0	 984	OK
 333	     0	69.8	99.0	1026	OK
 334	     0	67.9	98.7	1005	OK
 335	     0	67.8	99.9	1007	OK
 336	     0	70.2	99.9	 976	OK
 337	     0	67.0	97.7	1001	OK
 338	     0	71.1	101.7	1001	OK
 339	     0	69.5	96.9	 980	OK
 340	     0	70.0	99.1	1041	OK
 341	     0	70.2	100.6	1001	OK
 342	     0	71.1	98.5	1007	OK
 343	     0	71.6	102.7	1005	OK
 344	     0	70.3	98.3	 990	OK
 345	     0	70.5	100.8	1012	OK
 346	     0	71.1	101.2	1023	OK
 347	     0	71.7	100.1	1008	OK
 348	     0	69.4	98.4	 994	OK
 349	     0	69.4	97.0	1011	OK
 350	     0	73.7	102.2	1002	OK
 351	     0	72.0	103.6	1000	OK
 352	     0	68.2	98.9	1000	OK
 353	     0	70.0	101.0	 998	OK
 354	     0	70.0	100.3	1015	OK
 355	     0	69.0	98.9	1003	OK
 356	     0	67.8	97.4	1023	OK
 357	     0	68.3	99.0	 987	OK
 358	     0	71.8	101.2	 995	OK
 359	     0	67.9	97.8	1006	OK
 360	     0	70.2	99.5	1002	OK
 361	     0	69.1	98.9	1020	OK
 362	     0	69.4	97.4	1014	OK
 363	     0	68.5	99.3	 995	OK
 364	     0	71.0	99.3	1022	OK
 365	     0	70.1	101.3	 997	OK
 366	     0	66.8	96.2	1004	OK
 367	     0	70.6	100.2	 999	OK
 368	     0	69.5	99.0	1003	OK
 369	     0	70.3	99.2	1014	OK
 370	     0	73.8	103.7	1000	OK
 371	     0	70.2	99.4	 989	OK
 372	     0	70.5	99.8	 991	OK
 373	     0	69.5	98.0	 993	OK
 374	     0	70.1	99.0	 979	OK
 375	     0	71.0	102.4	 984	OK
 376	     0	70.8	100.4	 992	OK
 377	     0	70.7	100.7	 999	OK
 378	     0	72.3	103.2	 972	OK
 379	     0	67.5	95.8	 980	OK
 380	     0	68.0	97.4	 961	OK
 381	     0	72.5	102.5	 967	OK
 382	     0	70.4	101.4	 964	OK
 383	     0	68.8	100.0	 962	OK
 384	     0	73.5	101.6	 919	OK
 385	     0	76.9	108.0	 923	OK
 386	     0	75.8	107.5	 941	OK
 387	     0	75.7	104.4	 909	OK
 388	     0	73.5	105.2	 920	OK
 389	     0	72.9	102.4	 919	OK
 390	     0	73.9	104.9	 940	OK
 391	     0	73.2	103.1	 917	OK
 392	     0	74.4	103.8	 926	OK
 393	     0	72.1	103.3	 919	OK
 394	     0	72.3	101.6	 910	OK
 395	     0	73.6	105.0	 939	OK
 396	     0	71.9	101.3	 926	OK
 397	     0	72.7	102.6	 928	OK
 398	     0	73.2	103.2	 912	OK
 399	     0	70.9	101.4	 927	OK
 400	     0	73.8	105.0	 911	OK
 401	     0	71.8	103.6	 914	OK
 402	     0	74.2	104.4	 901	OK
 403	     0	72.1	104.5	 919	OK
 404	     0	73.6	104.8	 936	OK
 405	     0	72.8	104.4	 921	OK
 406	     0	71.7	102.5	 933	OK
 407	     0	74.2	104.7	 921	OK
 408	     0	72.9	104.0	 911	OK
 409	     0	74.5	105.8	 914	OK
 410	     0	72.0	102.6	 901	OK
 411	     0	73.5	102.6	 916	OK
 412	     0	73.9	104.0	 916	OK
 413	     0	72.9	105.5	 925	OK
 414	     0	73.9	105.3	 918	OK
 415	     0	74.0	106.8	 907	OK
 416	     0	73.5	105.0	 905	OK
 417	     0	72.3	102.6	 913	OK
 418	     0	73.7	104.9	 927	OK
 419	     0	72.6	103.9	 919	OK
 420	     0	73.5	102.0	 923	OK
 421	     0	75.3	105.2	 912	OK
 422	     0	72.1	103.0	 947	OK
 423	     0	70.4	99.7	 902	OK
 424	     0	73.4	103.1	 907	OK
 425	     0	73.0	104.7	 940	OK
 426	     0	72.0	101.4	 932	OK
 427	     0	71.9	102.1	 929	OK
 428	     0	71.8	102.7	 926	OK
 429	     0	73.6	103.3	 922	OK
 430	     0	73.4	104.8	 934	OK
 431	     0	72.0	104.1	 914	OK
 432	     0	71.9	105.3	 916	OK
 433	     0	73.0	102.5	 900	OK
 434	     0	72.3	103.3	 931	OK
 435	     0	77.7	106.3	 936	OK
 436	     0	73.6	106.0	 919	OK
 437	     0	73.4	102.1	 922	OK
 438	     0	70.3	101.3	 939	OK
 439	     0	75.5	109.9	 931	OK
 440	     0	72.1	103.8	 934	OK
 441	     0	71.8	101.6	 908	OK
 442	     0	73.3	102.2	 938	OK
 443	     0	76.3	106.7	 960	OK
 444	     0	69.4	98.4	 935	OK
 445	     0	72.4	101.6	 960	OK
 446	     0	75.6	106.5	 953	OK
 447	     0	72.9	105.2	 946	OK
 448	     0	74.4	107.1	 942	OK
 449	     0	71.3	103.6	 937	OK
 450	     0	74.0	105.1	 925	OK
 451	     0	71.6	102.8	 967	OK
 452	     0	73.3	104.3	 955	OK
 453	     0	72.5	100.6	 936	OK
 454	     0	74.9	105.6	 949	OK
 455	     0	71.6	103.0	 935	OK
 456	     0	72.9	104.0	 938	OK
 457	     0	72.1	103.2	 933	OK
 458	     0	71.6	102.1	 960	OK
 459	     0	73.7	102.8	 973	OK
 460	     0	71.7	103.3	 974	OK
 461	     0	73.0	105.3	 960	OK
 462	     0	72.3	103.9	 935	OK
 463	     0	71.9	103.4	 945	OK
 464	     0	73.0	104.0	 948	OK
 465	     0	72.6	102.9	 952	OK
 466	     0	71.1	101.4	 961	OK
 467	     0	70.8	103.2	 959	OK
 468	     0	73.1	105.0	 957	OK
 469	     0	70.5	101.9	 940	OK
 470	     0	73.0	104.8	 962	OK
 471	     0	74.4	104.6	 962	OK
 472	     0	76.0	106.6	 966	OK
 473	     0	71.4	103.3	 959	OK
 474	     0	73.6	104.8	 988	OK
 475	     0	71.6	102.4	 968	OK
 476	     0	72.1	102.8	 939	OK
 477	     0	76.2	107.3	 960	OK
 478	     0	71.7	100.5	 956	OK
 479	     0	74.3	105.0	 963	OK
 480	     0	73.4	104.5	 950	OK
 481	     0	72.7	101.9	 961	OK
 482	     0	69.9	101.6	 966	OK
 483	     0	74.1	105.6	 948	OK
 484	     0	71.3	101.4	 930	OK
 485	     0	71.0	100.8	 963	OK
 486	     0	72.2	102.3	 959	OK
 487	     0	76.7	104.9	 950	OK
 488	     0	74.1	103.7	 975	OK
 489	     0	73.3	102.2	 955	OK
 490	     0	74.3	105.8	 941	OK
 491	     0	74.5	102.6	 944	OK
 492	     0	71.0	101.2	 949	OK
 493	     0	73.3	103.8	 943	OK
 494	     0	72.1	103.0	 959	OK
 495	     0	73.5	104.7	 961	OK
 496	     0	72.8	102.6	 953	OK
 497	     0	72.1	103.3	 965	OK
 498	     0	70.7	102.1	 951	OK
 499	     0	73.0	106.7	 967	OK
 500	     0	75.0	104.2	 971	OK
 501	     0	72.8	102.7	 956	OK
 502	     0	72.6	102.7	 946	OK
 503	     0	73.2	103.2	 977	OK
 504	     0	73.5	106.5	 958	OK
 505	     0	76.0	105.7	 961	OK
 506	     0	74.5	104.6	 962	OK
 507	     0	73.9	103.7	 964	OK
 508	     0	70.9	100.4	 950	OK
 509	     0	76.5	105.7	 951	OK
 510	     0	74.7	105.3	 948	OK
 511	     0	72.3	103.4	 952	OK
 512	     0	72.4	104.1	 964	OK
 513	     0	70.4	100.2	 952	OK
 514	     0	71.6	102.4	 940	OK
 515	     0	71.9	99.6	 946	OK
 516	     0	72.8	102.6	 948	OK
 517	     0	70.0	101.2	 936	OK
 518	     0	74.6	106.9	 940	OK
 519	     0	71.4	102.6	 956	OK
 520	     0	69.5	101.8	 935	OK
 521	     0	70.1	99.3	 923	OK
 522	     0	69.7	98.9	 944	OK
 523	     0	70.5	100.8	 940	OK
 524	     0	70.7	100.8	 940	OK
 525	     0	68.8	100.1	 955	OK
 526	     0	71.8	102.6	 960	OK
 527	     0	69.9	100.6	 943	OK
 528	     0	70.7	100.8	 919	OK
 529	     0	71.5	102.7	 930	OK
 530	     0	74.0	103.7	 943	OK
 531	     0	70.5	101.2	 950	OK
 532	     0	71.7	103.5	 942	OK
 533	     0	71.1	101.2	 944	OK
 534	     0	71.9	100.7	 914	OK
 535	     0	71.9	101.2	 952	OK
 536	     0	70.6	100.2	 934	OK
 537	     0	68.7	99.4	 936	OK
 538	     0	71.2	100.6	 928	OK
 539	     0	68.8	99.2	 930	OK
 540	     0	70.6	102.3	 916	OK
 541	     0	68.9	98.7	 932	OK
 542	     0	71.1	101.3	 932	OK
 543	     0	67.9	99.2	 929	OK
 544	     0	71.1	99.9	 929	OK
 545	     0	70.4	102.4	 936	OK
 546	     0	68.3	100.4	 950	OK
 547	     0	72.5	100.8	 938	OK
 548	     0	71.4	103.4	 938	OK
 549	     0	71.7	101.0	 958	OK
 550	     0	69.3	100.4	 921	OK
 551	     0	69.1	100.2	 935	OK
 552	     0	69.6	99.5	 963	OK
 553	     0	73.5	102.8	 938	OK
 554	     0	70.2	102.1	 933	OK
 555	     0	69.7	99.0	 946	OK
 556	     0	71.5	101.1	 925	OK
 557	     0	70.7	101.2	 947	OK
 558	     0	71.8	101.6	 932	OK
 559	     0	72.6	101.0	 956	OK
 560	     0	73.1	101.7	 961	OK
 561	     0	70.1	101.8	 905	OK
 562	     0	71.1	102.4	 940	OK
 563	     0	74.4	103.5	 933	OK
 564	     0	71.4	100.9	 946	OK
 565	     0	69.8	101.3	 946	OK
 566	     0	69.1	98.9	 954	OK
 567	     0	67.5	99.3	 909	OK
 568	     0	71.3	101.2	 946	OK
 569	     0	71.0	100.0	 958	OK
 570	     0	70.7	101.8	 945	OK
 571	     0	70.6	101.0	 951	OK
 572	     0	72.0	102.2	 941	OK
 573	     0	69.5	98.6	 948	OK
 574	     0	70.4	100.5	 952	OK
 575	     0	69.3	100.5	 931	OK
 576	     0	71.7	102.2	 924	OK
 577	     0	73.3	104.0	 928	OK
 578	     0	72.7	103.5	 949	OK
 579	     0	70.5	99.7	 940	OK
 580	     0	70.5	100.3	 951	OK
 581	     0	69.4	99.1	 931	OK
 582	     0	69.4	99.8	 920	OK
 583	     0	71.7	103.7	 928	OK
 584	     0	70.8	101.5	 954	OK
 585	     0	70.4	100.4	 952	OK
 586	     0	70.7	100.8	 950	OK
 587	     0	72.3	102.6	 930	OK
 588	     0	74.5	105.4	 943	OK
 589	     0	70.5	100.5	 949	OK
 590	     0	72.2	101.6	 927	OK
 591	     0	71.6	101.7	 923	OK
 592	     0	73.3	103.6	 931	OK
 593	     0	71.0	100.7	 946	OK
 594	     0	67.4	98.4	 947	OK
 595	     0	71.5	100.8	 920	OK
 596	     0	70.7	99.9	 953	OK
 597	     0	71.7	103.9	 955	OK
 598	     0	71.4	101.6	 947	OK
 599	     0	72.1	101.7	 931	OK
 600	     0	71.2	101.3	 953	OK
 601	     0	70.2	100.2	 960	OK
 602	     0	73.6	103.1	 942	OK
 603	     0	72.5	103.2	 932	OK
 604	     0	73.9	106.4	 945	OK
 605	     0	70.9	100.8	 977	OK
 606	     0	73.7	104.1	 942	OK
 607	     0	73.9	104.6	 945	OK
 608	     0	71.7	99.9	 950	OK
 609	     0	70.4	100.8	 951	OK
 610	     0	68.3	100.8	 955	OK
 611	     0	71.3	101.8	 963	OK
 612	     0	69.8	99.8	 969	OK
 613	     0	72.2	100.3	 949	OK
 614	     0	72.6	101.7	 972	OK
 615	     0	75.6	104.5	 967	OK
 616	     0	70.7	100.1	 952	OK
 617	     0	72.4	104.9	 982	OK
 618	     0	72.6	100.5	 969	OK
 619	     0	70.7	103.6	 949	OK
 620	     0	71.8	104.2	 944	OK
 621	     0	73.6	105.0	 960	OK
 622	     0	72.7	104.0	 962	OK
 623	     0	72.6	103.8	 975	OK
 624	     0	71.1	100.5	 963	OK
 625	     0	73.6	102.4	 964	OK
 626	     0	68.8	101.3	 991	OK
 627	     0	73.1	106.2	 974	OK
 628	     0	73.7	103.9	 973	OK
 629	     0	71.4	101.4	 964	OK
 630	     0	75.3	106.0	 961	OK
 631	     0	74.8	104.6	 958	OK
 632	     0	73.7	104.7	 992	OK
 633	     0	74.0	105.6	 986	OK
 634	     0	76.3	105.3	 977	OK
 635	     0	71.5	102.1	 982	OK
 636	     0	72.1	100.5	 966	OK
 637	     0	72.1	103.1	 970	OK
 638	     0	74.5	104.7	 979	OK
 639	     0	74.2	102.8	 977	OK
 640	     0	76.5	107.9	1017	OK
 641	     0	74.8	108.6	 984	OK
 642	     0	73.7	103.2	 989	OK
 643	     0	72.0	102.3	 993	OK
 644	     0	71.6	103.7	1002	OK
 645	     0	74.7	104.9	 985	OK
 646	     0	71.3	103.6	 997	OK
 647	     0	74.3	107.9	 994	OK
 648	     0	73.4	105.0	1001	OK
 649	     0	74.8	107.8	 996	OK
 650	     0	72.4	104.1	 974	OK
 651	     0	73.8	105.7	 994	OK
 652	     0	72.5	103.1	 977	OK
 653	     0	72.2	106.4	 982	OK
 654	     0	72.3	107.3	1006	OK
 655	     0	71.1	104.6	 979	OK
 656	     0	72.9	104.6	 980	OK
 657	     0	71.4	102.9	 960	OK
 658	     0	73.5	104.1	 972	OK
 659	     0	71.7	102.9	 966	OK
 660	     0	72.8	106.6	 975	OK
 661	     0	71.3	100.2	 950	OK
 662	     0	74.1	106.0	 964	OK
 663	     0	73.0	104.7	 972	OK
 664	     0	74.4	104.9	 975	OK
 665	     0	73.2	102.8	 970	OK
 666	     0	72.4	104.0	 943	OK
 667	     0	73.6	105.7	 965	OK
 668	     0	71.8	103.4	 974	OK
 669	     0	69.6	101.4	 968	OK
 670	     0	71.2	101.7	 970	OK
 671	     0	71.3	104.5	 964	OK
 672	     0	72.3	104.7	 977	OK
 673	     0	70.7	102.2	 977	OK
 674	     0	71.8	103.7	 957	OK
 675	     0	70.3	104.0	 954	OK
 676	     0	70.9	102.2	 963	OK
 677	     0	73.5	105.3	 967	OK
 678	     0	71.8	102.4	 973	OK
 679	     0	71.7	104.0	 961	OK
 680	     0	70.8	101.5	 973	OK
 681	     0	70.5	100.5	 964	OK
 682	     0	69.9	100.7	 972	OK
 683	     0	70.3	100.7	 966	OK
 684	     0	70.8	102.6	 946	OK
 685	     0	69.5	100.4	1009	OK
 686	     0	72.5	105.3	 980	OK
 687	     0	71.6	102.9	 953	OK
 688	     0	71.5	101.9	 959	OK
 689	     0	71.2	102.2	 962	OK
 690	     0	72.0	102.8	 989	OK
 691	     0	69.3	100.2	 985	OK
 692	     0	74.0	106.0	 983	OK
 693	     0	73.5	106.0	 945	OK
 694	     0	73.7	108.1	 950	OK
 695	     0	71.3	104.2	 964	OK
 696	     0	71.5	104.9	 972	OK
 697	     0	73.5	108.1	 964	OK
 698	     0	70.3	101.0	 959	OK
 699	     0	70.7	103.8	 934	OK
 700	     0	73.4	104.6	 956	OK
 701	     0	72.1	103.1	 965	OK
 702	     0	74.3	106.3	 955	OK
 703	     0	71.3	101.1	 969	OK
 704	     0	74.1	104.2	 952	OK
 705	     0	72.4	103.3	 959	OK
 706	     0	68.9	100.2	 963	OK
 707	     0	72.7	102.6	 964	OK
 708	     0	71.8	103.7	 953	OK
 709	     0	71.8	103.6	 967	OK
 710	     0	71.5	102.6	 974	OK
 711	     0	70.9	101.3	 944	OK
 712	     0	73.3	103.8	 947	OK
 713	     0	70.5	101.3	 965	OK
 714	     0	71.4	103.3	 960	OK
 715	     0	71.5	101.7	 967	OK
 716	     0	72.0	102.9	 947	OK
 717	     0	69.5	99.0	 947	OK
 718	     0	70.7	99.7	 943	OK
 719	     0	70.4	99.2	 964	OK
 720	     0	69.9	101.6	 955	OK
 721	     0	71.7	100.4	 963	OK
 722	     0	71.1	100.8	 950	OK
 723	     0	70.2	102.6	 946	OK
 724	     0	68.9	100.1	 940	OK
 725	     0	68.3	99.8	 969	OK
 726	     0	70.9	100.4	 961	OK
 727	     0	71.6	102.6	 954	OK
 728	     0	70.8	104.6	 948	OK
 729	     0	68.3	99.1	 930	OK
 730	     0	69.4	102.4	 944	OK
 731	     0	69.2	99.9	 947	OK
 732	     0	71.0	101.2	 950	OK
 733	     0	67.9	98.1	 959	OK
 734	     0	71.6	101.6	 938	OK
 735	     0	71.5	100.5	 974	OK
 736	     0	71.8	102.3	 958	OK
 737	     0	67.9	99.2	 962	OK
 738	     0	70.9	102.0	 942	OK
 739	     0	73.0	102.9	 950	OK
 740	     0	71.7	99.6	 963	OK
 741	     0	71.5	104.0	 959	OK
 742	     0	68.4	99.4	 962	OK
 743	     0	72.3	103.7	 979	OK
 744	     0	71.2	101.0	 971	OK
 745	     0	72.6	102.9	 946	OK
 746	     0	70.7	99.8	 940	OK
 747	     0	69.2	99.8	 968	OK
 748	     0	70.0	99.1	 967	OK
 749	     0	70.4	102.6	 958	OK
 750	     0	72.1	103.0	 979	OK
 751	     0	70.7	102.3	 933	OK
 752	     0	72.8	107.6	 952	OK
 753	     0	71.8	102.4	 961	OK
 754	     0	70.6	99.9	 959	OK
 755	     0	70.1	101.4	 962	OK
 756	     0	71.9	103.3	 971	OK
 757	     0	71.9	101.8	 969	OK
 758	     0	72.9	103.6	 977	OK
 759	     0	72.8	102.9	 961	OK
 760	     0	72.1	103.3	 962	OK
 761	     0	72.5	102.3	 963	OK
 762	     0	71.8	102.0	 959	OK
 763	     0	72.6	103.4	 995	OK
 764	     0	71.5	102.8	 953	OK
 765	     0	71.9	100.7	 946	OK
 766	     0	72.1	103.9	 973	OK
 767	     0	72.6	102.3	1015	OK
 768	     0	73.3	101.2	1018	OK
 769	     0	72.3	104.2	1015	OK
 770	     0	72.8	103.4	1004	OK
 771	     0	71.4	100.9	1024	OK
 772	     0	70.7	101.9	1041	OK
 773	     0	68.1	97.9	1019	OK
 774	     0	71.8	102.7	1024	OK
 775	     0	69.6	99.7	1005	OK
 776	     0	73.5	103.7	1003	OK
 777	     0	70.2	99.7	1028	OK
 778	     0	70.4	99.7	1016	OK
 779	     0	71.2	101.5	1023	OK
 780	     0	72.1	102.5	1017	OK
 781	     0	69.2	101.3	1014	OK
 782	     0	69.5	98.6	1008	OK
 783	     0	68.4	100.0	 989	OK
 784	     0	70.6	101.9	1006	OK
 785	     0	67.8	99.8	1007	OK
 786	     0	71.4	103.1	1025	OK
 787	     0	69.7	103.5	1005	OK
 788	     0	73.1	101.6	 999	OK
 789	     0	69.4	99.5	1016	OK
 790	     0	73.6	103.8	 986	OK
 791	     0	67.7	96.0	 986	OK
 792	     0	70.6	101.1	1012	OK
 793	     0	70.0	102.8	 997	OK
 794	     0	71.2	101.9	 978	OK
 795	     0	70.7	99.0	1018	OK
 796	     0	69.6	98.9	1009	OK
 797	     0	69.9	99.8	1012	OK
 798	     0	72.7	105.0	 999	OK
 799	     0	70.4	100.8	 990	OK
 800	     0	68.7	99.5	 982	OK
 801	     0	71.1	102.2	 982	OK
 802	     0	71.2	102.6	 967	OK
 803	     0	70.0	101.1	 981	OK
 804	     0	70.3	101.1	 986	OK
 805	     0	69.9	100.3	 975	OK
 806	     0	72.6	101.0	 976	OK
 807	     0	68.8	98.8	 934	OK
 808	     0	70.0	97.3	 987	OK
 809	     0	71.3	99.8	 986	OK
 810	     0	70.1	102.1	 988	OK
 811	     0	70.9	100.4	1004	OK
 812	     0	72.0	101.7	 988	OK
 813	     0	69.3	100.7	 982	OK
 814	     0	71.0	102.4	 993	OK
 815	     0	70.2	103.2	1001	OK
 816	     0	67.4	98.8	1015	OK
 817	     0	68.0	99.1	1024	OK
 818	     0	69.5	99.9	1012	OK
 819	     0	70.0	98.9	1004	OK
 820	     0	72.2	101.7	1014	OK
 821	     0	68.0	99.8	1006	OK
 822	     0	70.1	101.9	1010	OK
 823	     0	69.9	99.8	1017	OK
 824	     0	69.4	99.6	1006	OK
 825	     0	71.0	101.4	 986	OK
 826	     0	70.2	98.7	 990	OK
 827	     0	68.2	98.4	1015	OK
 828	     0	70.2	100.2	1011	OK
 829	     0	71.3	99.7	 997	OK
 830	     0	72.2	102.4	 991	OK
 831	     0	71.0	101.3	1002	OK
 832	     0	71.9	101.8	1001	OK
 833	     0	71.4	99.4	 993	OK
 834	     0	71.0	101.5	 988	OK
 835	     0	72.4	103.7	 998	OK
 836	     0	69.6	101.5	1005	OK
 837	     0	68.1	99.7	 981	OK
 838	     0	69.1	101.5	 995	OK
 839	     0	70.5	100.4	 968	OK
 840	     0	70.9	102.4	 983	OK
 841	     0	71.0	102.5	 994	OK
 842	     0	70.3	101.8	 988	OK
 843	     0	71.8	103.2	 992	OK
 844	     0	71.0	100.2	 975	OK
 845	     0	70.3	99.0	 998	OK
 846	     0	70.8	100.2	 997	OK
 847	     0	69.4	100.7	 999	OK
 848	     0	71.0	102.7	1001	OK
 849	     0	69.6	100.0	1026	OK
 850	     0	69.6	98.2	1015	OK
 851	     0	70.2	101.9	1026	OK
 852	     0	72.4	101.9	 998	OK
 853	     0	72.0	103.0	 985	OK
 854	     0	71.0	101.0	1051	OK
 855	     0	71.4	101.8	1018	OK
 856	     0	74.4	105.0	1013	OK
 857	     0	69.0	99.8	1031	OK
 858	     0	71.5	100.4	1011	OK
 859	     0	69.3	101.6	 997	OK
 860	     0	69.2	99.4	1001	OK
 861	     0	69.3	99.9	1003	OK
 862	     0	71.1	100.9	 991	OK
 863	     0	73.0	102.6	 987	OK
 864	     0	71.5	101.2	1021	OK
 865	     0	72.8	101.4	 973	OK
 866	     0	72.5	102.1	 978	OK
 867	     0	69.9	102.4	 984	OK
 868	     0	70.7	100.4	 983	OK
 869	     0	69.9	99.8	 970	OK
 870	     0	69.5	99.6	 981	OK
 871	     0	73.4	103.9	 978	OK
 872	     0	68.6	101.2	 971	OK
 873	     0	71.8	102.3	 995	OK
 874	     0	68.5	98.9	1000	OK
 875	     0	71.5	103.1	 988	OK
 876	     0	72.6	102.5	 994	OK
 877	     0	69.8	99.4	1000	OK
 878	     0	71.2	100.5	 994	OK
 879	     0	73.8	105.4	 980	OK
 880	     0	71.3	102.0	 993	OK
 881	     0	71.8	104.1	 978	OK
 882	     0	72.3	101.0	 972	OK
 883	     0	72.1	102.5	 995	OK
 884	     0	73.9	103.6	 987	OK
 885	     0	68.4	99.4	 969	OK
 886	     0	70.8	101.4	1013	OK
 887	     0	70.6	100.8	 985	OK
 888	     0	71.2	103.5	 984	OK
 889	     0	72.6	103.3	 977	OK
 890	     0	71.0	99.6	 998	OK
 891	     0	72.4	102.2	 980	OK
 892	     0	72.2	102.5	 980	OK
 893	     0	71.9	102.2	 991	OK
 894	     0	73.2	101.3	 992	OK
 895	     0	74.0	105.0	1004	OK
 896	  4000	73.3	103.9	 996	high noise
 897	     0	77.4	106.4	 976	OK
 898	     0	74.0	104.2	 970	OK
 899	     0	72.6	103.6	 989	OK
 900	     0	75.1	105.2	 979	OK
 901	     0	75.7	106.5	 980	OK
 902	  4000	72.0	102.9	1011	high noise
 903	  4000	71.3	102.4	1000	high noise
 904	     0	74.7	108.7	 986	OK
 905	  4000	72.8	101.5	1001	high noise
 906	     0	73.7	103.8	 994	OK
 907	     0	72.9	104.2	 989	OK
 908	     0	75.3	105.4	 993	OK
 909	     0	75.6	104.7	 985	OK
 910	     0	73.0	103.5	 995	OK
 911	     0	71.8	103.9	 984	OK
 912	     0	76.4	106.3	 986	OK
 913	     0	74.0	103.2	 982	OK
 914	  4000	76.1	111.0	 998	high noise
 915	     0	73.9	103.3	 962	OK
 916	     0	71.8	102.9	 981	OK
 917	     0	72.6	102.2	 971	OK
 918	     0	72.4	103.6	 980	OK
 919	     0	72.8	104.5	 986	OK
 920	     0	72.2	102.0	 967	OK
 921	     0	72.3	104.6	 966	OK
 922	     0	73.3	104.4	 944	OK
 923	     0	76.5	109.3	 963	OK
 924	     0	73.0	104.6	 956	OK
 925	     0	74.1	106.0	 955	OK
 926	     0	74.2	103.9	 937	OK
 927	     0	74.7	105.0	 975	OK
 928	     0	72.0	103.1	 966	OK
 929	     0	74.4	104.9	 955	OK
 930	     0	74.7	104.0	 969	OK
 931	     0	71.5	103.3	 965	OK
 932	     0	74.2	104.7	 963	OK
 933	     0	74.8	106.5	 937	OK
 934	     0	75.3	106.1	 950	OK
 935	     0	75.7	105.6	 956	OK
 936	     0	71.8	102.3	 949	OK
 937	     0	75.6	105.4	 980	OK
 938	     0	74.3	105.1	 955	OK
 939	     0	72.6	103.0	 964	OK
 940	     0	71.9	102.2	 954	OK
 941	     0	76.6	108.1	 963	OK
 942	     0	75.5	104.7	 926	OK
 943	     0	74.6	105.0	 961	OK
 944	     0	75.6	105.9	 945	OK
 945	     0	75.1	106.4	 951	OK
 946	     0	74.2	104.0	 943	OK
 947	     0	72.5	103.0	 935	OK
 948	     0	74.3	104.3	 944	OK
 949	     0	74.1	103.3	 932	OK
 950	     0	75.0	106.9	 936	OK
 951	     0	72.2	104.8	 934	OK
 952	     0	73.4	104.0	 931	OK
 953	     0	73.7	106.5	 913	OK
 954	     0	74.4	102.6	 931	OK
 955	     0	75.0	106.7	 913	OK
 956	     0	74.3	104.3	 906	OK
 957	     0	75.9	105.7	 920	OK
 958	     0	73.8	105.5	 890	OK
 959	     0	72.0	103.0	 908	OK
 960	     0	76.4	106.8	 905	OK
 961	     0	76.9	106.4	 918	OK
 962	     0	76.3	109.2	 900	OK
 963	     0	75.0	109.1	 917	OK
 964	     0	75.6	107.4	 914	OK
 965	     0	76.6	107.9	 904	OK
 966	     0	71.2	102.8	 897	OK
 967	     0	75.1	104.4	 935	OK
 968	     0	75.3	106.8	 906	OK
 969	     0	72.8	103.9	 891	OK
 970	     0	71.9	102.8	 905	OK
 971	     0	74.6	105.8	 917	OK
 972	     0	75.5	107.7	 911	OK
 973	     0	75.1	105.7	 918	OK
 974	     0	74.7	104.8	 897	OK
 975	     0	74.5	104.3	 921	OK
 976	     0	73.0	104.9	 921	OK
 977	     0	74.3	104.5	 917	OK
 978	     0	74.9	106.2	 926	OK
 979	     0	75.0	106.3	 908	OK
 980	     0	74.9	105.5	 933	OK
 981	     0	74.8	106.1	 908	OK
 982	     0	71.1	101.2	 917	OK
 983	     0	73.4	106.5	 899	OK
 984	     0	73.1	101.5	 914	OK
 985	     0	75.9	106.3	 889	OK
 986	     0	74.1	105.5	 910	OK
 987	     0	75.9	106.8	 921	OK
 988	     0	74.8	105.4	 908	OK
 989	     0	76.2	108.3	 924	OK
 990	     0	76.1	106.6	 890	OK
 991	     0	72.6	103.1	 915	OK
 992	     0	73.3	103.6	 896	OK
 993	     0	75.8	107.4	 880	OK
 994	     0	76.6	106.7	 894	OK
 995	     0	76.9	107.4	 895	OK
 996	     0	77.5	108.4	 896	OK
 997	     0	76.7	109.3	 900	OK
 998	     0	76.3	109.2	 894	OK
 999	     0	76.5	107.7	 907	OK
1000	     0	76.8	109.2	 912	OK
1001	     0	75.6	106.3	 910	OK
1002	     0	74.9	106.5	 896	OK
1003	     0	75.8	107.3	 881	OK
1004	     0	77.3	107.8	 894	OK
1005	     0	75.5	104.4	 897	OK
1006	     0	74.8	106.9	 900	OK
1007	     0	77.5	108.3	 889	OK
1008	     0	75.9	108.2	 889	OK
1009	     0	74.4	104.7	 890	OK
1010	     0	74.7	105.2	 880	OK
1011	     0	76.4	108.7	 888	OK
1012	     0	77.3	107.3	 907	OK
1013	     0	75.0	105.9	 897	OK
1014	     0	74.8	105.5	 885	OK
1015	     0	77.4	107.1	 872	OK
1016	     0	74.1	103.2	 879	OK
1017	     0	76.7	108.0	 871	OK
1018	     0	78.5	109.1	 900	OK
1019	     0	76.7	106.7	 898	OK
1020	     0	78.1	107.1	 881	OK
1021	     0	79.2	110.5	 891	OK
1022	     0	76.5	106.2	 884	OK
1023	     0	76.9	107.9	 888	OK
1024	     0	72.5	104.1	 922	OK
1025	     0	70.7	101.3	 919	OK
1026	     0	70.2	100.6	 909	OK
1027	     0	68.7	98.3	 939	OK
1028	     0	72.0	102.1	 927	OK
1029	     0	70.6	100.6	 921	OK
1030	     0	69.1	101.6	 919	OK
1031	     0	71.8	101.8	 925	OK
1032	     0	72.5	103.9	 904	OK
1033	     0	69.8	100.6	 921	OK
1034	     0	70.1	101.0	 938	OK
1035	     0	68.4	100.4	 932	OK
1036	     0	69.9	98.6	 927	OK
1037	     0	72.9	104.1	 916	OK
1038	     0	72.7	102.5	 941	OK
1039	     0	70.4	99.8	 908	OK
1040	     0	70.0	99.6	 921	OK
1041	     0	69.5	98.5	 906	OK
1042	     0	69.1	99.6	 931	OK
1043	     0	69.4	97.7	 929	OK
1044	     0	71.1	103.2	 921	OK
1045	     0	69.7	100.5	 921	OK
1046	     0	69.5	99.0	 927	OK
1047	     0	70.7	104.3	 922	OK
1048	     0	69.4	100.1	 937	OK
1049	     0	67.7	95.9	 935	OK
1050	     0	70.6	100.0	 918	OK
1051	     0	71.3	101.5	 942	OK
1052	     0	70.1	100.5	 940	OK
1053	     0	68.1	99.0	 945	OK
1054	     0	69.7	100.6	 949	OK
1055	     0	69.7	100.3	 923	OK
1056	     0	70.3	100.4	 942	OK
1057	     0	70.3	100.8	 939	OK
1058	     0	74.0	106.0	 956	OK
1059	     0	70.1	103.3	 926	OK
1060	     0	69.3	101.3	 956	OK
1061	     0	70.9	100.4	 918	OK
1062	     0	70.0	101.9	 956	OK
1063	     0	70.1	101.1	 969	OK
1064	     0	70.8	99.5	 942	OK
1065	     0	70.1	103.3	 960	OK
1066	     0	67.4	98.9	 965	OK
1067	     0	69.3	99.6	 932	OK
1068	     0	69.3	101.4	 950	OK
1069	     0	70.6	101.0	 950	OK
1070	     0	70.4	102.6	 950	OK
1071	     0	71.6	102.0	 930	OK
1072	     0	66.3	96.9	 961	OK
1073	     0	68.0	98.6	 968	OK
1074	     0	69.6	99.1	 972	OK
1075	     0	71.7	103.4	 974	OK
1076	     0	73.2	105.0	 948	OK
1077	     0	70.3	99.9	 975	OK
1078	     0	68.2	99.3	 974	OK
1079	     0	69.0	99.7	 977	OK
1080	     0	68.7	99.2	 959	OK
1081	     0	70.7	100.7	 972	OK
1082	     0	70.4	101.2	 977	OK
1083	     0	69.0	100.9	 965	OK
1084	     0	72.9	101.7	 956	OK
1085	     0	70.1	101.3	 954	OK
1086	     0	71.1	103.1	 980	OK
1087	     0	69.9	99.0	 973	OK
1088	     0	72.0	103.4	 972	OK
1089	     0	72.0	100.9	 975	OK
1090	     0	71.5	101.6	 960	OK
1091	     0	70.8	100.7	 962	OK
1092	     0	71.8	100.5	 965	OK
1093	     0	70.6	101.6	 958	OK
1094	     0	67.3	98.9	 951	OK
1095	     0	69.3	100.3	 977	OK
1096	     0	69.4	100.8	 987	OK
1097	     0	68.4	99.6	 965	OK
1098	     0	69.1	101.1	 984	OK
1099	     0	68.5	99.7	 980	OK
1100	     0	70.3	100.8	 971	OK
1101	     0	69.6	99.5	 968	OK
1102	     0	68.8	98.5	 980	OK
1103	     0	68.6	96.8	 960	OK
1104	     0	67.4	97.7	 989	OK
1105	     0	67.4	98.4	 989	OK
1106	     0	69.3	99.3	 971	OK
1107	     0	69.9	98.2	 968	OK
1108	     0	68.7	100.0	 965	OK
1109	     0	69.7	98.8	 965	OK
1110	     0	70.6	100.3	 968	OK
1111	     0	69.9	103.4	 988	OK
1112	     0	72.1	102.5	 992	OK
1113	     0	69.9	100.2	 947	OK
1114	     0	68.1	100.1	 989	OK
1115	     0	72.4	103.2	 962	OK
1116	     0	68.5	97.6	 962	OK
1117	     0	68.2	98.2	 975	OK
1118	     0	67.4	98.2	 950	OK
1119	     0	67.9	99.5	 958	OK
1120	     0	67.9	100.1	 983	OK
1121	     0	71.2	101.4	 970	OK
1122	     0	69.4	100.1	 968	OK
1123	     0	67.9	99.2	 967	OK
1124	     0	70.0	100.9	 981	OK
1125	     0	69.4	98.7	 975	OK
1126	     0	69.8	98.2	 964	OK
1127	     0	70.5	100.0	 968	OK
1128	     0	71.4	103.5	 952	OK
1129	     0	68.8	100.5	 974	OK
1130	     0	69.7	98.0	 959	OK
1131	     0	70.8	100.7	 952	OK
1132	     0	71.9	103.2	 963	OK
1133	     0	69.2	97.1	 988	OK
1134	     0	71.6	102.6	 983	OK
1135	     0	70.0	99.4	 966	OK
1136	     0	70.3	101.7	 956	OK
1137	     0	70.3	100.7	 961	OK
1138	     0	71.7	104.1	 951	OK
1139	     0	69.1	98.5	 962	OK
1140	     0	69.8	99.0	 958	OK
1141	     0	69.3	100.2	 973	OK
1142	     0	70.2	99.5	 972	OK
1143	     0	66.9	96.1	 959	OK
1144	     0	69.3	100.2	 973	OK
1145	     0	69.0	97.1	 978	OK
1146	     0	68.9	98.9	 974	OK
1147	     0	72.7	102.1	 989	OK
1148	     0	71.5	102.2	 965	OK
1149	     0	73.8	103.6	 976	OK
1150	     0	73.4	103.6	 972	OK
1151	     0	71.4	101.5	 934	OK
1152	     0	75.5	104.1	 988	OK
1153	     0	74.1	101.8	 968	OK
1154	     0	76.1	105.5	 952	OK
1155	     0	73.2	103.7	 981	OK
1156	     0	72.9	101.8	 960	OK
1157	     0	72.9	101.8	 956	OK
1158	     0	69.7	99.9	 968	OK
1159	     0	73.9	103.5	 941	OK
1160	     0	73.3	104.2	 994	OK
1161	     0	75.8	106.7	 959	OK
1162	     0	71.1	100.9	 966	OK
1163	     0	73.1	104.1	 942	OK
1164	     0	73.1	103.7	 959	OK
1165	     0	74.5	106.7	 959	OK
1166	     0	73.8	103.8	 936	OK
1167	     0	74.9	104.6	 948	OK
1168	     0	75.4	105.3	 957	OK
1169	     0	73.9	103.4	 954	OK
1170	     0	74.2	104.7	 957	OK
1171	     0	75.1	104.8	 959	OK
1172	     0	74.9	104.6	 955	OK
1173	     0	73.6	102.8	 956	OK
1174	     0	74.1	105.1	 964	OK
1175	     0	72.5	103.2	 952	OK
1176	     0	71.8	102.2	 965	OK
1177	     0	77.3	107.5	 970	OK
1178	     0	74.4	103.3	 944	OK
1179	     0	73.9	104.4	 967	OK
1180	     0	73.6	103.0	 951	OK
1181	     0	73.7	102.9	 942	OK
1182	     0	75.1	105.6	 970	OK
1183	     0	75.5	108.4	 969	OK
1184	     0	71.6	100.4	 964	OK
1185	     0	76.2	108.6	 945	OK
1186	     0	74.6	104.1	 952	OK
1187	     0	72.9	104.3	 955	OK
1188	     0	74.5	103.3	 960	OK
1189	     0	73.6	104.2	 963	OK
1190	     0	72.2	100.8	 966	OK
1191	     0	74.5	106.4	 959	OK
1192	     0	74.4	105.0	 961	OK
1193	     0	75.1	104.6	 960	OK
1194	     0	74.2	104.4	 971	OK
1195	     0	75.0	104.3	 960	OK
1196	     0	72.4	102.3	 945	OK
1197	     0	72.8	102.9	 963	OK
1198	     0	74.1	102.7	 964	OK
1199	     0	73.6	101.2	 941	OK
1200	     0	72.3	102.3	 942	OK
1201	     0	74.1	102.8	 969	OK
1202	     0	72.8	101.0	 992	OK
1203	     0	76.5	107.7	 943	OK
1204	     0	74.3	105.0	 942	OK
1205	     0	75.7	106.9	 956	OK
1206	     0	72.4	103.6	 946	OK
1207	     0	77.4	108.0	 962	OK
1208	     0	75.3	105.2	 957	OK
1209	     0	75.4	106.6	 972	OK
1210	     0	73.2	103.0	 949	OK
1211	     0	75.3	105.1	 949	OK
1212	     0	75.6	106.3	 942	OK
1213	     0	71.3	101.9	 956	OK
1214	     0	74.9	106.0	 948	OK
1215	     0	74.4	104.3	 955	OK
1216	     0	73.8	105.1	 941	OK
1217	     0	75.4	106.8	 950	OK
1218	     0	73.8	104.4	 968	OK
1219	     0	71.9	102.9	 955	OK
1220	     0	74.2	103.3	 976	OK
1221	     0	74.5	102.6	 972	OK
1222	     0	71.5	103.1	 957	OK
1223	     0	75.3	104.6	 946	OK
1224	     0	74.5	102.6	 962	OK
1225	     0	75.0	103.8	 966	OK
1226	     0	70.8	102.9	 945	OK
1227	     0	72.9	102.6	 966	OK
1228	     0	73.9	103.4	 956	OK
1229	     0	77.1	104.3	 965	OK
1230	     0	73.8	104.5	 966	OK
1231	     0	72.7	102.9	 961	OK
1232	     0	74.6	105.5	 946	OK
1233	     0	78.4	109.2	 946	OK
1234	     0	73.8	104.6	 936	OK
1235	     0	73.0	103.3	 956	OK
1236	     0	75.6	104.3	 923	OK
1237	     0	75.7	106.1	 949	OK
1238	     0	72.2	100.5	 947	OK
1239	     0	73.0	103.0	 926	OK
1240	     0	76.7	107.4	 944	OK
1241	     0	75.6	104.9	 957	OK
1242	     0	74.7	106.6	 934	OK
1243	     0	76.3	105.1	 938	OK
1244	     0	73.4	102.8	 937	OK
1245	     0	75.4	105.1	 935	OK
1246	     0	73.7	102.9	 938	OK
1247	     0	72.7	103.2	 934	OK
1248	     0	73.8	105.0	 945	OK
1249	     0	73.3	101.8	 957	OK
1250	     0	75.1	105.8	 947	OK
1251	     0	75.2	104.2	 934	OK
1252	     0	74.2	105.6	 910	OK
1253	     0	77.5	107.2	 932	OK
1254	     0	75.7	105.9	 941	OK
1255	     0	73.5	100.8	 929	OK
1256	     0	74.9	104.8	 944	OK
1257	     0	74.4	104.8	 932	OK
1258	     0	76.2	106.2	 919	OK
1259	     0	74.4	104.6	 935	OK
1260	     0	73.0	106.5	 916	OK
1261	     0	74.0	104.6	 919	OK
1262	     0	72.0	100.9	 908	OK
1263	     0	76.1	105.8	 908	OK
1264	     0	75.4	105.5	 920	OK
1265	     0	75.9	104.9	 925	OK
1266	     0	75.7	104.4	 933	OK
1267	     0	75.1	104.3	 935	OK
1268	     0	73.0	103.3	 930	OK
1269	     0	76.7	107.4	 906	OK
1270	     0	72.6	102.1	 884	OK
1271	     0	75.6	107.3	 921	OK
1272	     0	77.3	105.7	 914	OK
1273	     0	75.9	104.7	 879	OK
1274	     0	76.6	107.5	 908	OK
1275	     0	77.0	107.6	 884	OK
1276	     0	77.3	107.7	 878	OK
1277	     0	76.9	105.6	 898	OK
1278	     0	78.7	108.4	 919	OK
1279	     0	78.5	106.8	 899	OK
1280	     0	76.7	106.7	 873	OK
1281	     0	75.7	102.8	 857	OK
1282	     0	76.4	104.2	 878	OK
1283	     0	77.4	107.8	 862	OK
1284	     0	74.1	105.6	 864	OK
1285	     0	74.1	105.6	 847	OK
1286	     0	76.7	108.2	 857	OK
1287	     0	73.7	105.2	 835	OK
1288	     0	75.5	106.8	 863	OK
1289	     0	74.8	106.5	 865	OK
1290	     0	75.4	105.4	 864	OK
1291	     0	72.0	104.0	 852	OK
1292	     0	75.0	105.5	 855	OK
1293	     0	75.1	105.0	 860	OK
1294	     0	75.2	106.1	 849	OK
1295	     0	74.7	107.2	 862	OK
1296	     0	74.9	107.0	 844	OK
1297	     0	77.5	107.3	 865	OK
1298	     0	77.5	107.2	 839	OK
1299	     0	74.0	106.2	 859	OK
1300	     0	75.6	107.3	 871	OK
1301	     0	76.6	106.7	 857	OK
1302	     0	75.0	105.5	 848	OK
1303	     0	73.3	103.3	 864	OK
1304	     0	74.7	106.0	 867	OK
1305	     0	74.5	105.9	 878	OK
1306	     0	76.1	107.2	 857	OK
1307	     0	73.6	104.7	 838	OK
1308	     0	76.0	107.2	 838	OK
1309	     0	74.7	105.2	 874	OK
1310	     0	75.2	107.3	 867	OK
1311	     0	75.6	106.5	 865	OK
1312	     0	78.1	109.8	 853	OK
1313	     0	77.0	109.2	 876	OK
1314	     0	74.0	104.5	 857	OK
1315	     0	74.8	106.5	 887	OK
1316	     0	74.4	104.7	 878	OK
1317	     0	72.6	106.1	 870	OK
1318	     0	75.3	105.7	 871	OK
1319	     0	76.4	107.2	 862	OK
1320	     0	76.0	105.3	 856	OK
1321	     0	74.9	106.0	 849	OK
1322	     0	76.8	109.1	 842	OK
1323	     0	75.2	105.3	 865	OK
1324	     0	72.5	102.9	 867	OK
1325	     0	76.6	107.1	 867	OK
1326	     0	75.2	103.6	 862	OK
1327	     0	74.1	104.6	 859	OK
1328	     0	73.3	105.8	 869	OK
1329	     0	75.1	106.2	 870	OK
1330	     0	74.2	104.8	 861	OK
1331	     0	77.7	108.3	 867	OK
1332	     0	74.6	106.0	 858	OK
1333	     0	74.2	103.0	 877	OK
1334	     0	74.8	104.5	 868	OK
1335	     0	74.2	103.7	 874	OK
1336	     0	72.9	104.1	 872	OK
1337	     0	75.2	107.1	 869	OK
1338	     0	71.9	102.6	 856	OK
1339	     0	72.7	103.0	 867	OK
1340	     0	75.0	106.7	 885	OK
1341	     0	73.9	105.7	 862	OK
1342	     0	72.3	103.6	 857	OK
1343	     0	77.3	109.3	 875	OK
1344	     0	73.7	104.4	 876	OK
1345	     0	75.6	105.5	 863	OK
1346	     0	74.4	107.7	 892	OK
1347	     0	73.6	106.8	 885	OK
1348	     0	74.6	104.2	 884	OK
1349	     0	73.3	107.1	 869	OK
1350	     0	71.9	102.3	 879	OK
1351	     0	75.1	107.3	 871	OK
1352	     0	73.2	102.1	 859	OK
1353	     0	73.6	104.5	 889	OK
1354	     0	75.3	106.0	 893	OK
1355	     0	72.2	102.8	 879	OK
1356	     0	72.4	102.8	 853	OK
1357	     0	72.2	108.1	 880	OK
1358	     0	73.3	105.9	 874	OK
1359	     0	73.7	106.0	 845	OK
1360	     0	75.3	105.6	 876	OK
1361	     0	73.3	102.9	 873	OK
1362	     0	71.0	101.7	 857	OK
1363	     0	73.0	103.6	 863	OK
1364	     0	74.7	105.2	 874	OK
1365	     0	73.7	105.4	 865	OK
1366	     0	74.8	107.4	 889	OK
1367	     0	71.7	102.7	 879	OK
1368	     0	72.5	102.1	 861	OK
1369	     0	70.3	101.5	 890	OK
1370	     0	72.7	101.9	 870	OK
1371	     0	74.3	106.1	 858	OK
1372	     0	75.5	105.8	 877	OK
1373	     0	70.9	100.3	 876	OK
1374	     0	70.7	101.1	 867	OK
1375	     0	75.7	107.2	 864	OK
1376	     0	73.0	104.6	 857	OK
1377	     0	72.3	106.2	 884	OK
1378	     0	73.0	103.1	 878	OK
1379	     0	71.3	102.2	 873	OK
1380	     0	73.6	105.8	 877	OK
1381	     0	74.2	105.5	 866	OK
1382	     0	74.0	103.5	 866	OK
1383	     0	74.2	107.3	 850	OK
1384	     0	72.5	102.7	 863	OK
1385	     0	75.1	104.1	 867	OK
1386	     0	73.8	103.7	 872	OK
1387	     0	71.4	101.2	 856	OK
1388	     0	74.4	105.5	 859	OK
1389	     0	74.5	104.4	 871	OK
1390	     0	71.9	100.7	 858	OK
1391	     0	73.1	103.8	 872	OK
1392	     0	73.3	104.8	 885	OK
1393	     0	73.1	103.6	 876	OK
1394	     0	74.0	105.5	 859	OK
1395	     0	71.5	103.4	 894	OK
1396	     0	72.7	106.0	 877	OK
1397	     0	73.8	102.0	 848	OK
1398	     0	72.5	102.9	 863	OK
1399	     0	74.8	107.1	 885	OK
1400	     0	73.6	105.4	 873	OK
1401	     0	74.8	107.5	 873	OK
1402	     0	74.6	106.4	 879	OK
1403	     0	72.8	105.5	 860	OK
1404	     0	72.7	102.4	 884	OK
1405	     0	76.1	108.1	 884	OK
1406	     0	76.9	107.0	 871	OK
1407	     0	75.0	104.1	 869	OK
1408	     0	72.4	101.7	 890	OK
1409	     0	75.8	106.6	 895	OK
1410	     0	72.5	101.9	 882	OK
1411	     0	74.9	106.2	 874	OK
1412	     0	75.7	104.4	 890	OK
1413	     0	72.8	102.8	 872	OK
1414	     0	73.6	105.1	 902	OK
1415	     0	75.8	105.5	 874	OK
1416	     0	70.7	102.5	 896	OK
1417	     0	73.7	103.5	 858	OK
1418	     0	72.4	103.4	 874	OK
1419	     0	71.2	103.6	 875	OK
1420	     0	73.6	105.2	 876	OK
1421	     0	74.4	107.7	 866	OK
1422	     0	74.8	105.5	 877	OK
1423	     0	72.9	104.8	 863	OK
1424	     0	72.8	104.2	 858	OK
1425	     0	71.6	101.5	 856	OK
1426	     0	69.9	99.9	 892	OK
1427	     0	74.0	104.8	 860	OK
1428	     0	73.4	102.1	 864	OK
1429	     0	73.3	104.3	 844	OK
1430	     0	74.5	105.0	 865	OK
1431	     0	72.7	103.5	 864	OK
1432	     0	72.5	105.6	 849	OK
1433	     0	72.7	102.2	 857	OK
1434	     0	72.8	103.5	 890	OK
1435	     0	72.3	103.3	 854	OK
1436	     0	71.3	103.3	 870	OK
1437	     0	70.5	102.4	 869	OK
1438	     0	74.6	104.9	 872	OK
1439	     0	71.0	101.8	 862	OK
1440	     0	75.5	106.9	 858	OK
1441	     0	71.7	102.0	 867	OK
1442	     0	73.4	104.5	 867	OK
1443	     0	72.9	102.3	 867	OK
1444	     0	73.6	105.1	 882	OK
1445	     0	70.0	100.9	 861	OK
1446	     0	73.3	104.8	 860	OK
1447	     0	74.9	104.8	 890	OK
1448	     0	74.2	104.8	 855	OK
1449	     0	71.4	101.6	 897	OK
1450	     0	71.7	102.9	 873	OK
1451	     0	74.2	104.2	 844	OK
1452	     0	70.6	102.2	 885	OK
1453	     0	72.4	104.5	 871	OK
1454	     0	72.9	102.8	 872	OK
1455	     0	71.9	101.5	 883	OK
1456	     0	76.9	108.7	 884	OK
1457	     0	71.7	102.9	 873	OK
1458	     0	73.5	104.1	 863	OK
1459	     0	73.4	104.3	 868	OK
1460	     0	76.5	108.4	 878	OK
1461	     0	72.9	105.3	 873	OK
1462	     0	76.5	105.7	 873	OK
1463	     0	71.9	102.1	 879	OK
1464	     0	72.4	106.5	 870	OK
1465	     0	73.3	104.1	 868	OK
1466	     0	73.2	101.8	 878	OK
1467	     0	72.5	104.1	 882	OK
1468	     0	75.0	104.2	 895	OK
1469	     0	71.8	103.1	 872	OK
1470	     0	74.3	104.4	 861	OK
1471	     0	73.0	102.6	 880	OK
1472	     0	75.3	106.0	 877	OK
1473	     0	74.9	106.3	 872	OK
1474	     0	71.4	101.3	 859	OK
1475	     0	74.5	106.0	 862	OK
1476	     0	74.9	103.5	 868	OK
1477	     0	70.8	100.6	 870	OK
1478	     0	73.7	105.9	 857	OK
1479	     0	73.0	104.4	 869	OK
1480	     0	75.5	105.4	 851	OK
1481	     0	73.4	104.3	 858	OK
1482	     0	74.1	106.5	 888	OK
1483	     0	77.7	108.2	 859	OK
1484	     0	72.2	104.1	 888	OK
1485	     0	73.3	105.4	 861	OK
1486	     0	71.8	101.3	 881	OK
1487	     0	77.0	107.5	 851	OK
1488	     0	75.2	104.4	 858	OK
1489	     0	75.9	105.0	 868	OK
1490	     0	74.2	104.2	 876	OK
1491	     0	73.1	105.5	 861	OK
1492	     0	71.9	101.5	 856	OK
1493	     0	75.8	105.6	 858	OK
1494	     0	73.0	105.0	 879	OK
1495	     0	73.8	106.9	 841	OK
1496	     0	71.5	100.1	 859	OK
1497	     0	72.2	102.2	 856	OK
1498	     0	76.0	108.3	 872	OK
1499	     0	72.8	102.9	 850	OK
1500	     0	75.1	105.3	 838	OK
1501	     0	77.0	106.9	 858	OK
1502	     0	74.0	103.3	 870	OK
1503	     0	70.9	101.9	 856	OK
1504	     0	74.9	106.5	 862	OK
1505	     0	76.8	107.6	 854	OK
1506	     0	73.4	103.1	 871	OK
1507	     0	73.9	105.5	 844	OK
1508	     0	74.2	104.6	 868	OK
1509	     0	75.8	107.7	 834	OK
1510	     0	77.2	108.1	 861	OK
1511	     0	73.8	104.9	 864	OK
1512	     0	73.0	104.3	 833	OK
1513	     0	74.1	105.7	 840	OK
1514	     0	68.8	99.4	 849	OK
1515	     0	73.6	104.1	 874	OK
1516	     0	73.5	103.2	 853	OK
1517	     0	75.2	104.8	 865	OK
1518	     0	76.2	107.7	 855	OK
1519	     0	73.7	107.3	 832	OK
1520	     0	72.1	104.2	 864	OK
1521	     0	74.5	105.2	 842	OK
1522	     0	72.6	104.4	 853	OK
1523	     0	77.5	105.5	 862	OK
1524	     0	78.3	108.7	 853	OK
1525	     0	72.9	106.5	 853	OK
1526	     0	72.1	101.6	 866	OK
1527	     0	73.9	104.9	 865	OK
1528	     0	72.9	103.4	 856	OK
1529	     0	73.9	104.7	 831	OK
1530	     0	75.8	107.0	 867	OK
1531	     0	74.2	105.9	 853	OK
1532	     0	76.1	108.1	 851	OK
1533	     0	79.1	110.3	 849	OK
1534	     0	73.0	103.6	 845	OK
1535	     0	76.9	106.0	 862	OK
1536	     0	72.7	102.8	 898	OK
1537	     0	73.6	103.9	 888	OK
1538	     0	71.8	101.8	 867	OK
1539	     0	71.6	101.5	 857	OK
1540	     0	72.5	104.3	 892	OK
1541	     0	71.5	104.5	 875	OK
1542	     0	73.0	103.5	 881	OK
1543	     0	74.0	104.6	 887	OK
1544	     0	71.3	100.2	 871	OK
1545	     0	69.9	101.4	 875	OK
1546	     0	72.6	105.2	 878	OK
1547	     0	72.5	103.4	 864	OK
1548	     0	71.5	100.6	 867	OK
1549	     0	71.9	101.3	 874	OK
1550	     0	73.0	106.0	 871	OK
1551	     0	72.9	103.0	 888	OK
1552	     0	70.5	101.6	 875	OK
1553	     0	71.8	101.3	 854	OK
1554	     0	71.3	101.5	 882	OK
1555	     0	73.1	104.1	 883	OK
1556	     0	69.6	100.6	 851	OK
1557	     0	69.0	102.4	 889	OK
1558	     0	70.7	104.8	 895	OK
1559	     0	72.8	103.8	 864	OK
1560	     0	73.5	106.8	 870	OK
1561	     0	72.6	103.8	 894	OK
1562	     0	73.4	103.1	 875	OK
1563	     0	71.8	102.4	 877	OK
1564	     0	70.5	99.5	 869	OK
1565	     0	71.8	101.2	 882	OK
1566	     0	70.7	101.1	 860	OK
1567	     0	72.4	101.0	 882	OK
1568	     0	70.6	100.6	 883	OK
1569	     0	71.8	104.0	 872	OK
1570	     0	70.2	101.1	 889	OK
1571	     0	72.1	100.6	 870	OK
1572	     0	71.4	100.6	 911	OK
1573	     0	68.6	99.5	 895	OK
1574	     0	71.3	102.2	 870	OK
1575	     0	71.0	102.3	 874	OK
1576	     0	70.2	101.8	 883	OK
1577	     0	71.0	102.1	 896	OK
1578	     0	71.1	100.1	 894	OK
1579	     0	71.3	101.1	 873	OK
1580	     0	74.2	104.9	 879	OK
1581	     0	70.7	100.5	 894	OK
1582	     0	68.6	99.9	 912	OK
1583	     0	71.0	101.8	 895	OK
1584	     0	70.9	100.2	 865	OK
1585	     0	71.1	100.9	 901	OK
1586	     0	71.5	102.5	 896	OK
1587	     0	70.7	103.0	 901	OK
1588	     0	73.7	103.9	 891	OK
1589	     0	71.1	100.7	 879	OK
1590	     0	69.8	102.7	 877	OK
1591	     0	71.9	102.3	 864	OK
1592	     0	70.5	103.2	 888	OK
1593	     0	69.3	99.6	 893	OK
1594	     0	70.5	101.3	 902	OK
1595	     0	71.3	103.8	 894	OK
1596	     0	74.0	102.9	 895	OK
1597	     0	70.5	101.4	 880	OK
1598	     0	71.2	100.7	 888	OK
1599	     0	71.9	102.5	 890	OK
1600	     0	72.6	103.2	 901	OK
1601	     0	71.3	102.6	 869	OK
1602	     0	70.2	100.8	 874	OK
1603	     0	71.8	103.7	 881	OK
1604	     0	70.3	101.9	 872	OK
1605	     0	72.4	103.7	 871	OK
1606	     0	69.2	99.8	 901	OK
1607	     0	68.8	98.8	 900	OK
1608	     0	70.2	101.0	 886	OK
1609	     0	71.3	101.1	 861	OK
1610	     0	71.7	102.2	 892	OK
1611	     0	69.6	98.6	 884	OK
1612	     0	69.7	100.1	 885	OK
1613	     0	67.2	96.6	 872	OK
1614	     0	68.8	101.3	 878	OK
1615	     0	70.5	100.1	 872	OK
1616	     0	73.1	103.4	 873	OK
1617	     0	68.4	100.3	 891	OK
1618	     0	71.2	104.3	 889	OK
1619	     0	67.1	97.0	 882	OK
1620	     0	71.4	102.5	 890	OK
1621	     0	69.9	99.0	 901	OK
1622	     0	69.4	100.7	 880	OK
1623	     0	72.8	104.8	 888	OK
1624	     0	71.2	102.0	 888	OK
1625	     0	67.7	98.6	 886	OK
1626	     0	71.3	102.6	 869	OK
1627	     0	70.9	99.6	 892	OK
1628	     0	71.1	101.3	 888	OK
1629	     0	71.9	102.8	 886	OK
1630	     0	73.1	104.4	 872	OK
1631	     0	70.5	98.5	 866	OK
1632	     0	68.1	98.4	 895	OK
1633	     0	68.1	99.1	 906	OK
1634	     0	70.0	103.0	 894	OK
1635	     0	69.7	98.8	 878	OK
1636	     0	72.4	103.2	 892	OK
1637	     0	69.4	100.7	 892	OK
1638	     0	66.3	97.8	 881	OK
1639	     0	70.9	103.0	 905	OK
1640	     0	71.8	101.6	 892	OK
1641	     0	70.1	100.5	 894	OK
1642	     0	69.4	100.3	 864	OK
1643	     0	69.4	101.3	 890	OK
1644	     0	68.9	100.1	 888	OK
1645	     0	70.1	101.5	 878	OK
1646	     0	71.5	103.1	 911	OK
1647	     0	71.4	102.5	 882	OK
1648	     0	70.2	100.0	 881	OK
1649	     0	72.7	102.4	 874	OK
1650	     0	69.4	100.0	 880	OK
1651	     0	71.3	102.9	 877	OK
1652	     0	67.6	97.3	 893	OK
1653	     0	71.0	102.5	 882	OK
1654	     0	70.3	100.0	 923	OK
1655	     0	69.1	100.5	 873	OK
1656	     0	70.9	100.5	 875	OK
1657	     0	72.1	104.9	 895	OK
1658	     0	69.3	100.4	 885	OK
1659	     0	70.7	101.7	 882	OK
1660	     0	71.3	100.8	 895	OK
1661	     0	73.5	102.7	 882	OK
1662	     0	72.9	102.1	 858	OK
1663	     0	72.8	102.7	 898	OK
1664	     0	75.6	104.4	 850	OK
1665	     0	75.5	104.9	 836	OK
1666	     0	72.8	104.2	 844	OK
1667	     0	74.8	107.5	 836	OK
1668	     0	74.4	106.8	 855	OK
1669	     0	72.9	103.1	 833	OK
1670	     0	74.9	105.8	 830	OK
1671	     0	74.0	106.8	 838	OK
1672	     0	71.8	104.5	 836	OK
1673	     0	73.9	102.6	 828	OK
1674	     0	71.7	100.4	 849	OK
1675	     0	73.9	107.0	 848	OK
1676	     0	73.4	107.2	 837	OK
1677	     0	73.4	104.6	 835	OK
1678	     0	74.9	105.3	 853	OK
1679	     0	76.4	109.2	 843	OK
1680	     0	71.3	102.1	 842	OK
1681	     0	72.1	101.3	 833	OK
1682	     0	73.3	102.6	 834	OK
1683	     0	72.2	104.3	 852	OK
1684	     0	73.0	104.7	 841	OK
1685	     0	70.3	100.2	 827	OK
1686	     0	73.5	106.2	 838	OK
1687	     0	73.2	104.0	 851	OK
1688	     0	72.6	106.2	 851	OK
1689	     0	74.6	103.6	 854	OK
1690	     0	71.1	100.8	 841	OK
1691	     0	72.6	105.6	 845	OK
1692	     0	73.6	105.6	 852	OK
1693	     0	70.0	100.2	 844	OK
1694	     0	72.6	104.7	 836	OK
1695	     0	73.9	103.4	 829	OK
1696	     0	70.8	100.8	 836	OK
1697	     0	74.0	104.4	 857	OK
1698	     0	73.4	107.5	 876	OK
1699	     0	73.2	104.5	 845	OK
1700	     0	75.1	108.1	 848	OK
1701	     0	73.6	106.2	 839	OK
1702	     0	74.2	105.8	 835	OK
1703	     0	74.6	105.1	 852	OK
1704	     0	71.0	102.7	 847	OK
1705	     0	72.6	104.1	 847	OK
1706	     0	71.9	102.9	 851	OK
1707	     0	73.8	103.7	 854	OK
1708	     0	74.3	104.5	 849	OK
1709	     0	74.5	104.1	 848	OK
1710	     0	72.7	103.1	 849	OK
1711	     0	74.3	104.2	 831	OK
1712	     0	75.7	106.3	 840	OK
1713	     0	71.0	103.3	 866	OK
1714	     0	73.4	105.0	 859	OK
1715	     0	74.0	103.6	 859	OK
1716	     0	74.9	106.1	 868	OK
1717	     0	74.4	106.4	 859	OK
1718	     0	73.5	107.0	 857	OK
1719	     0	74.4	105.7	 852	OK
1720	     0	74.7	106.1	 854	OK
1721	     0	75.2	105.0	 844	OK
1722	     0	72.9	105.6	 875	OK
1723	     0	74.5	107.5	 848	OK
1724	     0	74.4	106.8	 860	OK
1725	     0	73.3	105.0	 847	OK
1726	     0	73.0	103.1	 850	OK
1727	     0	73.7	106.5	 838	OK
1728	     0	75.9	107.3	 857	OK
1729	     0	72.8	104.1	 859	OK
1730	     0	74.5	107.2	 858	OK
1731	     0	73.7	104.9	 848	OK
1732	     0	72.9	105.7	 856	OK
1733	     0	74.0	103.2	 863	OK
1734	     0	71.3	101.7	 850	OK
1735	     0	72.6	102.8	 843	OK
1736	     0	72.9	103.3	 866	OK
1737	     0	73.2	105.0	 851	OK
1738	     0	72.8	104.6	 868	OK
1739	     0	72.0	103.3	 827	OK
1740	     0	71.9	102.7	 872	OK
1741	     0	75.2	106.8	 862	OK
1742	     0	74.4	106.8	 856	OK
1743	     0	73.7	103.5	 839	OK
1744	     0	71.7	102.3	 850	OK
1745	     0	74.2	104.3	 847	OK
1746	     0	72.5	104.0	 843	OK
1747	     0	71.0	102.1	 849	OK
1748	     0	71.4	105.3	 854	OK
1749	     0	70.9	101.9	 847	OK
1750	     0	71.2	100.9	 856	OK
1751	     0	74.8	107.3	 863	OK
1752	     0	74.5	106.8	 864	OK
1753	     0	71.3	102.6	 846	OK
1754	     0	69.8	102.9	 866	OK
1755	     0	72.3	103.6	 826	OK
1756	     0	71.2	103.3	 856	OK
1757	     0	75.5	104.9	 869	OK
1758	     0	73.3	103.9	 865	OK
1759	     0	70.7	103.2	 854	OK
1760	     0	74.8	104.5	 863	OK
1761	     0	72.2	102.7	 866	OK
1762	     0	73.2	104.8	 842	OK
1763	     0	73.9	105.3	 856	OK
1764	     0	74.2	103.8	 854	OK
1765	     0	75.4	105.6	 838	OK
1766	     0	74.1	105.9	 840	OK
1767	     0	73.8	103.7	 856	OK
1768	     0	72.6	103.8	 864	OK
1769	     0	74.0	106.7	 850	OK
1770	     0	73.3	104.6	 852	OK
1771	     0	74.5	105.8	 849	OK
1772	     0	74.5	105.4	 831	OK
1773	     0	74.5	105.5	 872	OK
1774	     0	73.3	102.3	 860	OK
1775	     0	74.6	104.5	 832	OK
1776	     0	73.8	103.0	 858	OK
1777	     0	73.1	104.3	 869	OK
1778	     0	74.0	102.6	 855	OK
1779	     0	74.2	106.8	 858	OK
1780	     0	73.3	103.3	 872	OK
1781	     0	72.8	103.3	 856	OK
1782	     0	70.8	100.7	 861	OK
1783	     0	74.0	103.5	 847	OK
1784	     0	73.5	104.8	 850	OK
1785	     0	74.5	106.0	 856	OK
1786	     0	78.3	107.8	 847	OK
1787	     0	75.8	106.8	 845	OK
1788	     0	77.2	107.4	 854	OK
1789	     0	74.7	105.1	 849	OK
1790	     0	74.8	106.2	 856	OK
1791	     0	75.1	105.9	 856	OK
1792	     0	70.2	101.6	 831	OK
1793	     0	72.1	103.1	 846	OK
1794	     0	69.7	100.5	 840	OK
1795	     0	72.9	105.3	 860	OK
1796	     0	71.5	104.2	 821	OK
1797	     0	70.3	101.7	 854	OK
1798	     0	71.7	103.9	 851	OK
1799	     0	69.8	102.6	 844	OK
1800	     0	70.8	102.9	 845	OK
1801	     0	70.9	101.1	 832	OK
1802	     0	70.0	101.9	 833	OK
1803	     0	70.8	102.0	 839	OK
1804	     0	73.1	105.4	 838	OK
1805	     0	68.3	101.0	 846	OK
1806	     0	71.1	101.4	 869	OK
1807	     0	71.2	103.8	 851	OK
1808	     0	71.1	101.6	 838	OK
1809	     0	76.4	106.8	 829	OK
1810	     0	73.7	103.7	 852	OK
1811	     0	69.3	101.7	 853	OK
1812	     0	69.3	99.6	 840	OK
1813	     0	74.1	104.1	 846	OK
1814	     0	72.6	104.0	 859	OK
1815	     0	72.0	102.8	 852	OK
1816	     0	71.9	101.9	 861	OK
1817	     0	70.3	101.5	 834	OK
1818	     0	70.4	102.5	 860	OK
1819	     0	69.9	101.4	 838	OK
1820	     0	68.7	101.1	 843	OK
1821	     0	73.2	103.6	 846	OK
1822	     0	70.6	99.3	 867	OK
1823	     0	72.0	103.7	 824	OK
1824	     0	70.5	103.5	 869	OK
1825	     0	72.0	103.6	 843	OK
1826	     0	71.0	103.0	 835	OK
1827	     0	71.9	102.4	 841	OK
1828	     0	71.5	102.7	 861	OK
1829	     0	72.0	103.0	 852	OK
1830	     0	70.9	102.9	 866	OK
1831	     0	74.3	103.4	 847	OK
1832	     0	72.2	101.7	 843	OK
1833	     0	70.6	103.1	 855	OK
1834	     0	71.0	101.2	 850	OK
1835	     0	70.2	101.4	 853	OK
1836	     0	69.2	99.4	 844	OK
1837	     0	70.7	102.9	 849	OK
1838	     0	69.6	99.2	 847	OK
1839	     0	70.5	100.5	 861	OK
1840	     0	74.3	106.7	 837	OK
1841	     0	68.4	99.5	 860	OK
1842	     0	70.6	100.3	 848	OK
1843	     0	70.4	103.3	 872	OK
1844	     0	70.0	100.2	 839	OK
1845	     0	72.1	102.6	 861	OK
1846	     0	74.1	105.0	 846	OK
1847	     0	71.0	103.4	 844	OK
1848	     0	71.4	101.4	 845	OK
1849	     0	72.7	105.7	 852	OK
1850	     0	70.1	101.5	 864	OK
1851	     0	72.6	104.0	 876	OK
1852	     0	72.9	103.5	 849	OK
1853	     0	72.2	101.4	 856	OK
1854	     0	74.0	106.8	 855	OK
1855	     0	72.5	105.3	 839	OK
1856	     0	70.6	102.5	 826	OK
1857	     0	75.2	106.8	 850	OK
1858	     0	71.9	101.7	 851	OK
1859	     0	72.9	105.7	 843	OK
1860	     0	71.1	100.4	 852	OK
1861	     0	68.6	100.1	 859	OK
1862	     0	70.6	102.4	 838	OK
1863	     0	70.7	102.7	 858	OK
1864	     0	72.2	104.0	 839	OK
1865	     0	70.0	100.6	 851	OK
1866	     0	72.6	103.6	 845	OK
1867	     0	72.1	102.3	 847	OK
1868	     0	67.7	100.5	 848	OK
1869	     0	73.4	103.2	 834	OK
1870	     0	73.4	103.7	 842	OK
1871	     0	71.9	101.2	 826	OK
1872	     0	71.4	100.5	 844	OK
1873	     0	71.1	100.6	 825	OK
1874	     0	72.0	103.8	 846	OK
1875	     0	71.4	101.7	 847	OK
1876	     0	71.9	102.8	 853	OK
1877	     0	71.3	101.4	 844	OK
1878	     0	73.9	104.8	 838	OK
1879	     0	72.7	105.8	 841	OK
1880	     0	71.1	102.5	 833	OK
1881	     0	71.9	102.3	 859	OK
1882	     0	70.5	100.3	 860	OK
1883	     0	71.6	101.9	 834	OK
1884	     0	72.6	103.9	 840	OK
1885	     0	71.9	103.2	 845	OK
1886	     0	70.7	101.1	 846	OK
1887	     0	72.4	104.6	 835	OK
1888	     0	69.9	99.6	 844	OK
1889	     0	73.0	102.4	 822	OK
1890	     0	71.7	101.9	 848	OK
1891	     0	69.7	100.7	 843	OK
1892	     0	69.1	101.8	 846	OK
1893	     0	74.6	105.8	 850	OK
1894	     0	73.1	104.9	 843	OK
1895	     0	72.4	104.0	 839	OK
1896	     0	72.0	101.2	 839	OK
1897	     0	71.6	103.5	 854	OK
1898	     0	73.4	105.0	 826	OK
1899	     0	71.9	102.3	 834	OK
1900	     0	73.1	104.2	 833	OK
1901	     0	72.4	102.1	 831	OK
1902	     0	73.4	104.8	 835	OK
1903	     0	73.7	105.1	 823	OK
1904	     0	73.6	103.8	 824	OK
1905	     0	72.0	102.5	 812	OK
1906	     0	74.4	103.4	 826	OK
1907	     0	73.4	105.0	 846	OK
1908	     0	72.8	103.9	 846	OK
1909	     0	72.8	103.8	 831	OK
1910	     0	72.1	102.0	 831	OK
1911	     0	73.3	105.2	 851	OK
1912	     0	74.1	103.8	 844	OK
1913	     0	69.7	103.2	 848	OK
1914	     0	73.2	101.7	 835	OK
1915	     0	74.5	104.6	 839	OK
1916	     0	70.5	100.4	 843	OK
1917	     0	72.6	101.8	 835	OK
1918	     0	75.7	107.3	 865	OK
1919	     0	75.8	106.7	 841	OK
1920	     0	75.4	108.3	 853	OK
1921	     0	75.6	109.0	 856	OK
1922	     0	75.9	110.3	 843	OK
1923	     0	72.1	106.1	 816	OK
1924	     0	73.4	104.6	 842	OK
1925	     0	74.6	110.2	 866	OK
1926	     0	75.7	109.3	 838	OK
1927	     0	74.7	107.2	 834	OK
1928	     0	74.3	108.1	 842	OK
1929	     0	73.3	105.7	 837	OK
1930	     0	74.3	108.0	 840	OK
1931	     0	75.5	109.5	 853	OK
1932	     0	73.6	103.9	 824	OK
1933	     0	75.3	108.4	 849	OK
1934	     0	72.3	105.1	 834	OK
1935	     0	72.3	104.6	 835	OK
1936	     0	74.5	103.9	 855	OK
1937	     0	69.6	102.7	 847	OK
1938	     0	71.6	104.7	 859	OK
1939	     0	71.8	103.0	 836	OK
1940	     0	73.5	106.0	 851	OK
1941	     0	72.2	104.7	 821	OK
1942	     0	69.7	102.5	 855	OK
1943	     0	72.6	104.3	 843	OK
1944	     0	72.5	101.6	 856	OK
1945	     0	74.1	103.6	 810	OK
1946	     0	72.6	104.4	 847	OK
1947	     0	73.0	105.6	 839	OK
1948	     0	72.6	105.7	 809	OK
1949	     0	71.2	103.3	 816	OK
1950	     0	73.3	106.0	 844	OK
1951	     0	69.9	103.1	 820	OK
1952	     0	74.0	105.3	 835	OK
1953	     0	72.4	102.6	 824	OK
1954	     0	72.6	104.7	 826	OK
1955	     0	72.2	104.9	 854	OK
1956	     0	70.1	104.6	 842	OK
1957	     0	71.1	102.7	 827	OK
1958	     0	71.5	102.7	 856	OK
1959	     0	70.2	104.6	 828	OK
1960	     0	70.8	104.0	 834	OK
1961	     0	73.5	105.7	 842	OK
1962	     0	72.5	105.8	 820	OK
1963	     0	73.9	106.1	 845	OK
1964	     0	72.0	103.5	 838	OK
1965	     0	72.7	103.9	 838	OK
1966	     0	73.4	105.3	 841	OK
1967	     0	71.6	103.7	 864	OK
1968	     0	71.3	105.4	 835	OK
1969	     0	72.2	106.9	 853	OK
1970	     0	70.1	102.5	 821	OK
1971	     0	69.9	101.5	 820	OK
1972	     0	73.5	106.5	 847	OK
1973	     0	71.5	103.2	 831	OK
1974	     0	69.3	101.9	 817	OK
1975	     0	72.1	103.2	 833	OK
1976	     0	72.4	105.0	 854	OK
1977	     0	74.6	103.8	 841	OK
1978	     0	70.0	101.7	 842	OK
1979	     0	74.1	104.8	 845	OK
1980	     0	70.9	104.7	 852	OK
1981	     0	72.7	104.4	 827	OK
1982	     0	74.1	106.9	 841	OK
1983	     0	74.6	107.5	 855	OK
1984	     0	72.6	104.4	 826	OK
1985	     0	70.3	101.6	 832	OK
1986	     0	68.9	101.8	 830	OK
1987	     0	73.6	108.0	 835	OK
1988	     0	72.5	105.7	 826	OK
1989	     0	70.2	101.1	 809	OK
1990	     0	71.2	103.9	 830	OK
1991	     0	72.1	104.4	 836	OK
1992	     0	67.8	100.2	 824	OK
1993	     0	71.1	103.7	 832	OK
1994	     0	71.8	102.6	 833	OK
1995	     0	69.4	100.2	 830	OK
1996	     0	72.5	105.3	 825	OK
1997	     0	72.0	103.6	 838	OK
1998	     0	69.6	102.3	 839	OK
1999	     0	68.9	102.4	 834	OK
2000	     0	72.6	102.9	 828	OK
2001	     0	73.0	104.5	 823	OK
2002	     0	73.3	104.4	 841	OK
2003	     0	72.3	103.5	 841	OK
2004	     0	72.8	104.4	 834	OK
2005	     0	70.8	101.1	 847	OK
2006	     0	73.7	105.1	 824	OK
2007	     0	72.1	102.5	 829	OK
2008	     0	67.6	98.4	 838	OK
2009	     0	70.5	101.7	 827	OK
2010	     0	71.7	102.0	 828	OK
2011	     0	71.1	102.0	 820	OK
2012	     0	70.3	103.1	 821	OK
2013	     0	70.4	101.1	 838	OK
2014	     0	69.3	100.6	 844	OK
2015	     0	71.8	100.9	 828	OK
2016	     0	71.8	103.9	 821	OK
2017	     0	70.9	104.0	 825	OK
2018	     0	70.4	100.0	 842	OK
2019	     0	70.6	102.4	 838	OK
2020	     0	72.2	104.2	 824	OK
2021	     0	71.6	102.7	 822	OK
2022	     0	71.5	103.2	 813	OK
2023	     0	71.4	103.8	 815	OK
2024	     0	72.5	104.0	 814	OK
2025	     0	70.0	102.3	 818	OK
2026	     0	72.7	103.1	 817	OK
2027	     0	70.4	102.7	 814	OK
2028	     0	70.5	102.2	 808	OK
2029	     0	69.5	101.1	 814	OK
2030	     0	68.4	98.4	 824	OK
2031	     0	73.4	104.2	 801	OK
2032	     0	70.3	100.5	 805	OK
2033	     0	72.6	104.9	 829	OK
2034	     0	72.2	102.2	 828	OK
2035	     0	73.7	106.1	 819	OK
2036	     0	72.4	103.1	 812	OK
2037	     0	71.6	103.5	 837	OK
2038	     0	72.3	102.8	 835	OK
2039	     0	71.7	105.1	 826	OK
2040	     0	72.3	101.6	 841	OK
2041	     0	72.2	100.7	 828	OK
2042	     0	73.4	104.8	 812	OK
2043	     0	72.1	103.9	 840	OK
2044	     0	73.3	104.8	 836	OK
2045	     0	74.1	106.1	 802	OK
2046	     0	73.2	104.9	 820	OK
2047	     0	73.3	104.4	 808	OK
2048	     0	73.4	103.2	 848	OK
2049	     0	72.5	104.6	 869	OK
2050	     0	69.0	101.0	 874	OK
2051	     0	70.0	99.5	 857	OK
2052	     0	73.2	104.3	 845	OK
2053	     0	72.8	102.2	 844	OK
2054	     0	69.5	100.2	 844	OK
2055	     0	70.8	100.7	 854	OK
2056	     0	72.3	103.1	 852	OK
2057	     0	71.1	100.4	 860	OK
2058	     0	68.7	100.3	 857	OK
2059	     0	69.8	101.0	 853	OK
2060	     0	72.0	102.2	 848	OK
2061	     0	68.0	99.1	 835	OK
2062	     0	69.8	101.8	 856	OK
2063	     0	69.7	102.0	 843	OK
2064	     0	73.4	104.7	 853	OK
2065	     0	69.3	100.2	 851	OK
2066	     0	70.6	100.0	 857	OK
2067	     0	70.0	100.5	 875	OK
2068	     0	71.7	101.8	 866	OK
2069	     0	67.0	98.7	 860	OK
2070	     0	71.5	102.0	 859	OK
2071	     0	72.7	105.3	 848	OK
2072	     0	70.7	99.7	 836	OK
2073	     0	70.1	101.5	 848	OK
2074	     0	70.9	102.6	 875	OK
2075	     0	69.9	101.5	 846	OK
2076	     0	69.9	101.3	 863	OK
2077	     0	70.9	100.6	 861	OK
2078	     0	67.7	98.2	 859	OK
2079	     0	66.6	98.3	 866	OK
2080	     0	68.9	100.1	 850	OK
2081	     0	70.6	102.6	 830	OK
2082	     0	70.7	102.3	 859	OK
2083	     0	71.0	101.6	 863	OK
2084	     0	69.1	100.1	 854	OK
2085	     0	69.7	99.1	 844	OK
2086	     0	70.0	101.1	 854	OK
2087	     0	71.1	102.9	 855	OK
2088	     0	70.6	101.5	 845	OK
2089	     0	68.5	101.9	 837	OK
2090	     0	68.4	97.6	 864	OK
2091	     0	70.6	100.6	 874	OK
2092	     0	69.9	101.4	 873	OK
2093	     0	69.9	100.9	 870	OK
2094	     0	70.6	102.2	 851	OK
2095	     0	69.3	99.2	 870	OK
2096	     0	70.5	100.8	 850	OK
2097	     0	71.1	102.2	 874	OK
2098	     0	70.2	100.6	 878	OK
2099	     0	70.4	98.8	 857	OK
2100	     0	69.5	100.4	 880	OK
2101	     0	70.1	100.2	 860	OK
2102	     0	69.6	102.3	 855	OK
2103	     0	73.2	103.0	 859	OK
2104	     0	68.2	97.2	 872	OK
2105	     0	67.6	99.7	 875	OK
2106	     0	69.1	99.6	 883	OK
2107	     0	71.5	102.4	 858	OK
2108	     0	71.5	100.7	 856	OK
2109	     0	69.3	101.1	 850	OK
2110	     0	70.2	102.4	 873	OK
2111	     0	72.4	102.3	 857	OK
2112	     0	72.2	103.1	 856	OK
2113	     0	69.3	101.3	 867	OK
2114	     0	69.0	101.5	 888	OK
2115	     0	68.9	99.0	 852	OK
2116	     0	69.1	101.8	 867	OK
2117	     0	69.3	100.6	 849	OK
2118	     0	73.3	105.8	 856	OK
2119	     0	69.9	100.5	 881	OK
2120	     0	70.8	103.9	 877	OK
2121	     0	69.0	101.2	 874	OK
2122	     0	71.2	103.4	 879	OK
2123	     0	69.6	99.4	 865	OK
2124	     0	72.3	101.8	 867	OK
2125	     0	69.4	99.4	 839	OK
2126	     0	70.8	101.6	 862	OK
2127	     0	71.2	103.2	 861	OK
2128	     0	71.1	103.2	 873	OK
2129	     0	70.9	101.1	 879	OK
2130	     0	72.0	103.4	 880	OK
2131	     0	71.4	101.4	 881	OK
2132	     0	69.9	102.4	 858	OK
2133	     0	70.0	98.9	 892	OK
2134	     0	69.0	99.2	 869	OK
2135	     0	70.6	102.5	 886	OK
2136	     0	71.1	100.7	 864	OK
2137	     0	70.2	100.4	 870	OK
2138	     0	72.6	106.2	 863	OK
2139	     0	70.0	102.1	 861	OK
2140	     0	72.3	102.8	 864	OK
2141	     0	70.0	101.4	 869	OK
2142	     0	71.2	103.3	 866	OK
2143	   200	75.9	106.5	 875	high gain
2144	     0	70.4	101.2	 878	OK
2145	     0	72.4	103.4	 848	OK
2146	     0	69.2	101.5	 868	OK
2147	     0	69.0	100.5	 866	OK
2148	     0	71.2	103.0	 876	OK
2149	     0	67.1	99.5	 854	OK
2150	     0	71.5	102.0	 860	OK
2151	     0	70.5	100.4	 861	OK
2152	     0	69.9	100.1	 861	OK
2153	     0	71.9	101.6	 851	OK
2154	     0	70.7	103.5	 886	OK
2155	     0	70.9	102.0	 861	OK
2156	     0	69.9	100.5	 873	OK
2157	     0	71.5	103.6	 883	OK
2158	     0	70.5	101.0	 853	OK
2159	     0	70.8	102.8	 863	OK
2160	     0	72.9	103.1	 864	OK
2161	     0	69.8	101.6	 860	OK
2162	     0	70.3	100.4	 874	OK
2163	     0	71.9	102.2	 863	OK
2164	     0	71.8	100.3	 863	OK
2165	     0	72.9	104.4	 868	OK
2166	     0	71.5	101.1	 866	OK
2167	     0	68.2	100.1	 861	OK
2168	   200	76.4	106.5	 865	high gain
2169	     0	71.7	104.2	 854	OK
2170	     0	70.9	100.0	 859	OK
2171	     0	72.8	105.1	 861	OK
2172	     0	72.6	104.2	 859	OK
2173	     0	71.3	102.8	 863	OK
2174	     0	71.9	102.9	 863	OK
2175	     0	71.4	102.4	 862	OK
2176	     0	75.3	105.4	 863	OK
2177	     0	74.3	105.7	 837	OK
2178	     0	75.2	106.2	 835	OK
2179	     0	74.6	104.1	 861	OK
2180	     0	76.8	108.1	 868	OK
2181	     0	74.2	104.4	 855	OK
2182	     0	74.5	105.0	 863	OK
2183	     0	74.4	105.3	 853	OK
2184	     0	74.5	106.8	 864	OK
2185	     0	72.3	102.5	 866	OK
2186	     0	75.4	106.5	 849	OK
2187	     0	77.5	108.6	 876	OK
2188	     0	75.6	106.6	 868	OK
2189	     0	72.8	103.7	 836	OK
2190	     0	74.0	105.8	 844	OK
2191	     0	75.4	105.5	 860	OK
2192	     0	75.9	108.8	 858	OK
2193	     0	74.7	107.5	 851	OK
2194	     0	71.3	104.9	 872	OK
2195	     0	74.6	107.6	 847	OK
2196	     0	73.7	106.2	 853	OK
2197	     0	75.6	109.3	 845	OK
2198	     0	72.2	103.7	 849	OK
2199	     0	72.1	104.7	 861	OK
2200	     0	72.6	103.1	 851	OK
2201	     0	76.1	106.2	 856	OK
2202	     0	72.7	104.9	 866	OK
2203	     0	71.0	101.7	 856	OK
2204	     0	73.8	106.7	 856	OK
2205	     0	73.7	106.2	 854	OK
2206	     0	72.3	101.1	 866	OK
2207	     0	71.2	103.1	 865	OK
2208	     0	72.0	105.6	 849	OK
2209	     0	73.3	106.5	 859	OK
2210	     0	72.7	101.8	 875	OK
2211	     0	75.8	107.7	 871	OK
2212	     0	74.9	105.0	 851	OK
2213	     0	72.0	102.1	 845	OK
2214	     0	75.4	105.9	 862	OK
2215	     0	73.7	105.8	 863	OK
2216	     0	71.8	104.6	 864	OK
2217	     0	75.1	105.2	 849	OK
2218	     0	76.0	106.5	 864	OK
2219	     0	74.0	105.7	 861	OK
2220	     0	72.0	102.8	 858	OK
2221	     0	73.8	106.6	 850	OK
2222	     0	71.8	103.7	 876	OK
2223	     0	74.6	104.5	 860	OK
2224	     0	72.4	102.8	 870	OK
2225	     0	73.1	103.9	 839	OK
2226	     0	76.0	105.5	 856	OK
2227	     0	76.2	106.8	 861	OK
2228	     0	74.0	104.4	 866	OK
2229	     0	75.4	105.6	 866	OK
2230	     0	75.6	107.6	 855	OK
2231	     0	75.2	108.4	 870	OK
2232	     0	73.8	103.4	 849	OK
2233	     0	73.0	105.2	 871	OK
2234	     0	75.1	106.1	 872	OK
2235	     0	73.0	104.7	 855	OK
2236	     0	75.3	106.5	 866	OK
2237	     0	71.7	103.7	 874	OK
2238	     0	71.8	101.7	 858	OK
2239	     0	75.4	107.6	 854	OK
2240	     0	76.4	107.1	 854	OK
2241	     0	74.3	106.1	 859	OK
2242	     0	78.5	108.6	 867	OK
2243	     0	78.0	110.1	 855	OK
2244	     0	73.0	105.0	 845	OK
2245	     0	73.7	105.6	 838	OK
2246	     0	74.9	104.9	 857	OK
2247	     0	76.6	111.2	 880	OK
2248	     0	75.3	107.6	 874	OK
2249	     0	75.8	109.1	 857	OK
2250	     0	78.5	110.2	 832	OK
2251	     0	76.3	107.0	 847	OK
2252	     0	75.0	107.2	 849	OK
2253	     0	75.6	109.3	 870	OK
2254	     0	74.7	105.7	 863	OK
2255	     0	76.3	106.9	 855	OK
2256	     0	75.4	107.3	 842	OK
2257	     0	74.9	106.6	 861	OK
2258	     0	73.1	105.4	 874	OK
2259	     0	72.3	103.5	 845	OK
2260	     0	73.8	105.2	 867	OK
2261	     0	74.8	107.1	 852	OK
2262	     0	72.4	101.7	 838	OK
2263	     0	75.3	106.2	 840	OK
2264	     0	73.2	105.9	 858	OK
2265	     0	75.3	106.5	 839	OK
2266	     0	73.7	104.0	 877	OK
2267	     0	76.2	111.9	 850	OK
2268	     0	74.7	105.7	 849	OK
2269	     0	73.6	106.5	 868	OK
2270	     0	73.9	107.3	 855	OK
2271	     0	73.8	103.5	 851	OK
2272	     0	77.4	106.0	 860	OK
2273	     0	77.5	108.8	 846	OK
2274	     0	74.0	106.7	 869	OK
2275	     0	75.4	107.0	 837	OK
2276	     0	74.3	104.5	 836	OK
2277	     0	75.9	105.8	 850	OK
2278	     0	76.1	107.0	 838	OK
2279	     0	74.5	105.9	 848	OK
2280	     0	74.7	107.7	 841	OK
2281	     0	72.3	104.8	 821	OK
2282	     0	75.6	105.7	 833	OK
2283	     0	74.5	107.0	 834	OK
2284	     0	75.7	108.1	 848	OK
2285	     0	74.6	105.7	 855	OK
2286	     0	76.0	105.6	 823	OK
2287	     0	74.0	106.8	 855	OK
2288	     0	77.0	109.1	 853	OK
2289	   200	81.2	109.6	 857	high gain
2290	     0	76.0	107.5	 855	OK
2291	     0	75.9	107.0	 849	OK
2292	     0	77.1	109.4	 831	OK
2293	     0	76.1	108.3	 850	OK
2294	     0	75.6	108.1	 849	OK
2295	     0	75.1	105.6	 834	OK
2296	     0	78.8	109.6	 855	OK
2297	     0	77.0	108.0	 836	OK
2298	     0	75.5	107.0	 845	OK
2299	     0	76.4	106.6	 847	OK
2300	     0	76.7	109.0	 856	OK
2301	     0	78.7	110.3	 859	OK
2302	     0	76.6	108.1	 848	OK
2303	     0	77.0	108.7	 849	OK
2304	     0	73.1	104.6	 887	OK
2305	     0	71.4	101.7	 901	OK
2306	     0	70.5	101.0	 918	OK
2307	     0	67.6	98.7	 905	OK
2308	     0	72.7	102.5	 868	OK
2309	     0	68.2	100.3	 891	OK
2310	     0	68.1	100.2	 905	OK
2311	     0	68.6	99.7	 882	OK
2312	     0	69.6	99.3	 897	OK
2313	     0	70.3	101.2	 916	OK
2314	     0	70.1	99.3	 894	OK
2315	     0	67.9	97.8	 890	OK
2316	     0	69.9	104.4	 912	OK
2317	     0	71.3	102.7	 879	OK
2318	     0	71.4	103.5	 887	OK
2319	     0	68.7	100.1	 881	OK
2320	     0	68.6	98.0	 854	OK
2321	     0	70.6	100.3	 868	OK
2322	     0	67.8	99.1	 891	OK
2323	     0	70.4	100.4	 878	OK
2324	     0	71.1	100.1	 890	OK
2325	     0	72.7	102.2	 876	OK
2326	     0	69.1	98.3	 876	OK
2327	     0	72.3	102.5	 886	OK
2328	     0	71.1	100.2	 904	OK
2329	     0	68.5	100.1	 882	OK
2330	     0	68.1	98.1	 882	OK
2331	     0	71.3	103.0	 887	OK
2332	     0	71.7	100.9	 898	OK
2333	     0	69.3	100.9	 884	OK
2334	     0	69.2	99.0	 893	OK
2335	     0	69.3	100.2	 877	OK
2336	     0	72.0	102.0	 897	OK
2337	     0	71.2	103.1	 886	OK
2338	     0	69.6	100.4	 905	OK
2339	     0	70.7	102.9	 893	OK
2340	     0	70.1	98.9	 898	OK
2341	     0	68.8	99.1	 898	OK
2342	     0	68.8	99.8	 896	OK
2343	     0	72.2	101.8	 880	OK
2344	     0	68.0	100.9	 902	OK
2345	     0	71.7	102.0	 905	OK
2346	     0	69.9	101.8	 897	OK
2347	     0	70.7	100.3	 896	OK
2348	     0	70.6	99.0	 895	OK
2349	     0	69.6	99.2	 894	OK
2350	     0	69.7	99.1	 906	OK
2351	     0	69.8	98.8	 893	OK
2352	     0	70.2	101.7	 909	OK
2353	     0	70.4	101.6	 884	OK
2354	     0	72.0	103.7	 907	OK
2355	     0	68.9	99.6	 908	OK
2356	     0	70.4	101.4	 900	OK
2357	     0	71.7	103.1	 907	OK
2358	     0	69.3	100.8	 887	OK
2359	     0	68.8	100.7	 913	OK
2360	     0	71.6	102.3	 911	OK
2361	     0	69.4	99.3	 897	OK
2362	     0	72.6	101.5	 910	OK
2363	     0	71.0	100.6	 890	OK
2364	     0	72.1	101.7	 914	OK
2365	     0	70.1	99.7	 923	OK
2366	     0	68.8	100.5	 906	OK
2367	     0	71.5	103.8	 873	OK
2368	     0	69.1	100.0	 885	OK
2369	     0	70.1	102.6	 911	OK
2370	     0	68.5	99.2	 917	OK
2371	     0	68.8	97.1	 903	OK
2372	     0	69.9	99.6	 918	OK
2373	     0	69.6	100.5	 887	OK
2374	     0	70.1	101.5	 908	OK
2375	     0	69.2	98.0	 901	OK
2376	     0	72.2	103.0	 897	OK
2377	     0	70.0	100.0	 909	OK
2378	     0	70.3	101.2	 889	OK
2379	     0	69.6	102.9	 900	OK
2380	     0	69.8	102.0	 880	OK
2381	     0	70.5	99.9	 890	OK
2382	     0	68.7	98.9	 918	OK
2383	     0	69.6	100.2	 874	OK
2384	     0	68.8	99.1	 893	OK
2385	     0	68.0	98.0	 895	OK
2386	     0	68.2	99.1	 893	OK
2387	     0	68.5	98.8	 905	OK
2388	     0	68.3	96.4	 918	OK
2389	     0	70.1	100.9	 910	OK
2390	     0	70.5	100.9	 897	OK
2391	     0	67.3	98.4	 904	OK
2392	     0	68.2	99.1	 915	OK
2393	     0	67.1	98.7	 890	OK
2394	     0	67.8	99.7	 908	OK
2395	     0	69.9	100.8	 888	OK
2396	     0	69.1	99.3	 893	OK
2397	     0	68.6	99.3	 892	OK
2398	     0	70.1	99.6	 911	OK
2399	     0	70.1	102.5	 879	OK
2400	     0	71.3	100.8	 908	OK
2401	     0	73.2	103.9	 907	OK
2402	     0	71.5	102.1	 899	OK
2403	     0	71.2	101.3	 904	OK
2404	     0	68.6	98.4	 886	OK
2405	     0	68.0	100.4	 876	OK
2406	     0	71.6	100.9	 897	OK
2407	     0	69.5	101.1	 912	OK
2408	     0	70.2	100.8	 881	OK
2409	     0	70.5	103.3	 879	OK
2410	     0	67.8	98.2	 895	OK
2411	     0	68.8	100.4	 887	OK
2412	     0	70.4	102.3	 919	OK
2413	     0	72.3	102.5	 883	OK
2414	     0	70.7	100.5	 890	OK
2415	     0	68.2	99.7	 888	OK
2416	     0	69.1	98.3	 905	OK
2417	     0	70.5	100.5	 902	OK
2418	     0	69.2	101.6	 905	OK
2419	     0	71.5	100.5	 919	OK
2420	     0	69.0	98.2	 910	OK
2421	     0	71.8	102.4	 896	OK
2422	     0	71.1	104.0	 897	OK
2423	     0	67.7	96.6	 881	OK
2424	     0	67.2	98.2	 915	OK
2425	     0	68.6	97.7	 876	OK
2426	     0	69.3	100.9	 890	OK
2427	     0	72.8	101.5	 890	OK
2428	     0	71.2	102.2	 889	OK
2429	     0	69.9	100.6	 898	OK
2430	     0	72.4	102.5	 872	OK
2431	     0	73.4	104.3	 879	OK
2432	     0	76.0	106.0	 890	OK
2433	     0	76.0	105.7	 885	OK
2434	     0	74.3	104.4	 898	OK
2435	     0	74.0	104.7	 893	OK
2436	     0	73.4	106.2	 903	OK
2437	     0	75.1	106.6	 894	OK
2438	     0	75.9	108.9	 901	OK
2439	     0	75.7	105.3	 856	OK
2440	     0	76.6	106.2	 888	OK
2441	     0	72.9	101.7	 894	OK
2442	     0	73.9	102.9	 887	OK
2443	     0	77.5	106.8	 871	OK
2444	     0	71.6	100.6	 869	OK
2445	     0	73.4	104.4	 891	OK
2446	     0	75.6	107.2	 882	OK
2447	     0	74.1	102.7	 880	OK
2448	     0	72.3	105.2	 872	OK
2449	     0	73.5	104.1	 880	OK
2450	     0	77.0	107.1	 878	OK
2451	     0	73.7	102.5	 875	OK
2452	     0	75.6	104.4	 875	OK
2453	     0	75.3	106.6	 879	OK
2454	     0	74.6	105.1	 875	OK
2455	     0	74.0	104.5	 882	OK
2456	     0	73.0	104.3	 876	OK
2457	     0	73.1	106.3	 899	OK
2458	     0	72.2	104.0	 881	OK
2459	     0	73.6	104.6	 891	OK
2460	     0	74.4	105.7	 885	OK
2461	     0	73.5	102.2	 891	OK
2462	     0	74.8	104.8	 876	OK
2463	     0	73.1	105.5	 890	OK
2464	     0	73.3	102.7	 905	OK
2465	     0	74.1	105.5	 891	OK
2466	     0	74.1	105.6	 879	OK
2467	     0	74.0	105.0	 893	OK
2468	     0	73.3	104.7	 886	OK
2469	     0	75.2	103.7	 863	OK
2470	     0	74.9	106.1	 856	OK
2471	     0	74.9	105.9	 883	OK
2472	     0	73.8	103.5	 888	OK
2473	     0	72.3	102.5	 891	OK
2474	     0	74.5	103.3	 894	OK
2475	     0	74.8	103.5	 875	OK
2476	     0	74.7	104.8	 882	OK
2477	     0	74.5	106.2	 877	OK
2478	     0	74.5	104.7	 906	OK
2479	     0	73.1	102.8	 874	OK
2480	     0	72.6	106.1	 872	OK
2481	     0	74.1	104.0	 883	OK
2482	     0	70.5	100.4	 881	OK
2483	     0	73.7	104.5	 885	OK
2484	     0	74.9	105.7	 874	OK
2485	     0	73.9	105.8	 905	OK
2486	     0	74.8	103.7	 885	OK
2487	     0	75.6	105.5	 894	OK
2488	     0	74.1	105.6	 871	OK
2489	     0	76.5	106.7	 883	OK
2490	     0	74.1	105.1	 887	OK
2491	     0	76.0	106.7	 889	OK
2492	     0	75.4	105.1	 886	OK
2493	     0	74.6	105.0	 866	OK
2494	     0	76.9	108.7	 889	OK
2495	     0	76.5	107.7	 857	OK
2496	     0	76.2	105.6	 893	OK
2497	     0	74.1	107.5	 892	OK
2498	     0	75.3	104.4	 863	OK
2499	     0	71.7	103.1	 864	OK
2500	     0	73.2	102.9	 883	OK
2501	     0	75.3	104.8	 883	OK
2502	     0	73.8	105.6	 898	OK
2503	     0	74.1	105.3	 899	OK
2504	     0	75.2	105.3	 877	OK
2505	     0	76.4	106.2	 889	OK
2506	     0	75.4	106.8	 888	OK
2507	     0	74.6	106.5	 883	OK
2508	     0	75.9	105.6	 888	OK
2509	     0	73.9	105.8	 897	OK
2510	     0	75.9	106.5	 872	OK
2511	     0	73.5	102.1	 886	OK
2512	     0	76.1	105.2	 864	OK
2513	     0	74.5	103.6	 895	OK
2514	     0	73.9	105.6	 881	OK
2515	     0	74.9	105.2	 887	OK
2516	     0	75.0	106.1	 890	OK
2517	     0	74.2	104.3	 873	OK
2518	     0	74.8	106.9	 861	OK
2519	     0	74.7	104.1	 893	OK
2520	     0	74.1	103.9	 895	OK
2521	     0	74.0	104.9	 883	OK
2522	     0	72.3	103.1	 875	OK
2523	     0	73.3	106.0	 878	OK
2524	     0	72.2	102.7	 860	OK
2525	     0	74.9	107.0	 850	OK
2526	     0	73.8	102.9	 880	OK
2527	     0	72.2	104.7	 865	OK
2528	     0	74.2	105.3	 878	OK
2529	     0	74.8	106.9	 866	OK
2530	     0	74.5	103.1	 876	OK
2531	     0	74.7	103.7	 854	OK
2532	     0	76.4	109.6	 871	OK
2533	     0	74.0	103.7	 860	OK
2534	     0	74.0	103.8	 882	OK
2535	     0	73.5	105.9	 880	OK
2536	     0	71.3	101.8	 879	OK
2537	     0	75.7	108.0	 866	OK
2538	     0	74.5	105.0	 864	OK
2539	     0	76.8	104.5	 863	OK
2540	     0	74.3	106.4	 862	OK
2541	     0	75.1	104.8	 866	OK
2542	     0	74.7	106.1	 869	OK
2543	     0	75.1	104.3	 873	OK
2544	     0	72.6	102.7	 855	OK
2545	     0	74.1	106.2	 866	OK
2546	     0	75.0	106.6	 863	OK
2547	     0	77.7	105.9	 859	OK
2548	     0	76.0	107.2	 874	OK
2549	     0	75.4	107.5	 880	OK
2550	     0	74.9	105.2	 892	OK
2551	     0	76.2	106.0	 862	OK
2552	     0	74.9	105.3	 878	OK
2553	     0	75.8	104.2	 880	OK
2554	     0	74.3	102.9	 888	OK
2555	     0	72.6	105.8	 861	OK
2556	     0	76.6	107.2	 865	OK
2557	     0	76.6	106.5	 882	OK
2558	     0	78.3	108.3	 871	OK
2559	   200	80.9	108.5	 881	high gain
