#chan	code	gain	vt50	innse	comment
   0	     0	89.9	166.6	 759	OK
   1	     0	83.9	157.1	 748	OK
   2	     0	82.5	154.5	 751	OK
   3	     0	86.9	162.2	 743	OK
   4	     0	85.5	162.1	 747	OK
   5	     0	86.4	158.6	 727	OK
   6	     0	84.6	156.9	 767	OK
   7	     0	83.5	156.6	 772	OK
   8	     0	87.8	163.6	 760	OK
   9	     0	82.9	156.9	 741	OK
  10	     0	82.8	154.5	 765	OK
  11	     0	85.3	160.4	 752	OK
  12	     0	85.9	161.0	 778	OK
  13	     0	85.3	162.0	 780	OK
  14	     0	82.2	155.9	 793	OK
  15	     0	84.4	159.6	 808	OK
  16	     0	83.7	157.9	 806	OK
  17	     0	82.5	155.0	 819	OK
  18	     0	85.2	159.5	 816	OK
  19	     0	84.9	157.9	 816	OK
  20	     0	85.5	159.4	 842	OK
  21	     0	86.7	161.2	 820	OK
  22	     0	85.6	160.1	 839	OK
  23	     0	84.9	155.7	 828	OK
  24	     0	86.4	159.2	 834	OK
  25	     0	86.6	164.1	 821	OK
  26	     0	86.9	160.4	 850	OK
  27	     0	85.2	157.6	 826	OK
  28	     0	82.4	155.5	 821	OK
  29	     0	83.5	154.5	 841	OK
  30	     0	82.4	153.2	 847	OK
  31	     0	84.1	158.3	 836	OK
  32	     0	82.9	156.0	 840	OK
  33	     0	84.1	157.4	 828	OK
  34	     0	86.4	158.6	 838	OK
  35	     0	85.1	156.0	 832	OK
  36	     0	84.3	155.7	 836	OK
  37	     0	83.8	155.1	 839	OK
  38	     0	82.8	155.1	 830	OK
  39	     0	85.9	161.2	 847	OK
  40	     0	88.5	164.8	 840	OK
  41	     0	84.2	160.0	 869	OK
  42	     0	84.6	158.3	 828	OK
  43	     0	84.1	155.3	 850	OK
  44	     0	82.6	155.0	 843	OK
  45	     0	86.1	159.7	 838	OK
  46	     0	85.4	156.5	 836	OK
  47	     0	84.4	156.2	 843	OK
  48	     0	84.0	156.4	 860	OK
  49	     0	82.7	153.6	 839	OK
  50	     0	85.2	159.1	 852	OK
  51	     0	84.8	157.3	 858	OK
  52	     0	83.2	155.7	 849	OK
  53	     0	87.5	164.3	 851	OK
  54	     0	85.2	157.6	 847	OK
  55	     0	86.6	162.2	 861	OK
  56	     0	82.0	154.0	 847	OK
  57	     0	86.5	160.6	 846	OK
  58	     0	81.9	152.3	 863	OK
  59	     0	81.5	153.0	 851	OK
  60	     0	85.0	157.4	 877	OK
  61	     0	84.5	157.2	 861	OK
  62	     0	84.3	155.4	 852	OK
  63	     0	84.4	156.5	 831	OK
  64	     0	87.2	162.2	 865	OK
  65	     0	83.3	155.4	 859	OK
  66	     0	87.0	160.9	 855	OK
  67	     0	84.5	158.9	 856	OK
  68	     0	83.7	159.4	 857	OK
  69	     0	81.3	153.8	 862	OK
  70	     0	85.1	160.4	 843	OK
  71	     0	82.7	153.0	 868	OK
  72	     0	82.4	156.0	 862	OK
  73	     0	82.8	153.8	 849	OK
  74	     0	85.3	160.9	 848	OK
  75	     0	83.5	153.8	 848	OK
  76	     0	82.6	154.3	 857	OK
  77	     0	83.4	155.7	 873	OK
  78	     0	84.3	155.3	 862	OK
  79	     0	83.6	154.6	 857	OK
  80	     0	83.7	157.6	 858	OK
  81	     0	82.5	154.6	 874	OK
  82	     0	80.0	152.2	 861	OK
  83	     0	84.9	157.7	 848	OK
  84	     0	82.0	152.1	 872	OK
  85	     0	83.0	155.6	 843	OK
  86	     0	83.0	156.3	 859	OK
  87	     0	84.0	156.5	 847	OK
  88	     0	86.3	158.5	 846	OK
  89	     0	82.9	153.6	 853	OK
  90	     0	81.8	152.1	 861	OK
  91	     0	84.8	156.6	 856	OK
  92	     0	83.0	152.9	 839	OK
  93	     0	83.9	156.2	 858	OK
  94	     0	83.3	156.0	 841	OK
  95	     0	83.8	159.2	 862	OK
  96	     0	83.2	153.4	 852	OK
  97	     0	82.0	151.8	 848	OK
  98	     0	82.9	153.6	 868	OK
  99	     0	83.6	153.1	 861	OK
 100	     0	84.4	158.6	 849	OK
 101	     0	84.7	156.9	 835	OK
 102	     0	86.4	161.5	 859	OK
 103	     0	84.4	156.8	 865	OK
 104	     0	86.4	161.3	 832	OK
 105	     0	86.7	160.5	 853	OK
 106	     0	86.9	158.9	 862	OK
 107	     0	84.6	157.2	 850	OK
 108	     0	86.3	157.6	 869	OK
 109	     0	84.2	156.1	 858	OK
 110	     0	84.5	157.6	 864	OK
 111	     0	79.7	148.9	 848	OK
 112	     0	82.9	154.7	 881	OK
 113	     0	81.1	153.0	 877	OK
 114	     0	83.3	154.6	 865	OK
 115	     0	81.5	154.6	 853	OK
 116	     0	84.1	155.7	 845	OK
 117	     0	84.6	157.3	 873	OK
 118	     0	82.7	153.1	 855	OK
 119	     0	83.2	155.6	 878	OK
 120	     0	84.9	158.4	 869	OK
 121	     0	84.8	156.3	 883	OK
 122	     0	83.6	155.3	 868	OK
 123	     0	84.9	160.0	 881	OK
 124	     0	84.6	155.6	 870	OK
 125	     0	81.9	153.4	 872	OK
 126	     0	81.6	153.6	 861	OK
 127	     0	82.1	153.7	 854	OK
 128	     0	84.1	154.3	 870	OK
 129	     0	84.1	157.1	 886	OK
 130	     0	82.8	153.9	 859	OK
 131	     0	81.7	150.6	 873	OK
 132	     0	82.9	152.0	 865	OK
 133	     0	83.4	154.2	 845	OK
 134	     0	82.7	152.9	 848	OK
 135	     0	82.6	151.0	 885	OK
 136	     0	83.6	157.5	 857	OK
 137	     0	83.9	156.3	 856	OK
 138	     0	85.0	159.0	 852	OK
 139	     0	83.9	155.1	 860	OK
 140	     0	81.6	149.7	 860	OK
 141	     0	83.3	156.7	 867	OK
 142	     0	83.3	154.2	 856	OK
 143	     0	83.6	156.0	 855	OK
 144	     0	85.4	157.0	 844	OK
 145	     0	82.9	154.7	 857	OK
 146	     0	80.5	151.0	 844	OK
 147	     0	83.0	155.6	 851	OK
 148	     0	84.8	157.5	 842	OK
 149	     0	82.0	152.3	 841	OK
 150	     0	82.2	152.3	 846	OK
 151	     0	86.5	161.8	 840	OK
 152	     0	83.3	153.1	 854	OK
 153	     0	84.8	155.0	 847	OK
 154	     0	82.1	152.1	 860	OK
 155	     0	81.6	153.1	 843	OK
 156	     0	82.4	151.5	 850	OK
 157	     0	83.4	153.3	 845	OK
 158	     0	81.9	152.8	 843	OK
 159	     0	83.9	154.7	 853	OK
 160	     0	82.0	152.8	 840	OK
 161	     0	81.7	151.4	 860	OK
 162	     0	80.7	149.3	 834	OK
 163	     0	82.5	155.2	 843	OK
 164	     0	83.0	153.5	 844	OK
 165	     0	80.6	149.9	 856	OK
 166	     0	83.0	155.1	 840	OK
 167	     0	82.3	153.2	 842	OK
 168	     0	85.3	157.8	 828	OK
 169	     0	85.9	157.6	 814	OK
 170	     0	86.0	159.4	 820	OK
 171	     0	83.0	156.2	 838	OK
 172	     0	82.3	154.7	 832	OK
 173	     0	85.3	157.5	 843	OK
 174	     0	81.7	150.8	 834	OK
 175	     0	83.1	153.6	 824	OK
 176	     0	84.0	156.5	 850	OK
 177	     0	84.0	157.0	 838	OK
 178	     0	81.4	150.0	 832	OK
 179	     0	80.9	150.5	 814	OK
 180	     0	85.3	160.1	 840	OK
 181	     0	83.7	156.4	 822	OK
 182	     0	86.6	162.2	 828	OK
 183	     0	84.3	155.4	 824	OK
 184	     0	84.2	157.5	 833	OK
 185	     0	82.5	153.1	 813	OK
 186	     0	82.5	152.2	 811	OK
 187	     0	87.1	161.5	 821	OK
 188	     0	84.0	154.2	 849	OK
 189	     0	82.4	155.1	 854	OK
 190	     0	85.7	157.3	 823	OK
 191	     0	84.8	157.4	 825	OK
 192	     0	83.7	155.8	 817	OK
 193	     0	84.9	156.2	 829	OK
 194	     0	83.1	155.9	 823	OK
 195	     0	83.7	154.4	 823	OK
 196	     0	81.9	153.4	 805	OK
 197	     0	82.3	152.1	 805	OK
 198	     0	84.3	156.8	 827	OK
 199	     0	86.6	159.2	 836	OK
 200	     0	84.7	156.4	 799	OK
 201	     0	83.6	154.8	 826	OK
 202	     0	84.9	157.0	 829	OK
 203	     0	83.4	155.2	 807	OK
 204	     0	85.3	158.4	 809	OK
 205	     0	83.2	155.2	 821	OK
 206	     0	81.3	152.9	 809	OK
 207	     0	82.5	154.9	 826	OK
 208	     0	83.1	154.1	 824	OK
 209	     0	83.5	156.0	 816	OK
 210	     0	81.8	152.8	 825	OK
 211	     0	85.7	157.7	 816	OK
 212	     0	84.9	155.2	 808	OK
 213	     0	82.0	151.3	 832	OK
 214	     0	81.9	150.7	 825	OK
 215	     0	83.1	153.6	 803	OK
 216	     0	82.8	153.9	 821	OK
 217	     0	81.8	153.0	 814	OK
 218	     0	84.7	156.3	 821	OK
 219	     0	85.2	155.9	 810	OK
 220	     0	84.7	154.7	 833	OK
 221	     0	83.2	154.5	 819	OK
 222	     0	85.2	158.6	 810	OK
 223	     0	82.7	153.0	 810	OK
 224	     0	82.9	155.4	 808	OK
 225	     0	82.2	150.8	 824	OK
 226	     0	82.3	150.0	 816	OK
 227	     0	82.9	153.8	 838	OK
 228	     0	82.1	154.7	 825	OK
 229	     0	84.0	154.4	 827	OK
 230	     0	84.5	156.6	 843	OK
 231	     0	83.5	155.1	 844	OK
 232	     0	83.7	156.0	 823	OK
 233	     0	85.2	158.8	 834	OK
 234	     0	84.5	155.8	 809	OK
 235	     0	84.7	159.2	 837	OK
 236	     0	82.8	151.6	 831	OK
 237	     0	81.0	154.1	 825	OK
 238	     0	82.3	154.5	 819	OK
 239	     0	84.7	154.8	 843	OK
 240	     0	84.0	155.8	 844	OK
 241	     0	83.7	153.9	 829	OK
 242	     0	84.5	157.1	 832	OK
 243	     0	84.1	155.5	 830	OK
 244	     0	82.8	153.7	 828	OK
 245	     0	80.4	151.8	 838	OK
 246	     0	83.0	152.9	 818	OK
 247	     0	82.0	151.3	 831	OK
 248	     0	82.7	153.9	 837	OK
 249	     0	87.7	159.1	 835	OK
 250	     0	86.1	158.5	 833	OK
 251	     0	82.5	154.6	 848	OK
 252	     0	85.9	161.2	 832	OK
 253	     0	86.1	159.3	 835	OK
 254	     0	84.3	157.1	 842	OK
 255	     0	83.8	153.3	 839	OK
 256	     0	80.9	151.0	 861	OK
 257	     0	82.1	153.4	 861	OK
 258	     0	82.5	155.7	 869	OK
 259	     0	80.7	152.1	 854	OK
 260	     0	79.8	148.3	 859	OK
 261	     0	82.1	152.9	 850	OK
 262	     0	81.3	151.6	 857	OK
 263	     0	81.2	151.7	 886	OK
 264	     0	83.3	155.3	 858	OK
 265	     0	81.8	153.4	 867	OK
 266	     0	83.1	155.6	 867	OK
 267	     0	79.4	148.4	 865	OK
 268	     0	80.0	149.3	 870	OK
 269	     0	80.2	151.7	 871	OK
 270	     0	79.9	150.4	 866	OK
 271	     0	79.8	149.9	 867	OK
 272	     0	78.7	149.2	 868	OK
 273	     0	80.1	151.5	 875	OK
 274	     0	79.4	149.0	 880	OK
 275	     0	79.7	150.7	 881	OK
 276	     0	79.3	150.1	 858	OK
 277	     0	80.1	150.2	 867	OK
 278	     0	80.2	150.7	 876	OK
 279	     0	80.7	151.5	 864	OK
 280	     0	78.8	146.7	 878	OK
 281	     0	78.6	148.5	 897	OK
 282	     0	81.3	152.5	 864	OK
 283	     0	79.0	150.9	 879	OK
 284	     0	82.5	152.4	 877	OK
 285	     0	80.7	151.9	 880	OK
 286	     0	80.1	148.8	 862	OK
 287	     0	80.5	150.2	 882	OK
 288	     0	80.8	150.3	 881	OK
 289	     0	81.3	151.9	 877	OK
 290	     0	81.5	150.8	 868	OK
 291	     0	79.3	147.9	 890	OK
 292	     0	80.4	149.3	 885	OK
 293	     0	79.4	146.9	 882	OK
 294	     0	80.5	149.0	 881	OK
 295	     0	80.1	151.5	 879	OK
 296	     0	78.4	145.9	 895	OK
 297	     0	80.0	148.5	 865	OK
 298	     0	81.2	150.9	 894	OK
 299	     0	78.1	146.1	 909	OK
 300	     0	79.0	147.5	 882	OK
 301	     0	79.1	148.1	 879	OK
 302	     0	81.9	153.5	 884	OK
 303	     0	81.0	152.9	 881	OK
 304	     0	82.0	152.3	 880	OK
 305	     0	79.4	147.5	 911	OK
 306	     0	80.6	149.7	 876	OK
 307	     0	81.0	149.6	 903	OK
 308	     0	79.4	147.8	 881	OK
 309	     0	81.4	152.0	 875	OK
 310	     0	79.1	148.5	 892	OK
 311	     0	81.6	153.4	 886	OK
 312	     0	79.0	150.6	 899	OK
 313	     0	81.1	149.2	 862	OK
 314	     0	78.5	145.0	 891	OK
 315	     0	83.1	154.3	 873	OK
 316	     0	81.0	153.0	 889	OK
 317	     0	78.8	146.7	 873	OK
 318	     0	82.5	153.4	 873	OK
 319	     0	80.3	149.3	 894	OK
 320	     0	81.5	150.5	 881	OK
 321	     0	83.3	153.2	 895	OK
 322	     0	82.8	154.5	 891	OK
 323	     0	78.0	145.0	 877	OK
 324	     0	80.1	148.8	 895	OK
 325	     0	79.3	148.0	 898	OK
 326	     0	80.6	149.9	 890	OK
 327	     0	80.1	148.2	 900	OK
 328	     0	79.0	147.0	 900	OK
 329	     0	81.2	152.0	 905	OK
 330	     0	78.7	144.8	 876	OK
 331	     0	77.2	143.7	 870	OK
 332	     0	79.4	148.9	 891	OK
 333	     0	79.5	147.2	 870	OK
 334	     0	77.3	142.0	 872	OK
 335	     0	76.6	147.0	 901	OK
 336	     0	78.4	147.4	 878	OK
 337	     0	75.7	142.3	 878	OK
 338	     0	80.8	149.7	 880	OK
 339	     0	77.7	146.1	 874	OK
 340	     0	79.8	148.6	 901	OK
 341	     0	80.3	150.7	 914	OK
 342	     0	79.8	149.6	 887	OK
 343	     0	81.1	150.2	 885	OK
 344	     0	79.4	146.9	 875	OK
 345	     0	80.2	150.6	 883	OK
 346	     0	81.1	151.4	 886	OK
 347	     0	81.1	152.5	 871	OK
 348	     0	78.8	144.7	 888	OK
 349	     0	78.2	147.7	 900	OK
 350	     0	82.9	155.7	 858	OK
 351	     0	80.3	152.8	 867	OK
 352	     0	77.6	144.8	 876	OK
 353	     0	79.9	148.2	 888	OK
 354	     0	79.4	146.4	 883	OK
 355	     0	78.0	147.7	 901	OK
 356	     0	76.8	143.1	 881	OK
 357	     0	77.4	147.4	 872	OK
 358	     0	81.0	151.8	 878	OK
 359	     0	76.8	143.9	 888	OK
 360	     0	79.5	147.7	 898	OK
 361	     0	78.4	144.1	 883	OK
 362	     0	78.8	147.3	 904	OK
 363	     0	77.5	145.7	 870	OK
 364	     0	80.2	150.6	 888	OK
 365	     0	79.6	147.5	 878	OK
 366	     0	75.7	142.7	 925	OK
 367	     0	80.4	149.5	 902	OK
 368	     0	78.3	146.0	 865	OK
 369	     0	79.8	149.7	 861	OK
 370	     0	82.3	151.0	 858	OK
 371	     0	80.1	150.8	 884	OK
 372	     0	79.7	150.0	 859	OK
 373	     0	78.7	146.2	 877	OK
 374	     0	79.5	148.7	 869	OK
 375	     0	80.1	149.0	 865	OK
 376	     0	79.9	148.3	 898	OK
 377	     0	79.8	147.9	 874	OK
 378	     0	81.9	151.6	 878	OK
 379	     0	76.6	141.9	 866	OK
 380	     0	76.8	142.8	 866	OK
 381	     0	81.4	152.9	 870	OK
 382	     0	79.5	149.9	 857	OK
 383	     0	78.0	146.0	 867	OK
 384	     0	82.9	156.0	 799	OK
 385	     0	85.2	162.4	 804	OK
 386	     0	84.4	159.1	 805	OK
 387	     0	83.6	158.1	 791	OK
 388	     0	82.5	153.6	 806	OK
 389	     0	81.7	151.8	 805	OK
 390	     0	82.7	156.2	 783	OK
 391	     0	82.5	153.3	 798	OK
 392	     0	82.5	153.2	 799	OK
 393	     0	81.2	150.3	 799	OK
 394	     0	81.3	152.8	 791	OK
 395	     0	81.9	154.8	 791	OK
 396	     0	80.8	150.3	 797	OK
 397	     0	81.2	151.2	 809	OK
 398	     0	82.0	151.9	 796	OK
 399	     0	79.6	149.8	 775	OK
 400	     0	82.5	154.5	 793	OK
 401	     0	81.1	152.0	 802	OK
 402	     0	83.0	157.4	 795	OK
 403	     0	80.1	151.2	 793	OK
 404	     0	82.6	155.5	 801	OK
 405	     0	81.7	152.4	 802	OK
 406	     0	81.3	151.2	 781	OK
 407	     0	82.8	154.8	 807	OK
 408	     0	81.8	153.5	 794	OK
 409	     0	82.7	157.0	 796	OK
 410	     0	80.5	151.6	 804	OK
 411	     0	82.5	155.1	 788	OK
 412	     0	82.7	153.4	 810	OK
 413	     0	81.3	154.9	 802	OK
 414	     0	82.0	152.8	 780	OK
 415	     0	82.5	152.5	 768	OK
 416	     0	82.0	151.7	 787	OK
 417	     0	80.5	152.6	 812	OK
 418	     0	82.4	155.5	 789	OK
 419	     0	81.8	154.7	 797	OK
 420	     0	82.5	153.0	 796	OK
 421	     0	84.0	156.2	 812	OK
 422	     0	80.7	151.5	 796	OK
 423	     0	79.1	150.9	 798	OK
 424	     0	81.4	152.8	 820	OK
 425	     0	80.5	153.4	 797	OK
 426	     0	79.7	149.4	 811	OK
 427	     0	80.6	150.3	 814	OK
 428	     0	80.0	152.8	 784	OK
 429	     0	82.3	156.0	 800	OK
 430	     0	81.7	156.1	 805	OK
 431	     0	81.2	153.6	 805	OK
 432	     0	80.0	151.3	 807	OK
 433	     0	81.7	154.1	 812	OK
 434	     0	81.1	151.5	 794	OK
 435	     0	86.3	162.4	 803	OK
 436	     0	82.3	153.2	 801	OK
 437	     0	81.8	152.9	 807	OK
 438	     0	79.6	150.4	 799	OK
 439	     0	85.0	157.6	 805	OK
 440	     0	80.6	150.0	 808	OK
 441	     0	80.9	150.8	 800	OK
 442	     0	82.4	152.9	 813	OK
 443	     0	84.9	158.1	 819	OK
 444	     0	78.5	147.7	 812	OK
 445	     0	81.2	153.8	 826	OK
 446	     0	84.4	158.2	 819	OK
 447	     0	81.9	151.9	 825	OK
 448	     0	82.1	154.2	 824	OK
 449	     0	79.7	151.1	 852	OK
 450	     0	82.1	154.0	 807	OK
 451	     0	80.1	151.0	 839	OK
 452	     0	82.6	153.5	 826	OK
 453	     0	81.0	151.5	 818	OK
 454	     0	83.4	156.2	 829	OK
 455	     0	80.2	151.4	 834	OK
 456	     0	81.5	153.8	 841	OK
 457	     0	80.0	150.0	 818	OK
 458	     0	80.4	151.6	 826	OK
 459	     0	82.1	156.9	 830	OK
 460	     0	80.4	151.9	 832	OK
 461	     0	81.3	152.6	 834	OK
 462	     0	80.9	152.3	 837	OK
 463	     0	80.2	151.4	 823	OK
 464	     0	81.0	153.9	 833	OK
 465	     0	81.1	152.1	 819	OK
 466	     0	80.7	152.5	 850	OK
 467	     0	79.1	150.0	 850	OK
 468	     0	81.6	152.5	 832	OK
 469	     0	79.1	148.0	 836	OK
 470	     0	82.4	153.5	 831	OK
 471	     0	83.2	155.1	 800	OK
 472	     0	84.5	157.5	 840	OK
 473	     0	80.6	151.4	 814	OK
 474	     0	82.3	153.1	 845	OK
 475	     0	79.5	150.8	 830	OK
 476	     0	79.7	151.2	 829	OK
 477	     0	84.3	159.2	 837	OK
 478	     0	80.1	151.9	 847	OK
 479	     0	82.8	158.5	 836	OK
 480	     0	82.0	153.4	 837	OK
 481	     0	81.6	153.8	 846	OK
 482	     0	78.7	150.4	 825	OK
 483	     0	82.3	154.9	 827	OK
 484	     0	80.3	149.3	 847	OK
 485	     0	80.5	150.7	 826	OK
 486	     0	80.4	152.7	 832	OK
 487	     0	85.1	161.1	 813	OK
 488	     0	83.4	156.4	 842	OK
 489	     0	81.6	153.6	 821	OK
 490	     0	83.0	157.3	 834	OK
 491	     0	83.0	155.2	 840	OK
 492	     0	79.8	148.5	 818	OK
 493	     0	82.1	155.7	 818	OK
 494	     0	80.9	149.7	 865	OK
 495	     0	81.6	154.7	 808	OK
 496	     0	81.7	152.5	 835	OK
 497	     0	80.7	150.4	 860	OK
 498	     0	78.8	149.2	 820	OK
 499	     0	82.0	154.5	 819	OK
 500	     0	83.5	157.0	 838	OK
 501	     0	80.8	149.7	 835	OK
 502	     0	81.7	153.5	 842	OK
 503	     0	82.7	154.3	 828	OK
 504	     0	82.1	153.0	 856	OK
 505	     0	84.3	159.4	 831	OK
 506	     0	82.5	155.8	 822	OK
 507	     0	82.2	155.2	 841	OK
 508	     0	80.5	148.2	 850	OK
 509	     0	84.7	160.0	 816	OK
 510	     0	82.7	156.1	 822	OK
 511	     0	81.6	154.7	 846	OK
 512	     0	80.7	149.7	 826	OK
 513	     0	78.9	149.8	 834	OK
 514	     0	79.5	147.9	 836	OK
 515	     0	79.5	149.4	 819	OK
 516	     0	80.7	152.7	 849	OK
 517	     0	78.0	146.4	 840	OK
 518	     0	83.0	156.1	 846	OK
 519	     0	79.4	151.3	 826	OK
 520	     0	76.7	147.1	 830	OK
 521	     0	78.0	146.4	 808	OK
 522	     0	77.9	147.3	 831	OK
 523	     0	79.0	151.6	 836	OK
 524	     0	78.2	147.1	 819	OK
 525	     0	77.4	144.4	 835	OK
 526	     0	80.3	152.1	 827	OK
 527	     0	78.0	147.5	 846	OK
 528	     0	79.5	149.4	 821	OK
 529	     0	79.8	150.3	 833	OK
 530	     0	81.9	153.6	 839	OK
 531	     0	79.4	147.6	 829	OK
 532	     0	80.3	149.2	 829	OK
 533	     0	79.3	147.3	 839	OK
 534	     0	80.3	150.3	 829	OK
 535	     0	80.6	149.9	 819	OK
 536	     0	79.1	147.4	 825	OK
 537	     0	77.2	144.2	 811	OK
 538	     0	79.4	148.4	 823	OK
 539	     0	77.0	145.8	 827	OK
 540	     0	78.5	147.3	 818	OK
 541	     0	77.7	146.6	 801	OK
 542	     0	79.5	147.6	 848	OK
 543	     0	76.6	144.6	 831	OK
 544	     0	79.0	146.2	 808	OK
 545	     0	78.3	148.6	 817	OK
 546	     0	76.8	145.4	 817	OK
 547	     0	80.9	152.3	 821	OK
 548	     0	80.3	150.3	 822	OK
 549	     0	80.8	150.2	 818	OK
 550	     0	77.1	145.8	 815	OK
 551	     0	77.5	145.9	 807	OK
 552	     0	79.0	146.0	 828	OK
 553	     0	82.5	152.1	 817	OK
 554	     0	78.5	148.6	 820	OK
 555	     0	77.4	147.6	 824	OK
 556	     0	80.9	149.1	 816	OK
 557	     0	79.3	147.8	 825	OK
 558	     0	80.5	152.2	 819	OK
 559	     0	81.3	151.9	 853	OK
 560	     0	81.6	150.3	 838	OK
 561	     0	78.5	145.8	 805	OK
 562	     0	79.8	149.8	 839	OK
 563	     0	82.7	154.7	 838	OK
 564	     0	79.9	149.0	 817	OK
 565	     0	78.3	145.1	 804	OK
 566	     0	77.9	144.6	 817	OK
 567	     0	74.7	142.7	 817	OK
 568	     0	80.1	148.6	 828	OK
 569	     0	79.1	150.2	 824	OK
 570	     0	78.9	150.1	 832	OK
 571	     0	78.9	149.3	 828	OK
 572	     0	80.6	149.8	 826	OK
 573	     0	77.5	145.9	 829	OK
 574	     0	79.2	147.6	 827	OK
 575	     0	77.3	145.7	 822	OK
 576	     0	80.5	148.8	 826	OK
 577	     0	81.9	151.8	 835	OK
 578	     0	80.7	150.0	 823	OK
 579	     0	78.4	147.6	 818	OK
 580	     0	79.3	148.0	 824	OK
 581	     0	77.7	146.0	 812	OK
 582	     0	77.4	144.7	 817	OK
 583	     0	79.9	151.3	 808	OK
 584	     0	79.3	149.7	 825	OK
 585	     0	79.0	148.5	 820	OK
 586	     0	78.7	146.7	 830	OK
 587	     0	80.5	149.9	 824	OK
 588	     0	83.2	153.1	 825	OK
 589	     0	78.9	149.3	 811	OK
 590	     0	81.5	152.2	 838	OK
 591	     0	81.0	150.8	 815	OK
 592	     0	81.1	151.6	 818	OK
 593	     0	79.3	148.3	 835	OK
 594	     0	76.1	144.6	 833	OK
 595	     0	80.3	151.1	 824	OK
 596	     0	79.0	148.0	 811	OK
 597	     0	80.6	149.0	 829	OK
 598	     0	80.0	150.2	 840	OK
 599	     0	80.8	153.5	 852	OK
 600	     0	79.6	150.1	 824	OK
 601	     0	79.2	147.9	 832	OK
 602	     0	82.7	152.2	 839	OK
 603	     0	81.0	150.1	 832	OK
 604	     0	81.8	152.6	 820	OK
 605	     0	80.1	150.5	 831	OK
 606	     0	82.4	155.9	 838	OK
 607	     0	82.7	152.8	 844	OK
 608	     0	80.3	150.6	 827	OK
 609	     0	79.3	145.9	 843	OK
 610	     0	76.7	144.4	 838	OK
 611	     0	79.4	148.5	 859	OK
 612	     0	78.7	145.4	 854	OK
 613	     0	80.5	141.7	 846	OK
 614	     0	82.1	150.7	 850	OK
 615	     0	83.6	157.3	 873	OK
 616	     0	79.2	150.9	 862	OK
 617	     0	81.6	152.2	 855	OK
 618	     0	81.5	152.2	 850	OK
 619	     0	78.4	147.3	 833	OK
 620	     0	80.8	150.2	 854	OK
 621	     0	82.2	153.6	 855	OK
 622	     0	80.7	152.2	 862	OK
 623	     0	81.5	151.5	 867	OK
 624	     0	80.1	149.0	 868	OK
 625	     0	82.3	154.4	 843	OK
 626	     0	77.4	146.5	 842	OK
 627	     0	81.3	153.5	 868	OK
 628	     0	82.5	153.5	 855	OK
 629	     0	79.9	151.1	 868	OK
 630	     0	84.1	157.0	 847	OK
 631	     0	83.0	156.0	 850	OK
 632	     0	82.3	154.7	 871	OK
 633	     0	82.3	154.7	 865	OK
 634	     0	85.2	161.3	 871	OK
 635	     0	79.7	147.8	 872	OK
 636	     0	80.9	151.5	 865	OK
 637	     0	81.4	151.6	 863	OK
 638	     0	82.9	155.0	 869	OK
 639	     0	82.8	154.5	 879	OK
 640	     0	82.7	157.2	 907	OK
 641	     0	81.9	156.9	 879	OK
 642	     0	79.9	153.8	 879	OK
 643	     0	78.8	151.4	 891	OK
 644	     0	78.7	149.9	 884	OK
 645	     0	81.3	154.9	 859	OK
 646	     0	78.0	149.5	 894	OK
 647	     0	80.9	153.1	 874	OK
 648	     0	80.4	154.5	 874	OK
 649	     0	82.5	158.4	 876	OK
 650	     0	79.3	152.3	 901	OK
 651	     0	80.7	152.5	 894	OK
 652	     0	78.6	149.2	 874	OK
 653	     0	79.7	152.8	 892	OK
 654	     0	81.0	151.2	 850	OK
 655	     0	78.5	150.3	 906	OK
 656	     0	79.4	151.8	 901	OK
 657	     0	79.0	151.7	 885	OK
 658	     0	80.9	154.1	 866	OK
 659	     0	79.4	151.2	 875	OK
 660	     0	80.0	152.4	 863	OK
 661	     0	78.7	146.7	 862	OK
 662	     0	81.2	155.1	 851	OK
 663	     0	80.2	153.1	 887	OK
 664	     0	81.7	153.8	 852	OK
 665	     0	80.9	152.4	 865	OK
 666	     0	79.7	150.9	 865	OK
 667	     0	81.1	151.4	 862	OK
 668	     0	80.3	150.3	 864	OK
 669	     0	76.8	147.2	 887	OK
 670	     0	78.7	147.6	 858	OK
 671	     0	78.6	148.3	 856	OK
 672	     0	80.4	153.0	 871	OK
 673	     0	78.6	150.1	 862	OK
 674	     0	80.5	150.6	 851	OK
 675	     0	78.0	149.3	 854	OK
 676	     0	78.5	148.5	 851	OK
 677	     0	81.8	154.2	 847	OK
 678	     0	78.6	152.3	 851	OK
 679	     0	80.0	150.0	 862	OK
 680	     0	79.3	147.2	 838	OK
 681	     0	78.3	149.7	 863	OK
 682	     0	77.5	146.9	 870	OK
 683	     0	78.3	146.1	 868	OK
 684	     0	78.7	149.4	 862	OK
 685	     0	77.6	147.4	 858	OK
 686	     0	80.1	153.8	 856	OK
 687	     0	79.0	150.2	 850	OK
 688	     0	79.3	150.3	 876	OK
 689	     0	78.9	150.5	 813	OK
 690	     0	80.3	152.5	 863	OK
 691	     0	77.4	145.8	 850	OK
 692	     0	82.7	154.0	 865	OK
 693	     0	80.8	155.7	 855	OK
 694	     0	82.0	153.2	 873	OK
 695	     0	78.8	150.1	 851	OK
 696	     0	78.9	148.4	 849	OK
 697	     0	81.6	154.0	 842	OK
 698	     0	78.2	148.2	 855	OK
 699	     0	78.7	149.7	 857	OK
 700	     0	81.3	152.7	 872	OK
 701	     0	80.4	150.2	 868	OK
 702	     0	82.3	154.6	 856	OK
 703	     0	78.5	147.8	 870	OK
 704	     0	82.0	156.6	 849	OK
 705	     0	81.2	150.2	 845	OK
 706	     0	78.0	146.4	 840	OK
 707	     0	81.4	153.4	 839	OK
 708	     0	80.7	150.6	 826	OK
 709	     0	79.9	151.4	 854	OK
 710	     0	80.4	148.7	 829	OK
 711	     0	79.1	148.4	 846	OK
 712	     0	82.4	151.9	 843	OK
 713	     0	78.1	145.4	 840	OK
 714	     0	80.5	149.5	 840	OK
 715	     0	80.7	150.8	 836	OK
 716	     0	81.4	149.4	 840	OK
 717	     0	77.9	146.1	 841	OK
 718	     0	79.0	148.6	 828	OK
 719	     0	78.2	146.9	 837	OK
 720	     0	79.1	146.4	 843	OK
 721	     0	80.1	150.0	 846	OK
 722	     0	79.6	148.3	 827	OK
 723	     0	79.2	149.3	 838	OK
 724	     0	77.9	145.0	 841	OK
 725	     0	76.9	145.1	 825	OK
 726	     0	79.4	146.2	 850	OK
 727	     0	80.0	150.0	 835	OK
 728	     0	80.4	150.4	 829	OK
 729	     0	76.8	144.7	 848	OK
 730	     0	78.4	145.2	 858	OK
 731	     0	77.9	143.8	 845	OK
 732	     0	79.3	149.4	 833	OK
 733	     0	76.9	143.1	 838	OK
 734	     0	80.0	149.8	 831	OK
 735	     0	80.3	149.9	 851	OK
 736	     0	80.8	149.6	 840	OK
 737	     0	77.0	142.1	 853	OK
 738	     0	79.7	148.2	 853	OK
 739	     0	82.0	153.1	 860	OK
 740	     0	79.7	150.5	 851	OK
 741	     0	80.6	150.1	 840	OK
 742	     0	77.0	143.3	 849	OK
 743	     0	81.0	150.1	 849	OK
 744	     0	79.8	148.5	 850	OK
 745	     0	81.3	148.6	 840	OK
 746	     0	79.1	149.0	 852	OK
 747	     0	77.8	145.8	 850	OK
 748	     0	78.0	145.7	 823	OK
 749	     0	78.2	148.4	 844	OK
 750	     0	81.6	150.2	 843	OK
 751	     0	78.5	148.3	 813	OK
 752	     0	82.5	152.0	 845	OK
 753	     0	80.5	149.5	 825	OK
 754	     0	79.7	146.2	 824	OK
 755	     0	78.3	147.5	 822	OK
 756	     0	79.9	148.6	 843	OK
 757	     0	80.8	149.9	 856	OK
 758	     0	81.3	151.1	 836	OK
 759	     0	81.3	152.2	 841	OK
 760	     0	80.5	148.8	 829	OK
 761	     0	81.3	150.4	 826	OK
 762	     0	80.4	151.3	 833	OK
 763	     0	80.9	149.8	 834	OK
 764	     0	79.6	147.2	 846	OK
 765	     0	80.5	149.0	 843	OK
 766	     0	81.0	150.7	 847	OK
 767	     0	81.3	150.9	 845	OK
 768	     0	81.9	152.0	 892	OK
 769	     0	81.8	152.3	 881	OK
 770	     0	81.3	149.7	 881	OK
 771	     0	80.7	150.5	 895	OK
 772	     0	79.4	146.5	 891	OK
 773	     0	76.0	141.9	 927	OK
 774	     0	80.7	147.7	 897	OK
 775	     0	77.5	145.7	 911	OK
 776	     0	82.4	153.3	 921	OK
 777	     0	79.5	146.9	 917	OK
 778	     0	80.1	147.0	 905	OK
 779	     0	79.7	148.0	 910	OK
 780	     0	81.9	147.9	 907	OK
 781	     0	78.2	146.5	 894	OK
 782	     0	78.3	143.6	 902	OK
 783	     0	77.8	143.6	 889	OK
 784	     0	79.1	149.9	 902	OK
 785	     0	77.3	144.8	 893	OK
 786	     0	81.1	147.6	 883	OK
 787	     0	78.9	145.6	 890	OK
 788	     0	82.6	151.6	 895	OK
 789	     0	78.5	147.9	 896	OK
 790	     0	83.3	152.6	 896	OK
 791	     0	77.2	142.5	 892	OK
 792	     0	79.2	146.6	 893	OK
 793	     0	78.6	145.2	 876	OK
 794	     0	80.2	151.4	 858	OK
 795	     0	79.5	149.1	 890	OK
 796	     0	79.0	147.2	 881	OK
 797	     0	79.6	148.7	 865	OK
 798	     0	82.1	153.5	 879	OK
 799	     0	79.5	147.7	 863	OK
 800	     0	77.2	145.1	 876	OK
 801	     0	80.8	147.4	 869	OK
 802	     0	79.7	147.0	 868	OK
 803	     0	79.3	147.4	 861	OK
 804	     0	79.3	147.9	 870	OK
 805	     0	79.9	147.5	 857	OK
 806	     0	81.3	150.0	 858	OK
 807	     0	77.9	142.2	 878	OK
 808	     0	79.1	148.2	 862	OK
 809	     0	80.6	149.9	 876	OK
 810	     0	79.2	148.0	 870	OK
 811	     0	79.6	150.1	 860	OK
 812	     0	81.1	149.5	 868	OK
 813	     0	77.6	144.7	 857	OK
 814	     0	79.9	149.9	 893	OK
 815	     0	78.9	147.4	 901	OK
 816	     0	77.1	141.9	 894	OK
 817	     0	76.2	143.1	 897	OK
 818	     0	79.6	145.9	 893	OK
 819	     0	78.9	148.0	 888	OK
 820	     0	81.1	147.3	 886	OK
 821	     0	78.0	143.4	 891	OK
 822	     0	79.5	149.0	 887	OK
 823	     0	79.0	147.5	 895	OK
 824	     0	79.1	146.6	 879	OK
 825	     0	80.2	149.6	 878	OK
 826	     0	78.0	146.0	 894	OK
 827	     0	77.5	143.2	 894	OK
 828	     0	80.0	149.4	 908	OK
 829	     0	80.3	149.1	 882	OK
 830	     0	81.0	149.9	 891	OK
 831	     0	79.6	147.4	 880	OK
 832	     0	81.6	149.6	 915	OK
 833	     0	80.8	149.6	 895	OK
 834	     0	80.5	149.6	 867	OK
 835	     0	81.4	152.9	 892	OK
 836	     0	78.9	147.5	 887	OK
 837	     0	77.9	146.3	 882	OK
 838	     0	78.2	146.9	 899	OK
 839	     0	79.8	147.8	 863	OK
 840	     0	80.7	151.3	 913	OK
 841	     0	79.8	151.1	 907	OK
 842	     0	79.7	148.2	 904	OK
 843	     0	80.5	148.8	 913	OK
 844	     0	80.7	146.8	 894	OK
 845	     0	79.3	147.2	 890	OK
 846	     0	80.0	149.3	 896	OK
 847	     0	78.5	149.2	 902	OK
 848	     0	80.6	150.5	 890	OK
 849	     0	78.9	145.5	 900	OK
 850	     0	78.5	146.8	 904	OK
 851	     0	79.2	146.5	 904	OK
 852	     0	81.0	151.1	 902	OK
 853	     0	81.2	151.8	 923	OK
 854	     0	79.5	149.8	 924	OK
 855	     0	80.8	149.8	 900	OK
 856	     0	83.2	155.7	 900	OK
 857	     0	77.9	143.9	 901	OK
 858	     0	79.7	149.1	 892	OK
 859	     0	78.5	145.1	 901	OK
 860	     0	78.6	146.9	 891	OK
 861	     0	77.9	146.7	 896	OK
 862	     0	80.8	150.0	 889	OK
 863	     0	81.6	152.4	 892	OK
 864	     0	80.1	149.3	 896	OK
 865	     0	82.2	152.1	 889	OK
 866	     0	80.9	151.0	 885	OK
 867	     0	77.8	146.5	 874	OK
 868	     0	79.6	146.5	 866	OK
 869	     0	78.9	148.1	 884	OK
 870	     0	78.0	146.3	 881	OK
 871	     0	82.5	150.8	 876	OK
 872	     0	76.8	144.5	 882	OK
 873	     0	80.9	151.2	 881	OK
 874	     0	76.7	145.2	 890	OK
 875	     0	80.1	151.3	 885	OK
 876	     0	80.9	152.0	 885	OK
 877	     0	78.5	148.5	 895	OK
 878	     0	80.1	148.2	 891	OK
 879	     0	82.5	152.7	 868	OK
 880	     0	79.2	149.0	 873	OK
 881	     0	80.5	149.5	 871	OK
 882	     0	80.7	150.4	 899	OK
 883	     0	80.7	152.0	 873	OK
 884	     0	83.5	152.0	 881	OK
 885	     0	76.0	141.2	 882	OK
 886	     0	78.6	147.7	 895	OK
 887	     0	79.2	145.6	 887	OK
 888	     0	79.3	145.0	 896	OK
 889	     0	81.3	149.2	 880	OK
 890	     0	79.8	149.2	 877	OK
 891	     0	81.2	151.1	 905	OK
 892	     0	80.2	150.3	 886	OK
 893	     0	81.9	150.4	 876	OK
 894	     0	81.9	150.3	 878	OK
 895	     0	82.5	153.5	 884	OK
 896	  4000	81.8	154.4	 872	high noise
 897	     0	85.8	161.6	 850	OK
 898	     0	81.5	156.7	 869	OK
 899	     0	80.3	150.0	 867	OK
 900	     0	83.1	157.2	 849	OK
 901	     0	83.6	155.2	 860	OK
 902	     0	80.3	152.1	 854	OK
 903	  4000	79.1	151.3	 882	high noise
 904	     0	82.4	156.2	 867	OK
 905	  4000	81.5	151.9	 882	high noise
 906	     0	81.3	152.0	 868	OK
 907	     0	81.0	151.7	 841	OK
 908	  4000	83.5	156.8	 871	high noise
 909	  4000	83.0	156.8	 873	high noise
 910	     0	80.9	153.2	 841	OK
 911	     0	79.6	149.4	 870	OK
 912	     0	84.1	156.0	 862	OK
 913	  4000	82.0	155.3	 887	high noise
 914	  4000	84.4	158.6	 875	high noise
 915	  4000	81.5	155.1	 880	high noise
 916	     0	80.4	149.6	 869	OK
 917	     0	80.4	151.1	 858	OK
 918	     0	81.0	150.9	 854	OK
 919	     0	81.5	150.8	 855	OK
 920	     0	80.8	152.8	 837	OK
 921	     0	79.4	152.2	 843	OK
 922	     0	82.0	154.7	 861	OK
 923	     0	84.8	159.4	 844	OK
 924	     0	81.6	150.1	 841	OK
 925	     0	82.0	153.9	 819	OK
 926	     0	82.2	155.5	 836	OK
 927	     0	83.4	154.8	 841	OK
 928	     0	80.3	151.0	 836	OK
 929	     0	82.8	154.6	 837	OK
 930	     0	83.6	157.7	 834	OK
 931	     0	79.9	148.9	 836	OK
 932	     0	82.9	156.5	 831	OK
 933	     0	82.7	155.0	 846	OK
 934	     0	83.9	157.5	 839	OK
 935	     0	84.0	157.3	 844	OK
 936	     0	79.7	151.3	 827	OK
 937	     0	83.6	157.6	 831	OK
 938	     0	82.6	154.9	 839	OK
 939	     0	81.1	151.0	 853	OK
 940	     0	79.9	149.5	 829	OK
 941	     0	85.5	160.7	 831	OK
 942	     0	83.8	158.0	 851	OK
 943	     0	82.9	154.5	 811	OK
 944	     0	83.2	154.9	 840	OK
 945	     0	83.8	155.5	 856	OK
 946	     0	81.6	153.2	 810	OK
 947	     0	80.1	152.2	 820	OK
 948	     0	82.8	154.8	 817	OK
 949	     0	81.8	153.5	 823	OK
 950	     0	83.2	158.8	 818	OK
 951	     0	81.1	152.1	 800	OK
 952	     0	80.6	154.6	 824	OK
 953	     0	81.3	154.8	 793	OK
 954	     0	82.7	153.6	 789	OK
 955	     0	83.2	157.4	 788	OK
 956	     0	83.0	154.5	 806	OK
 957	     0	83.6	159.6	 791	OK
 958	     0	82.0	153.5	 806	OK
 959	     0	80.2	149.7	 786	OK
 960	     0	84.3	158.1	 785	OK
 961	     0	85.6	160.7	 792	OK
 962	     0	83.9	156.7	 786	OK
 963	     0	84.3	158.0	 775	OK
 964	     0	83.5	160.0	 790	OK
 965	     0	84.7	160.9	 792	OK
 966	     0	79.2	148.5	 793	OK
 967	     0	84.0	156.7	 807	OK
 968	     0	83.6	156.1	 791	OK
 969	     0	79.8	151.5	 770	OK
 970	     0	80.0	151.5	 784	OK
 971	     0	82.1	153.9	 783	OK
 972	     0	84.1	156.3	 801	OK
 973	     0	83.6	159.3	 791	OK
 974	     0	82.1	154.5	 789	OK
 975	     0	82.7	157.0	 796	OK
 976	     0	81.8	153.6	 786	OK
 977	     0	82.4	154.9	 764	OK
 978	     0	82.8	156.5	 795	OK
 979	     0	82.9	156.2	 796	OK
 980	     0	83.0	157.3	 787	OK
 981	     0	82.6	154.8	 779	OK
 982	     0	79.3	149.2	 796	OK
 983	     0	81.7	156.2	 780	OK
 984	     0	81.5	153.5	 802	OK
 985	     0	83.3	155.3	 783	OK
 986	     0	82.8	156.1	 789	OK
 987	     0	83.8	160.5	 800	OK
 988	     0	83.2	158.8	 790	OK
 989	     0	84.0	159.8	 791	OK
 990	     0	84.6	158.1	 802	OK
 991	     0	81.2	153.2	 789	OK
 992	     0	80.8	152.2	 779	OK
 993	     0	84.1	156.9	 797	OK
 994	     0	84.1	159.9	 791	OK
 995	     0	84.9	158.9	 775	OK
 996	     0	85.3	159.9	 789	OK
 997	     0	85.4	161.0	 777	OK
 998	     0	84.3	156.9	 769	OK
 999	     0	84.6	158.4	 786	OK
1000	     0	85.0	160.0	 799	OK
1001	     0	83.6	158.1	 776	OK
1002	     0	83.0	157.0	 777	OK
1003	     0	83.7	159.4	 769	OK
1004	     0	84.9	160.9	 799	OK
1005	     0	82.5	155.7	 776	OK
1006	     0	83.3	156.0	 766	OK
1007	     0	85.7	161.7	 782	OK
1008	     0	84.3	157.7	 774	OK
1009	     0	81.6	155.0	 791	OK
1010	     0	82.3	154.7	 787	OK
1011	     0	84.8	159.8	 779	OK
1012	     0	86.3	161.4	 776	OK
1013	     0	83.1	157.3	 765	OK
1014	     0	82.6	155.3	 772	OK
1015	     0	85.4	158.7	 778	OK
1016	     0	82.3	155.5	 766	OK
1017	     0	84.0	159.2	 770	OK
1018	     0	86.2	161.2	 765	OK
1019	     0	84.7	158.4	 760	OK
1020	     0	86.0	161.7	 772	OK
1021	     0	87.7	163.0	 765	OK
1022	     0	84.3	159.2	 759	OK
1023	     0	84.7	160.0	 766	OK
1024	     0	81.8	152.6	 815	OK
1025	     0	79.9	148.3	 803	OK
1026	     0	78.9	146.9	 814	OK
1027	     0	78.2	146.2	 801	OK
1028	     0	81.3	148.1	 797	OK
1029	     0	79.8	147.0	 816	OK
1030	     0	78.3	145.8	 816	OK
1031	     0	81.4	150.2	 805	OK
1032	     0	81.5	147.8	 810	OK
1033	     0	79.2	146.5	 808	OK
1034	     0	80.0	147.0	 820	OK
1035	     0	77.3	144.9	 807	OK
1036	     0	79.3	147.3	 799	OK
1037	     0	81.7	150.5	 813	OK
1038	     0	81.8	151.1	 819	OK
1039	     0	79.4	146.1	 792	OK
1040	     0	79.5	146.7	 818	OK
1041	     0	79.7	146.9	 827	OK
1042	     0	78.5	146.3	 820	OK
1043	     0	78.6	146.8	 797	OK
1044	     0	80.9	148.6	 804	OK
1045	     0	79.0	145.5	 794	OK
1046	     0	78.8	147.0	 804	OK
1047	     0	80.2	149.7	 815	OK
1048	     0	79.2	147.4	 799	OK
1049	     0	77.1	144.0	 810	OK
1050	     0	79.8	148.9	 828	OK
1051	     0	80.8	149.4	 827	OK
1052	     0	79.6	148.3	 812	OK
1053	     0	78.2	144.0	 821	OK
1054	     0	79.3	145.4	 813	OK
1055	     0	78.4	144.5	 816	OK
1056	     0	79.2	148.4	 843	OK
1057	     0	80.2	150.3	 835	OK
1058	     0	83.8	155.1	 838	OK
1059	     0	79.3	148.1	 849	OK
1060	     0	79.0	146.5	 831	OK
1061	     0	79.5	146.8	 852	OK
1062	     0	79.8	145.4	 851	OK
1063	     0	79.6	149.3	 852	OK
1064	     0	80.0	149.8	 857	OK
1065	     0	80.0	145.8	 836	OK
1066	     0	76.5	142.9	 858	OK
1067	     0	78.4	146.1	 846	OK
1068	     0	79.0	145.4	 856	OK
1069	     0	80.5	150.2	 838	OK
1070	     0	80.4	151.5	 850	OK
1071	     0	80.7	149.2	 862	OK
1072	     0	75.9	141.1	 857	OK
1073	     0	76.8	143.9	 825	OK
1074	     0	78.7	148.2	 838	OK
1075	     0	82.0	150.5	 851	OK
1076	     0	82.2	154.3	 859	OK
1077	     0	80.3	149.6	 835	OK
1078	     0	78.0	145.1	 849	OK
1079	     0	78.6	145.1	 843	OK
1080	     0	77.9	147.0	 849	OK
1081	     0	80.0	148.5	 858	OK
1082	     0	80.0	150.7	 863	OK
1083	     0	78.8	147.1	 846	OK
1084	     0	81.8	152.0	 865	OK
1085	     0	81.3	148.7	 855	OK
1086	     0	81.5	150.2	 864	OK
1087	     0	79.2	147.5	 862	OK
1088	     0	82.0	152.0	 857	OK
1089	     0	82.4	152.3	 834	OK
1090	     0	81.6	151.7	 867	OK
1091	     0	80.3	148.4	 859	OK
1092	     0	81.6	152.6	 858	OK
1093	     0	80.0	148.7	 862	OK
1094	     0	77.4	142.1	 850	OK
1095	     0	79.9	147.8	 860	OK
1096	     0	78.9	145.6	 859	OK
1097	     0	77.9	146.1	 860	OK
1098	     0	79.5	145.5	 853	OK
1099	     0	78.3	146.6	 868	OK
1100	     0	80.0	146.8	 867	OK
1101	     0	79.6	145.9	 852	OK
1102	     0	78.3	145.3	 865	OK
1103	     0	77.9	144.5	 857	OK
1104	     0	77.7	142.1	 861	OK
1105	     0	77.6	142.9	 855	OK
1106	     0	78.9	144.4	 844	OK
1107	     0	79.7	149.4	 849	OK
1108	     0	78.2	143.0	 853	OK
1109	     0	78.9	144.4	 851	OK
1110	     0	79.8	149.1	 869	OK
1111	     0	80.4	150.3	 875	OK
1112	     0	82.1	149.6	 872	OK
1113	     0	79.6	146.8	 873	OK
1114	     0	77.6	145.1	 868	OK
1115	     0	82.3	150.6	 858	OK
1116	     0	78.3	146.2	 855	OK
1117	     0	78.3	145.8	 856	OK
1118	     0	75.6	140.6	 861	OK
1119	     0	76.5	141.3	 844	OK
1120	     0	78.6	146.3	 865	OK
1121	     0	80.6	150.0	 849	OK
1122	     0	79.2	144.5	 861	OK
1123	     0	77.4	144.1	 837	OK
1124	     0	79.2	146.1	 870	OK
1125	     0	78.9	146.5	 860	OK
1126	     0	80.5	148.9	 856	OK
1127	     0	79.9	147.4	 858	OK
1128	     0	80.8	149.3	 849	OK
1129	     0	78.3	145.6	 850	OK
1130	     0	78.9	145.6	 864	OK
1131	     0	80.7	148.3	 876	OK
1132	     0	81.1	150.5	 853	OK
1133	     0	79.3	149.0	 842	OK
1134	     0	81.7	151.6	 880	OK
1135	     0	79.4	146.8	 834	OK
1136	     0	79.9	147.7	 861	OK
1137	     0	80.3	151.0	 844	OK
1138	     0	81.6	152.3	 869	OK
1139	     0	79.1	144.5	 854	OK
1140	     0	79.9	147.0	 857	OK
1141	     0	79.3	148.7	 882	OK
1142	     0	79.4	147.9	 888	OK
1143	     0	76.2	143.9	 862	OK
1144	     0	78.3	144.1	 861	OK
1145	     0	79.1	146.0	 858	OK
1146	     0	79.3	147.4	 860	OK
1147	     0	82.1	150.6	 848	OK
1148	     0	81.9	148.6	 859	OK
1149	     0	84.1	154.9	 853	OK
1150	     0	82.5	153.0	 866	OK
1151	     0	80.4	147.7	 853	OK
1152	     0	85.3	158.6	 861	OK
1153	     0	83.2	153.0	 861	OK
1154	     0	84.3	156.9	 841	OK
1155	     0	82.0	152.4	 853	OK
1156	     0	82.3	153.2	 872	OK
1157	     0	81.2	150.9	 848	OK
1158	     0	79.4	147.8	 833	OK
1159	     0	83.1	153.1	 846	OK
1160	     0	81.4	152.8	 829	OK
1161	     0	84.2	157.1	 856	OK
1162	     0	80.0	148.4	 841	OK
1163	     0	81.8	152.9	 834	OK
1164	     0	82.0	151.1	 854	OK
1165	     0	83.0	154.6	 837	OK
1166	     0	82.1	155.1	 833	OK
1167	     0	83.9	157.2	 860	OK
1168	     0	84.0	157.2	 849	OK
1169	     0	82.9	154.4	 837	OK
1170	     0	83.0	155.2	 821	OK
1171	     0	84.1	155.0	 843	OK
1172	     0	83.8	157.2	 850	OK
1173	     0	82.9	154.5	 836	OK
1174	     0	83.2	155.3	 842	OK
1175	     0	81.7	153.4	 827	OK
1176	     0	82.0	154.7	 831	OK
1177	     0	86.7	159.9	 822	OK
1178	     0	82.9	156.6	 847	OK
1179	     0	82.8	155.4	 836	OK
1180	     0	83.9	154.4	 837	OK
1181	     0	82.6	155.3	 838	OK
1182	     0	84.2	157.5	 850	OK
1183	     0	84.3	157.0	 831	OK
1184	     0	81.9	151.4	 857	OK
1185	     0	85.3	157.7	 833	OK
1186	     0	83.7	154.6	 843	OK
1187	     0	82.0	154.9	 829	OK
1188	     0	83.8	157.4	 858	OK
1189	     0	82.8	152.5	 836	OK
1190	     0	81.4	151.9	 843	OK
1191	     0	83.3	154.7	 834	OK
1192	     0	83.8	155.7	 854	OK
1193	     0	84.7	156.7	 837	OK
1194	     0	83.6	156.4	 841	OK
1195	     0	84.1	156.7	 849	OK
1196	     0	81.5	153.2	 830	OK
1197	     0	81.4	151.5	 841	OK
1198	     0	83.2	154.7	 813	OK
1199	     0	83.6	153.6	 860	OK
1200	     0	82.6	152.2	 848	OK
1201	     0	84.0	154.3	 828	OK
1202	     0	82.1	151.1	 842	OK
1203	     0	85.5	159.5	 846	OK
1204	     0	83.6	154.4	 853	OK
1205	     0	84.4	158.7	 840	OK
1206	     0	80.6	151.2	 830	OK
1207	     0	86.6	161.1	 835	OK
1208	     0	84.3	155.8	 850	OK
1209	     0	85.1	157.7	 837	OK
1210	     0	82.4	152.7	 843	OK
1211	     0	84.5	157.6	 840	OK
1212	     0	84.3	157.9	 843	OK
1213	     0	80.9	151.0	 833	OK
1214	     0	84.3	157.0	 846	OK
1215	     0	84.4	155.9	 842	OK
1216	     0	82.6	155.7	 825	OK
1217	     0	85.3	156.3	 840	OK
1218	     0	83.3	154.8	 841	OK
1219	     0	81.1	151.0	 840	OK
1220	     0	83.8	154.4	 840	OK
1221	     0	84.7	155.0	 836	OK
1222	     0	80.8	150.5	 834	OK
1223	     0	85.3	154.9	 846	OK
1224	     0	83.4	155.0	 849	OK
1225	     0	84.5	155.5	 831	OK
1226	     0	80.1	148.2	 853	OK
1227	     0	82.2	153.4	 824	OK
1228	     0	83.7	158.1	 848	OK
1229	     0	86.8	159.6	 821	OK
1230	     0	83.4	154.1	 847	OK
1231	     0	82.1	153.2	 812	OK
1232	     0	84.4	157.9	 834	OK
1233	     0	87.2	161.5	 819	OK
1234	     0	83.1	155.8	 829	OK
1235	     0	82.9	153.8	 816	OK
1236	     0	84.8	156.3	 814	OK
1237	     0	85.1	159.8	 808	OK
1238	     0	81.6	149.7	 812	OK
1239	     0	81.3	150.3	 834	OK
1240	     0	85.9	159.5	 837	OK
1241	     0	84.4	159.6	 823	OK
1242	     0	83.8	155.1	 836	OK
1243	     0	84.6	158.0	 825	OK
1244	     0	83.3	154.6	 821	OK
1245	     0	85.0	159.2	 824	OK
1246	     0	83.0	154.6	 827	OK
1247	     0	82.5	151.6	 825	OK
1248	     0	83.3	153.4	 818	OK
1249	     0	83.2	153.2	 814	OK
1250	     0	84.5	158.8	 841	OK
1251	     0	85.2	160.2	 821	OK
1252	     0	83.7	155.0	 816	OK
1253	     0	87.5	161.8	 834	OK
1254	     0	85.1	157.1	 824	OK
1255	     0	82.9	154.4	 827	OK
1256	     0	83.8	157.0	 815	OK
1257	     0	84.3	153.6	 800	OK
1258	     0	85.9	156.6	 815	OK
1259	     0	84.4	157.1	 811	OK
1260	     0	82.8	154.6	 798	OK
1261	     0	83.2	155.1	 815	OK
1262	     0	81.7	152.7	 807	OK
1263	     0	85.3	159.2	 806	OK
1264	     0	85.0	155.3	 802	OK
1265	     0	85.0	155.8	 795	OK
1266	     0	85.4	156.9	 793	OK
1267	     0	84.5	156.2	 805	OK
1268	     0	82.2	152.4	 788	OK
1269	     0	86.3	159.3	 793	OK
1270	     0	81.6	153.4	 788	OK
1271	     0	84.5	155.5	 810	OK
1272	     0	86.8	160.2	 789	OK
1273	     0	84.4	158.0	 816	OK
1274	     0	86.4	160.2	 796	OK
1275	     0	85.7	160.6	 762	OK
1276	     0	85.6	159.9	 787	OK
1277	     0	86.3	158.5	 781	OK
1278	     0	87.1	161.9	 767	OK
1279	     0	87.0	161.2	 767	OK
1280	     0	85.6	159.6	 746	OK
1281	     0	85.1	159.3	 736	OK
1282	     0	86.4	158.0	 736	OK
1283	     0	87.1	164.6	 768	OK
1284	     0	83.2	158.6	 730	OK
1285	     0	84.7	157.8	 728	OK
1286	     0	85.5	161.9	 756	OK
1287	     0	82.4	156.7	 747	OK
1288	     0	85.0	159.6	 741	OK
1289	     0	84.2	157.7	 731	OK
1290	     0	84.4	158.2	 737	OK
1291	     0	81.7	153.0	 742	OK
1292	     0	84.6	159.8	 747	OK
1293	     0	84.5	157.6	 728	OK
1294	     0	85.1	158.6	 741	OK
1295	     0	84.2	157.4	 737	OK
1296	     0	84.5	159.8	 735	OK
1297	     0	87.0	161.6	 745	OK
1298	     0	87.0	160.9	 737	OK
1299	     0	84.9	158.4	 735	OK
1300	     0	85.2	161.6	 732	OK
1301	     0	86.5	161.8	 750	OK
1302	     0	85.3	160.0	 736	OK
1303	     0	83.7	157.0	 755	OK
1304	     0	84.4	156.2	 750	OK
1305	     0	84.2	160.1	 748	OK
1306	     0	85.8	159.5	 743	OK
1307	     0	83.6	156.2	 748	OK
1308	     0	84.6	158.2	 757	OK
1309	     0	85.2	159.4	 738	OK
1310	     0	85.4	158.4	 760	OK
1311	     0	85.4	160.5	 759	OK
1312	     0	88.2	164.3	 763	OK
1313	     0	85.7	161.7	 773	OK
1314	     0	84.0	157.1	 754	OK
1315	     0	84.6	159.9	 747	OK
1316	     0	85.1	157.7	 759	OK
1317	     0	82.6	155.8	 746	OK
1318	     0	85.3	159.9	 734	OK
1319	     0	86.9	160.2	 762	OK
1320	     0	85.7	159.2	 761	OK
1321	     0	84.9	158.1	 730	OK
1322	     0	87.5	161.2	 745	OK
1323	     0	85.6	158.9	 746	OK
1324	     0	82.6	154.2	 744	OK
1325	     0	86.3	160.6	 748	OK
1326	     0	85.1	159.8	 753	OK
1327	     0	83.6	156.3	 759	OK
1328	     0	83.5	158.8	 761	OK
1329	     0	85.3	160.4	 741	OK
1330	     0	84.5	158.4	 748	OK
1331	     0	87.3	162.7	 740	OK
1332	     0	83.8	157.1	 766	OK
1333	     0	83.8	156.6	 746	OK
1334	     0	85.2	159.8	 752	OK
1335	     0	83.7	157.7	 766	OK
1336	     0	82.9	155.9	 745	OK
1337	     0	84.8	158.7	 744	OK
1338	     0	82.1	153.7	 751	OK
1339	     0	82.6	153.3	 759	OK
1340	     0	85.5	157.9	 770	OK
1341	     0	83.3	156.7	 750	OK
1342	     0	82.6	152.2	 751	OK
1343	     0	87.7	165.9	 763	OK
1344	     0	83.1	156.2	 762	OK
1345	     0	85.9	161.2	 751	OK
1346	     0	84.3	159.8	 767	OK
1347	     0	83.1	156.4	 758	OK
1348	     0	84.4	155.8	 766	OK
1349	     0	82.8	155.7	 751	OK
1350	     0	81.9	153.4	 775	OK
1351	     0	84.4	157.2	 751	OK
1352	     0	82.3	155.7	 763	OK
1353	     0	83.7	156.6	 764	OK
1354	     0	85.7	158.8	 764	OK
1355	     0	82.2	153.9	 757	OK
1356	     0	82.6	155.4	 771	OK
1357	     0	82.4	153.7	 750	OK
1358	     0	83.7	157.6	 774	OK
1359	     0	83.3	157.3	 757	OK
1360	     0	84.9	159.7	 757	OK
1361	     0	83.4	157.5	 750	OK
1362	     0	81.1	151.0	 767	OK
1363	     0	83.3	156.5	 746	OK
1364	     0	85.2	158.0	 769	OK
1365	     0	83.7	155.5	 777	OK
1366	     0	85.6	157.9	 772	OK
1367	     0	81.5	154.0	 757	OK
1368	     0	82.2	153.3	 744	OK
1369	     0	81.6	151.0	 745	OK
1370	     0	82.9	155.9	 756	OK
1371	     0	83.8	155.2	 758	OK
1372	     0	85.7	161.5	 756	OK
1373	     0	80.6	151.3	 763	OK
1374	     0	80.5	149.4	 750	OK
1375	     0	85.8	158.7	 755	OK
1376	     0	82.8	153.0	 785	OK
1377	     0	82.1	155.8	 763	OK
1378	     0	82.5	154.5	 751	OK
1379	     0	81.5	150.6	 751	OK
1380	     0	83.5	156.5	 748	OK
1381	     0	83.9	159.3	 747	OK
1382	     0	84.4	156.7	 756	OK
1383	     0	83.4	155.6	 748	OK
1384	     0	81.6	153.0	 777	OK
1385	     0	84.5	159.8	 753	OK
1386	     0	84.1	155.2	 745	OK
1387	     0	81.2	151.4	 768	OK
1388	     0	84.3	157.8	 755	OK
1389	     0	83.8	157.2	 748	OK
1390	     0	82.2	152.4	 750	OK
1391	     0	82.9	157.5	 754	OK
1392	     0	83.5	157.9	 764	OK
1393	     0	82.3	156.7	 746	OK
1394	     0	83.5	155.8	 760	OK
1395	     0	81.4	153.3	 753	OK
1396	     0	82.6	153.7	 754	OK
1397	     0	83.0	155.5	 751	OK
1398	     0	82.2	154.5	 748	OK
1399	     0	84.8	158.0	 731	OK
1400	     0	84.0	155.8	 761	OK
1401	     0	84.0	159.1	 767	OK
1402	     0	84.2	156.0	 760	OK
1403	     0	82.2	155.8	 751	OK
1404	     0	82.2	154.4	 758	OK
1405	     0	86.1	160.8	 764	OK
1406	     0	86.4	160.2	 766	OK
1407	     0	84.6	159.1	 749	OK
1408	     0	81.9	153.1	 775	OK
1409	     0	84.8	158.7	 737	OK
1410	     0	81.5	152.7	 769	OK
1411	     0	84.7	156.0	 743	OK
1412	     0	85.5	156.6	 754	OK
1413	     0	82.6	155.1	 773	OK
1414	     0	83.1	156.2	 750	OK
1415	     0	85.1	159.3	 758	OK
1416	     0	80.4	149.1	 763	OK
1417	     0	82.9	155.6	 755	OK
1418	     0	82.0	152.9	 752	OK
1419	     0	80.8	151.9	 753	OK
1420	     0	82.9	152.7	 752	OK
1421	     0	84.1	157.8	 751	OK
1422	     0	84.8	156.6	 745	OK
1423	     0	82.0	154.4	 745	OK
1424	     0	82.0	154.0	 741	OK
1425	     0	82.4	152.1	 746	OK
1426	     0	80.9	152.1	 763	OK
1427	     0	83.2	156.8	 729	OK
1428	     0	83.2	156.3	 741	OK
1429	     0	83.6	154.7	 754	OK
1430	     0	84.3	156.1	 740	OK
1431	     0	82.0	153.7	 731	OK
1432	     0	82.0	152.8	 733	OK
1433	     0	81.4	155.1	 758	OK
1434	     0	82.0	154.9	 759	OK
1435	     0	81.6	152.5	 762	OK
1436	     0	80.9	152.0	 756	OK
1437	     0	80.1	149.2	 743	OK
1438	     0	84.4	159.1	 736	OK
1439	     0	80.4	149.3	 747	OK
1440	     0	85.2	157.7	 741	OK
1441	     0	81.7	151.4	 745	OK
1442	     0	83.1	153.8	 762	OK
1443	     0	82.9	154.5	 752	OK
1444	     0	83.1	155.8	 729	OK
1445	     0	80.2	150.6	 764	OK
1446	     0	84.0	154.4	 737	OK
1447	     0	85.0	157.3	 754	OK
1448	     0	84.0	155.5	 758	OK
1449	     0	81.7	153.1	 760	OK
1450	     0	81.5	152.0	 743	OK
1451	     0	83.5	154.8	 754	OK
1452	     0	79.6	150.2	 749	OK
1453	     0	81.9	153.6	 762	OK
1454	     0	83.0	154.0	 755	OK
1455	     0	81.5	155.4	 729	OK
1456	     0	86.6	162.2	 749	OK
1457	     0	81.6	152.4	 744	OK
1458	     0	83.0	156.1	 734	OK
1459	     0	82.6	154.5	 748	OK
1460	     0	86.4	160.8	 755	OK
1461	     0	82.4	155.8	 756	OK
1462	     0	86.6	158.9	 762	OK
1463	     0	81.7	153.3	 760	OK
1464	     0	81.9	153.3	 744	OK
1465	     0	83.5	156.5	 745	OK
1466	     0	83.0	152.9	 762	OK
1467	     0	82.2	153.9	 739	OK
1468	     0	84.9	157.4	 767	OK
1469	     0	82.2	152.5	 735	OK
1470	     0	84.0	154.7	 763	OK
1471	     0	83.0	157.1	 762	OK
1472	     0	85.1	159.3	 746	OK
1473	     0	83.6	155.0	 740	OK
1474	     0	80.6	149.5	 759	OK
1475	     0	84.3	155.4	 753	OK
1476	     0	85.0	157.2	 756	OK
1477	     0	79.9	152.1	 739	OK
1478	     0	83.2	156.4	 741	OK
1479	     0	81.9	153.3	 755	OK
1480	     0	85.0	156.8	 740	OK
1481	     0	83.3	155.9	 758	OK
1482	     0	83.9	157.3	 751	OK
1483	     0	88.3	161.5	 770	OK
1484	     0	81.5	152.6	 750	OK
1485	     0	82.3	153.4	 735	OK
1486	     0	80.1	151.3	 753	OK
1487	     0	86.5	161.9	 745	OK
1488	     0	84.8	159.5	 755	OK
1489	     0	86.0	158.3	 778	OK
1490	     0	83.4	156.5	 739	OK
1491	     0	82.3	153.0	 729	OK
1492	     0	81.3	150.7	 737	OK
1493	     0	85.1	158.8	 732	OK
1494	     0	82.9	154.2	 753	OK
1495	     0	84.0	157.3	 737	OK
1496	     0	80.5	151.8	 745	OK
1497	     0	81.4	149.8	 747	OK
1498	     0	85.2	158.1	 727	OK
1499	     0	82.2	151.7	 736	OK
1500	     0	84.5	156.3	 743	OK
1501	     0	86.6	162.0	 741	OK
1502	     0	83.3	155.0	 749	OK
1503	     0	80.0	149.1	 750	OK
1504	     0	84.4	157.0	 751	OK
1505	     0	86.7	159.6	 748	OK
1506	     0	83.2	153.7	 748	OK
1507	     0	83.1	155.5	 722	OK
1508	     0	83.7	156.4	 723	OK
1509	     0	84.9	159.4	 734	OK
1510	     0	86.3	160.5	 716	OK
1511	     0	83.5	155.9	 743	OK
1512	     0	81.5	153.0	 731	OK
1513	     0	84.0	156.5	 746	OK
1514	     0	77.9	149.0	 731	OK
1515	     0	83.7	157.8	 725	OK
1516	     0	83.0	155.8	 747	OK
1517	     0	84.5	159.0	 745	OK
1518	     0	85.4	158.5	 719	OK
1519	     0	83.2	154.7	 735	OK
1520	     0	81.6	153.7	 724	OK
1521	     0	84.0	155.7	 734	OK
1522	     0	82.1	152.7	 752	OK
1523	     0	86.3	161.4	 727	OK
1524	     0	88.1	164.9	 744	OK
1525	     0	82.4	155.0	 731	OK
1526	     0	81.4	153.2	 725	OK
1527	     0	83.6	155.4	 750	OK
1528	     0	82.1	153.9	 755	OK
1529	     0	83.3	156.8	 731	OK
1530	     0	85.2	159.5	 735	OK
1531	     0	84.0	157.6	 713	OK
1532	     0	85.8	160.0	 726	OK
1533	     0	88.1	166.5	 720	OK
1534	     0	82.8	154.0	 727	OK
1535	     0	86.3	158.2	 720	OK
1536	     0	81.7	153.3	 771	OK
1537	     0	82.3	153.1	 748	OK
1538	     0	80.3	150.5	 769	OK
1539	     0	79.8	148.2	 771	OK
1540	     0	80.6	153.6	 781	OK
1541	     0	79.9	150.3	 755	OK
1542	     0	82.2	153.6	 777	OK
1543	     0	82.9	154.1	 756	OK
1544	     0	80.2	150.7	 751	OK
1545	     0	78.6	149.8	 766	OK
1546	     0	81.0	151.1	 756	OK
1547	     0	80.0	150.7	 777	OK
1548	     0	80.1	149.8	 762	OK
1549	     0	81.0	153.1	 768	OK
1550	     0	81.7	152.8	 770	OK
1551	     0	81.3	151.8	 760	OK
1552	     0	78.0	148.2	 782	OK
1553	     0	79.5	149.0	 769	OK
1554	     0	79.0	148.9	 783	OK
1555	     0	81.4	152.7	 756	OK
1556	     0	78.6	147.6	 762	OK
1557	     0	77.5	146.2	 754	OK
1558	     0	78.8	150.2	 779	OK
1559	     0	81.4	151.8	 774	OK
1560	     0	82.3	157.1	 772	OK
1561	     0	80.8	151.3	 758	OK
1562	     0	82.4	154.8	 779	OK
1563	     0	80.0	149.1	 777	OK
1564	     0	79.3	148.8	 768	OK
1565	     0	79.9	148.6	 748	OK
1566	     0	78.6	147.6	 781	OK
1567	     0	81.0	151.2	 780	OK
1568	     0	78.9	149.4	 757	OK
1569	     0	80.8	152.1	 751	OK
1570	     0	78.7	148.3	 773	OK
1571	     0	80.6	151.1	 769	OK
1572	     0	79.9	149.0	 770	OK
1573	     0	77.3	145.2	 784	OK
1574	     0	80.2	149.1	 763	OK
1575	     0	80.3	150.2	 768	OK
1576	     0	78.6	149.2	 788	OK
1577	     0	80.4	151.6	 770	OK
1578	     0	79.6	150.1	 783	OK
1579	     0	80.4	149.2	 784	OK
1580	     0	83.0	154.2	 767	OK
1581	     0	78.7	149.8	 791	OK
1582	     0	76.8	143.4	 784	OK
1583	     0	80.1	150.4	 778	OK
1584	     0	79.7	149.2	 787	OK
1585	     0	79.3	150.4	 783	OK
1586	     0	80.0	151.0	 764	OK
1587	     0	79.4	149.3	 756	OK
1588	     0	82.4	154.6	 780	OK
1589	     0	80.6	150.0	 792	OK
1590	     0	78.7	149.1	 775	OK
1591	     0	80.0	150.2	 767	OK
1592	     0	79.0	149.0	 782	OK
1593	     0	78.4	146.8	 802	OK
1594	     0	79.6	147.8	 773	OK
1595	     0	80.2	151.1	 780	OK
1596	     0	82.9	154.4	 774	OK
1597	     0	79.1	152.0	 776	OK
1598	     0	80.0	149.3	 775	OK
1599	     0	81.1	152.4	 774	OK
1600	     0	81.8	153.3	 756	OK
1601	     0	80.0	152.7	 775	OK
1602	     0	79.8	148.3	 772	OK
1603	     0	80.6	152.7	 773	OK
1604	     0	78.9	147.7	 752	OK
1605	     0	81.1	153.2	 779	OK
1606	     0	77.8	149.5	 774	OK
1607	     0	77.7	146.1	 757	OK
1608	     0	78.7	149.4	 791	OK
1609	     0	80.0	147.8	 786	OK
1610	     0	80.7	150.2	 782	OK
1611	     0	78.1	148.3	 771	OK
1612	     0	78.7	146.8	 788	OK
1613	     0	76.3	143.4	 786	OK
1614	     0	77.6	145.8	 775	OK
1615	     0	79.2	146.8	 758	OK
1616	     0	82.1	151.9	 787	OK
1617	     0	77.0	145.6	 768	OK
1618	     0	80.3	151.8	 755	OK
1619	     0	76.2	142.2	 776	OK
1620	     0	79.9	148.4	 769	OK
1621	     0	78.9	147.3	 792	OK
1622	     0	78.4	146.3	 769	OK
1623	     0	82.0	152.0	 747	OK
1624	     0	80.1	150.9	 773	OK
1625	     0	76.5	144.5	 770	OK
1626	     0	80.5	150.2	 766	OK
1627	     0	80.1	151.5	 781	OK
1628	     0	79.8	151.0	 776	OK
1629	     0	80.4	153.1	 778	OK
1630	     0	82.4	154.2	 784	OK
1631	     0	79.3	146.8	 760	OK
1632	     0	76.4	145.2	 788	OK
1633	     0	77.9	143.0	 784	OK
1634	     0	79.1	149.8	 783	OK
1635	     0	78.3	148.5	 775	OK
1636	     0	81.1	151.3	 778	OK
1637	     0	79.4	150.0	 777	OK
1638	     0	76.1	143.4	 780	OK
1639	     0	79.5	149.2	 759	OK
1640	     0	81.0	151.0	 787	OK
1641	     0	79.5	149.5	 769	OK
1642	     0	78.0	146.4	 782	OK
1643	     0	78.5	147.4	 769	OK
1644	     0	78.3	145.0	 784	OK
1645	     0	78.5	149.2	 777	OK
1646	     0	80.0	151.9	 765	OK
1647	     0	80.0	150.3	 759	OK
1648	     0	79.2	148.9	 745	OK
1649	     0	81.5	152.9	 766	OK
1650	     0	77.8	146.0	 763	OK
1651	     0	80.8	150.8	 764	OK
1652	     0	76.7	144.4	 779	OK
1653	     0	79.6	149.6	 768	OK
1654	     0	79.9	150.2	 783	OK
1655	     0	78.1	147.2	 760	OK
1656	     0	79.9	149.6	 776	OK
1657	     0	81.3	151.9	 788	OK
1658	     0	77.9	146.5	 796	OK
1659	     0	79.9	150.4	 752	OK
1660	     0	80.2	149.2	 794	OK
1661	     0	81.8	153.5	 773	OK
1662	     0	81.9	153.4	 755	OK
1663	     0	81.6	154.9	 771	OK
1664	     0	84.6	157.4	 741	OK
1665	     0	83.7	155.3	 729	OK
1666	     0	80.9	152.3	 733	OK
1667	     0	83.0	155.1	 729	OK
1668	     0	83.1	154.8	 733	OK
1669	     0	81.3	151.8	 720	OK
1670	     0	83.1	155.3	 725	OK
1671	     0	83.0	154.9	 740	OK
1672	     0	80.2	153.7	 728	OK
1673	     0	81.7	154.1	 736	OK
1674	     0	80.6	152.2	 740	OK
1675	     0	82.2	153.1	 718	OK
1676	     0	80.5	154.1	 744	OK
1677	     0	81.4	152.3	 731	OK
1678	     0	83.1	159.0	 715	OK
1679	     0	84.6	159.5	 719	OK
1680	     0	80.3	152.3	 735	OK
1681	     0	79.8	151.1	 732	OK
1682	     0	81.7	153.1	 723	OK
1683	     0	81.5	152.4	 729	OK
1684	     0	80.9	150.8	 701	OK
1685	     0	78.0	147.3	 726	OK
1686	     0	82.4	154.2	 708	OK
1687	     0	81.5	154.0	 728	OK
1688	     0	80.7	152.9	 738	OK
1689	     0	83.0	154.5	 712	OK
1690	     0	79.5	148.6	 740	OK
1691	     0	81.5	154.3	 727	OK
1692	     0	82.0	155.7	 751	OK
1693	     0	78.9	147.2	 726	OK
1694	     0	81.0	151.8	 718	OK
1695	     0	83.0	155.3	 725	OK
1696	     0	79.8	149.6	 708	OK
1697	     0	83.0	154.4	 730	OK
1698	     0	82.2	154.7	 717	OK
1699	     0	81.6	150.6	 730	OK
1700	     0	83.1	158.1	 732	OK
1701	     0	82.2	153.4	 727	OK
1702	     0	82.6	156.8	 740	OK
1703	     0	83.9	155.9	 732	OK
1704	     0	80.1	151.1	 728	OK
1705	     0	81.4	152.8	 727	OK
1706	     0	80.3	151.2	 736	OK
1707	     0	81.8	154.8	 733	OK
1708	     0	82.4	155.4	 760	OK
1709	     0	82.8	155.1	 743	OK
1710	     0	81.8	153.2	 725	OK
1711	     0	83.2	156.9	 707	OK
1712	     0	84.5	157.1	 734	OK
1713	     0	78.9	149.6	 750	OK
1714	     0	82.1	154.5	 738	OK
1715	     0	82.4	153.3	 724	OK
1716	     0	82.5	155.6	 728	OK
1717	     0	83.6	157.7	 719	OK
1718	     0	82.4	155.4	 747	OK
1719	     0	83.2	157.5	 726	OK
1720	     0	83.0	155.2	 725	OK
1721	     0	84.3	157.3	 751	OK
1722	  4000	81.3	153.4	 816	high noise
1723	     0	82.7	154.5	 728	OK
1724	     0	83.2	158.0	 726	OK
1725	     0	81.8	152.3	 731	OK
1726	     0	81.3	153.4	 750	OK
1727	     0	83.0	154.3	 728	OK
1728	     0	83.4	158.1	 770	OK
1729	     0	80.5	154.4	 723	OK
1730	     0	83.4	157.8	 751	OK
1731	     0	81.5	154.1	 751	OK
1732	     0	81.1	152.5	 752	OK
1733	     0	82.6	152.1	 727	OK
1734	     0	79.8	150.1	 728	OK
1735	     0	81.5	153.9	 724	OK
1736	     0	80.8	155.0	 756	OK
1737	     0	82.0	153.7	 732	OK
1738	     0	80.5	152.7	 742	OK
1739	     0	81.3	153.0	 738	OK
1740	     0	80.9	151.6	 728	OK
1741	     0	83.4	156.2	 737	OK
1742	     0	82.7	157.4	 727	OK
1743	     0	82.8	153.3	 738	OK
1744	     0	80.6	152.4	 736	OK
1745	     0	82.6	159.0	 732	OK
1746	     0	81.0	153.1	 742	OK
1747	     0	79.0	150.1	 738	OK
1748	     0	80.8	149.2	 743	OK
1749	     0	79.6	150.2	 728	OK
1750	     0	80.3	148.9	 744	OK
1751	     0	83.1	157.7	 730	OK
1752	     0	82.6	156.9	 731	OK
1753	     0	80.0	150.5	 742	OK
1754	     0	78.2	146.4	 733	OK
1755	     0	80.6	153.7	 750	OK
1756	     0	79.6	151.6	 739	OK
1757	     0	84.3	157.8	 725	OK
1758	     0	81.7	153.9	 739	OK
1759	     0	78.7	148.0	 749	OK
1760	     0	82.8	156.7	 743	OK
1761	     0	80.1	153.5	 739	OK
1762	     0	81.0	154.9	 731	OK
1763	     0	82.6	155.8	 750	OK
1764	     0	83.0	155.7	 726	OK
1765	     0	83.5	159.0	 733	OK
1766	     0	82.8	155.5	 731	OK
1767	     0	82.0	155.5	 738	OK
1768	     0	80.8	154.4	 718	OK
1769	     0	82.5	156.2	 728	OK
1770	     0	81.2	155.5	 742	OK
1771	     0	82.1	156.9	 750	OK
1772	     0	82.4	156.2	 727	OK
1773	     0	83.7	156.9	 734	OK
1774	     0	81.2	153.8	 738	OK
1775	     0	82.7	155.5	 723	OK
1776	     0	82.1	154.6	 729	OK
1777	     0	82.3	154.7	 746	OK
1778	     0	82.8	154.9	 749	OK
1779	     0	81.6	155.3	 750	OK
1780	     0	81.7	156.1	 753	OK
1781	     0	80.6	150.8	 733	OK
1782	     0	79.0	149.1	 742	OK
1783	     0	82.0	154.0	 729	OK
1784	     0	82.1	153.9	 743	OK
1785	     0	82.3	155.5	 730	OK
1786	     0	86.3	162.7	 751	OK
1787	     0	83.8	158.8	 736	OK
1788	     0	85.1	162.1	 740	OK
1789	     0	82.6	155.8	 736	OK
1790	     0	82.0	157.4	 738	OK
1791	     0	83.7	159.5	 748	OK
1792	     0	77.5	146.9	 740	OK
1793	     0	79.9	153.2	 729	OK
1794	     0	77.2	147.9	 751	OK
1795	     0	80.4	153.4	 741	OK
1796	     0	79.4	149.1	 741	OK
1797	     0	77.9	148.5	 722	OK
1798	     0	79.2	153.2	 721	OK
1799	     0	77.9	148.6	 735	OK
1800	     0	78.5	148.8	 742	OK
1801	     0	77.8	146.3	 732	OK
1802	     0	77.9	148.4	 735	OK
1803	     0	79.4	149.0	 742	OK
1804	     0	81.4	153.5	 742	OK
1805	     0	76.7	145.6	 736	OK
1806	     0	79.9	149.8	 749	OK
1807	     0	78.8	152.3	 744	OK
1808	     0	79.4	150.5	 722	OK
1809	     0	84.2	156.8	 724	OK
1810	     0	81.4	156.4	 720	OK
1811	     0	77.3	146.1	 738	OK
1812	     0	77.7	145.1	 728	OK
1813	     0	81.9	156.5	 717	OK
1814	     0	81.0	152.8	 733	OK
1815	     0	79.7	151.4	 744	OK
1816	     0	81.0	152.6	 726	OK
1817	     0	77.9	147.7	 739	OK
1818	     0	78.1	148.9	 728	OK
1819	     0	77.7	148.1	 727	OK
1820	     0	76.4	145.7	 729	OK
1821	     0	81.5	154.3	 752	OK
1822	     0	79.6	147.4	 748	OK
1823	     0	80.0	150.9	 739	OK
1824	     0	78.5	148.8	 724	OK
1825	     0	80.5	152.2	 729	OK
1826	     0	78.6	149.2	 729	OK
1827	     0	79.9	150.1	 727	OK
1828	     0	79.7	149.7	 744	OK
1829	     0	80.3	151.0	 742	OK
1830	     0	79.4	150.1	 754	OK
1831	     0	82.2	152.4	 719	OK
1832	     0	80.0	148.2	 741	OK
1833	     0	79.6	148.4	 745	OK
1834	     0	79.0	148.9	 729	OK
1835	     0	78.8	149.5	 734	OK
1836	     0	77.9	145.2	 744	OK
1837	     0	78.3	148.3	 738	OK
1838	     0	78.0	148.2	 726	OK
1839	     0	79.5	148.7	 724	OK
1840	     0	82.7	154.8	 745	OK
1841	     0	76.2	145.3	 753	OK
1842	     0	78.6	147.8	 736	OK
1843	     0	78.7	150.6	 724	OK
1844	     0	79.2	149.1	 746	OK
1845	     0	80.4	149.3	 754	OK
1846	     0	82.9	153.1	 753	OK
1847	     0	79.7	147.0	 752	OK
1848	     0	79.8	149.1	 738	OK
1849	     0	81.1	153.2	 723	OK
1850	     0	78.7	147.7	 721	OK
1851	     0	81.5	151.2	 724	OK
1852	     0	81.7	152.3	 753	OK
1853	     0	80.3	151.5	 746	OK
1854	     0	82.8	154.6	 749	OK
1855	     0	80.9	151.2	 748	OK
1856	     0	78.9	150.2	 729	OK
1857	     0	84.0	157.0	 744	OK
1858	     0	80.1	151.9	 738	OK
1859	     0	81.8	154.5	 738	OK
1860	     0	79.4	147.2	 745	OK
1861	     0	77.5	145.8	 743	OK
1862	     0	78.9	148.1	 739	OK
1863	     0	79.4	149.4	 755	OK
1864	     0	80.5	151.9	 728	OK
1865	     0	78.9	147.4	 730	OK
1866	     0	81.1	153.5	 751	OK
1867	     0	80.2	151.1	 738	OK
1868	     0	76.2	146.3	 730	OK
1869	     0	81.9	151.4	 737	OK
1870	     0	81.8	153.2	 735	OK
1871	     0	80.2	149.8	 737	OK
1872	     0	80.0	148.8	 730	OK
1873	     0	79.2	148.3	 728	OK
1874	     0	80.4	153.2	 727	OK
1875	     0	80.1	151.0	 724	OK
1876	     0	80.6	150.2	 736	OK
1877	     0	80.2	150.5	 740	OK
1878	     0	82.2	154.2	 735	OK
1879	     0	81.1	151.6	 743	OK
1880	     0	79.0	149.6	 752	OK
1881	     0	80.5	151.0	 736	OK
1882	     0	78.2	149.3	 728	OK
1883	     0	79.9	150.1	 715	OK
1884	     0	81.3	152.9	 730	OK
1885	     0	80.8	151.1	 732	OK
1886	     0	79.6	148.2	 715	OK
1887	     0	80.8	151.2	 736	OK
1888	     0	78.7	147.0	 727	OK
1889	     0	81.2	153.7	 730	OK
1890	     0	80.0	150.7	 724	OK
1891	     0	77.7	146.5	 718	OK
1892	     0	77.8	144.2	 716	OK
1893	     0	82.2	155.1	 749	OK
1894	     0	81.9	151.8	 718	OK
1895	     0	81.2	151.9	 736	OK
1896	     0	80.4	149.6	 732	OK
1897	     0	79.9	149.0	 724	OK
1898	     0	81.3	154.9	 736	OK
1899	     0	79.8	152.1	 722	OK
1900	     0	81.3	152.5	 736	OK
1901	     0	80.1	151.7	 728	OK
1902	     0	81.6	150.9	 739	OK
1903	     0	81.5	154.6	 729	OK
1904	     0	81.8	153.0	 722	OK
1905	     0	80.4	150.9	 733	OK
1906	     0	83.0	156.3	 735	OK
1907	     0	81.4	156.4	 728	OK
1908	     0	81.5	151.8	 712	OK
1909	     0	80.8	154.9	 712	OK
1910	     0	80.5	150.8	 722	OK
1911	     0	81.7	154.2	 729	OK
1912	     0	82.6	155.1	 736	OK
1913	     0	78.8	149.8	 718	OK
1914	     0	82.2	150.5	 728	OK
1915	     0	83.3	155.4	 725	OK
1916	     0	80.0	150.2	 730	OK
1917	     0	81.6	150.5	 722	OK
1918	     0	83.7	156.3	 729	OK
1919	     0	84.5	157.7	 720	OK
1920	     0	81.7	158.1	 735	OK
1921	     0	82.1	157.8	 740	OK
1922	     0	82.8	157.9	 745	OK
1923	     0	79.4	151.6	 735	OK
1924	     0	81.0	152.5	 727	OK
1925	     0	81.3	156.9	 747	OK
1926	     0	83.1	158.8	 732	OK
1927	     0	81.1	155.7	 735	OK
1928	     0	81.6	154.6	 740	OK
1929	     0	80.9	153.3	 728	OK
1930	     0	81.8	154.9	 738	OK
1931	     0	82.4	155.8	 731	OK
1932	     0	80.3	152.2	 734	OK
1933	     0	83.1	159.7	 741	OK
1934	     0	79.7	152.8	 717	OK
1935	     0	79.7	152.6	 732	OK
1936	     0	81.8	155.4	 755	OK
1937	     0	76.6	148.6	 752	OK
1938	     0	78.9	151.9	 732	OK
1939	     0	79.0	151.6	 730	OK
1940	     0	81.3	153.5	 709	OK
1941	     0	79.5	150.8	 751	OK
1942	     0	77.0	147.3	 731	OK
1943	     0	79.9	150.8	 724	OK
1944	     0	80.7	153.5	 727	OK
1945	     0	81.3	153.8	 742	OK
1946	     0	80.8	152.7	 728	OK
1947	     0	80.7	155.9	 744	OK
1948	     0	79.9	151.5	 726	OK
1949	     0	78.6	150.8	 736	OK
1950	     0	80.3	153.0	 735	OK
1951	     0	77.3	147.8	 731	OK
1952	     0	81.6	154.0	 729	OK
1953	     0	79.3	152.5	 730	OK
1954	     0	80.0	152.5	 739	OK
1955	     0	79.7	150.5	 724	OK
1956	     0	78.2	146.4	 720	OK
1957	     0	79.0	148.6	 735	OK
1958	     0	79.6	150.8	 736	OK
1959	     0	77.6	147.5	 746	OK
1960	     0	78.1	149.1	 734	OK
1961	     0	81.0	153.2	 722	OK
1962	     0	80.9	153.6	 709	OK
1963	     0	81.8	156.9	 751	OK
1964	     0	79.1	148.7	 724	OK
1965	     0	80.8	151.1	 719	OK
1966	     0	80.8	152.0	 736	OK
1967	     0	79.3	149.8	 730	OK
1968	     0	78.6	148.0	 733	OK
1969	     0	80.1	150.2	 753	OK
1970	     0	78.0	147.6	 747	OK
1971	     0	77.3	148.3	 719	OK
1972	     0	81.2	153.3	 743	OK
1973	     0	79.3	150.7	 709	OK
1974	     0	76.8	146.3	 728	OK
1975	     0	80.8	150.6	 722	OK
1976	     0	80.6	153.3	 723	OK
1977	     0	82.1	154.1	 743	OK
1978	     0	77.1	146.2	 742	OK
1979	     0	81.6	152.9	 718	OK
1980	     0	78.8	148.4	 741	OK
1981	     0	80.9	152.3	 735	OK
1982	     0	83.0	156.8	 717	OK
1983	     0	83.1	157.2	 741	OK
1984	     0	80.7	154.2	 719	OK
1985	     0	78.9	148.3	 709	OK
1986	     0	77.5	144.7	 732	OK
1987	     0	80.9	154.1	 738	OK
1988	     0	81.2	152.8	 710	OK
1989	     0	78.9	148.3	 712	OK
1990	     0	79.5	150.8	 718	OK
1991	     0	79.8	150.9	 710	OK
1992	     0	77.1	144.9	 731	OK
1993	     0	80.0	150.3	 720	OK
1994	     0	80.4	150.7	 723	OK
1995	     0	77.8	144.9	 709	OK
1996	     0	81.2	151.7	 714	OK
1997	     0	81.1	149.3	 727	OK
1998	     0	78.0	147.4	 723	OK
1999	     0	77.7	145.8	 714	OK
2000	     0	80.2	150.5	 721	OK
2001	     0	81.7	153.3	 728	OK
2002	     0	82.3	153.9	 724	OK
2003	     0	79.9	150.2	 728	OK
2004	     0	81.8	151.2	 714	OK
2005	     0	79.0	148.4	 716	OK
2006	     0	82.7	153.9	 715	OK
2007	     0	80.3	151.4	 707	OK
2008	     0	75.4	141.4	 727	OK
2009	     0	79.9	147.7	 729	OK
2010	     0	80.0	150.6	 703	OK
2011	     0	79.9	148.9	 722	OK
2012	     0	78.6	147.6	 724	OK
2013	     0	78.5	146.0	 721	OK
2014	     0	77.5	147.0	 711	OK
2015	     0	79.9	150.3	 711	OK
2016	     0	80.3	148.5	 719	OK
2017	     0	79.7	148.7	 719	OK
2018	     0	79.4	148.8	 710	OK
2019	     0	78.8	146.9	 721	OK
2020	     0	81.2	151.9	 710	OK
2021	     0	79.6	149.7	 708	OK
2022	     0	80.2	150.5	 715	OK
2023	     0	79.4	148.0	 713	OK
2024	     0	81.0	151.8	 719	OK
2025	     0	78.7	148.4	 706	OK
2026	     0	80.7	150.3	 704	OK
2027	     0	78.5	148.7	 703	OK
2028	     0	78.7	149.4	 724	OK
2029	     0	78.3	148.4	 719	OK
2030	     0	77.0	142.5	 730	OK
2031	     0	81.7	153.4	 699	OK
2032	     0	78.7	148.2	 714	OK
2033	     0	81.0	151.4	 720	OK
2034	     0	80.9	151.5	 722	OK
2035	     0	82.3	153.5	 707	OK
2036	     0	80.7	150.8	 707	OK
2037	     0	79.7	148.6	 705	OK
2038	     0	81.2	151.7	 710	OK
2039	     0	80.0	151.7	 715	OK
2040	     0	80.6	150.0	 709	OK
2041	     0	80.7	149.9	 694	OK
2042	     0	81.8	152.7	 711	OK
2043	     0	81.2	150.5	 710	OK
2044	     0	81.8	152.8	 713	OK
2045	     0	82.4	154.5	 715	OK
2046	     0	82.3	153.0	 704	OK
2047	     0	82.3	152.6	 708	OK
2048	     0	81.8	151.7	 732	OK
2049	     0	81.0	150.5	 759	OK
2050	     0	77.4	144.7	 751	OK
2051	     0	79.6	146.5	 729	OK
2052	     0	81.9	151.4	 736	OK
2053	     0	81.3	152.0	 758	OK
2054	     0	78.1	145.3	 752	OK
2055	     0	79.9	148.1	 761	OK
2056	     0	81.7	150.7	 745	OK
2057	     0	79.7	149.8	 747	OK
2058	     0	77.8	147.6	 746	OK
2059	     0	78.7	145.1	 754	OK
2060	     0	80.4	149.7	 743	OK
2061	     0	75.9	142.2	 750	OK
2062	     0	78.8	144.2	 732	OK
2063	     0	79.1	146.7	 750	OK
2064	     0	82.1	155.9	 755	OK
2065	     0	79.1	147.9	 750	OK
2066	     0	79.4	149.1	 745	OK
2067	     0	79.2	146.8	 737	OK
2068	     0	80.6	150.0	 759	OK
2069	     0	75.6	141.6	 754	OK
2070	     0	81.1	149.5	 755	OK
2071	     0	81.7	151.3	 742	OK
2072	     0	79.6	146.4	 742	OK
2073	     0	77.9	147.8	 770	OK
2074	     0	80.1	148.8	 758	OK
2075	     0	79.2	147.4	 763	OK
2076	     0	79.1	149.5	 755	OK
2077	     0	80.0	149.6	 755	OK
2078	     0	76.3	143.0	 780	OK
2079	     0	76.1	142.5	 766	OK
2080	     0	77.4	145.8	 760	OK
2081	     0	79.5	149.7	 755	OK
2082	     0	79.3	150.1	 767	OK
2083	     0	80.5	150.3	 758	OK
2084	     0	78.8	145.3	 755	OK
2085	     0	78.6	146.1	 757	OK
2086	     0	78.5	146.8	 765	OK
2087	     0	80.5	147.7	 754	OK
2088	     0	79.0	147.6	 754	OK
2089	     0	77.4	144.7	 758	OK
2090	     0	77.0	145.1	 760	OK
2091	     0	79.8	148.9	 766	OK
2092	     0	78.6	148.6	 779	OK
2093	     0	78.5	148.5	 757	OK
2094	     0	79.1	149.6	 766	OK
2095	     0	78.9	147.8	 732	OK
2096	     0	79.8	148.6	 747	OK
2097	     0	80.5	151.1	 755	OK
2098	     0	80.0	149.1	 767	OK
2099	     0	79.2	147.8	 744	OK
2100	     0	78.2	147.5	 758	OK
2101	     0	79.8	147.5	 730	OK
2102	     0	78.5	147.8	 755	OK
2103	     0	81.9	152.8	 749	OK
2104	     0	76.9	144.5	 755	OK
2105	     0	76.3	145.0	 782	OK
2106	     0	78.2	148.8	 757	OK
2107	     0	80.1	151.4	 749	OK
2108	     0	80.4	149.6	 776	OK
2109	     0	78.9	146.2	 768	OK
2110	     0	79.8	149.0	 771	OK
2111	     0	81.5	152.6	 743	OK
2112	     0	81.0	149.0	 758	OK
2113	     0	77.9	149.3	 749	OK
2114	     0	78.2	146.6	 733	OK
2115	     0	78.0	145.4	 750	OK
2116	     0	77.4	145.0	 777	OK
2117	     0	77.5	145.0	 771	OK
2118	     0	81.6	152.0	 755	OK
2119	     0	78.7	148.1	 780	OK
2120	     0	80.2	148.7	 776	OK
2121	     0	78.4	148.9	 765	OK
2122	     0	79.9	149.0	 770	OK
2123	     0	78.8	148.4	 753	OK
2124	     0	81.0	151.9	 771	OK
2125	     0	77.6	146.0	 751	OK
2126	     0	79.7	150.9	 779	OK
2127	     0	80.6	151.0	 772	OK
2128	     0	81.0	151.6	 764	OK
2129	     0	80.0	146.6	 761	OK
2130	     0	81.8	150.7	 769	OK
2131	     0	80.3	150.9	 757	OK
2132	     0	79.0	149.3	 735	OK
2133	     0	79.1	146.0	 762	OK
2134	     0	78.6	145.7	 754	OK
2135	     0	79.9	148.5	 788	OK
2136	     0	79.2	149.2	 751	OK
2137	     0	79.3	147.4	 765	OK
2138	     0	81.2	152.0	 768	OK
2139	     0	79.2	147.0	 772	OK
2140	     0	81.1	151.5	 769	OK
2141	     0	79.4	149.7	 760	OK
2142	     0	81.3	151.1	 754	OK
2143	   200	85.4	158.3	 756	high gain
2144	     0	79.5	151.0	 753	OK
2145	     0	81.8	153.5	 752	OK
2146	     0	77.4	147.0	 775	OK
2147	     0	78.1	146.6	 757	OK
2148	     0	80.9	151.7	 761	OK
2149	     0	75.3	141.0	 756	OK
2150	     0	80.5	150.5	 763	OK
2151	     0	79.4	148.4	 775	OK
2152	     0	79.2	149.1	 775	OK
2153	     0	80.0	147.5	 757	OK
2154	     0	79.5	147.7	 761	OK
2155	     0	79.6	146.5	 762	OK
2156	     0	78.5	144.5	 780	OK
2157	     0	80.9	151.9	 757	OK
2158	     0	78.8	148.0	 748	OK
2159	     0	79.5	147.8	 754	OK
2160	     0	81.6	153.7	 734	OK
2161	     0	77.8	146.2	 747	OK
2162	     0	78.8	146.9	 750	OK
2163	     0	80.4	150.9	 757	OK
2164	     0	80.3	150.7	 773	OK
2165	     0	81.6	149.9	 761	OK
2166	     0	80.3	150.4	 762	OK
2167	     0	77.0	143.9	 751	OK
2168	     0	84.6	156.5	 733	OK
2169	     0	80.4	149.6	 754	OK
2170	     0	80.0	150.0	 779	OK
2171	     0	81.9	153.4	 763	OK
2172	     0	81.5	150.3	 755	OK
2173	     0	80.1	149.5	 750	OK
2174	     0	80.5	150.4	 770	OK
2175	     0	79.5	149.0	 772	OK
2176	     0	83.3	159.5	 748	OK
2177	     0	82.5	156.1	 730	OK
2178	     0	83.3	157.3	 724	OK
2179	     0	83.5	156.2	 731	OK
2180	     0	84.9	161.9	 757	OK
2181	     0	81.6	154.9	 727	OK
2182	     0	82.5	156.7	 735	OK
2183	     0	82.3	153.5	 758	OK
2184	     0	82.7	157.3	 730	OK
2185	     0	80.4	150.7	 736	OK
2186	     0	83.2	155.4	 735	OK
2187	     0	85.1	161.2	 737	OK
2188	     0	83.7	158.0	 749	OK
2189	     0	80.5	151.4	 725	OK
2190	     0	81.6	154.1	 756	OK
2191	     0	83.0	158.3	 740	OK
2192	     0	83.7	158.7	 749	OK
2193	     0	82.8	156.8	 726	OK
2194	     0	80.8	152.5	 750	OK
2195	     0	83.3	158.8	 729	OK
2196	     0	82.3	155.4	 731	OK
2197	     0	83.5	159.7	 739	OK
2198	     0	79.9	151.0	 737	OK
2199	     0	80.9	151.3	 738	OK
2200	     0	81.0	153.1	 729	OK
2201	     0	84.6	159.1	 722	OK
2202	     0	81.1	152.3	 741	OK
2203	     0	78.9	149.5	 742	OK
2204	     0	82.4	155.3	 747	OK
2205	     0	82.4	154.7	 720	OK
2206	     0	79.6	151.6	 748	OK
2207	     0	79.1	150.9	 754	OK
2208	     0	80.7	150.7	 723	OK
2209	     0	80.8	153.6	 739	OK
2210	     0	80.8	152.4	 752	OK
2211	     0	84.4	159.8	 742	OK
2212	     0	82.7	158.6	 753	OK
2213	     0	81.2	152.6	 745	OK
2214	     0	84.0	156.3	 762	OK
2215	     0	81.9	153.5	 757	OK
2216	     0	79.9	152.1	 766	OK
2217	     0	83.0	157.0	 743	OK
2218	     0	84.3	158.7	 763	OK
2219	     0	82.1	154.3	 736	OK
2220	     0	79.9	151.8	 727	OK
2221	     0	81.6	154.4	 752	OK
2222	     0	80.2	152.2	 753	OK
2223	     0	81.6	155.0	 739	OK
2224	     0	80.6	152.2	 755	OK
2225	     0	80.8	153.0	 767	OK
2226	     0	84.8	158.4	 758	OK
2227	     0	84.4	158.5	 741	OK
2228	     0	81.9	155.0	 751	OK
2229	     0	83.8	156.5	 745	OK
2230	     0	83.8	156.3	 743	OK
2231	     0	83.7	158.3	 721	OK
2232	     0	81.3	152.8	 750	OK
2233	     0	81.6	155.4	 761	OK
2234	     0	83.2	157.9	 741	OK
2235	     0	81.6	153.6	 745	OK
2236	     0	83.8	158.2	 764	OK
2237	     0	79.7	151.8	 741	OK
2238	     0	79.8	151.9	 728	OK
2239	     0	83.5	157.8	 732	OK
2240	     0	83.9	161.3	 739	OK
2241	     0	81.7	156.9	 733	OK
2242	     0	86.4	160.9	 758	OK
2243	     0	85.5	161.0	 729	OK
2244	     0	80.8	153.6	 767	OK
2245	     0	81.7	153.7	 730	OK
2246	     0	83.1	156.5	 748	OK
2247	     0	84.5	161.4	 754	OK
2248	     0	83.9	160.3	 744	OK
2249	     0	83.9	158.7	 748	OK
2250	     0	86.1	162.4	 740	OK
2251	     0	84.4	160.7	 743	OK
2252	     0	83.1	157.4	 764	OK
2253	     0	83.9	157.1	 749	OK
2254	     0	82.0	157.4	 738	OK
2255	     0	84.8	158.0	 755	OK
2256	     0	83.2	158.3	 732	OK
2257	     0	82.7	156.4	 735	OK
2258	     0	81.7	153.6	 744	OK
2259	     0	80.6	151.1	 741	OK
2260	     0	82.5	155.7	 758	OK
2261	     0	82.7	156.2	 730	OK
2262	     0	80.4	152.9	 751	OK
2263	     0	83.2	158.6	 714	OK
2264	     0	81.0	152.5	 749	OK
2265	     0	83.1	157.6	 730	OK
2266	     0	82.0	155.8	 739	OK
2267	     0	84.6	159.5	 756	OK
2268	     0	81.7	154.7	 730	OK
2269	     0	81.8	153.2	 729	OK
2270	     0	82.3	153.9	 737	OK
2271	     0	81.0	155.1	 749	OK
2272	     0	85.8	158.5	 765	OK
2273	     0	85.7	161.4	 743	OK
2274	     0	82.2	153.6	 742	OK
2275	     0	83.3	156.7	 736	OK
2276	     0	82.5	156.4	 752	OK
2277	     0	84.0	158.3	 728	OK
2278	     0	83.8	158.7	 740	OK
2279	     0	82.7	156.1	 717	OK
2280	     0	83.3	158.0	 726	OK
2281	     0	80.6	151.7	 718	OK
2282	     0	84.5	158.0	 733	OK
2283	     0	82.0	155.8	 719	OK
2284	     0	84.5	157.1	 738	OK
2285	     0	82.7	157.1	 721	OK
2286	     0	84.0	156.5	 749	OK
2287	     0	82.3	155.5	 732	OK
2288	     0	84.5	160.4	 726	OK
2289	   200	89.3	168.4	 733	high gain
2290	     0	84.5	157.1	 742	OK
2291	     0	84.0	160.2	 727	OK
2292	     0	84.4	158.7	 725	OK
2293	     0	83.9	159.4	 731	OK
2294	     0	83.9	157.0	 736	OK
2295	     0	82.9	157.3	 719	OK
2296	     0	86.8	165.1	 746	OK
2297	     0	84.4	157.7	 730	OK
2298	     0	84.2	160.5	 727	OK
2299	     0	84.2	158.9	 721	OK
2300	     0	84.6	159.9	 718	OK
2301	     0	86.7	162.8	 734	OK
2302	     0	85.1	158.6	 746	OK
2303	     0	84.7	159.6	 735	OK
2304	     0	81.7	154.4	 770	OK
2305	     0	80.4	150.7	 773	OK
2306	     0	79.8	152.4	 791	OK
2307	     0	76.4	144.3	 770	OK
2308	     0	81.5	152.7	 781	OK
2309	     0	77.4	144.5	 782	OK
2310	     0	77.5	145.8	 790	OK
2311	     0	78.4	145.8	 770	OK
2312	     0	78.3	148.5	 792	OK
2313	     0	80.1	150.5	 770	OK
2314	     0	80.2	148.4	 788	OK
2315	     0	77.9	145.2	 784	OK
2316	     0	79.2	148.6	 764	OK
2317	     0	80.1	149.1	 765	OK
2318	     0	81.2	153.4	 776	OK
2319	     0	77.9	146.9	 771	OK
2320	     0	77.3	143.4	 771	OK
2321	     0	79.8	146.2	 761	OK
2322	     0	76.5	143.7	 767	OK
2323	     0	79.3	147.2	 773	OK
2324	     0	79.6	147.8	 776	OK
2325	     0	82.2	153.5	 791	OK
2326	     0	78.6	146.3	 760	OK
2327	     0	82.3	154.1	 784	OK
2328	     0	80.0	149.0	 791	OK
2329	     0	77.8	145.3	 775	OK
2330	     0	77.0	144.0	 803	OK
2331	     0	80.0	150.2	 783	OK
2332	     0	81.8	153.2	 781	OK
2333	     0	78.7	145.7	 781	OK
2334	     0	77.4	144.6	 787	OK
2335	     0	78.9	147.8	 784	OK
2336	     0	81.8	150.6	 784	OK
2337	     0	80.9	150.9	 783	OK
2338	     0	79.5	147.0	 790	OK
2339	     0	80.7	148.8	 781	OK
2340	     0	79.5	148.0	 813	OK
2341	     0	78.4	147.9	 782	OK
2342	     0	79.1	147.2	 782	OK
2343	     0	81.1	150.0	 785	OK
2344	     0	77.4	143.9	 781	OK
2345	     0	81.0	151.8	 786	OK
2346	     0	78.7	145.8	 805	OK
2347	     0	80.9	150.1	 787	OK
2348	     0	79.8	150.3	 786	OK
2349	     0	79.3	146.2	 789	OK
2350	     0	79.5	147.5	 814	OK
2351	     0	79.6	146.7	 794	OK
2352	     0	79.2	149.6	 803	OK
2353	     0	78.6	148.5	 774	OK
2354	     0	81.7	150.2	 797	OK
2355	     0	78.3	148.3	 794	OK
2356	     0	79.5	147.9	 795	OK
2357	     0	81.6	150.7	 783	OK
2358	     0	79.3	148.6	 813	OK
2359	     0	78.0	145.6	 808	OK
2360	     0	81.5	149.7	 783	OK
2361	     0	79.1	148.0	 802	OK
2362	     0	82.6	154.1	 791	OK
2363	     0	80.3	147.7	 782	OK
2364	     0	80.8	152.0	 800	OK
2365	     0	79.5	147.3	 800	OK
2366	     0	78.6	145.2	 803	OK
2367	     0	80.1	149.8	 785	OK
2368	     0	78.8	145.2	 789	OK
2369	     0	80.3	150.9	 788	OK
2370	     0	78.1	147.5	 797	OK
2371	     0	78.6	147.6	 784	OK
2372	     0	80.0	149.3	 774	OK
2373	     0	78.7	146.6	 789	OK
2374	     0	79.4	146.5	 801	OK
2375	     0	78.0	144.6	 777	OK
2376	     0	82.0	151.8	 792	OK
2377	     0	79.2	148.5	 804	OK
2378	     0	80.1	146.3	 794	OK
2379	     0	79.7	146.6	 777	OK
2380	     0	79.0	147.8	 793	OK
2381	     0	79.4	148.7	 786	OK
2382	     0	78.0	144.6	 797	OK
2383	     0	79.6	147.2	 785	OK
2384	     0	78.7	145.4	 760	OK
2385	     0	77.5	146.2	 791	OK
2386	     0	77.6	143.5	 776	OK
2387	     0	77.7	145.5	 783	OK
2388	     0	78.5	146.4	 804	OK
2389	     0	80.2	147.6	 788	OK
2390	     0	79.7	149.5	 796	OK
2391	     0	77.6	145.9	 788	OK
2392	     0	77.7	145.3	 810	OK
2393	     0	76.5	144.9	 779	OK
2394	     0	77.0	143.6	 806	OK
2395	     0	79.6	147.0	 781	OK
2396	     0	79.1	146.6	 799	OK
2397	     0	78.5	147.2	 783	OK
2398	     0	79.5	146.7	 775	OK
2399	     0	79.5	150.0	 778	OK
2400	     0	81.4	153.1	 794	OK
2401	     0	82.6	154.2	 792	OK
2402	     0	81.6	149.9	 800	OK
2403	     0	80.2	150.9	 783	OK
2404	     0	77.8	147.1	 779	OK
2405	     0	77.4	146.5	 789	OK
2406	     0	81.4	150.0	 805	OK
2407	     0	78.9	150.5	 784	OK
2408	     0	79.7	147.3	 795	OK
2409	     0	79.9	147.2	 769	OK
2410	     0	77.7	145.1	 782	OK
2411	     0	78.9	147.9	 781	OK
2412	     0	80.6	152.0	 775	OK
2413	     0	81.2	150.9	 778	OK
2414	     0	80.0	149.0	 804	OK
2415	     0	77.7	146.7	 796	OK
2416	     0	78.6	146.7	 799	OK
2417	     0	79.9	147.9	 784	OK
2418	     0	79.6	146.8	 787	OK
2419	     0	81.2	149.6	 805	OK
2420	     0	78.6	144.8	 812	OK
2421	     0	81.7	152.7	 787	OK
2422	     0	79.9	149.5	 778	OK
2423	     0	77.0	141.4	 784	OK
2424	     0	76.8	141.9	 785	OK
2425	     0	79.1	145.2	 764	OK
2426	     0	79.2	148.8	 781	OK
2427	     0	82.1	150.3	 789	OK
2428	     0	80.6	148.5	 782	OK
2429	     0	79.7	147.6	 788	OK
2430	     0	82.3	151.3	 800	OK
2431	     0	83.2	154.6	 799	OK
2432	     0	85.3	160.3	 782	OK
2433	     0	84.8	158.7	 786	OK
2434	     0	83.3	154.2	 783	OK
2435	     0	82.6	154.7	 771	OK
2436	     0	81.0	153.2	 784	OK
2437	     0	84.2	156.4	 773	OK
2438	     0	85.2	159.4	 790	OK
2439	     0	84.1	155.2	 756	OK
2440	     0	84.8	159.7	 778	OK
2441	     0	81.6	152.2	 764	OK
2442	     0	82.4	153.4	 787	OK
2443	     0	85.9	162.4	 765	OK
2444	     0	80.0	152.3	 778	OK
2445	     0	82.8	155.4	 786	OK
2446	     0	85.1	156.3	 780	OK
2447	     0	83.4	154.1	 771	OK
2448	     0	80.6	150.4	 766	OK
2449	     0	83.0	156.2	 776	OK
2450	     0	85.6	158.2	 745	OK
2451	     0	82.2	152.7	 772	OK
2452	     0	84.9	157.3	 782	OK
2453	     0	84.4	157.8	 772	OK
2454	     0	83.9	156.8	 770	OK
2455	     0	82.9	153.8	 760	OK
2456	     0	82.0	152.8	 763	OK
2457	     0	82.2	153.9	 782	OK
2458	     0	81.9	153.9	 772	OK
2459	     0	82.9	153.3	 758	OK
2460	     0	83.4	157.1	 761	OK
2461	     0	82.9	152.0	 777	OK
2462	     0	83.8	157.6	 786	OK
2463	     0	82.6	155.6	 785	OK
2464	     0	83.2	156.1	 768	OK
2465	     0	83.8	154.6	 772	OK
2466	     0	83.6	154.5	 774	OK
2467	     0	83.7	158.4	 769	OK
2468	     0	83.0	154.9	 776	OK
2469	     0	84.6	157.1	 769	OK
2470	     0	84.2	159.0	 777	OK
2471	     0	84.2	156.5	 784	OK
2472	     0	82.5	155.5	 787	OK
2473	     0	80.8	151.2	 769	OK
2474	     0	83.3	153.9	 782	OK
2475	     0	82.7	156.4	 780	OK
2476	     0	84.8	156.7	 765	OK
2477	     0	85.1	155.5	 771	OK
2478	     0	83.6	157.5	 775	OK
2479	     0	81.7	154.0	 790	OK
2480	     0	81.7	153.0	 782	OK
2481	     0	83.2	155.2	 781	OK
2482	     0	79.6	147.7	 770	OK
2483	     0	83.3	155.3	 769	OK
2484	     0	82.9	156.9	 797	OK
2485	     0	83.6	156.8	 768	OK
2486	     0	84.0	156.0	 783	OK
2487	     0	85.0	155.7	 770	OK
2488	     0	82.9	154.5	 787	OK
2489	     0	85.0	158.3	 755	OK
2490	     0	83.4	155.8	 787	OK
2491	     0	84.9	159.7	 769	OK
2492	     0	84.2	161.0	 782	OK
2493	     0	83.6	154.1	 768	OK
2494	     0	86.4	160.6	 772	OK
2495	     0	85.7	161.2	 758	OK
2496	     0	85.3	157.6	 781	OK
2497	     0	83.4	156.4	 771	OK
2498	     0	84.1	154.9	 770	OK
2499	     0	81.9	150.8	 764	OK
2500	     0	82.2	155.8	 797	OK
2501	     0	85.2	159.4	 766	OK
2502	     0	82.8	155.2	 772	OK
2503	     0	83.5	156.4	 777	OK
2504	     0	84.8	159.1	 774	OK
2505	     0	85.5	162.6	 768	OK
2506	     0	84.2	157.0	 772	OK
2507	     0	83.8	157.9	 775	OK
2508	     0	86.1	158.5	 781	OK
2509	     0	83.4	155.4	 749	OK
2510	     0	85.4	159.5	 768	OK
2511	     0	83.3	155.3	 753	OK
2512	     0	85.8	157.7	 774	OK
2513	     0	83.5	155.5	 773	OK
2514	     0	82.8	155.9	 771	OK
2515	     0	84.0	156.3	 778	OK
2516	     0	84.1	157.7	 761	OK
2517	     0	83.1	155.8	 779	OK
2518	     0	84.4	156.5	 767	OK
2519	     0	83.7	154.6	 764	OK
2520	     0	83.2	155.6	 758	OK
2521	     0	82.7	153.4	 754	OK
2522	     0	81.5	151.4	 766	OK
2523	     0	82.5	154.5	 772	OK
2524	     0	81.7	152.6	 771	OK
2525	     0	84.3	156.6	 747	OK
2526	     0	82.8	153.1	 748	OK
2527	     0	80.9	152.1	 756	OK
2528	     0	83.9	155.8	 772	OK
2529	     0	84.2	155.5	 754	OK
2530	     0	84.6	156.8	 762	OK
2531	     0	83.4	155.8	 763	OK
2532	     0	85.6	161.5	 766	OK
2533	     0	83.1	154.0	 762	OK
2534	     0	83.2	156.3	 756	OK
2535	     0	82.8	153.7	 765	OK
2536	     0	80.8	151.3	 762	OK
2537	     0	85.1	159.1	 749	OK
2538	     0	82.4	156.3	 744	OK
2539	     0	85.8	161.2	 750	OK
2540	     0	83.5	155.8	 759	OK
2541	     0	84.1	156.1	 771	OK
2542	     0	84.3	158.5	 753	OK
2543	     0	84.3	157.7	 759	OK
2544	     0	82.1	154.3	 758	OK
2545	     0	83.1	156.4	 757	OK
2546	     0	84.7	157.1	 764	OK
2547	     0	86.9	162.3	 754	OK
2548	     0	85.6	158.7	 745	OK
2549	     0	84.9	159.6	 763	OK
2550	     0	84.1	155.7	 765	OK
2551	     0	84.9	158.1	 766	OK
2552	     0	83.9	155.8	 763	OK
2553	     0	84.6	158.8	 752	OK
2554	     0	83.5	155.3	 758	OK
2555	     0	81.4	152.1	 756	OK
2556	     0	85.7	161.8	 756	OK
2557	     0	85.8	158.9	 749	OK
2558	     0	87.3	161.9	 783	OK
2559	   200	90.3	165.5	 775	high gain
