#chan	code	gain	vt50	innse	comment
   0	 80000	69.8	138.7	2633	very high noise
   1	 80000	69.0	136.8	1970	very high noise
   2	  4000	71.8	128.3	1641	high noise
   3	  4000	70.8	131.2	1524	high noise
   4	     0	69.4	127.9	1468	OK
   5	     0	70.7	137.5	1446	OK
   6	     0	66.8	125.4	1432	OK
   7	     0	68.8	130.4	1410	OK
   8	     0	67.5	127.7	1427	OK
   9	     0	69.2	134.6	1413	OK
  10	     0	69.0	131.3	1417	OK
  11	     0	70.5	131.7	1410	OK
  12	     0	65.6	122.8	1399	OK
  13	     0	68.9	130.2	1407	OK
  14	     0	69.8	132.0	1431	OK
  15	     0	71.4	129.3	1422	OK
  16	     0	69.2	133.1	1415	OK
  17	     0	68.9	129.0	1402	OK
  18	     0	70.0	130.1	1426	OK
  19	     0	68.0	128.6	1403	OK
  20	     0	69.5	131.5	1404	OK
  21	     0	69.9	128.3	1421	OK
  22	     0	67.0	126.5	1415	OK
  23	     0	70.7	132.5	1415	OK
  24	     0	69.9	130.2	1438	OK
  25	     0	69.0	128.1	1421	OK
  26	     0	68.4	132.9	1419	OK
  27	     0	68.5	129.6	1435	OK
  28	     0	68.8	129.0	1431	OK
  29	     0	68.8	128.4	1406	OK
  30	     0	69.2	129.8	1440	OK
  31	     0	68.6	128.8	1431	OK
  32	     0	67.3	130.0	1439	OK
  33	     0	67.3	125.1	1409	OK
  34	     0	67.9	127.4	1426	OK
  35	     0	69.4	130.5	1451	OK
  36	     0	69.1	130.4	1439	OK
  37	     0	67.9	125.4	1429	OK
  38	     0	67.3	126.3	1443	OK
  39	     0	68.9	130.9	1450	OK
  40	     0	68.0	126.4	1441	OK
  41	     0	67.9	130.4	1422	OK
  42	     0	68.9	128.3	1430	OK
  43	     0	69.0	129.9	1428	OK
  44	     0	69.8	130.6	1428	OK
  45	     0	69.2	133.6	1449	OK
  46	     0	72.1	139.4	1447	OK
  47	     0	69.4	130.4	1420	OK
  48	     0	69.2	128.9	1449	OK
  49	     0	72.2	135.3	1449	OK
  50	     0	68.0	130.1	1422	OK
  51	     0	69.7	131.0	1450	OK
  52	     0	67.6	128.7	1465	OK
  53	     0	68.3	130.6	1438	OK
  54	     0	68.6	129.8	1450	OK
  55	     0	68.9	130.8	1431	OK
  56	     0	67.9	130.2	1443	OK
  57	     0	71.4	132.9	1458	OK
  58	     0	70.1	134.1	1447	OK
  59	     0	69.8	130.6	1435	OK
  60	     0	70.9	132.0	1440	OK
  61	     0	69.5	134.0	1437	OK
  62	     0	69.7	132.1	1437	OK
  63	     0	72.5	146.6	1445	OK
  64	     0	70.7	133.2	1444	OK
  65	     0	71.7	135.2	1429	OK
  66	     0	72.7	132.8	1434	OK
  67	     0	71.3	132.8	1461	OK
  68	     0	70.3	132.5	1455	OK
  69	     0	74.0	138.4	1433	OK
  70	     0	72.6	135.3	1426	OK
  71	     0	72.5	137.3	1432	OK
  72	     0	70.4	130.5	1421	OK
  73	     0	69.9	136.5	1436	OK
  74	     0	72.5	134.5	1450	OK
  75	     0	71.3	133.5	1436	OK
  76	     0	69.1	131.0	1421	OK
  77	     0	67.9	126.3	1405	OK
  78	     0	71.6	134.7	1445	OK
  79	     0	70.1	130.6	1436	OK
  80	     0	70.0	133.7	1418	OK
  81	     0	71.2	132.4	1445	OK
  82	     0	73.2	137.4	1437	OK
  83	     0	68.8	126.8	1435	OK
  84	     0	70.4	132.8	1442	OK
  85	     0	70.6	131.5	1430	OK
  86	     0	68.1	126.2	1431	OK
  87	     0	69.3	131.8	1432	OK
  88	     0	69.6	131.6	1436	OK
  89	     0	69.9	131.4	1421	OK
  90	     0	67.7	130.0	1427	OK
  91	     0	68.5	128.4	1416	OK
  92	     0	69.6	130.6	1415	OK
  93	     0	72.6	134.6	1424	OK
  94	     0	69.6	131.5	1425	OK
  95	     0	71.3	155.8	1440	OK
  96	     0	71.0	134.5	1460	OK
  97	     0	69.3	131.6	1433	OK
  98	     0	70.0	133.7	1438	OK
  99	     0	71.5	132.6	1436	OK
 100	     0	68.5	127.7	1420	OK
 101	     0	68.5	128.3	1439	OK
 102	     0	69.8	131.2	1438	OK
 103	     0	68.8	166.3	1438	OK
 104	     0	69.1	135.0	1431	OK
 105	     0	69.6	132.0	1405	OK
 106	     0	69.7	135.0	1416	OK
 107	     0	69.7	129.8	1419	OK
 108	     0	69.3	138.7	1417	OK
 109	     0	70.0	131.3	1426	OK
 110	     0	68.4	126.7	1423	OK
 111	     0	69.8	131.6	1418	OK
 112	     0	68.8	129.6	1412	OK
 113	     0	69.8	129.0	1447	OK
 114	     0	70.6	130.3	1452	OK
 115	     0	70.4	133.5	1410	OK
 116	     0	69.9	133.7	1449	OK
 117	     0	69.8	131.1	1420	OK
 118	     0	72.7	137.2	1437	OK
 119	     0	66.3	124.4	1439	OK
 120	     0	71.7	133.6	1415	OK
 121	     0	70.8	131.8	1428	OK
 122	     0	69.9	140.0	1437	OK
 123	     0	74.2	137.2	1428	OK
 124	     0	71.6	130.8	1441	OK
 125	     0	71.2	132.9	1439	OK
 126	     0	70.8	131.3	1431	OK
 127	     0	70.5	132.8	1432	OK
 128	     0	70.5	134.6	1562	OK
 129	     0	70.5	135.1	1579	OK
 130	     0	68.8	145.5	1610	OK
 131	     0	69.2	134.0	1595	OK
 132	     0	67.1	127.8	1563	OK
 133	     0	68.3	136.2	1563	OK
 134	     0	66.8	127.6	1586	OK
 135	     0	66.9	129.5	1552	OK
 136	     0	68.9	131.3	1560	OK
 137	     0	65.4	127.2	1570	OK
 138	     0	66.3	132.8	1564	OK
 139	     0	65.5	125.4	1574	OK
 140	     0	65.3	132.4	1604	OK
 141	     0	67.1	128.4	1587	OK
 142	     0	67.6	128.4	1584	OK
 143	  4000	66.4	106.8	1649	high noise
 144	     0	68.7	131.8	1563	OK
 145	     0	67.9	131.5	1570	OK
 146	     0	66.7	126.4	1582	OK
 147	     0	67.1	131.0	1554	OK
 148	     0	68.3	134.8	1575	OK
 149	     0	66.0	127.6	1573	OK
 150	     0	66.0	127.7	1582	OK
 151	     0	69.1	130.2	1597	OK
 152	     0	67.5	126.4	1590	OK
 153	     0	68.3	128.3	1580	OK
 154	     0	68.8	129.4	1570	OK
 155	     0	68.7	129.7	1572	OK
 156	     0	69.3	130.2	1576	OK
 157	     0	68.4	133.4	1609	OK
 158	     0	66.9	124.7	1592	OK
 159	     0	67.5	126.4	1577	OK
 160	     0	66.7	127.9	1559	OK
 161	     0	69.2	129.9	1575	OK
 162	     0	69.3	129.0	1557	OK
 163	     0	68.2	128.5	1595	OK
 164	     0	69.1	131.9	1553	OK
 165	     0	68.2	128.3	1579	OK
 166	     0	68.3	131.9	1590	OK
 167	     0	67.5	138.4	1581	OK
 168	     0	66.9	128.5	1586	OK
 169	     0	68.8	137.1	1594	OK
 170	     0	66.9	126.9	1594	OK
 171	     0	68.3	132.8	1593	OK
 172	     0	67.6	129.3	1581	OK
 173	     0	69.8	135.9	1611	OK
 174	     0	68.0	128.5	1588	OK
 175	     0	69.8	134.0	1586	OK
 176	     0	67.8	127.9	1583	OK
 177	     0	67.6	128.4	1581	OK
 178	     0	69.3	130.3	1595	OK
 179	     0	69.5	131.5	1565	OK
 180	     0	67.0	128.9	1603	OK
 181	     0	70.9	130.9	1553	OK
 182	     0	66.1	126.1	1601	OK
 183	     0	68.9	129.9	1551	OK
 184	     0	67.9	131.6	1568	OK
 185	     0	65.7	125.4	1574	OK
 186	     0	68.6	133.8	1577	OK
 187	     0	69.4	130.8	1566	OK
 188	     0	70.0	132.0	1590	OK
 189	     0	67.9	129.5	1571	OK
 190	     0	70.7	135.3	1560	OK
 191	     0	69.3	130.8	1576	OK
 192	     0	70.7	134.6	1541	OK
 193	     0	71.0	134.5	1580	OK
 194	     0	68.9	131.8	1533	OK
 195	     0	68.8	131.5	1563	OK
 196	     0	67.7	133.7	1531	OK
 197	     0	70.9	134.1	1601	OK
 198	     0	67.1	127.4	1582	OK
 199	     0	70.8	130.8	1563	OK
 200	     0	69.5	128.4	1562	OK
 201	     0	69.8	135.1	1562	OK
 202	     0	69.0	131.6	1544	OK
 203	     0	70.6	132.1	1563	OK
 204	     0	70.7	131.3	1580	OK
 205	     0	69.6	133.6	1566	OK
 206	     0	68.5	131.0	1549	OK
 207	     0	68.1	130.6	1566	OK
 208	     0	69.9	130.9	1586	OK
 209	     0	68.5	130.9	1529	OK
 210	     0	69.8	136.5	1557	OK
 211	     0	70.9	132.8	1555	OK
 212	     0	68.7	129.9	1530	OK
 213	     0	68.5	127.5	1561	OK
 214	     0	70.6	130.9	1549	OK
 215	     0	69.2	131.0	1566	OK
 216	     0	71.0	137.4	1579	OK
 217	     0	70.6	133.0	1541	OK
 218	     0	68.2	134.6	1557	OK
 219	     0	69.0	130.7	1578	OK
 220	     0	69.8	130.7	1557	OK
 221	     0	71.0	133.1	1551	OK
 222	     0	68.5	130.0	1576	OK
 223	     0	69.6	129.4	1575	OK
 224	     0	71.6	136.4	1544	OK
 225	     0	69.8	131.5	1562	OK
 226	     0	69.1	132.0	1565	OK
 227	     0	70.6	135.7	1556	OK
 228	     0	72.6	136.8	1588	OK
 229	     0	67.3	132.2	1526	OK
 230	     0	69.8	133.9	1527	OK
 231	     0	70.0	131.3	1518	OK
 232	     0	69.1	129.1	1536	OK
 233	     0	69.0	130.7	1531	OK
 234	     0	68.4	130.0	1557	OK
 235	     0	71.0	130.8	1543	OK
 236	     0	70.7	133.0	1552	OK
 237	     0	69.5	130.5	1547	OK
 238	     0	72.4	136.0	1547	OK
 239	     0	70.5	133.7	1523	OK
 240	     0	67.4	130.2	1547	OK
 241	     0	71.0	133.7	1549	OK
 242	     0	69.2	130.1	1524	OK
 243	     0	70.8	135.7	1532	OK
 244	     0	70.1	135.9	1555	OK
 245	     0	69.0	130.3	1525	OK
 246	     0	72.6	133.0	1552	OK
 247	     0	74.3	141.9	1533	OK
 248	     0	70.5	131.9	1534	OK
 249	     0	72.4	137.9	1547	OK
 250	     0	70.1	134.1	1538	OK
 251	     0	72.4	139.3	1530	OK
 252	     0	69.6	130.6	1553	OK
 253	     0	71.0	132.3	1539	OK
 254	     0	70.5	162.2	1549	OK
 255	     0	72.0	133.3	1596	OK
 256	  4000	72.6	139.0	1690	high noise
 257	  1000	72.2	141.1	 433	unbonded
 258	 80000	70.3	129.8	1700	very high noise
 259	     0	69.0	131.8	1568	OK
 260	     0	70.8	132.8	1555	OK
 261	     0	72.1	135.3	1525	OK
 262	     0	70.6	131.4	1533	OK
 263	     0	71.5	127.4	1517	OK
 264	     0	68.7	128.1	1538	OK
 265	     0	68.5	130.8	1500	OK
 266	     0	69.5	130.8	1522	OK
 267	     0	70.1	132.4	1527	OK
 268	     0	71.2	132.1	1506	OK
 269	     0	68.1	128.0	1522	OK
 270	     0	70.5	129.9	1510	OK
 271	     0	68.3	130.4	1487	OK
 272	     0	72.2	135.3	1510	OK
 273	     0	68.7	127.1	1504	OK
 274	     0	67.8	127.4	1507	OK
 275	     0	69.1	129.4	1533	OK
 276	     0	69.0	128.4	1494	OK
 277	     0	70.0	133.6	1494	OK
 278	     0	70.7	132.2	1508	OK
 279	     0	70.4	131.6	1522	OK
 280	     0	69.5	129.1	1545	OK
 281	     0	69.5	129.4	1500	OK
 282	     0	71.1	133.8	1501	OK
 283	     0	71.0	133.7	1527	OK
 284	     0	68.7	132.3	1529	OK
 285	     0	67.5	125.8	1533	OK
 286	     0	68.7	129.1	1535	OK
 287	     0	68.5	129.7	1481	OK
 288	     0	69.1	131.6	1518	OK
 289	     0	71.7	133.9	1549	OK
 290	     0	68.5	128.8	1510	OK
 291	     0	71.6	134.8	1529	OK
 292	     0	70.4	132.1	1543	OK
 293	     0	69.4	130.4	1514	OK
 294	     0	73.8	139.7	1551	OK
 295	     0	68.1	126.6	1533	OK
 296	     0	67.9	129.2	1510	OK
 297	     0	70.4	132.1	1554	OK
 298	     0	70.1	132.3	1536	OK
 299	     0	68.8	130.8	1556	OK
 300	     0	69.1	129.5	1546	OK
 301	     0	67.2	125.7	1527	OK
 302	     0	70.0	128.9	1521	OK
 303	     0	68.2	129.0	1530	OK
 304	     0	69.9	131.3	1536	OK
 305	     0	70.0	131.2	1535	OK
 306	     0	68.4	127.8	1551	OK
 307	     0	68.8	129.8	1541	OK
 308	     0	67.0	124.5	1551	OK
 309	     0	67.4	125.3	1558	OK
 310	     0	68.8	128.5	1529	OK
 311	     0	69.8	132.1	1557	OK
 312	     0	68.9	130.9	1554	OK
 313	     0	69.5	132.3	1545	OK
 314	     0	67.7	164.1	1550	OK
 315	     0	71.0	134.1	1555	OK
 316	     0	71.3	136.1	1568	OK
 317	     0	67.5	128.5	1538	OK
 318	     0	71.0	132.3	1518	OK
 319	     0	72.3	135.8	1570	OK
 320	     0	70.2	135.0	1542	OK
 321	     0	69.1	129.8	1550	OK
 322	     0	69.5	135.5	1579	OK
 323	     0	69.5	133.8	1546	OK
 324	     0	67.9	127.7	1533	OK
 325	     0	69.9	132.6	1534	OK
 326	     0	70.2	138.4	1548	OK
 327	     0	68.2	127.2	1544	OK
 328	     0	68.6	130.6	1556	OK
 329	     0	67.7	130.9	1574	OK
 330	     0	68.6	132.8	1519	OK
 331	     0	68.6	136.0	1548	OK
 332	     0	70.3	130.0	1558	OK
 333	     0	70.9	133.6	1523	OK
 334	     0	66.9	126.7	1556	OK
 335	     0	69.6	131.6	1555	OK
 336	     0	68.0	130.8	1540	OK
 337	     0	68.0	128.8	1560	OK
 338	     0	68.2	127.5	1534	OK
 339	     0	68.7	131.5	1524	OK
 340	     0	68.8	129.5	1539	OK
 341	     0	68.1	130.5	1566	OK
 342	     0	69.8	135.1	1566	OK
 343	     0	68.7	128.6	1558	OK
 344	     0	67.8	125.0	1543	OK
 345	     0	67.6	126.4	1529	OK
 346	     0	66.9	128.9	1556	OK
 347	     0	68.6	155.0	1548	OK
 348	     0	67.4	129.6	1532	OK
 349	     0	67.8	130.1	1540	OK
 350	     0	68.4	126.9	1556	OK
 351	     0	70.1	136.5	1536	OK
 352	     0	70.5	133.7	1569	OK
 353	     0	68.6	128.7	1528	OK
 354	     0	67.9	128.2	1551	OK
 355	     0	68.4	132.3	1570	OK
 356	     0	67.6	127.9	1542	OK
 357	     0	68.1	130.0	1537	OK
 358	     0	70.3	133.0	1564	OK
 359	     0	68.1	126.1	1568	OK
 360	     0	66.5	127.1	1526	OK
 361	     0	66.8	128.8	1557	OK
 362	     0	67.4	129.6	1536	OK
 363	     0	66.2	127.9	1535	OK
 364	     0	67.0	127.0	1549	OK
 365	     0	67.2	126.0	1529	OK
 366	     0	67.0	125.6	1551	OK
 367	     0	67.7	152.8	1547	OK
 368	     0	68.0	127.1	1529	OK
 369	     0	67.1	126.7	1544	OK
 370	     0	68.7	129.4	1566	OK
 371	     0	68.4	130.5	1546	OK
 372	     0	68.5	128.7	1517	OK
 373	     0	67.3	128.3	1546	OK
 374	     0	68.1	128.7	1558	OK
 375	     0	67.9	132.0	1532	OK
 376	     0	66.9	126.5	1566	OK
 377	     0	67.7	129.5	1550	OK
 378	     0	67.1	127.1	1549	OK
 379	     0	67.9	131.0	1540	OK
 380	     0	68.1	129.0	1542	OK
 381	     0	69.1	130.5	1551	OK
 382	     0	69.4	131.3	1566	OK
 383	     0	70.0	131.0	1549	OK
 384	     0	68.9	129.8	1578	OK
 385	     0	70.7	133.4	1541	OK
 386	     0	67.9	128.7	1558	OK
 387	     0	67.7	128.2	1546	OK
 388	     0	67.6	126.7	1527	OK
 389	     0	67.6	129.8	1547	OK
 390	     0	67.7	128.3	1546	OK
 391	     0	67.0	126.3	1541	OK
 392	     0	66.7	127.7	1562	OK
 393	     0	68.1	130.8	1554	OK
 394	     0	67.6	129.7	1532	OK
 395	     0	65.9	127.5	1525	OK
 396	     0	68.0	131.5	1535	OK
 397	     0	66.9	128.9	1520	OK
 398	     0	68.1	130.7	1550	OK
 399	     0	67.3	128.4	1536	OK
 400	     0	67.3	124.8	1553	OK
 401	     0	67.6	129.5	1534	OK
 402	     0	68.5	130.1	1536	OK
 403	     0	66.2	125.4	1529	OK
 404	     0	65.7	124.3	1501	OK
 405	     0	65.6	125.7	1550	OK
 406	     0	66.2	124.9	1544	OK
 407	     0	66.2	125.4	1531	OK
 408	     0	69.3	139.5	1545	OK
 409	     0	67.5	127.5	1561	OK
 410	     0	69.5	130.8	1537	OK
 411	     0	68.4	128.7	1567	OK
 412	     0	66.9	150.0	1570	OK
 413	     0	67.7	128.2	1556	OK
 414	     0	65.1	125.4	1541	OK
 415	     0	66.3	126.5	1553	OK
 416	     0	66.7	125.9	1521	OK
 417	     0	67.0	127.4	1540	OK
 418	     0	68.3	128.0	1545	OK
 419	     0	70.4	156.8	1553	OK
 420	     0	67.3	130.8	1517	OK
 421	     0	66.6	127.0	1542	OK
 422	     0	66.8	127.5	1538	OK
 423	     0	68.1	129.4	1539	OK
 424	     0	66.4	127.5	1563	OK
 425	     0	67.0	126.9	1542	OK
 426	     0	66.2	125.0	1562	OK
 427	     0	65.5	132.3	1529	OK
 428	     0	66.8	126.0	1546	OK
 429	     0	67.1	127.7	1570	OK
 430	     0	69.8	131.0	1544	OK
 431	     0	66.8	126.7	1552	OK
 432	     0	66.8	127.7	1585	OK
 433	     0	66.5	122.5	1544	OK
 434	     0	68.1	133.7	1546	OK
 435	     0	65.8	126.6	1547	OK
 436	     0	67.0	126.8	1548	OK
 437	     0	67.9	132.3	1574	OK
 438	     0	67.7	130.3	1566	OK
 439	     0	67.9	127.7	1520	OK
 440	     0	65.9	127.4	1561	OK
 441	     0	68.6	131.8	1545	OK
 442	     0	68.8	128.6	1568	OK
 443	     0	65.8	128.7	1563	OK
 444	     0	67.5	129.5	1559	OK
 445	     0	69.6	132.6	1582	OK
 446	     0	68.3	131.0	1569	OK
 447	     0	68.1	129.0	1564	OK
 448	     0	68.8	131.6	1553	OK
 449	     0	68.6	128.5	1549	OK
 450	     0	66.8	128.4	1549	OK
 451	     0	68.0	128.8	1525	OK
 452	     0	66.1	126.3	1521	OK
 453	     0	64.1	123.1	1533	OK
 454	     0	65.8	126.0	1548	OK
 455	     0	64.6	122.7	1534	OK
 456	     0	64.7	124.9	1526	OK
 457	     0	67.3	130.9	1549	OK
 458	     0	67.9	124.8	1543	OK
 459	     0	67.9	129.0	1554	OK
 460	     0	67.0	126.0	1551	OK
 461	     0	66.0	125.3	1526	OK
 462	     0	67.3	126.5	1535	OK
 463	     0	66.4	125.3	1541	OK
 464	     0	67.8	129.5	1531	OK
 465	     0	65.2	121.8	1544	OK
 466	     0	67.9	128.6	1546	OK
 467	     0	65.6	121.2	1543	OK
 468	     0	65.5	125.9	1540	OK
 469	     0	69.0	141.5	1532	OK
 470	     0	68.4	128.2	1550	OK
 471	     0	68.8	128.2	1537	OK
 472	     0	66.5	126.2	1551	OK
 473	     0	67.4	125.1	1545	OK
 474	     0	67.2	128.5	1566	OK
 475	     0	67.0	129.2	1560	OK
 476	     0	65.9	129.1	1524	OK
 477	     0	68.0	129.6	1514	OK
 478	     0	67.7	128.3	1519	OK
 479	     0	67.9	127.6	1545	OK
 480	     0	69.5	132.6	1548	OK
 481	     0	67.0	126.5	1534	OK
 482	     0	65.8	124.8	1533	OK
 483	     0	68.9	129.8	1531	OK
 484	     0	67.5	126.9	1536	OK
 485	     0	66.4	129.7	1522	OK
 486	     0	65.6	126.3	1544	OK
 487	     0	67.7	131.8	1536	OK
 488	     0	67.5	128.1	1538	OK
 489	     0	66.8	126.9	1518	OK
 490	     0	66.2	126.4	1518	OK
 491	     0	67.6	127.1	1544	OK
 492	     0	67.5	126.7	1512	OK
 493	     0	66.8	125.9	1533	OK
 494	     0	69.6	138.0	1531	OK
 495	     0	67.3	125.8	1529	OK
 496	     0	68.0	125.1	1542	OK
 497	     0	66.1	124.4	1525	OK
 498	     0	67.9	130.8	1543	OK
 499	     0	67.7	127.3	1536	OK
 500	     0	66.7	128.0	1532	OK
 501	     0	68.2	129.1	1527	OK
 502	     0	67.1	128.5	1550	OK
 503	     0	68.7	131.5	1552	OK
 504	     0	68.9	137.6	1536	OK
 505	     0	68.8	128.1	1544	OK
 506	     0	67.6	129.0	1510	OK
 507	     0	68.8	133.4	1533	OK
 508	     0	71.3	133.4	1532	OK
 509	     0	69.7	130.0	1554	OK
 510	     0	67.1	128.3	1540	OK
 511	     0	68.4	132.9	1541	OK
 512	     0	75.0	148.2	1476	OK
 513	     0	74.2	136.8	1480	OK
 514	     0	73.7	137.1	1494	OK
 515	     0	75.3	138.3	1478	OK
 516	     0	75.0	138.7	1480	OK
 517	     0	73.5	136.0	1474	OK
 518	     0	73.2	134.9	1499	OK
 519	     0	71.9	137.3	1466	OK
 520	     0	71.7	134.1	1495	OK
 521	     0	72.3	137.6	1476	OK
 522	     0	73.9	136.7	1490	OK
 523	     0	74.2	140.2	1482	OK
 524	     0	74.5	138.2	1478	OK
 525	     0	76.3	141.8	1489	OK
 526	     0	73.6	137.9	1470	OK
 527	     0	75.0	138.5	1480	OK
 528	     0	73.7	138.2	1445	OK
 529	     0	71.7	133.4	1479	OK
 530	     0	74.6	139.8	1511	OK
 531	     0	70.4	132.0	1481	OK
 532	     0	72.4	134.7	1459	OK
 533	     0	72.2	137.2	1487	OK
 534	     0	73.2	135.2	1504	OK
 535	     0	73.6	134.7	1473	OK
 536	     0	71.3	135.4	1463	OK
 537	     0	71.7	124.3	1479	OK
 538	     0	71.7	139.2	1484	OK
 539	     0	75.5	134.8	1481	OK
 540	     0	72.4	132.4	1490	OK
 541	     0	72.3	133.8	1499	OK
 542	     0	72.8	136.1	1492	OK
 543	     0	73.5	133.9	1479	OK
 544	     0	72.6	134.4	1499	OK
 545	     0	71.6	131.8	1477	OK
 546	     0	72.6	136.7	1492	OK
 547	     0	72.5	134.4	1460	OK
 548	     0	74.6	138.8	1493	OK
 549	     0	74.0	138.7	1482	OK
 550	     0	72.4	135.8	1509	OK
 551	     0	73.6	136.7	1506	OK
 552	     0	71.4	132.9	1497	OK
 553	     0	72.5	137.0	1489	OK
 554	     0	72.4	133.7	1498	OK
 555	     0	73.7	133.7	1503	OK
 556	     0	73.9	137.8	1504	OK
 557	     0	72.7	146.8	1486	OK
 558	     0	73.9	138.0	1520	OK
 559	     0	72.0	132.1	1492	OK
 560	     0	71.9	133.7	1488	OK
 561	     0	72.7	139.6	1498	OK
 562	     0	74.1	136.6	1490	OK
 563	     0	73.5	136.0	1490	OK
 564	     0	73.8	151.8	1448	OK
 565	     0	72.2	136.4	1466	OK
 566	     0	74.3	136.5	1498	OK
 567	     0	75.1	138.2	1509	OK
 568	     0	73.5	142.1	1478	OK
 569	     0	72.5	132.2	1486	OK
 570	     0	73.0	136.9	1479	OK
 571	     0	73.4	136.9	1516	OK
 572	     0	72.1	133.8	1497	OK
 573	     0	73.1	135.4	1488	OK
 574	     0	75.7	136.2	1482	OK
 575	     0	73.2	135.7	1494	OK
 576	     0	73.3	135.4	1473	OK
 577	     0	72.6	135.8	1494	OK
 578	     0	71.7	133.0	1507	OK
 579	     0	72.9	142.9	1485	OK
 580	     0	71.4	131.0	1473	OK
 581	     0	71.6	134.4	1487	OK
 582	     0	69.6	134.0	1517	OK
 583	     0	72.0	131.3	1494	OK
 584	     0	73.5	141.0	1484	OK
 585	     0	69.8	131.0	1476	OK
 586	     0	70.1	129.7	1498	OK
 587	     0	71.1	131.9	1471	OK
 588	     0	71.1	133.0	1500	OK
 589	     0	72.5	135.4	1489	OK
 590	     0	70.7	134.0	1470	OK
 591	     0	72.4	135.6	1483	OK
 592	     0	71.1	126.8	1512	OK
 593	     0	70.1	133.1	1488	OK
 594	     0	69.9	133.0	1478	OK
 595	     0	69.2	129.6	1471	OK
 596	     0	70.9	133.2	1508	OK
 597	     0	72.6	134.1	1487	OK
 598	     0	70.9	133.1	1469	OK
 599	     0	70.1	130.8	1492	OK
 600	     0	70.8	148.4	1503	OK
 601	     0	70.2	147.6	1492	OK
 602	     0	71.0	131.8	1472	OK
 603	     0	71.5	135.6	1454	OK
 604	     0	72.0	139.0	1506	OK
 605	     0	71.6	144.8	1473	OK
 606	     0	71.3	133.9	1502	OK
 607	     0	71.0	128.9	1465	OK
 608	     0	69.9	130.8	1480	OK
 609	     0	69.2	127.7	1498	OK
 610	     0	71.8	133.9	1481	OK
 611	     0	70.5	136.3	1467	OK
 612	     0	72.0	134.1	1498	OK
 613	     0	70.6	133.5	1473	OK
 614	     0	71.8	135.1	1469	OK
 615	     0	69.3	130.6	1494	OK
 616	     0	71.8	136.2	1484	OK
 617	     0	69.1	127.9	1484	OK
 618	     0	70.7	130.7	1466	OK
 619	     0	68.8	131.5	1489	OK
 620	     0	70.4	129.9	1502	OK
 621	     0	69.3	131.0	1459	OK
 622	     0	69.5	130.9	1504	OK
 623	     0	69.6	128.4	1484	OK
 624	     0	71.9	132.8	1498	OK
 625	     0	72.2	133.6	1497	OK
 626	     0	70.5	129.7	1490	OK
 627	     0	69.9	132.6	1488	OK
 628	     0	71.5	154.0	1475	OK
 629	     0	70.0	129.5	1469	OK
 630	     0	74.3	148.5	1495	OK
 631	     0	72.9	135.3	1493	OK
 632	     0	72.2	134.9	1475	OK
 633	     0	70.9	134.5	1485	OK
 634	     0	72.2	135.6	1476	OK
 635	     0	74.2	137.2	1474	OK
 636	     0	73.1	140.0	1494	OK
 637	     0	70.6	129.5	1504	OK
 638	     0	71.0	131.0	1510	OK
 639	     0	72.3	149.8	1473	OK
 640	     0	70.5	133.4	1547	OK
 641	     0	73.1	136.5	1562	OK
 642	     0	71.3	131.6	1572	OK
 643	     0	70.9	135.2	1564	OK
 644	     0	71.1	132.5	1558	OK
 645	     0	71.0	131.8	1550	OK
 646	     0	70.2	133.3	1552	OK
 647	     0	70.2	131.6	1542	OK
 648	     0	74.9	140.9	1589	OK
 649	     0	72.5	134.4	1544	OK
 650	     0	70.0	133.2	1553	OK
 651	     0	70.4	133.7	1552	OK
 652	     0	69.7	132.7	1535	OK
 653	     0	71.2	134.5	1548	OK
 654	     0	67.1	126.0	1538	OK
 655	     0	71.8	135.9	1554	OK
 656	     0	72.5	136.5	1533	OK
 657	     0	70.5	138.4	1539	OK
 658	     0	70.2	130.5	1564	OK
 659	     0	71.4	133.7	1562	OK
 660	     0	69.7	126.5	1562	OK
 661	     0	68.0	129.3	1536	OK
 662	     0	71.4	135.1	1570	OK
 663	     0	69.5	133.3	1556	OK
 664	     0	67.5	127.0	1525	OK
 665	     0	72.5	134.0	1570	OK
 666	     0	69.2	113.4	1597	OK
 667	     0	69.6	132.5	1540	OK
 668	     0	70.3	134.2	1531	OK
 669	     0	69.7	129.4	1569	OK
 670	     0	69.5	129.1	1557	OK
 671	     0	69.0	128.3	1562	OK
 672	     0	71.0	135.3	1563	OK
 673	     0	70.3	133.6	1574	OK
 674	     0	70.5	136.4	1577	OK
 675	     0	68.4	129.8	1564	OK
 676	     0	69.1	130.1	1576	OK
 677	     0	68.7	129.1	1569	OK
 678	     0	67.9	127.9	1565	OK
 679	     0	69.6	133.1	1580	OK
 680	     0	69.2	133.9	1563	OK
 681	     0	67.8	136.6	1567	OK
 682	     0	71.2	134.5	1573	OK
 683	     0	69.8	130.6	1567	OK
 684	     0	68.6	125.8	1557	OK
 685	     0	69.7	132.4	1565	OK
 686	     0	67.4	126.0	1544	OK
 687	     0	71.6	133.5	1580	OK
 688	     0	70.4	132.3	1566	OK
 689	     0	70.4	133.6	1530	OK
 690	     0	69.4	130.6	1568	OK
 691	     0	71.9	132.7	1565	OK
 692	     0	68.1	127.8	1565	OK
 693	     0	69.7	130.0	1541	OK
 694	     0	70.5	136.0	1554	OK
 695	     0	67.3	127.3	1567	OK
 696	     0	71.1	134.0	1551	OK
 697	     0	70.6	133.6	1572	OK
 698	     0	70.9	134.0	1574	OK
 699	     0	69.7	132.8	1551	OK
 700	     0	70.7	131.8	1567	OK
 701	     0	69.5	131.4	1538	OK
 702	     0	71.3	137.7	1567	OK
 703	     0	73.1	137.8	1569	OK
 704	     0	71.4	134.3	1547	OK
 705	     0	70.9	133.7	1542	OK
 706	     0	73.1	137.0	1561	OK
 707	     0	71.5	137.3	1572	OK
 708	     0	72.8	136.1	1567	OK
 709	     0	70.9	131.3	1525	OK
 710	     0	73.2	138.0	1563	OK
 711	     0	70.9	134.9	1553	OK
 712	     0	69.3	129.7	1566	OK
 713	     0	72.1	130.8	1561	OK
 714	     0	71.5	135.2	1560	OK
 715	     0	72.8	134.3	1549	OK
 716	     0	66.9	125.4	1524	OK
 717	     0	69.3	131.1	1557	OK
 718	     0	71.7	134.0	1549	OK
 719	     0	72.1	136.7	1541	OK
 720	     0	70.9	147.2	1576	OK
 721	     0	71.0	135.5	1541	OK
 722	     0	70.5	134.9	1544	OK
 723	     0	71.0	133.1	1567	OK
 724	     0	72.6	134.6	1535	OK
 725	     0	70.8	133.0	1543	OK
 726	     0	70.6	130.0	1526	OK
 727	     0	69.7	134.6	1508	OK
 728	     0	68.7	129.0	1536	OK
 729	     0	70.4	131.3	1544	OK
 730	     0	71.2	131.8	1547	OK
 731	     0	70.7	132.8	1547	OK
 732	     0	71.9	138.2	1529	OK
 733	     0	73.2	134.9	1557	OK
 734	     0	71.3	137.1	1551	OK
 735	     0	69.9	132.9	1554	OK
 736	  4000	70.9	98.6	1675	high noise
 737	     0	70.9	133.4	1544	OK
 738	     0	67.7	120.3	1548	OK
 739	     0	71.9	137.4	1549	OK
 740	     0	72.3	138.5	1553	OK
 741	     0	71.7	134.7	1551	OK
 742	     0	69.2	132.0	1566	OK
 743	     0	71.0	132.7	1556	OK
 744	     0	70.5	132.0	1563	OK
 745	     0	71.1	134.8	1539	OK
 746	     0	71.0	134.6	1544	OK
 747	     0	70.5	131.5	1569	OK
 748	     0	72.7	135.4	1570	OK
 749	     0	70.7	138.4	1556	OK
 750	     0	69.6	133.2	1522	OK
 751	     0	72.1	135.3	1534	OK
 752	     0	67.6	124.8	1515	OK
 753	     0	70.2	133.1	1517	OK
 754	     0	70.9	132.7	1534	OK
 755	     0	73.1	135.4	1536	OK
 756	     0	69.4	131.4	1560	OK
 757	     0	69.8	128.5	1562	OK
 758	     0	68.4	152.6	1529	OK
 759	     0	68.7	131.1	1537	OK
 760	     0	72.0	132.2	1535	OK
 761	     0	68.2	127.7	1541	OK
 762	     0	72.2	132.0	1520	OK
 763	     0	69.7	130.5	1557	OK
 764	     0	71.5	131.4	1563	OK
 765	     0	70.4	131.2	1553	OK
 766	     0	73.8	137.2	1526	OK
 767	     0	71.6	130.8	1510	OK
 768	     0	74.0	137.8	1476	OK
 769	     0	74.7	141.6	1464	OK
 770	     0	74.2	138.7	1453	OK
 771	     0	71.8	134.1	1473	OK
 772	     0	73.5	137.1	1476	OK
 773	     0	72.0	137.0	1440	OK
 774	     0	72.5	136.6	1479	OK
 775	     0	73.0	137.4	1470	OK
 776	     0	69.9	129.6	1465	OK
 777	     0	73.1	136.5	1448	OK
 778	     0	72.8	134.6	1461	OK
 779	     0	72.1	135.1	1456	OK
 780	     0	73.2	136.4	1471	OK
 781	     0	70.1	133.3	1432	OK
 782	     0	71.4	139.0	1466	OK
 783	     0	70.5	130.6	1429	OK
 784	     0	72.6	135.9	1479	OK
 785	     0	70.7	131.5	1439	OK
 786	     0	73.0	134.4	1465	OK
 787	     0	72.2	133.3	1455	OK
 788	     0	70.4	133.0	1454	OK
 789	     0	72.9	137.5	1438	OK
 790	     0	71.8	135.9	1452	OK
 791	     0	71.4	131.5	1468	OK
 792	     0	72.6	136.5	1454	OK
 793	     0	72.8	138.9	1475	OK
 794	     0	71.3	134.8	1466	OK
 795	     0	71.0	133.6	1453	OK
 796	     0	69.8	131.0	1470	OK
 797	     0	70.0	134.6	1461	OK
 798	     0	71.2	132.1	1461	OK
 799	     0	71.8	133.1	1473	OK
 800	     0	72.0	135.1	1453	OK
 801	     0	73.8	135.8	1465	OK
 802	     0	70.5	133.7	1452	OK
 803	     0	74.1	137.3	1472	OK
 804	     0	69.9	132.1	1466	OK
 805	     0	72.0	134.1	1475	OK
 806	     0	72.6	136.2	1465	OK
 807	     0	71.5	131.9	1481	OK
 808	     0	69.5	129.4	1467	OK
 809	     0	71.9	133.9	1468	OK
 810	     0	72.7	136.7	1473	OK
 811	     0	72.6	134.2	1482	OK
 812	     0	69.6	130.9	1473	OK
 813	     0	71.3	135.0	1487	OK
 814	     0	74.1	137.3	1490	OK
 815	     0	71.4	135.3	1472	OK
 816	     0	71.1	132.2	1468	OK
 817	     0	72.9	137.1	1470	OK
 818	     0	70.2	132.8	1491	OK
 819	     0	72.0	133.1	1453	OK
 820	     0	73.9	139.7	1480	OK
 821	     0	71.5	133.5	1478	OK
 822	     0	70.8	132.6	1473	OK
 823	     0	71.3	134.2	1486	OK
 824	     0	71.9	134.2	1492	OK
 825	     0	71.3	132.6	1476	OK
 826	     0	73.2	135.9	1507	OK
 827	     0	71.4	136.3	1474	OK
 828	     0	74.3	138.9	1480	OK
 829	     0	74.5	140.8	1464	OK
 830	     0	72.5	138.3	1466	OK
 831	     0	71.8	132.2	1467	OK
 832	     0	72.4	135.8	1460	OK
 833	     0	72.8	136.5	1463	OK
 834	     0	71.5	136.6	1481	OK
 835	     0	72.0	133.0	1472	OK
 836	     0	70.5	135.5	1471	OK
 837	     0	73.0	136.7	1466	OK
 838	     0	71.9	135.4	1458	OK
 839	     0	70.4	130.6	1462	OK
 840	     0	72.0	135.0	1469	OK
 841	     0	73.2	135.5	1469	OK
 842	     0	72.2	134.8	1479	OK
 843	     0	72.5	137.3	1514	OK
 844	     0	68.4	129.8	1480	OK
 845	     0	70.1	131.3	1473	OK
 846	     0	69.6	133.0	1472	OK
 847	     0	72.4	133.8	1462	OK
 848	     0	70.3	132.6	1457	OK
 849	     0	70.1	132.2	1480	OK
 850	     0	67.8	130.8	1478	OK
 851	     0	73.0	136.0	1483	OK
 852	     0	71.0	132.8	1437	OK
 853	     0	71.5	134.8	1475	OK
 854	     0	71.7	134.5	1499	OK
 855	     0	71.9	135.7	1466	OK
 856	     0	71.6	132.3	1480	OK
 857	     0	69.9	131.0	1471	OK
 858	     0	72.9	151.1	1473	OK
 859	     0	69.6	131.7	1470	OK
 860	     0	69.5	130.1	1479	OK
 861	     0	71.4	134.2	1477	OK
 862	     0	71.3	132.4	1468	OK
 863	     0	71.1	131.5	1461	OK
 864	     0	69.6	127.4	1468	OK
 865	     0	67.6	132.4	1472	OK
 866	     0	70.0	132.9	1458	OK
 867	     0	70.3	132.1	1490	OK
 868	     0	69.3	127.8	1461	OK
 869	     0	72.2	134.3	1457	OK
 870	     0	73.1	138.7	1450	OK
 871	     0	69.4	130.6	1464	OK
 872	     0	70.8	131.4	1459	OK
 873	     0	72.4	134.7	1456	OK
 874	     0	69.8	134.8	1467	OK
 875	     0	67.7	129.5	1469	OK
 876	     0	70.5	130.5	1444	OK
 877	     0	69.7	133.7	1460	OK
 878	     0	70.2	131.5	1463	OK
 879	     0	70.4	133.7	1470	OK
 880	     0	70.1	131.1	1473	OK
 881	     0	71.8	133.4	1489	OK
 882	     0	69.7	131.6	1458	OK
 883	     0	69.4	133.5	1459	OK
 884	     0	71.4	132.9	1458	OK
 885	     0	70.2	140.0	1460	OK
 886	     0	70.5	134.8	1460	OK
 887	     0	70.9	131.3	1454	OK
 888	     0	73.3	134.9	1476	OK
 889	     0	68.8	127.6	1467	OK
 890	     0	71.8	131.6	1461	OK
 891	     0	68.5	129.0	1461	OK
 892	     0	69.1	130.8	1448	OK
 893	     0	72.4	134.3	1461	OK
 894	     0	72.6	135.4	1463	OK
 895	     0	71.5	134.9	1473	OK
 896	     0	69.1	128.2	1582	OK
 897	     0	68.2	127.4	1566	OK
 898	     0	64.7	122.6	1557	OK
 899	     0	68.7	129.0	1569	OK
 900	     0	68.9	128.9	1544	OK
 901	     0	67.7	133.1	1545	OK
 902	     0	66.1	125.4	1544	OK
 903	     0	68.6	132.0	1544	OK
 904	     0	65.8	126.5	1533	OK
 905	     0	67.2	127.8	1570	OK
 906	     0	68.9	130.7	1550	OK
 907	     0	69.1	125.6	1556	OK
 908	     0	69.2	126.0	1571	OK
 909	     0	67.5	126.4	1558	OK
 910	     0	66.9	122.8	1533	OK
 911	     0	67.3	127.0	1540	OK
 912	     0	64.7	123.9	1554	OK
 913	     0	67.7	126.7	1547	OK
 914	     0	65.1	121.8	1533	OK
 915	     0	67.3	127.5	1546	OK
 916	     0	65.8	128.5	1544	OK
 917	     0	66.2	125.0	1552	OK
 918	     0	64.9	124.0	1539	OK
 919	     0	67.2	123.8	1535	OK
 920	     0	67.1	126.8	1554	OK
 921	     0	68.6	130.5	1531	OK
 922	     0	66.6	134.6	1580	OK
 923	     0	67.3	133.2	1557	OK
 924	     0	67.8	129.1	1545	OK
 925	     0	69.9	133.2	1554	OK
 926	     0	67.1	125.4	1541	OK
 927	     0	67.2	127.4	1536	OK
 928	     0	68.8	129.8	1546	OK
 929	     0	66.0	123.3	1541	OK
 930	     0	68.1	126.9	1544	OK
 931	     0	67.4	126.3	1551	OK
 932	     0	68.4	133.9	1551	OK
 933	     0	69.1	129.2	1546	OK
 934	     0	68.6	132.6	1570	OK
 935	     0	66.9	126.4	1561	OK
 936	     0	68.3	127.2	1542	OK
 937	     0	67.3	126.8	1572	OK
 938	     0	65.9	123.2	1547	OK
 939	     0	66.3	125.2	1529	OK
 940	     0	65.0	123.7	1563	OK
 941	     0	65.8	125.0	1531	OK
 942	     0	67.9	127.8	1545	OK
 943	     0	69.0	134.3	1558	OK
 944	     0	66.7	126.7	1601	OK
 945	     0	66.9	124.6	1560	OK
 946	     0	67.8	130.0	1573	OK
 947	     0	65.0	122.2	1523	OK
 948	     0	67.0	125.8	1572	OK
 949	     0	69.5	130.1	1553	OK
 950	     0	67.1	128.6	1594	OK
 951	     0	69.0	128.2	1557	OK
 952	     0	70.4	131.6	1544	OK
 953	     0	70.4	129.9	1582	OK
 954	     0	67.5	127.5	1567	OK
 955	     0	69.4	129.6	1553	OK
 956	     0	68.8	130.5	1567	OK
 957	     0	67.6	130.5	1547	OK
 958	     0	71.1	132.5	1568	OK
 959	     0	69.8	132.7	1535	OK
 960	     0	68.1	130.7	1533	OK
 961	     0	68.7	130.0	1558	OK
 962	     0	66.7	163.4	1553	OK
 963	     0	67.0	127.7	1512	OK
 964	     0	68.8	128.8	1531	OK
 965	     0	68.6	128.7	1502	OK
 966	     0	68.4	131.4	1532	OK
 967	     0	69.9	130.8	1548	OK
 968	     0	68.1	130.9	1529	OK
 969	     0	68.6	129.9	1539	OK
 970	     0	67.8	125.6	1551	OK
 971	     0	66.7	125.1	1538	OK
 972	     0	70.0	129.7	1546	OK
 973	     0	68.1	132.1	1529	OK
 974	     0	69.1	129.7	1525	OK
 975	     0	68.0	127.3	1557	OK
 976	     0	69.4	127.9	1539	OK
 977	     0	69.3	130.2	1559	OK
 978	     0	68.0	143.5	1528	OK
 979	     0	68.8	129.4	1541	OK
 980	     0	68.2	126.6	1547	OK
 981	     0	68.7	128.3	1565	OK
 982	     0	68.2	129.0	1556	OK
 983	     0	68.7	129.7	1541	OK
 984	     0	68.6	134.6	1510	OK
 985	     0	68.7	127.3	1556	OK
 986	     0	71.1	134.6	1550	OK
 987	     0	64.4	123.0	1522	OK
 988	     0	68.5	127.9	1527	OK
 989	     0	69.9	130.2	1557	OK
 990	     0	67.8	131.2	1573	OK
 991	     0	68.8	127.9	1544	OK
 992	     0	67.9	129.1	1542	OK
 993	     0	67.8	125.9	1537	OK
 994	     0	69.3	129.8	1573	OK
 995	     0	68.5	129.5	1545	OK
 996	     0	66.6	126.4	1555	OK
 997	     0	69.4	134.1	1548	OK
 998	     0	70.2	130.1	1519	OK
 999	     0	65.2	121.7	1508	OK
1000	     0	68.3	128.5	1542	OK
1001	     0	70.1	128.3	1534	OK
1002	     0	69.5	143.4	1554	OK
1003	     0	68.2	129.8	1563	OK
1004	     0	67.6	128.8	1559	OK
1005	     0	68.5	129.6	1546	OK
1006	     0	69.7	130.5	1520	OK
1007	     0	70.2	131.5	1548	OK
1008	     0	71.0	134.3	1548	OK
1009	     0	68.2	129.0	1540	OK
1010	     0	69.4	129.7	1560	OK
1011	     0	66.9	126.6	1544	OK
1012	     0	68.9	129.7	1535	OK
1013	     0	69.1	129.1	1548	OK
1014	     0	69.2	130.5	1552	OK
1015	     0	69.3	130.2	1533	OK
1016	     0	69.6	141.0	1557	OK
1017	     0	71.8	132.8	1538	OK
1018	     0	69.1	127.6	1576	OK
1019	     0	69.3	127.1	1536	OK
1020	     0	70.6	130.4	1561	OK
1021	     0	71.3	133.9	1568	OK
1022	     0	69.1	127.8	1557	OK
1023	     0	71.3	130.6	1559	OK
1024	     0	71.9	136.4	1505	OK
1025	     0	71.1	132.5	1491	OK
1026	     0	70.2	154.3	1477	OK
1027	     0	69.5	128.4	1511	OK
1028	     0	67.2	129.5	1495	OK
1029	     0	67.9	128.2	1492	OK
1030	     0	69.8	133.7	1504	OK
1031	     0	70.6	133.1	1512	OK
1032	     0	68.3	130.2	1497	OK
1033	     0	69.8	131.5	1496	OK
1034	     0	70.0	132.9	1491	OK
1035	     0	70.6	131.4	1503	OK
1036	     0	71.6	150.7	1488	OK
1037	     0	69.8	133.0	1503	OK
1038	     0	69.7	130.4	1511	OK
1039	     0	69.1	131.8	1498	OK
1040	     0	69.5	131.0	1485	OK
1041	     0	69.8	130.0	1503	OK
1042	     0	68.0	127.1	1490	OK
1043	     0	70.3	132.2	1492	OK
1044	     0	69.5	136.1	1483	OK
1045	     0	69.4	130.1	1519	OK
1046	     0	67.5	126.1	1486	OK
1047	     0	68.7	130.1	1514	OK
1048	     0	66.8	125.8	1507	OK
1049	     0	68.8	126.9	1503	OK
1050	     0	67.8	131.7	1486	OK
1051	     0	68.6	126.9	1524	OK
1052	     0	69.0	133.9	1519	OK
1053	     0	67.8	126.9	1482	OK
1054	     0	69.2	134.1	1500	OK
1055	     0	68.6	129.5	1514	OK
1056	     0	68.0	129.0	1475	OK
1057	     0	68.0	127.4	1488	OK
1058	     0	69.9	129.8	1522	OK
1059	     0	69.3	130.1	1502	OK
1060	     0	68.4	126.3	1502	OK
1061	     0	70.1	133.1	1536	OK
1062	     0	67.2	124.8	1488	OK
1063	     0	67.3	124.7	1493	OK
1064	     0	69.6	136.4	1525	OK
1065	     0	71.1	132.5	1523	OK
1066	     0	68.1	129.1	1517	OK
1067	     0	69.1	131.3	1510	OK
1068	     0	68.2	127.8	1519	OK
1069	     0	67.8	127.4	1491	OK
1070	     0	68.3	127.5	1514	OK
1071	     0	68.8	130.9	1496	OK
1072	     0	69.6	129.9	1527	OK
1073	     0	69.0	129.4	1509	OK
1074	     0	71.2	134.5	1529	OK
1075	     0	68.7	129.1	1518	OK
1076	     0	68.9	129.0	1530	OK
1077	     0	68.5	128.5	1486	OK
1078	     0	68.5	127.4	1489	OK
1079	     0	69.6	129.3	1497	OK
1080	     0	69.4	132.8	1507	OK
1081	     0	68.3	132.6	1538	OK
1082	     0	69.5	132.3	1512	OK
1083	     0	68.8	132.4	1524	OK
1084	     0	68.4	129.2	1524	OK
1085	     0	70.7	132.9	1519	OK
1086	     0	66.3	125.1	1526	OK
1087	     0	69.9	131.6	1503	OK
1088	     0	69.3	132.6	1528	OK
1089	     0	68.7	129.8	1501	OK
1090	     0	67.1	124.2	1497	OK
1091	     0	70.6	132.1	1519	OK
1092	     0	69.4	131.0	1542	OK
1093	     0	69.7	129.0	1534	OK
1094	     0	71.0	135.2	1512	OK
1095	     0	70.3	132.8	1536	OK
1096	     0	68.3	131.1	1503	OK
1097	     0	69.8	131.8	1517	OK
1098	     0	69.2	129.0	1518	OK
1099	     0	70.6	132.3	1501	OK
1100	     0	70.1	132.5	1518	OK
1101	     0	69.2	129.2	1515	OK
1102	     0	71.6	133.1	1536	OK
1103	     0	69.0	129.2	1510	OK
1104	     0	68.3	128.1	1519	OK
1105	     0	67.8	129.2	1503	OK
1106	     0	68.5	128.1	1513	OK
1107	     0	72.4	136.4	1516	OK
1108	     0	70.0	128.9	1526	OK
1109	     0	69.6	131.9	1513	OK
1110	     0	70.2	135.5	1537	OK
1111	     0	68.4	128.7	1505	OK
1112	     0	68.1	128.8	1501	OK
1113	     0	69.7	131.9	1511	OK
1114	     0	69.7	128.6	1543	OK
1115	     0	68.4	129.2	1514	OK
1116	     0	70.1	133.2	1505	OK
1117	     0	68.7	129.7	1497	OK
1118	     0	68.3	127.8	1509	OK
1119	     0	69.7	131.7	1517	OK
1120	     0	67.7	127.2	1488	OK
1121	     0	69.2	128.1	1491	OK
1122	     0	68.5	127.8	1545	OK
1123	     0	70.7	132.4	1502	OK
1124	     0	69.2	127.6	1480	OK
1125	     0	69.5	130.4	1509	OK
1126	     0	69.3	129.9	1475	OK
1127	     0	70.6	132.5	1512	OK
1128	     0	69.4	131.4	1508	OK
1129	     0	68.8	128.0	1493	OK
1130	     0	68.7	129.8	1501	OK
1131	     0	67.7	126.1	1475	OK
1132	     0	67.3	126.9	1499	OK
1133	     0	66.5	127.2	1493	OK
1134	     0	70.1	127.1	1511	OK
1135	     0	67.8	129.7	1524	OK
1136	     0	68.9	129.0	1499	OK
1137	     0	67.2	125.6	1492	OK
1138	     0	67.2	128.8	1504	OK
1139	     0	70.7	133.4	1488	OK
1140	     0	68.0	124.7	1513	OK
1141	     0	68.7	129.6	1507	OK
1142	     0	69.5	134.1	1496	OK
1143	     0	70.1	138.8	1502	OK
1144	     0	68.4	129.8	1529	OK
1145	     0	70.6	133.5	1516	OK
1146	     0	71.4	139.9	1543	OK
1147	     0	69.4	133.0	1561	OK
1148	  4000	69.0	131.1	1631	high noise
1149	 80000	70.3	133.2	1786	very high noise
1150	 80000	68.4	130.5	2083	very high noise
1151	 80000	68.2	133.9	2711	very high noise
1152	 80000	70.8	123.6	2069	very high noise
1153	  4000	73.5	137.1	1540	high noise
1154	  4000	71.3	137.2	1269	high noise
1155	  4000	69.9	132.7	1163	high noise
1156	  4000	70.7	132.4	1122	high noise
1157	     0	69.2	132.6	1093	OK
1158	     0	67.9	127.5	1090	OK
1159	     0	69.1	130.8	1083	OK
1160	     0	69.5	129.8	1049	OK
1161	     0	71.6	136.8	1072	OK
1162	     0	69.8	130.3	1059	OK
1163	     0	70.8	137.2	1082	OK
1164	     0	69.7	134.4	1071	OK
1165	     0	70.4	132.2	1073	OK
1166	     0	69.0	131.4	1078	OK
1167	     0	70.3	135.6	1090	OK
1168	     0	70.9	133.8	1078	OK
1169	     0	71.1	135.5	1065	OK
1170	     0	69.4	130.6	1066	OK
1171	     0	68.6	131.5	1098	OK
1172	     0	68.9	130.1	1072	OK
1173	     0	68.5	130.7	1071	OK
1174	     0	68.7	130.6	1066	OK
1175	     0	70.0	132.7	1060	OK
1176	     0	66.4	126.9	1072	OK
1177	     0	67.6	127.6	1073	OK
1178	     0	68.4	129.9	1093	OK
1179	     0	67.9	128.3	1078	OK
1180	     0	68.2	130.9	1081	OK
1181	     0	70.0	135.0	1084	OK
1182	     0	68.8	130.1	1091	OK
1183	     0	67.5	130.5	1089	OK
1184	     0	69.8	131.8	1084	OK
1185	     0	70.2	136.8	1064	OK
1186	     0	67.1	127.5	1076	OK
1187	     0	70.0	134.3	1082	OK
1188	     0	69.4	130.0	1087	OK
1189	     0	67.9	128.4	1101	OK
1190	     0	68.2	130.6	1058	OK
1191	     0	70.0	134.5	1070	OK
1192	     0	68.8	131.2	1084	OK
1193	     0	69.1	132.1	1080	OK
1194	     0	69.4	132.3	1068	OK
1195	     0	70.9	134.3	1056	OK
1196	     0	67.8	129.5	1068	OK
1197	     0	69.7	133.3	1091	OK
1198	     0	69.4	130.8	1072	OK
1199	     0	67.7	130.3	1083	OK
1200	     0	70.3	131.9	1079	OK
1201	     0	67.9	122.7	1075	OK
1202	     0	70.1	132.7	1077	OK
1203	     0	72.2	136.1	1082	OK
1204	     0	68.1	128.7	1092	OK
1205	     0	69.8	132.5	1080	OK
1206	     0	70.2	131.8	1074	OK
1207	     0	69.1	133.2	1069	OK
1208	     0	69.2	132.6	1078	OK
1209	     0	69.5	135.4	1075	OK
1210	     0	70.0	134.3	1054	OK
1211	     0	69.1	131.8	1097	OK
1212	     0	71.0	138.0	1056	OK
1213	     0	69.9	134.6	1074	OK
1214	     0	71.0	134.6	1080	OK
1215	     0	73.4	140.4	1075	OK
1216	     0	70.4	136.6	1070	OK
1217	     0	71.2	133.4	1073	OK
1218	     0	71.6	137.4	1060	OK
1219	     0	73.2	139.8	1045	OK
1220	     0	72.3	135.1	1088	OK
1221	     0	70.5	136.6	1084	OK
1222	     0	70.0	134.0	1056	OK
1223	     0	71.5	135.8	1078	OK
1224	     0	72.7	139.6	1057	OK
1225	     0	70.2	134.2	1069	OK
1226	     0	73.1	138.6	1059	OK
1227	     0	72.0	138.6	1068	OK
1228	     0	70.1	133.6	1089	OK
1229	     0	69.7	132.4	1065	OK
1230	     0	73.6	138.3	1066	OK
1231	     0	70.9	135.7	1088	OK
1232	     0	69.6	133.5	1049	OK
1233	     0	70.9	135.0	1068	OK
1234	     0	70.2	132.5	1077	OK
1235	     0	70.4	133.3	1075	OK
1236	     0	68.6	132.2	1078	OK
1237	     0	72.4	134.8	1057	OK
1238	     0	69.6	133.7	1056	OK
1239	     0	71.0	134.3	1047	OK
1240	     0	68.8	130.6	1055	OK
1241	     0	70.3	133.2	1086	OK
1242	     0	68.6	127.5	1049	OK
1243	     0	71.6	134.6	1060	OK
1244	     0	70.8	134.4	1063	OK
1245	     0	70.9	134.7	1064	OK
1246	     0	70.4	135.1	1067	OK
1247	     0	69.6	136.0	1056	OK
1248	     0	71.7	136.0	1044	OK
1249	     0	70.3	134.9	1065	OK
1250	     0	70.2	133.7	1078	OK
1251	     0	69.4	132.1	1056	OK
1252	     0	69.4	133.2	1065	OK
1253	     0	69.0	133.3	1053	OK
1254	     0	70.5	135.5	1063	OK
1255	     0	70.3	132.5	1059	OK
1256	     0	70.4	134.6	1074	OK
1257	     0	70.6	135.3	1052	OK
1258	     0	70.6	134.2	1049	OK
1259	     0	71.8	136.0	1076	OK
1260	     0	67.9	133.5	1052	OK
1261	     0	70.4	133.7	1068	OK
1262	     0	69.5	131.3	1063	OK
1263	     0	70.0	135.9	1058	OK
1264	     0	70.2	133.6	1055	OK
1265	     0	69.4	131.1	1042	OK
1266	     0	69.9	131.6	1072	OK
1267	     0	71.5	135.7	1061	OK
1268	     0	71.8	134.5	1051	OK
1269	     0	72.3	136.1	1046	OK
1270	     0	72.0	136.9	1078	OK
1271	     0	71.3	138.3	1050	OK
1272	     0	70.3	133.7	1044	OK
1273	     0	72.1	137.0	1066	OK
1274	     0	72.3	137.4	1039	OK
1275	     0	70.5	133.1	1051	OK
1276	     0	72.0	134.5	1070	OK
1277	     0	71.5	136.9	1046	OK
1278	     0	73.0	136.7	1077	OK
1279	     0	74.7	142.3	1052	OK
1280	     0	72.6	136.1	1181	OK
1281	     0	70.6	137.7	1191	OK
1282	     0	66.6	129.2	1188	OK
1283	     0	67.2	129.3	1191	OK
1284	     0	69.8	132.6	1178	OK
1285	     0	67.6	128.5	1185	OK
1286	     0	69.2	132.3	1174	OK
1287	     0	66.6	129.2	1208	OK
1288	     0	66.5	128.2	1180	OK
1289	     0	68.3	131.8	1182	OK
1290	     0	69.2	132.5	1179	OK
1291	     0	70.3	136.2	1174	OK
1292	     0	68.9	133.8	1191	OK
1293	     0	70.6	139.4	1159	OK
1294	     0	67.0	130.4	1205	OK
1295	     0	67.5	143.7	1171	OK
1296	     0	68.0	128.6	1176	OK
1297	     0	68.3	130.1	1181	OK
1298	     0	67.6	129.5	1160	OK
1299	     0	67.7	131.9	1165	OK
1300	     0	67.7	133.6	1180	OK
1301	     0	68.1	132.8	1189	OK
1302	     0	67.7	131.1	1180	OK
1303	     0	70.9	134.5	1160	OK
1304	     0	66.6	131.5	1179	OK
1305	     0	68.7	131.9	1190	OK
1306	     0	70.0	133.0	1154	OK
1307	     0	70.2	135.4	1187	OK
1308	     0	67.6	130.0	1145	OK
1309	     0	68.5	131.2	1165	OK
1310	     0	68.8	130.4	1178	OK
1311	     0	66.5	129.7	1174	OK
1312	     0	67.7	126.7	1170	OK
1313	     0	67.5	136.4	1184	OK
1314	     0	68.0	131.6	1170	OK
1315	     0	68.4	130.7	1186	OK
1316	     0	68.9	132.2	1146	OK
1317	     0	68.8	138.1	1179	OK
1318	     0	66.9	128.5	1210	OK
1319	     0	68.6	132.0	1166	OK
1320	     0	68.3	140.8	1167	OK
1321	     0	70.5	133.3	1170	OK
1322	     0	68.3	129.2	1184	OK
1323	     0	67.5	129.1	1169	OK
1324	     0	67.6	129.2	1185	OK
1325	     0	69.4	133.7	1163	OK
1326	     0	69.1	132.0	1202	OK
1327	     0	69.7	136.4	1181	OK
1328	     0	69.5	136.6	1170	OK
1329	     0	67.6	128.3	1180	OK
1330	     0	66.6	129.4	1189	OK
1331	     0	68.9	132.2	1191	OK
1332	     0	70.0	133.9	1175	OK
1333	     0	66.8	129.9	1173	OK
1334	     0	69.5	134.4	1173	OK
1335	     0	69.5	137.3	1186	OK
1336	     0	69.5	132.8	1174	OK
1337	     0	67.8	131.9	1178	OK
1338	     0	69.8	132.6	1175	OK
1339	     0	70.3	133.9	1190	OK
1340	     0	69.4	132.9	1196	OK
1341	     0	67.4	129.7	1165	OK
1342	     0	70.6	137.3	1185	OK
1343	     0	72.1	138.0	1159	OK
1344	     0	71.2	137.4	1164	OK
1345	     0	72.3	138.6	1187	OK
1346	     0	70.5	136.1	1165	OK
1347	     0	69.3	133.6	1149	OK
1348	     0	67.9	129.9	1177	OK
1349	     0	72.3	136.1	1163	OK
1350	     0	69.9	135.7	1154	OK
1351	     0	72.5	140.4	1179	OK
1352	     0	71.8	136.5	1188	OK
1353	     0	68.7	134.0	1153	OK
1354	     0	70.4	132.3	1193	OK
1355	     0	69.4	130.6	1160	OK
1356	     0	68.7	133.6	1193	OK
1357	     0	70.7	135.9	1175	OK
1358	     0	70.0	135.6	1162	OK
1359	     0	68.2	132.0	1167	OK
1360	     0	68.2	131.8	1167	OK
1361	     0	70.0	131.4	1168	OK
1362	     0	70.0	134.1	1168	OK
1363	     0	69.3	133.2	1158	OK
1364	     0	70.0	134.1	1172	OK
1365	     0	67.8	129.4	1191	OK
1366	     0	69.6	133.1	1149	OK
1367	     0	69.2	133.4	1149	OK
1368	     0	68.3	129.5	1161	OK
1369	     0	70.4	135.0	1186	OK
1370	     0	72.6	144.1	1171	OK
1371	     0	70.6	137.5	1161	OK
1372	     0	71.0	137.7	1181	OK
1373	     0	68.6	130.1	1180	OK
1374	     0	71.4	134.4	1164	OK
1375	     0	70.3	137.2	1166	OK
1376	     0	69.3	130.4	1142	OK
1377	     0	70.1	133.3	1155	OK
1378	     0	71.3	136.8	1164	OK
1379	     0	71.1	135.6	1170	OK
1380	     0	71.3	136.3	1170	OK
1381	     0	71.6	138.3	1149	OK
1382	     0	71.7	137.9	1153	OK
1383	     0	71.2	136.6	1159	OK
1384	     0	69.3	133.6	1159	OK
1385	     0	72.7	140.2	1144	OK
1386	     0	70.0	132.5	1145	OK
1387	     0	71.8	135.9	1170	OK
1388	     0	71.4	134.6	1160	OK
1389	     0	71.9	137.9	1167	OK
1390	     0	71.5	134.2	1181	OK
1391	     0	71.4	135.3	1145	OK
1392	     0	71.2	135.3	1148	OK
1393	     0	69.2	131.7	1164	OK
1394	     0	71.8	136.3	1156	OK
1395	     0	69.8	134.7	1167	OK
1396	     0	69.3	132.4	1163	OK
1397	     0	72.6	137.7	1150	OK
1398	     0	70.5	133.8	1156	OK
1399	     0	72.5	138.5	1162	OK
1400	     0	72.2	138.2	1169	OK
1401	     0	70.9	137.1	1166	OK
1402	     0	69.5	133.4	1134	OK
1403	     0	72.0	136.5	1157	OK
1404	     0	75.7	144.6	1163	OK
1405	     0	73.2	139.3	1155	OK
1406	     0	74.9	141.6	1178	OK
1407	     0	75.2	142.0	1174	OK
1408	     0	71.0	134.3	1183	OK
1409	  4000	73.2	136.1	1300	high noise
1410	  1000	72.2	142.5	 421	unbonded
1411	  4000	72.9	136.2	1305	high noise
1412	  4000	69.8	133.1	1228	high noise
1413	  4000	71.9	137.7	1298	high noise
1414	  1000	70.8	139.6	 432	unbonded
1415	  4000	72.1	137.1	1288	high noise
1416	     0	71.6	137.9	1165	OK
1417	     0	72.1	135.5	1140	OK
1418	     0	72.2	135.7	1128	OK
1419	     0	69.5	131.1	1140	OK
1420	     0	71.5	135.3	1127	OK
1421	     0	70.8	136.7	1156	OK
1422	     0	70.0	133.6	1138	OK
1423	     0	70.7	135.0	1146	OK
1424	     0	71.2	134.3	1158	OK
1425	     0	70.6	135.2	1136	OK
1426	     0	69.9	135.9	1121	OK
1427	     0	69.3	133.6	1124	OK
1428	     0	71.2	135.8	1146	OK
1429	     0	68.2	131.0	1149	OK
1430	     0	69.0	131.7	1120	OK
1431	     0	70.7	135.5	1116	OK
1432	     0	71.5	137.0	1122	OK
1433	     0	68.6	130.2	1153	OK
1434	     0	71.7	139.1	1142	OK
1435	     0	71.8	135.4	1150	OK
1436	     0	70.0	133.0	1135	OK
1437	     0	68.0	129.2	1146	OK
1438	     0	70.1	133.0	1134	OK
1439	     0	70.7	135.1	1149	OK
1440	     0	70.3	136.3	1132	OK
1441	     0	72.2	135.1	1146	OK
1442	     0	71.5	138.7	1149	OK
1443	     0	70.3	137.6	1131	OK
1444	     0	71.2	137.7	1130	OK
1445	     0	70.1	133.8	1142	OK
1446	     0	72.4	139.1	1123	OK
1447	     0	70.8	135.4	1154	OK
1448	     0	69.1	133.6	1117	OK
1449	     0	69.7	132.8	1138	OK
1450	     0	69.4	132.5	1147	OK
1451	     0	67.7	130.6	1147	OK
1452	     0	68.2	130.1	1166	OK
1453	     0	68.9	129.6	1127	OK
1454	     0	68.3	131.4	1159	OK
1455	     0	68.2	130.9	1164	OK
1456	     0	69.0	131.9	1136	OK
1457	     0	70.9	133.7	1139	OK
1458	     0	69.3	131.9	1164	OK
1459	     0	67.8	131.6	1146	OK
1460	     0	69.2	131.5	1151	OK
1461	     0	70.6	135.0	1154	OK
1462	     0	69.6	135.0	1149	OK
1463	     0	68.8	138.0	1159	OK
1464	     0	68.1	132.8	1157	OK
1465	     0	71.0	136.2	1142	OK
1466	     0	70.6	133.6	1162	OK
1467	     0	71.0	136.4	1166	OK
1468	     0	72.4	138.2	1165	OK
1469	     0	69.3	133.7	1150	OK
1470	     0	70.0	132.4	1137	OK
1471	     0	70.3	133.3	1165	OK
1472	     0	70.5	135.1	1152	OK
1473	     0	71.4	137.4	1144	OK
1474	     0	70.6	137.0	1143	OK
1475	     0	70.6	135.2	1157	OK
1476	     0	70.0	143.1	1157	OK
1477	     0	70.2	135.7	1158	OK
1478	     0	68.5	133.7	1150	OK
1479	     0	68.1	128.7	1155	OK
1480	     0	70.4	136.1	1148	OK
1481	     0	68.0	136.5	1138	OK
1482	     0	68.0	132.4	1141	OK
1483	     0	67.5	127.7	1151	OK
1484	     0	71.3	136.6	1137	OK
1485	     0	70.3	135.7	1140	OK
1486	     0	67.4	127.7	1144	OK
1487	     0	68.3	130.6	1157	OK
1488	     0	67.1	137.9	1130	OK
1489	     0	68.2	135.1	1160	OK
1490	     0	68.8	134.2	1144	OK
1491	     0	69.4	131.1	1150	OK
1492	     0	69.9	132.5	1167	OK
1493	     0	69.0	131.7	1150	OK
1494	     0	68.9	134.1	1150	OK
1495	     0	69.5	132.4	1146	OK
1496	     0	68.4	131.2	1135	OK
1497	     0	69.4	135.8	1151	OK
1498	     0	69.6	134.8	1157	OK
1499	     0	70.0	136.2	1141	OK
1500	     0	69.7	130.9	1159	OK
1501	     0	67.6	129.2	1131	OK
1502	     0	70.8	134.7	1135	OK
1503	     0	71.0	136.1	1142	OK
1504	     0	68.4	132.4	1150	OK
1505	     0	71.8	147.3	1150	OK
1506	     0	68.7	132.2	1162	OK
1507	     0	69.0	134.1	1141	OK
1508	     0	70.3	133.9	1152	OK
1509	     0	66.5	127.1	1137	OK
1510	     0	68.8	131.4	1159	OK
1511	     0	71.3	136.0	1159	OK
1512	     0	68.9	133.5	1146	OK
1513	     0	68.2	133.5	1133	OK
1514	     0	65.7	125.7	1155	OK
1515	     0	67.5	132.9	1130	OK
1516	     0	67.5	129.4	1147	OK
1517	     0	68.9	130.9	1133	OK
1518	     0	67.4	130.3	1141	OK
1519	     0	66.8	128.5	1154	OK
1520	     0	68.1	128.6	1149	OK
1521	     0	69.4	133.0	1170	OK
1522	     0	66.2	126.7	1185	OK
1523	     0	70.6	135.2	1144	OK
1524	     0	68.4	137.2	1189	OK
1525	  4000	69.5	133.2	1301	high noise
1526	  1000	70.8	140.6	 441	unbonded
1527	  4000	68.0	129.9	1292	high noise
1528	     0	68.1	131.3	1197	OK
1529	     0	66.8	128.9	1144	OK
1530	     0	68.8	132.3	1147	OK
1531	     0	69.2	135.0	1178	OK
1532	     0	68.9	133.9	1147	OK
1533	     0	71.3	136.3	1169	OK
1534	     0	70.7	134.3	1159	OK
1535	     0	71.2	139.4	1140	OK
1536	     0	70.8	136.2	1151	OK
1537	     0	69.7	137.2	1143	OK
1538	     0	69.0	132.1	1161	OK
1539	     0	69.5	132.0	1138	OK
1540	     0	66.9	128.3	1148	OK
1541	     0	67.3	129.3	1161	OK
1542	     0	68.1	131.8	1152	OK
1543	     0	66.8	128.6	1145	OK
1544	     0	67.8	129.7	1147	OK
1545	     0	70.4	135.6	1156	OK
1546	     0	67.3	127.5	1178	OK
1547	     0	65.7	125.2	1140	OK
1548	     0	67.8	131.8	1139	OK
1549	     0	68.4	131.0	1142	OK
1550	     0	67.0	128.3	1143	OK
1551	     0	67.0	126.0	1145	OK
1552	     0	68.6	134.8	1145	OK
1553	     0	68.0	131.4	1137	OK
1554	     0	67.1	130.7	1167	OK
1555	     0	68.2	131.8	1158	OK
1556	     0	69.0	133.5	1155	OK
1557	     0	66.2	127.8	1156	OK
1558	     0	68.1	130.6	1133	OK
1559	     0	68.2	129.6	1147	OK
1560	     0	69.3	130.9	1150	OK
1561	     0	66.7	129.7	1147	OK
1562	     0	69.4	133.2	1170	OK
1563	     0	67.9	132.5	1155	OK
1564	     0	68.4	133.8	1129	OK
1565	     0	68.8	133.8	1168	OK
1566	     0	68.6	131.1	1155	OK
1567	     0	68.2	130.9	1156	OK
1568	     0	67.5	128.2	1151	OK
1569	     0	70.3	135.1	1161	OK
1570	     0	68.0	131.7	1153	OK
1571	     0	68.6	130.1	1137	OK
1572	     0	68.4	130.3	1150	OK
1573	     0	67.2	131.2	1163	OK
1574	     0	66.5	127.8	1167	OK
1575	     0	67.5	131.0	1173	OK
1576	     0	66.9	130.2	1176	OK
1577	     0	68.5	132.8	1149	OK
1578	     0	67.7	131.0	1139	OK
1579	     0	66.0	129.5	1172	OK
1580	     0	69.8	133.5	1190	OK
1581	     0	70.7	137.2	1150	OK
1582	     0	67.1	132.2	1139	OK
1583	     0	67.7	131.5	1137	OK
1584	     0	66.6	126.1	1140	OK
1585	     0	67.8	130.9	1177	OK
1586	     0	70.5	135.6	1181	OK
1587	     0	68.3	131.6	1137	OK
1588	     0	66.9	127.0	1161	OK
1589	     0	69.4	132.1	1162	OK
1590	     0	67.9	133.9	1179	OK
1591	     0	67.8	133.9	1148	OK
1592	     0	67.3	128.4	1128	OK
1593	     0	67.8	130.7	1178	OK
1594	     0	67.8	130.8	1187	OK
1595	     0	69.0	132.3	1167	OK
1596	     0	68.0	130.2	1162	OK
1597	     0	68.1	130.4	1149	OK
1598	     0	69.7	133.9	1162	OK
1599	     0	68.3	131.2	1148	OK
1600	     0	70.3	135.9	1149	OK
1601	     0	69.3	134.7	1166	OK
1602	     0	68.1	132.8	1155	OK
1603	     0	68.0	130.3	1149	OK
1604	     0	68.0	129.6	1162	OK
1605	     0	68.1	130.4	1140	OK
1606	     0	67.4	130.2	1135	OK
1607	     0	65.4	126.0	1146	OK
1608	     0	67.3	130.8	1133	OK
1609	     0	64.6	124.3	1149	OK
1610	     0	68.1	132.3	1144	OK
1611	     0	67.1	129.8	1150	OK
1612	     0	66.7	127.6	1143	OK
1613	     0	67.1	129.2	1144	OK
1614	     0	66.6	128.9	1164	OK
1615	     0	68.9	132.9	1139	OK
1616	     0	68.7	131.1	1140	OK
1617	     0	68.2	131.8	1133	OK
1618	     0	67.8	131.5	1137	OK
1619	     0	67.9	133.3	1166	OK
1620	     0	67.7	130.5	1138	OK
1621	     0	67.9	128.8	1147	OK
1622	     0	67.1	129.3	1154	OK
1623	     0	67.4	128.1	1143	OK
1624	     0	68.0	128.8	1169	OK
1625	     0	67.6	129.1	1142	OK
1626	     0	67.9	130.1	1156	OK
1627	     0	68.8	131.7	1116	OK
1628	     0	66.9	128.6	1149	OK
1629	     0	67.3	129.5	1135	OK
1630	     0	66.5	126.9	1142	OK
1631	     0	67.5	132.0	1119	OK
1632	     0	67.2	128.6	1139	OK
1633	     0	69.2	134.5	1142	OK
1634	     0	66.5	132.5	1159	OK
1635	     0	67.9	131.2	1145	OK
1636	     0	67.4	134.5	1142	OK
1637	     0	68.8	132.1	1165	OK
1638	     0	69.3	133.4	1135	OK
1639	     0	66.9	129.0	1141	OK
1640	     0	67.6	130.2	1128	OK
1641	     0	68.0	129.9	1142	OK
1642	     0	69.9	133.8	1142	OK
1643	     0	68.2	134.2	1111	OK
1644	     0	68.2	132.1	1159	OK
1645	     0	68.4	130.7	1123	OK
1646	     0	66.0	127.7	1138	OK
1647	     0	67.2	130.4	1111	OK
1648	     0	67.8	128.4	1140	OK
1649	     0	68.3	134.5	1155	OK
1650	     0	65.5	127.2	1145	OK
1651	     0	68.6	130.5	1169	OK
1652	     0	69.4	133.3	1135	OK
1653	     0	67.4	137.1	1129	OK
1654	     0	70.8	135.0	1147	OK
1655	     0	68.2	133.2	1145	OK
1656	     0	67.7	130.0	1124	OK
1657	     0	69.3	135.1	1126	OK
1658	     0	69.1	133.7	1134	OK
1659	     0	71.2	135.8	1156	OK
1660	     0	71.2	135.7	1137	OK
1661	     0	70.5	136.2	1110	OK
1662	     0	69.7	133.4	1151	OK
1663	     0	70.5	133.8	1145	OK
1664	     0	74.4	137.0	1123	OK
1665	     0	74.8	138.4	1079	OK
1666	     0	74.2	140.0	1101	OK
1667	     0	74.1	140.5	1083	OK
1668	     0	75.0	141.0	1088	OK
1669	     0	75.1	139.7	1091	OK
1670	     0	73.5	137.5	1085	OK
1671	     0	74.2	137.6	1070	OK
1672	     0	72.9	136.7	1094	OK
1673	     0	74.8	143.0	1103	OK
1674	     0	74.7	140.1	1113	OK
1675	     0	73.3	139.1	1094	OK
1676	     0	72.4	138.7	1095	OK
1677	     0	73.2	139.0	1105	OK
1678	     0	72.5	135.7	1091	OK
1679	     0	72.5	136.7	1089	OK
1680	     0	74.5	140.5	1091	OK
1681	     0	73.7	138.4	1097	OK
1682	     0	70.9	135.5	1075	OK
1683	     0	71.6	135.3	1107	OK
1684	     0	73.8	139.4	1067	OK
1685	     0	72.8	138.0	1089	OK
1686	     0	72.3	137.7	1101	OK
1687	     0	74.9	139.6	1111	OK
1688	     0	73.4	136.0	1095	OK
1689	     0	74.3	141.7	1089	OK
1690	     0	73.7	139.2	1089	OK
1691	     0	75.4	141.5	1094	OK
1692	     0	74.5	141.8	1089	OK
1693	     0	74.6	139.8	1094	OK
1694	     0	72.2	136.3	1096	OK
1695	     0	71.9	133.6	1096	OK
1696	     0	74.2	138.1	1096	OK
1697	     0	72.7	137.4	1089	OK
1698	     0	73.7	140.9	1085	OK
1699	     0	75.4	140.0	1116	OK
1700	     0	72.5	137.5	1110	OK
1701	     0	72.0	135.8	1089	OK
1702	     0	74.2	141.2	1105	OK
1703	     0	74.3	138.4	1106	OK
1704	     0	74.2	140.4	1119	OK
1705	     0	73.4	136.0	1119	OK
1706	     0	74.6	143.3	1110	OK
1707	     0	74.9	139.7	1104	OK
1708	     0	73.7	140.1	1108	OK
1709	     0	75.3	141.9	1101	OK
1710	     0	74.1	139.2	1083	OK
1711	     0	75.2	164.9	1099	OK
1712	     0	75.4	141.1	1104	OK
1713	     0	74.7	141.7	1125	OK
1714	     0	74.0	138.5	1090	OK
1715	     0	73.5	140.0	1105	OK
1716	     0	73.1	137.2	1104	OK
1717	     0	74.8	137.5	1106	OK
1718	     0	74.3	139.5	1103	OK
1719	     0	75.2	143.3	1096	OK
1720	     0	74.5	139.4	1087	OK
1721	     0	74.4	141.4	1129	OK
1722	     0	76.7	143.6	1100	OK
1723	     0	76.2	143.5	1094	OK
1724	     0	73.4	138.3	1122	OK
1725	     0	75.1	146.8	1132	OK
1726	     0	74.1	141.1	1106	OK
1727	     0	74.2	139.8	1104	OK
1728	     0	72.7	137.1	1087	OK
1729	     0	73.5	138.1	1092	OK
1730	     0	73.9	138.6	1119	OK
1731	     0	71.8	136.1	1101	OK
1732	     0	71.7	136.5	1113	OK
1733	     0	72.2	137.0	1108	OK
1734	     0	73.0	138.5	1098	OK
1735	     0	72.7	138.1	1124	OK
1736	     0	71.2	137.3	1096	OK
1737	     0	74.3	156.2	1104	OK
1738	     0	72.1	136.4	1108	OK
1739	     0	71.0	137.0	1081	OK
1740	     0	73.3	137.4	1099	OK
1741	     0	71.0	134.1	1113	OK
1742	     0	71.0	135.1	1119	OK
1743	     0	69.5	133.1	1101	OK
1744	     0	72.3	137.5	1108	OK
1745	     0	72.9	135.6	1127	OK
1746	     0	72.4	138.4	1111	OK
1747	     0	71.1	135.4	1099	OK
1748	     0	71.2	135.4	1107	OK
1749	     0	69.6	131.1	1102	OK
1750	     0	71.2	135.5	1096	OK
1751	     0	71.3	134.5	1094	OK
1752	     0	71.0	135.0	1113	OK
1753	     0	72.1	135.8	1098	OK
1754	     0	70.8	133.0	1104	OK
1755	     0	70.1	134.3	1115	OK
1756	     0	69.8	132.3	1091	OK
1757	     0	71.6	137.6	1118	OK
1758	     0	73.8	143.4	1110	OK
1759	     0	72.9	138.2	1105	OK
1760	     0	72.0	134.1	1107	OK
1761	     0	71.0	134.9	1078	OK
1762	     0	73.7	144.9	1111	OK
1763	     0	71.7	136.4	1123	OK
1764	     0	70.1	132.1	1101	OK
1765	     0	70.5	131.2	1107	OK
1766	     0	70.0	132.3	1105	OK
1767	     0	73.1	137.7	1097	OK
1768	     0	69.6	132.0	1108	OK
1769	     0	69.0	132.5	1114	OK
1770	     0	73.0	137.0	1131	OK
1771	     0	70.5	134.1	1091	OK
1772	     0	71.3	138.1	1106	OK
1773	     0	70.2	133.6	1116	OK
1774	     0	72.4	138.3	1109	OK
1775	     0	72.4	136.6	1105	OK
1776	     0	71.5	136.4	1090	OK
1777	     0	68.6	133.4	1089	OK
1778	     0	70.7	133.1	1104	OK
1779	     0	70.7	142.1	1095	OK
1780	     0	72.0	137.4	1089	OK
1781	     0	69.7	132.2	1100	OK
1782	     0	75.8	142.8	1102	OK
1783	     0	71.5	136.4	1088	OK
1784	     0	73.8	141.9	1108	OK
1785	     0	69.7	131.5	1116	OK
1786	     0	73.6	139.2	1105	OK
1787	     0	73.8	148.2	1092	OK
1788	     0	71.9	138.1	1098	OK
1789	     0	71.8	144.8	1117	OK
1790	     0	74.4	139.4	1112	OK
1791	     0	71.9	135.0	1113	OK
1792	     0	70.8	134.9	1160	OK
1793	     0	71.1	137.2	1151	OK
1794	     0	69.7	132.0	1176	OK
1795	     0	71.9	137.5	1166	OK
1796	     0	70.9	135.8	1149	OK
1797	     0	72.9	136.0	1173	OK
1798	     0	69.8	135.4	1178	OK
1799	     0	72.8	137.2	1149	OK
1800	     0	71.8	136.8	1152	OK
1801	     0	71.6	134.5	1129	OK
1802	     0	70.0	136.2	1174	OK
1803	     0	71.5	135.4	1138	OK
1804	     0	69.4	133.3	1147	OK
1805	     0	70.9	135.3	1137	OK
1806	     0	72.3	137.5	1137	OK
1807	     0	69.7	131.3	1163	OK
1808	     0	70.3	133.3	1159	OK
1809	     0	72.2	137.2	1164	OK
1810	     0	69.6	134.6	1152	OK
1811	     0	71.5	136.9	1161	OK
1812	     0	72.7	137.7	1160	OK
1813	     0	70.5	133.4	1144	OK
1814	     0	69.6	133.8	1148	OK
1815	     0	70.6	133.6	1150	OK
1816	     0	68.5	131.2	1132	OK
1817	     0	71.0	135.8	1124	OK
1818	     0	68.7	132.7	1137	OK
1819	     0	68.8	130.3	1145	OK
1820	     0	68.8	129.0	1142	OK
1821	     0	69.2	132.2	1165	OK
1822	     0	71.1	135.8	1149	OK
1823	     0	67.7	129.3	1165	OK
1824	     0	68.8	132.8	1150	OK
1825	     0	69.3	135.3	1149	OK
1826	     0	67.9	133.9	1170	OK
1827	     0	70.9	137.5	1152	OK
1828	     0	71.1	134.2	1131	OK
1829	     0	71.7	134.9	1160	OK
1830	     0	67.5	129.8	1134	OK
1831	     0	68.6	131.6	1151	OK
1832	     0	70.5	132.2	1159	OK
1833	     0	69.7	133.4	1135	OK
1834	     0	68.2	133.0	1144	OK
1835	     0	69.2	132.2	1166	OK
1836	     0	70.0	133.7	1148	OK
1837	     0	69.4	136.3	1165	OK
1838	     0	69.6	134.9	1145	OK
1839	     0	69.6	133.5	1153	OK
1840	     0	71.2	137.5	1172	OK
1841	     0	72.1	137.3	1145	OK
1842	     0	69.0	130.6	1163	OK
1843	     0	70.1	136.9	1150	OK
1844	     0	72.5	138.5	1144	OK
1845	     0	71.1	134.2	1153	OK
1846	     0	72.2	136.8	1150	OK
1847	     0	70.4	139.6	1149	OK
1848	     0	69.6	135.2	1159	OK
1849	     0	71.2	138.3	1159	OK
1850	     0	72.3	137.8	1149	OK
1851	     0	72.9	138.2	1158	OK
1852	     0	72.4	137.6	1163	OK
1853	     0	70.5	133.3	1135	OK
1854	     0	72.8	139.5	1163	OK
1855	     0	72.1	135.1	1140	OK
1856	     0	71.5	136.5	1156	OK
1857	     0	72.8	138.3	1175	OK
1858	     0	73.4	138.8	1153	OK
1859	     0	71.4	133.1	1141	OK
1860	     0	71.1	132.6	1133	OK
1861	     0	74.1	139.8	1138	OK
1862	     0	70.4	134.3	1144	OK
1863	     0	73.1	138.4	1156	OK
1864	     0	73.2	137.3	1161	OK
1865	     0	72.0	137.2	1137	OK
1866	     0	73.4	140.0	1148	OK
1867	     0	73.7	139.5	1145	OK
1868	     0	68.7	131.1	1155	OK
1869	     0	72.4	137.8	1163	OK
1870	     0	70.8	134.8	1137	OK
1871	     0	71.5	136.7	1143	OK
1872	     0	72.4	138.2	1135	OK
1873	     0	71.1	136.2	1146	OK
1874	     0	72.0	137.1	1140	OK
1875	     0	71.9	136.4	1132	OK
1876	     0	69.7	132.7	1154	OK
1877	     0	70.0	132.7	1146	OK
1878	     0	72.5	134.7	1128	OK
1879	     0	72.7	138.1	1156	OK
1880	     0	70.5	135.0	1139	OK
1881	     0	71.7	135.0	1147	OK
1882	     0	73.2	137.0	1143	OK
1883	     0	69.3	131.4	1146	OK
1884	     0	71.6	137.0	1154	OK
1885	     0	73.9	137.6	1147	OK
1886	     0	70.1	133.5	1145	OK
1887	     0	71.8	138.5	1130	OK
1888	     0	72.3	137.5	1155	OK
1889	     0	71.9	135.0	1140	OK
1890	     0	72.3	136.6	1137	OK
1891	     0	73.3	137.7	1131	OK
1892	     0	70.2	132.8	1128	OK
1893	     0	70.4	135.0	1139	OK
1894	     0	70.0	133.0	1132	OK
1895	     0	70.0	132.9	1128	OK
1896	     0	70.0	131.6	1124	OK
1897	     0	71.8	139.1	1120	OK
1898	     0	70.7	136.1	1119	OK
1899	     0	69.8	131.7	1123	OK
1900	     0	74.4	142.0	1130	OK
1901	     0	71.8	137.9	1115	OK
1902	     0	68.7	130.1	1133	OK
1903	     0	69.5	132.1	1155	OK
1904	     0	70.6	133.1	1144	OK
1905	     0	70.8	133.7	1105	OK
1906	     0	70.4	134.0	1116	OK
1907	     0	72.6	136.6	1118	OK
1908	     0	70.7	133.2	1128	OK
1909	     0	73.3	138.1	1141	OK
1910	     0	71.2	134.7	1146	OK
1911	 80000	70.6	129.9	1978	very high noise
1912	     0	71.4	139.2	1133	OK
1913	     0	71.6	133.8	1146	OK
1914	     0	71.8	135.6	1121	OK
1915	     0	72.7	137.8	1132	OK
1916	     0	74.4	139.9	1138	OK
1917	     0	74.9	141.0	1137	OK
1918	     0	71.2	136.3	1162	OK
1919	  1000	74.5	144.7	 415	unbonded
1920	     0	72.7	137.6	1084	OK
1921	     0	74.4	140.1	1098	OK
1922	     0	72.8	136.7	1068	OK
1923	     0	75.3	142.5	1070	OK
1924	     0	73.0	140.1	1063	OK
1925	     0	74.7	142.4	1077	OK
1926	     0	72.8	138.4	1071	OK
1927	     0	73.4	140.6	1074	OK
1928	     0	71.3	136.4	1064	OK
1929	     0	73.7	138.1	1058	OK
1930	     0	72.9	138.0	1080	OK
1931	     0	74.8	142.2	1044	OK
1932	     0	73.9	138.0	1072	OK
1933	     0	72.0	138.1	1062	OK
1934	     0	73.8	139.6	1044	OK
1935	     0	70.0	131.2	1035	OK
1936	     0	72.8	139.2	1093	OK
1937	     0	70.0	135.3	1074	OK
1938	     0	72.6	138.0	1084	OK
1939	     0	71.2	136.1	1081	OK
1940	     0	70.1	135.6	1072	OK
1941	     0	72.4	133.2	1049	OK
1942	     0	73.6	140.9	1074	OK
1943	     0	72.5	138.6	1077	OK
1944	     0	74.7	140.4	1074	OK
1945	     0	73.0	138.6	1069	OK
1946	     0	73.2	137.0	1047	OK
1947	     0	71.5	137.1	1076	OK
1948	     0	72.8	136.3	1071	OK
1949	     0	71.4	136.6	1060	OK
1950	     0	72.9	136.7	1075	OK
1951	     0	71.9	133.5	1072	OK
1952	     0	72.2	139.7	1075	OK
1953	     0	72.5	138.6	1092	OK
1954	     0	69.7	134.4	1070	OK
1955	     0	71.5	135.8	1076	OK
1956	     0	73.0	139.6	1091	OK
1957	     0	71.4	136.4	1085	OK
1958	     0	74.2	139.4	1072	OK
1959	     0	73.2	138.1	1097	OK
1960	     0	70.9	135.5	1086	OK
1961	     0	71.1	133.7	1088	OK
1962	     0	75.2	141.8	1079	OK
1963	     0	72.4	137.0	1103	OK
1964	     0	72.4	136.1	1101	OK
1965	     0	73.1	138.2	1066	OK
1966	     0	71.1	134.2	1088	OK
1967	     0	74.1	142.2	1091	OK
1968	     0	72.4	137.1	1101	OK
1969	     0	71.6	136.6	1088	OK
1970	     0	72.1	138.6	1077	OK
1971	     0	73.5	138.1	1104	OK
1972	     0	71.4	135.3	1082	OK
1973	     0	71.0	137.5	1068	OK
1974	     0	74.0	138.8	1075	OK
1975	     0	72.1	137.4	1080	OK
1976	     0	71.8	138.8	1072	OK
1977	     0	73.0	137.2	1103	OK
1978	     0	72.9	136.3	1081	OK
1979	     0	72.4	138.6	1093	OK
1980	     0	73.8	140.9	1086	OK
1981	     0	71.0	134.8	1101	OK
1982	     0	76.2	142.3	1074	OK
1983	     0	76.1	143.0	1079	OK
1984	     0	72.3	136.1	1084	OK
1985	     0	73.3	142.2	1094	OK
1986	     0	72.3	139.3	1094	OK
1987	     0	70.7	134.9	1077	OK
1988	     0	71.4	136.0	1085	OK
1989	     0	74.4	140.1	1091	OK
1990	     0	74.2	141.4	1091	OK
1991	     0	72.0	136.4	1074	OK
1992	     0	71.8	136.3	1067	OK
1993	     0	72.2	136.8	1077	OK
1994	     0	73.7	140.7	1080	OK
1995	     0	71.3	137.7	1078	OK
1996	     0	73.4	139.6	1064	OK
1997	     0	70.7	136.0	1094	OK
1998	     0	70.8	135.0	1080	OK
1999	     0	72.1	136.6	1084	OK
2000	     0	71.0	136.1	1087	OK
2001	     0	70.5	137.2	1083	OK
2002	     0	72.2	136.6	1108	OK
2003	     0	73.9	137.8	1095	OK
2004	     0	72.4	140.1	1077	OK
2005	     0	70.3	131.6	1088	OK
2006	     0	70.9	133.7	1083	OK
2007	     0	71.4	136.5	1084	OK
2008	     0	71.8	135.1	1090	OK
2009	     0	69.2	132.9	1075	OK
2010	     0	71.6	135.5	1065	OK
2011	     0	69.7	131.7	1103	OK
2012	     0	70.5	134.0	1086	OK
2013	     0	73.3	136.6	1077	OK
2014	     0	70.1	133.3	1103	OK
2015	     0	71.8	136.2	1075	OK
2016	     0	71.2	134.4	1077	OK
2017	     0	72.7	132.7	1068	OK
2018	     0	69.9	133.2	1088	OK
2019	     0	73.0	140.2	1088	OK
2020	     0	70.6	134.1	1079	OK
2021	     0	72.2	135.5	1082	OK
2022	     0	70.2	134.6	1070	OK
2023	     0	69.6	131.7	1096	OK
2024	     0	69.8	130.6	1065	OK
2025	     0	70.2	135.1	1064	OK
2026	     0	71.3	134.3	1084	OK
2027	     0	70.5	133.6	1078	OK
2028	     0	70.0	130.8	1074	OK
2029	     0	70.8	136.0	1077	OK
2030	     0	70.0	134.2	1086	OK
2031	     0	69.1	132.7	1100	OK
2032	     0	70.8	134.6	1069	OK
2033	     0	72.0	134.6	1082	OK
2034	     0	71.4	135.9	1080	OK
2035	     0	71.4	135.5	1093	OK
2036	     0	69.7	133.2	1111	OK
2037	     0	71.4	132.9	1077	OK
2038	     0	71.2	134.3	1080	OK
2039	     0	71.2	134.4	1082	OK
2040	     0	69.4	133.4	1083	OK
2041	     0	71.6	137.4	1099	OK
2042	     0	71.0	151.4	1090	OK
2043	     0	70.7	135.7	1078	OK
2044	     0	71.4	134.3	1105	OK
2045	     0	73.0	137.1	1087	OK
2046	     0	74.4	140.3	1067	OK
2047	     0	73.8	138.7	1098	OK
2048	     0	70.3	132.4	1156	OK
2049	     0	68.0	130.5	1139	OK
2050	     0	67.5	130.1	1147	OK
2051	     0	68.7	134.8	1147	OK
2052	     0	65.8	127.8	1149	OK
2053	     0	69.6	137.3	1146	OK
2054	     0	66.2	125.4	1164	OK
2055	     0	67.7	129.6	1167	OK
2056	     0	65.8	124.6	1153	OK
2057	     0	69.2	131.3	1147	OK
2058	     0	66.1	126.7	1168	OK
2059	     0	68.3	129.5	1156	OK
2060	     0	66.8	125.3	1170	OK
2061	     0	69.7	130.9	1127	OK
2062	     0	68.8	131.0	1164	OK
2063	     0	65.8	126.0	1188	OK
2064	     0	66.6	129.9	1143	OK
2065	     0	66.4	126.2	1150	OK
2066	     0	68.9	129.4	1164	OK
2067	     0	66.5	127.5	1156	OK
2068	     0	66.9	127.7	1170	OK
2069	     0	67.4	126.3	1172	OK
2070	     0	65.0	124.7	1149	OK
2071	     0	66.4	127.7	1171	OK
2072	     0	67.6	129.0	1135	OK
2073	     0	71.8	136.6	1161	OK
2074	     0	69.5	133.9	1165	OK
2075	     0	68.7	130.6	1162	OK
2076	     0	72.2	134.6	1139	OK
2077	     0	66.8	129.4	1158	OK
2078	     0	68.8	130.1	1157	OK
2079	     0	69.9	133.5	1160	OK
2080	     0	67.2	128.2	1160	OK
2081	     0	67.7	127.9	1164	OK
2082	     0	69.2	131.3	1169	OK
2083	     0	66.4	129.7	1165	OK
2084	     0	66.2	126.7	1168	OK
2085	     0	69.4	131.1	1172	OK
2086	     0	67.7	129.8	1154	OK
2087	     0	69.5	134.2	1155	OK
2088	     0	67.2	129.8	1176	OK
2089	     0	69.6	131.9	1191	OK
2090	     0	68.9	131.1	1174	OK
2091	     0	67.9	129.1	1170	OK
2092	     0	69.6	131.0	1163	OK
2093	     0	67.4	127.9	1184	OK
2094	     0	67.9	135.3	1180	OK
2095	     0	67.5	131.3	1169	OK
2096	     0	66.7	128.7	1165	OK
2097	     0	67.2	129.0	1167	OK
2098	     0	67.7	128.0	1155	OK
2099	     0	68.9	129.1	1149	OK
2100	     0	66.6	126.0	1158	OK
2101	     0	66.7	127.8	1171	OK
2102	     0	68.8	130.1	1154	OK
2103	     0	66.7	129.4	1146	OK
2104	     0	70.0	134.3	1173	OK
2105	     0	68.5	129.7	1149	OK
2106	     0	70.7	134.8	1166	OK
2107	     0	68.5	131.5	1157	OK
2108	     0	70.8	136.4	1148	OK
2109	     0	67.7	131.7	1169	OK
2110	     0	69.3	135.4	1187	OK
2111	     0	72.1	134.2	1176	OK
2112	     0	70.1	134.8	1136	OK
2113	     0	72.2	135.5	1152	OK
2114	     0	71.2	133.8	1158	OK
2115	     0	70.0	131.9	1156	OK
2116	     0	68.7	132.5	1151	OK
2117	     0	70.1	133.1	1140	OK
2118	     0	69.5	133.3	1138	OK
2119	     0	69.6	133.8	1176	OK
2120	     0	69.2	136.4	1153	OK
2121	     0	68.8	131.1	1157	OK
2122	     0	69.0	131.6	1144	OK
2123	     0	68.6	129.6	1178	OK
2124	     0	70.1	132.4	1134	OK
2125	     0	69.5	130.2	1163	OK
2126	     0	69.0	129.9	1144	OK
2127	     0	71.0	136.0	1147	OK
2128	     0	69.8	133.3	1135	OK
2129	     0	70.5	136.0	1160	OK
2130	     0	68.4	131.3	1142	OK
2131	     0	71.6	136.8	1174	OK
2132	     0	67.2	128.1	1137	OK
2133	     0	69.9	133.0	1182	OK
2134	     0	69.8	130.8	1157	OK
2135	     0	69.1	129.1	1155	OK
2136	     0	68.5	130.4	1154	OK
2137	     0	67.9	131.0	1167	OK
2138	     0	68.0	130.8	1161	OK
2139	     0	70.1	131.9	1140	OK
2140	     0	69.2	131.9	1123	OK
2141	     0	67.9	129.6	1152	OK
2142	     0	69.3	130.2	1160	OK
2143	     0	69.7	131.4	1163	OK
2144	     0	68.9	134.5	1173	OK
2145	     0	71.7	137.0	1150	OK
2146	     0	69.6	132.3	1147	OK
2147	     0	68.9	132.5	1144	OK
2148	     0	69.6	134.4	1145	OK
2149	     0	70.0	135.4	1159	OK
2150	     0	67.3	127.6	1144	OK
2151	     0	69.5	133.0	1135	OK
2152	     0	72.4	137.2	1142	OK
2153	     0	68.6	130.3	1149	OK
2154	     0	68.3	130.0	1139	OK
2155	     0	71.5	136.8	1135	OK
2156	     0	68.7	129.8	1151	OK
2157	     0	68.4	135.9	1141	OK
2158	     0	71.1	133.6	1152	OK
2159	     0	68.4	131.8	1147	OK
2160	     0	69.1	129.2	1136	OK
2161	     0	70.2	132.7	1137	OK
2162	     0	69.5	133.0	1149	OK
2163	     0	70.4	134.0	1135	OK
2164	     0	70.3	133.4	1125	OK
2165	     0	70.8	136.6	1155	OK
2166	     0	71.3	137.0	1150	OK
2167	     0	70.4	137.1	1159	OK
2168	     0	69.8	134.5	1152	OK
2169	     0	70.5	132.6	1152	OK
2170	     0	69.4	132.5	1163	OK
2171	     0	69.7	133.9	1144	OK
2172	     0	71.5	137.1	1135	OK
2173	     0	72.3	134.7	1145	OK
2174	     0	72.1	137.8	1156	OK
2175	     0	70.6	133.0	1153	OK
2176	     0	69.1	134.1	1094	OK
2177	     0	70.5	134.7	1113	OK
2178	     0	70.7	132.4	1123	OK
2179	     0	69.7	132.4	1096	OK
2180	     0	71.5	136.1	1074	OK
2181	     0	69.8	133.2	1097	OK
2182	     0	72.0	137.7	1115	OK
2183	     0	69.9	131.9	1096	OK
2184	     0	70.5	131.9	1117	OK
2185	     0	69.1	134.6	1107	OK
2186	     0	71.2	134.5	1102	OK
2187	     0	71.7	136.5	1092	OK
2188	     0	68.7	133.4	1128	OK
2189	     0	73.1	137.6	1088	OK
2190	     0	67.7	128.3	1099	OK
2191	     0	69.4	133.6	1082	OK
2192	     0	68.7	129.3	1097	OK
2193	     0	70.3	134.4	1105	OK
2194	     0	70.5	135.8	1114	OK
2195	     0	69.8	132.8	1099	OK
2196	     0	72.0	138.8	1095	OK
2197	     0	70.3	135.5	1101	OK
2198	     0	68.4	130.5	1118	OK
2199	     0	67.8	132.6	1104	OK
2200	     0	68.5	132.7	1124	OK
2201	     0	70.4	130.8	1111	OK
2202	     0	69.7	132.9	1104	OK
2203	     0	68.7	130.7	1098	OK
2204	     0	68.2	130.6	1117	OK
2205	     0	68.1	131.2	1086	OK
2206	     0	69.3	131.4	1079	OK
2207	     0	70.2	135.4	1098	OK
2208	     0	67.4	128.9	1098	OK
2209	     0	70.2	139.6	1102	OK
2210	     0	68.7	130.3	1117	OK
2211	     0	68.5	129.7	1099	OK
2212	     0	70.2	134.1	1092	OK
2213	     0	70.2	134.3	1107	OK
2214	     0	69.6	131.3	1111	OK
2215	     0	68.9	133.9	1126	OK
2216	     0	69.5	133.6	1105	OK
2217	     0	69.4	130.8	1104	OK
2218	     0	67.6	130.8	1118	OK
2219	     0	70.9	133.2	1096	OK
2220	     0	71.0	136.3	1147	OK
2221	     0	68.2	133.1	1124	OK
2222	     0	67.4	128.6	1121	OK
2223	     0	69.1	131.2	1120	OK
2224	     0	69.9	134.7	1141	OK
2225	     0	70.1	132.6	1128	OK
2226	     0	69.3	131.4	1122	OK
2227	     0	70.0	133.4	1117	OK
2228	     0	70.7	133.3	1137	OK
2229	     0	68.9	133.6	1112	OK
2230	     0	69.6	133.7	1126	OK
2231	     0	68.7	132.3	1131	OK
2232	     0	70.6	135.3	1116	OK
2233	     0	67.7	129.8	1135	OK
2234	     0	69.0	131.5	1116	OK
2235	     0	70.6	136.5	1139	OK
2236	     0	71.7	135.3	1120	OK
2237	     0	70.6	134.3	1139	OK
2238	     0	69.7	132.8	1113	OK
2239	     0	71.1	134.6	1117	OK
2240	     0	70.6	132.2	1119	OK
2241	     0	71.5	137.4	1121	OK
2242	     0	68.5	129.8	1135	OK
2243	     0	70.2	134.9	1122	OK
2244	     0	70.6	134.9	1108	OK
2245	     0	72.1	136.8	1132	OK
2246	     0	69.8	131.5	1138	OK
2247	     0	70.2	134.8	1138	OK
2248	     0	70.9	133.9	1126	OK
2249	     0	70.2	135.2	1126	OK
2250	     0	70.2	134.3	1104	OK
2251	     0	69.4	133.1	1130	OK
2252	     0	71.9	138.4	1139	OK
2253	     0	70.9	139.0	1136	OK
2254	     0	70.4	132.9	1121	OK
2255	     0	70.4	132.1	1111	OK
2256	     0	70.1	134.3	1127	OK
2257	     0	69.9	133.5	1132	OK
2258	     0	71.2	135.5	1121	OK
2259	     0	68.0	129.9	1124	OK
2260	     0	68.0	133.6	1133	OK
2261	     0	69.4	133.0	1104	OK
2262	     0	70.5	132.9	1121	OK
2263	     0	71.1	133.8	1118	OK
2264	     0	71.2	137.1	1100	OK
2265	     0	68.5	131.1	1122	OK
2266	     0	69.7	132.1	1129	OK
2267	     0	69.8	133.4	1125	OK
2268	     0	72.5	136.9	1114	OK
2269	     0	69.4	130.7	1131	OK
2270	     0	69.5	136.0	1122	OK
2271	     0	69.2	131.7	1123	OK
2272	     0	69.7	132.5	1131	OK
2273	     0	67.6	129.5	1122	OK
2274	     0	70.7	133.5	1120	OK
2275	     0	69.7	135.3	1125	OK
2276	     0	69.7	131.9	1121	OK
2277	     0	70.1	136.6	1132	OK
2278	     0	70.2	132.8	1105	OK
2279	     0	69.1	135.0	1126	OK
2280	     0	69.9	135.2	1140	OK
2281	     0	69.7	136.4	1095	OK
2282	     0	68.7	131.1	1112	OK
2283	     0	70.0	132.7	1132	OK
2284	     0	69.8	136.4	1131	OK
2285	     0	70.6	134.4	1131	OK
2286	     0	72.7	136.1	1131	OK
2287	     0	69.2	132.8	1145	OK
2288	     0	70.9	134.8	1144	OK
2289	     0	71.7	135.3	1124	OK
2290	     0	69.4	129.9	1135	OK
2291	     0	69.9	134.3	1123	OK
2292	     0	70.5	133.0	1132	OK
2293	     0	71.4	137.6	1129	OK
2294	     0	69.4	135.0	1145	OK
2295	     0	71.8	140.1	1132	OK
2296	     0	68.7	130.5	1149	OK
2297	     0	69.2	133.3	1148	OK
2298	     0	72.1	138.6	1156	OK
2299	  4000	71.9	136.2	1206	high noise
2300	  4000	72.1	135.0	1200	high noise
2301	  4000	71.9	135.9	1336	high noise
2302	  4000	71.7	139.5	1617	high noise
2303	 80000	70.9	140.8	2185	very high noise
