#chan	code	gain	vt50	innse	comment
   0	 80000	66.7	100.9	3169	very high noise
   1	 80000	68.5	101.2	1910	very high noise
   2	 80000	71.2	90.2	1774	very high noise
   3	  4000	70.9	94.6	1541	high noise
   4	  4000	69.8	91.8	1506	high noise
   5	     0	70.9	101.6	1326	OK
   6	     0	66.8	90.8	1436	OK
   7	     0	68.7	96.0	1384	OK
   8	     0	67.4	92.9	1438	OK
   9	     0	69.3	99.9	1360	OK
  10	     0	69.0	96.5	1360	OK
  11	     0	70.2	95.9	1400	OK
  12	  4000	65.1	89.0	1483	high noise
  13	     0	69.0	95.0	1387	OK
  14	     0	69.9	96.2	1418	OK
  15	  4000	71.2	92.3	1496	high noise
  16	     0	69.8	98.3	1314	OK
  17	     0	68.5	93.9	1408	OK
  18	     0	70.2	94.4	1417	OK
  19	     0	67.9	93.6	1412	OK
  20	     0	69.1	96.1	1370	OK
  21	     0	70.1	92.9	1423	OK
  22	     0	66.6	92.5	1424	OK
  23	     0	70.6	96.7	1381	OK
  24	     0	69.5	94.5	1399	OK
  25	  4000	69.2	92.6	1455	high noise
  26	     0	68.3	98.5	1346	OK
  27	     0	68.2	95.1	1386	OK
  28	     0	68.6	93.7	1417	OK
  29	     0	68.5	93.2	1427	OK
  30	     0	69.3	94.8	1402	OK
  31	     0	68.4	93.5	1435	OK
  32	     0	67.2	95.6	1394	OK
  33	  4000	66.9	90.1	1489	high noise
  34	     0	67.3	92.7	1436	OK
  35	     0	69.7	94.7	1426	OK
  36	     0	69.6	95.1	1425	OK
  37	  4000	67.2	90.4	1479	high noise
  38	  4000	67.3	91.2	1473	high noise
  39	     0	68.3	96.0	1398	OK
  40	  4000	67.5	91.5	1478	high noise
  41	     0	68.0	95.6	1420	OK
  42	     0	68.7	92.9	1429	OK
  43	     0	68.7	94.9	1394	OK
  44	     0	69.8	94.5	1436	OK
  45	     0	68.8	98.7	1361	OK
  46	     0	72.7	102.9	1372	OK
  47	     0	69.5	95.0	1396	OK
  48	  4000	69.0	92.8	1465	high noise
  49	     0	72.6	98.6	1398	OK
  50	     0	68.0	95.5	1372	OK
  51	     0	69.7	95.9	1420	OK
  52	     0	67.4	94.3	1427	OK
  53	     0	68.4	96.3	1387	OK
  54	     0	68.8	95.1	1424	OK
  55	     0	68.4	95.9	1417	OK
  56	     0	67.8	95.7	1378	OK
  57	     0	71.5	96.6	1407	OK
  58	     0	70.3	98.9	1358	OK
  59	     0	69.7	94.7	1410	OK
  60	     0	71.2	95.7	1440	OK
  61	     0	70.0	98.5	1403	OK
  62	     0	69.7	96.7	1378	OK
  63	     0	72.3	109.9	1336	OK
  64	     0	71.6	97.3	1399	OK
  65	     0	72.2	98.6	1380	OK
  66	     0	72.7	95.2	1428	OK
  67	     0	71.3	96.6	1424	OK
  68	     0	70.4	96.3	1407	OK
  69	     0	74.3	100.6	1380	OK
  70	     0	73.1	98.5	1396	OK
  71	     0	73.2	100.0	1394	OK
  72	     0	70.7	94.5	1422	OK
  73	     0	70.0	101.1	1371	OK
  74	     0	72.8	97.1	1421	OK
  75	     0	72.0	97.2	1425	OK
  76	     0	68.9	96.2	1390	OK
  77	  4000	67.5	91.2	1457	high noise
  78	     0	71.4	97.8	1384	OK
  79	     0	70.6	94.7	1383	OK
  80	     0	70.0	98.4	1372	OK
  81	     0	71.3	96.1	1430	OK
  82	     0	73.2	100.5	1390	OK
  83	  4000	68.7	91.2	1483	high noise
  84	     0	70.3	97.2	1414	OK
  85	     0	70.5	95.6	1409	OK
  86	  4000	67.5	91.1	1496	high noise
  87	     0	69.1	96.4	1388	OK
  88	     0	69.8	96.2	1371	OK
  89	     0	69.8	95.6	1407	OK
  90	     0	68.2	95.9	1371	OK
  91	     0	68.4	93.8	1406	OK
  92	     0	70.0	95.2	1411	OK
  93	     0	72.8	97.3	1410	OK
  94	     0	69.6	96.1	1385	OK
  95	     0	69.3	119.5	1339	OK
  96	     0	71.0	98.5	1385	OK
  97	     0	69.4	96.7	1373	OK
  98	     0	70.0	98.4	1360	OK
  99	     0	71.5	96.9	1409	OK
 100	  4000	68.1	92.2	1454	high noise
 101	     0	68.1	93.0	1447	OK
 102	     0	69.9	95.7	1406	OK
 103	     0	65.4	131.2	1376	OK
 104	     0	69.0	100.2	1353	OK
 105	     0	69.3	96.9	1373	OK
 106	     0	69.7	100.0	1339	OK
 107	     0	69.6	94.2	1431	OK
 108	     0	69.4	103.3	1307	OK
 109	     0	70.2	95.9	1369	OK
 110	  4000	67.8	91.5	1466	high noise
 111	     0	69.4	95.9	1419	OK
 112	     0	68.6	94.5	1404	OK
 113	     0	69.5	93.3	1438	OK
 114	  4000	70.9	94.0	1462	high noise
 115	     0	70.7	97.7	1377	OK
 116	     0	70.1	98.2	1344	OK
 117	     0	69.7	95.6	1375	OK
 118	     0	72.5	100.3	1365	OK
 119	  4000	65.7	90.1	1493	high noise
 120	     0	71.7	96.9	1439	OK
 121	     0	71.1	95.5	1399	OK
 122	     0	69.9	105.3	1316	OK
 123	     0	74.0	99.1	1391	OK
 124	  4000	72.0	93.9	1484	high noise
 125	     0	71.0	96.5	1396	OK
 126	  4000	70.5	95.0	1455	high noise
 127	     0	70.8	96.9	1375	OK
 128	     0	71.8	98.2	1595	OK
 129	     0	71.6	98.4	1552	OK
 130	     0	68.9	110.9	1476	OK
 131	     0	69.7	98.1	1580	OK
 132	     0	67.7	92.3	1663	OK
 133	     0	68.9	102.1	1493	OK
 134	     0	67.4	92.3	1654	OK
 135	     0	67.0	95.2	1592	OK
 136	     0	69.5	95.4	1600	OK
 137	     0	65.2	93.4	1631	OK
 138	     0	66.7	99.6	1482	OK
 139	     0	66.1	90.9	1671	OK
 140	     0	66.0	98.9	1541	OK
 141	     0	67.8	93.7	1616	OK
 142	     0	67.9	93.8	1624	OK
 143	 80000	64.3	69.2	1929	very high noise
 144	     0	69.9	96.5	1572	OK
 145	     0	68.7	96.6	1558	OK
 146	     0	67.2	91.9	1664	OK
 147	     0	68.0	96.6	1555	OK
 148	     0	68.8	100.0	1500	OK
 149	     0	66.9	93.6	1563	OK
 150	     0	66.3	93.6	1599	OK
 151	     0	69.8	94.0	1640	OK
 152	     0	68.0	91.1	1658	OK
 153	     0	68.4	93.0	1655	OK
 154	     0	69.4	93.5	1629	OK
 155	     0	69.6	93.5	1647	OK
 156	     0	70.2	94.1	1600	OK
 157	     0	69.5	98.5	1562	OK
 158	     0	66.7	89.6	1679	OK
 159	     0	67.9	90.9	1663	OK
 160	     0	66.8	93.7	1613	OK
 161	     0	70.0	93.3	1618	OK
 162	     0	69.7	93.0	1641	OK
 163	     0	68.7	93.1	1664	OK
 164	     0	69.3	96.0	1590	OK
 165	  4000	68.8	92.6	1686	high noise
 166	     0	69.2	97.0	1553	OK
 167	     0	68.1	104.2	1447	OK
 168	     0	66.9	93.9	1605	OK
 169	     0	69.3	102.1	1479	OK
 170	     0	67.7	91.8	1664	OK
 171	     0	68.6	98.3	1565	OK
 172	     0	68.2	93.9	1627	OK
 173	     0	70.4	100.2	1573	OK
 174	     0	68.6	93.3	1639	OK
 175	     0	70.6	98.0	1556	OK
 176	     0	67.3	92.6	1647	OK
 177	     0	68.4	92.6	1654	OK
 178	     0	69.7	94.2	1615	OK
 179	     0	70.4	95.3	1634	OK
 180	     0	67.8	94.2	1556	OK
 181	     0	71.2	93.9	1657	OK
 182	     0	66.6	91.1	1669	OK
 183	     0	69.3	93.8	1662	OK
 184	     0	69.0	96.7	1538	OK
 185	     0	65.9	91.2	1636	OK
 186	     0	69.4	98.6	1522	OK
 187	     0	70.2	95.2	1568	OK
 188	     0	70.7	95.6	1603	OK
 189	     0	68.4	94.2	1584	OK
 190	     0	72.0	98.7	1530	OK
 191	     0	69.9	95.3	1622	OK
 192	     0	72.2	98.0	1537	OK
 193	     0	72.5	97.5	1545	OK
 194	     0	69.3	96.5	1542	OK
 195	     0	69.9	96.0	1528	OK
 196	     0	68.1	99.5	1524	OK
 197	     0	71.7	97.3	1571	OK
 198	     0	67.6	92.6	1637	OK
 199	     0	72.1	93.6	1608	OK
 200	     0	70.0	92.1	1631	OK
 201	     0	70.7	99.3	1505	OK
 202	     0	69.8	96.4	1566	OK
 203	     0	71.4	95.5	1585	OK
 204	     0	71.1	94.5	1616	OK
 205	     0	70.1	97.6	1553	OK
 206	     0	69.3	95.5	1580	OK
 207	     0	68.6	95.5	1554	OK
 208	     0	70.9	94.4	1623	OK
 209	     0	69.0	96.1	1549	OK
 210	     0	70.7	101.0	1503	OK
 211	     0	71.3	95.8	1596	OK
 212	     0	69.2	94.4	1583	OK
 213	     0	68.9	91.2	1641	OK
 214	     0	70.5	94.2	1602	OK
 215	     0	69.9	95.5	1540	OK
 216	     0	71.9	101.2	1457	OK
 217	     0	70.9	96.7	1564	OK
 218	     0	68.8	100.2	1478	OK
 219	     0	70.2	94.8	1560	OK
 220	     0	70.4	94.8	1607	OK
 221	     0	71.5	95.9	1601	OK
 222	     0	69.0	94.5	1597	OK
 223	     0	69.4	94.0	1597	OK
 224	     0	72.8	99.5	1511	OK
 225	     0	70.4	95.5	1597	OK
 226	     0	69.5	96.8	1544	OK
 227	     0	71.6	99.0	1527	OK
 228	     0	73.5	99.8	1527	OK
 229	     0	66.9	98.1	1463	OK
 230	     0	70.2	98.0	1545	OK
 231	     0	71.1	95.1	1542	OK
 232	     0	69.4	93.2	1602	OK
 233	     0	70.2	95.0	1565	OK
 234	     0	69.1	94.9	1551	OK
 235	     0	71.6	94.2	1586	OK
 236	     0	71.7	96.5	1573	OK
 237	     0	70.4	94.3	1568	OK
 238	     0	73.6	98.6	1543	OK
 239	     0	71.3	97.5	1516	OK
 240	     0	67.9	95.9	1506	OK
 241	     0	71.6	97.0	1515	OK
 242	     0	69.9	94.3	1532	OK
 243	     0	71.6	99.7	1480	OK
 244	     0	70.8	100.2	1477	OK
 245	     0	70.1	94.7	1546	OK
 246	     0	73.5	94.9	1564	OK
 247	     0	75.6	103.9	1475	OK
 248	     0	71.2	95.9	1555	OK
 249	     0	74.0	100.6	1492	OK
 250	     0	70.6	98.4	1525	OK
 251	     0	73.2	102.1	1477	OK
 252	     0	70.4	94.1	1592	OK
 253	     0	71.6	95.3	1580	OK
 254	     0	67.9	125.8	1503	OK
 255	     0	72.7	95.6	1648	OK
 256	  4000	73.5	101.7	1659	high noise
 257	  1000	72.1	104.8	 443	unbonded
 258	 80000	71.4	91.6	1857	very high noise
 259	     0	69.9	96.2	1555	OK
 260	     0	71.3	96.5	1540	OK
 261	     0	72.7	97.8	1502	OK
 262	     0	71.1	94.7	1537	OK
 263	  4000	71.7	89.5	1652	high noise
 264	     0	69.1	92.5	1585	OK
 265	     0	69.0	95.5	1500	OK
 266	     0	70.0	94.6	1551	OK
 267	     0	70.5	96.3	1512	OK
 268	     0	72.1	95.1	1536	OK
 269	     0	68.4	92.2	1565	OK
 270	     0	70.9	93.8	1536	OK
 271	     0	68.1	95.0	1521	OK
 272	     0	72.9	98.5	1505	OK
 273	     0	69.0	90.8	1584	OK
 274	     0	67.9	92.5	1555	OK
 275	     0	69.5	93.9	1563	OK
 276	     0	68.9	92.9	1551	OK
 277	     0	70.6	97.7	1494	OK
 278	     0	71.4	95.5	1552	OK
 279	     0	70.8	95.2	1574	OK
 280	     0	70.1	93.2	1568	OK
 281	     0	70.0	93.6	1560	OK
 282	     0	71.9	97.0	1503	OK
 283	     0	72.0	97.2	1522	OK
 284	     0	68.9	97.4	1511	OK
 285	  4000	67.3	90.4	1622	high noise
 286	     0	69.2	93.7	1547	OK
 287	     0	68.4	94.7	1552	OK
 288	     0	69.3	95.9	1532	OK
 289	     0	72.4	97.1	1515	OK
 290	     0	68.7	93.3	1544	OK
 291	     0	72.6	98.2	1485	OK
 292	     0	71.5	96.0	1527	OK
 293	     0	70.0	94.9	1546	OK
 294	     0	74.9	101.5	1518	OK
 295	  4000	68.0	90.5	1676	high noise
 296	     0	68.3	93.8	1579	OK
 297	     0	71.2	95.6	1523	OK
 298	     0	70.8	95.6	1560	OK
 299	     0	68.7	95.6	1561	OK
 300	     0	69.4	93.7	1580	OK
 301	     0	67.6	90.4	1607	OK
 302	     0	70.4	92.4	1613	OK
 303	     0	68.4	93.6	1551	OK
 304	     0	70.4	95.6	1577	OK
 305	     0	71.0	95.0	1540	OK
 306	     0	68.8	92.3	1610	OK
 307	     0	69.2	94.3	1600	OK
 308	  4000	67.0	89.2	1632	high noise
 309	  4000	67.9	89.6	1664	high noise
 310	  4000	69.4	92.4	1623	high noise
 311	     0	70.6	96.1	1553	OK
 312	     0	69.3	95.9	1524	OK
 313	     0	70.3	96.3	1533	OK
 314	     0	64.9	129.9	1513	OK
 315	     0	72.5	97.6	1562	OK
 316	     0	72.4	99.4	1499	OK
 317	     0	68.3	93.7	1551	OK
 318	     0	72.1	95.4	1574	OK
 319	     0	73.5	98.3	1535	OK
 320	     0	71.7	99.3	1515	OK
 321	     0	69.9	93.5	1606	OK
 322	     0	70.4	99.9	1484	OK
 323	     0	70.9	98.1	1525	OK
 324	     0	68.7	91.9	1616	OK
 325	     0	70.9	96.8	1538	OK
 326	     0	71.5	103.1	1472	OK
 327	  4000	68.3	91.7	1636	high noise
 328	     0	69.7	95.2	1567	OK
 329	     0	68.4	96.0	1507	OK
 330	     0	69.6	97.4	1508	OK
 331	     0	69.0	101.4	1450	OK
 332	  4000	70.7	93.5	1639	high noise
 333	     0	72.0	97.0	1546	OK
 334	     0	67.8	91.5	1614	OK
 335	     0	70.3	95.5	1527	OK
 336	     0	68.4	96.3	1553	OK
 337	     0	68.3	93.5	1579	OK
 338	     0	68.6	92.3	1586	OK
 339	     0	69.4	96.4	1533	OK
 340	     0	69.7	93.5	1573	OK
 341	     0	68.3	95.8	1534	OK
 342	     0	70.6	99.3	1543	OK
 343	     0	68.8	92.4	1589	OK
 344	  4000	67.9	89.7	1674	high noise
 345	     0	68.0	90.7	1609	OK
 346	     0	67.3	94.3	1582	OK
 347	     0	66.7	120.4	1480	OK
 348	     0	68.1	94.8	1552	OK
 349	     0	68.4	95.5	1528	OK
 350	  4000	68.6	90.8	1635	high noise
 351	     0	70.7	101.0	1493	OK
 352	     0	71.4	97.7	1555	OK
 353	     0	69.2	93.0	1593	OK
 354	     0	68.9	93.6	1553	OK
 355	     0	69.1	96.8	1536	OK
 356	     0	67.5	93.1	1596	OK
 357	     0	68.7	95.2	1551	OK
 358	     0	70.9	96.6	1577	OK
 359	  4000	68.0	90.1	1679	high noise
 360	     0	67.0	92.9	1562	OK
 361	     0	67.4	94.4	1560	OK
 362	     0	67.9	94.9	1589	OK
 363	     0	66.3	93.9	1541	OK
 364	  4000	67.2	92.2	1627	high noise
 365	  4000	67.1	90.6	1627	high noise
 366	  4000	67.4	90.5	1641	high noise
 367	     0	66.2	118.9	1478	OK
 368	  4000	67.9	91.8	1631	high noise
 369	  4000	67.4	91.5	1643	high noise
 370	     0	69.4	93.5	1606	OK
 371	     0	69.3	95.3	1511	OK
 372	     0	69.3	92.4	1617	OK
 373	     0	67.9	93.7	1583	OK
 374	     0	68.7	93.0	1581	OK
 375	     0	68.4	97.6	1496	OK
 376	  4000	67.6	91.5	1653	high noise
 377	     0	68.1	94.5	1569	OK
 378	     0	67.5	92.0	1612	OK
 379	     0	68.5	96.1	1528	OK
 380	     0	68.8	93.6	1577	OK
 381	     0	70.3	94.8	1579	OK
 382	     0	69.7	95.4	1575	OK
 383	     0	71.0	94.8	1561	OK
 384	     0	70.0	94.0	1584	OK
 385	     0	71.7	97.0	1536	OK
 386	     0	68.9	93.4	1601	OK
 387	     0	68.0	92.9	1613	OK
 388	     0	67.9	91.4	1662	OK
 389	     0	68.6	94.7	1547	OK
 390	     0	68.3	93.0	1597	OK
 391	     0	67.2	91.4	1643	OK
 392	     0	67.3	93.9	1568	OK
 393	     0	68.3	95.8	1517	OK
 394	     0	67.7	95.1	1531	OK
 395	     0	66.4	94.0	1502	OK
 396	     0	68.5	96.5	1534	OK
 397	     0	67.5	94.4	1529	OK
 398	     0	68.7	95.7	1546	OK
 399	     0	68.3	93.5	1582	OK
 400	  4000	67.4	89.3	1680	high noise
 401	     0	68.4	94.2	1536	OK
 402	     0	69.1	94.7	1567	OK
 403	     0	66.8	91.1	1629	OK
 404	     0	65.7	90.0	1630	OK
 405	     0	66.0	91.6	1568	OK
 406	     0	66.8	90.2	1625	OK
 407	     0	66.7	90.9	1615	OK
 408	     0	70.4	104.0	1456	OK
 409	     0	67.5	93.0	1574	OK
 410	     0	70.5	94.6	1575	OK
 411	     0	69.2	93.2	1609	OK
 412	     0	65.3	116.3	1480	OK
 413	     0	67.8	93.5	1563	OK
 414	     0	65.4	92.1	1530	OK
 415	     0	66.7	92.1	1621	OK
 416	     0	67.1	91.2	1618	OK
 417	     0	67.7	92.2	1611	OK
 418	     0	68.9	92.8	1605	OK
 419	     0	68.9	120.9	1467	OK
 420	     0	68.5	96.3	1522	OK
 421	     0	66.7	92.9	1553	OK
 422	     0	67.3	92.3	1624	OK
 423	     0	68.9	94.8	1559	OK
 424	     0	66.6	93.2	1592	OK
 425	     0	66.7	92.5	1616	OK
 426	     0	66.8	90.2	1664	OK
 427	     0	65.7	99.0	1467	OK
 428	     0	67.0	91.2	1638	OK
 429	     0	67.8	92.8	1590	OK
 430	     0	70.6	94.5	1616	OK
 431	     0	67.2	91.8	1624	OK
 432	     0	67.0	92.8	1610	OK
 433	  4000	66.6	87.5	1689	high noise
 434	     0	68.8	99.2	1506	OK
 435	     0	66.5	92.7	1594	OK
 436	     0	67.7	91.8	1614	OK
 437	     0	68.5	98.0	1498	OK
 438	     0	68.3	95.4	1550	OK
 439	     0	68.3	92.5	1624	OK
 440	     0	66.6	93.5	1570	OK
 441	     0	69.9	96.3	1526	OK
 442	     0	69.4	92.8	1623	OK
 443	     0	66.3	95.2	1501	OK
 444	     0	68.5	94.3	1554	OK
 445	     0	70.5	96.4	1568	OK
 446	     0	68.8	95.9	1566	OK
 447	     0	69.0	93.6	1621	OK
 448	     0	70.0	96.5	1504	OK
 449	     0	69.1	92.4	1609	OK
 450	     0	67.7	94.1	1552	OK
 451	     0	68.8	93.4	1591	OK
 452	     0	65.8	91.8	1606	OK
 453	     0	64.0	90.4	1617	OK
 454	     0	66.1	91.8	1591	OK
 455	     0	64.8	88.7	1632	OK
 456	     0	64.9	91.6	1563	OK
 457	     0	68.5	95.8	1542	OK
 458	  4000	67.9	89.0	1671	high noise
 459	     0	68.6	94.2	1587	OK
 460	     0	67.5	91.0	1653	OK
 461	     0	66.4	91.0	1586	OK
 462	     0	67.4	90.9	1635	OK
 463	     0	66.4	91.1	1617	OK
 464	     0	68.2	94.5	1564	OK
 465	 80000	65.3	87.2	1703	very high noise
 466	     0	68.6	93.5	1575	OK
 467	  4000	65.6	86.3	1691	high noise
 468	     0	66.0	92.3	1558	OK
 469	     0	69.7	107.0	1432	OK
 470	     0	69.0	92.2	1615	OK
 471	     0	69.1	92.6	1630	OK
 472	     0	66.7	91.0	1611	OK
 473	 80000	67.5	89.1	1705	very high noise
 474	     0	68.0	94.1	1540	OK
 475	     0	67.6	95.3	1485	OK
 476	     0	66.7	95.4	1543	OK
 477	     0	68.2	95.0	1475	OK
 478	     0	67.4	93.4	1575	OK
 479	     0	68.5	92.3	1594	OK
 480	     0	70.2	96.8	1519	OK
 481	     0	67.9	91.7	1601	OK
 482	     0	65.6	90.9	1591	OK
 483	     0	69.3	94.3	1567	OK
 484	     0	68.4	91.4	1605	OK
 485	     0	66.8	95.9	1548	OK
 486	     0	66.2	92.6	1551	OK
 487	     0	68.3	97.3	1519	OK
 488	     0	68.2	93.6	1558	OK
 489	     0	67.0	92.3	1559	OK
 490	     0	66.8	92.1	1572	OK
 491	     0	67.7	92.0	1607	OK
 492	     0	67.9	91.0	1610	OK
 493	     0	66.8	91.5	1599	OK
 494	     0	70.5	102.7	1461	OK
 495	     0	67.2	90.6	1645	OK
 496	     0	68.0	89.5	1647	OK
 497	     0	66.3	89.5	1625	OK
 498	     0	68.5	95.9	1486	OK
 499	     0	67.9	91.6	1622	OK
 500	     0	67.2	93.6	1559	OK
 501	     0	68.6	94.3	1531	OK
 502	     0	67.1	93.8	1540	OK
 503	     0	69.2	96.7	1477	OK
 504	     0	69.0	103.1	1437	OK
 505	     0	69.4	92.5	1583	OK
 506	     0	67.8	94.0	1566	OK
 507	     0	69.9	98.3	1461	OK
 508	     0	72.2	96.5	1514	OK
 509	     0	70.3	93.7	1580	OK
 510	     0	67.9	93.8	1507	OK
 511	     0	69.1	98.0	1478	OK
 512	     0	76.1	110.0	1383	OK
 513	     0	74.4	98.8	1463	OK
 514	     0	74.6	99.6	1404	OK
 515	     0	76.4	99.8	1458	OK
 516	     0	76.2	100.2	1414	OK
 517	     0	73.9	98.4	1466	OK
 518	     0	73.8	97.4	1456	OK
 519	     0	72.1	100.5	1418	OK
 520	     0	72.3	98.0	1433	OK
 521	     0	72.7	100.3	1405	OK
 522	     0	75.0	98.9	1447	OK
 523	     0	75.3	102.7	1398	OK
 524	     0	75.5	99.9	1427	OK
 525	     0	77.6	102.8	1435	OK
 526	     0	74.0	100.3	1431	OK
 527	     0	76.1	100.4	1429	OK
 528	     0	74.2	100.6	1416	OK
 529	     0	71.8	96.7	1475	OK
 530	     0	75.7	101.9	1399	OK
 531	     0	70.3	96.4	1466	OK
 532	     0	72.6	98.0	1447	OK
 533	     0	72.9	100.6	1431	OK
 534	     0	74.1	97.5	1440	OK
 535	     0	74.1	96.8	1458	OK
 536	     0	71.7	99.2	1433	OK
 537	  4000	71.2	85.6	1655	high noise
 538	     0	72.2	102.9	1363	OK
 539	     0	76.1	95.6	1515	OK
 540	  4000	72.2	95.1	1532	high noise
 541	     0	72.4	96.8	1429	OK
 542	     0	73.3	98.9	1447	OK
 543	     0	73.6	96.0	1488	OK
 544	     0	73.1	97.4	1461	OK
 545	     0	71.8	94.8	1494	OK
 546	     0	73.1	99.9	1439	OK
 547	     0	73.4	97.4	1418	OK
 548	     0	75.4	101.0	1434	OK
 549	     0	75.2	100.8	1419	OK
 550	     0	73.4	98.8	1437	OK
 551	     0	74.1	99.5	1437	OK
 552	     0	71.6	96.1	1442	OK
 553	     0	72.8	100.7	1436	OK
 554	     0	72.6	96.7	1489	OK
 555	  4000	73.6	95.5	1551	high noise
 556	     0	74.5	100.3	1409	OK
 557	     0	72.9	110.2	1367	OK
 558	     0	74.1	100.6	1423	OK
 559	     0	72.1	95.1	1517	OK
 560	     0	72.6	96.7	1490	OK
 561	     0	73.5	102.6	1363	OK
 562	     0	74.5	98.5	1473	OK
 563	     0	74.7	97.8	1493	OK
 564	     0	73.0	114.7	1348	OK
 565	     0	72.9	99.8	1392	OK
 566	     0	75.0	98.5	1489	OK
 567	     0	76.0	99.7	1478	OK
 568	     0	74.3	104.9	1424	OK
 569	  4000	73.0	95.2	1533	high noise
 570	     0	73.9	99.9	1433	OK
 571	     0	74.9	99.1	1449	OK
 572	     0	72.7	97.4	1462	OK
 573	     0	74.4	97.8	1472	OK
 574	  4000	76.3	96.9	1526	high noise
 575	     0	73.7	98.1	1457	OK
 576	     0	74.8	97.8	1431	OK
 577	     0	73.2	98.3	1460	OK
 578	     0	72.2	96.4	1474	OK
 579	     0	74.4	105.6	1418	OK
 580	     0	71.5	93.9	1501	OK
 581	     0	72.0	97.9	1443	OK
 582	     0	69.8	98.7	1437	OK
 583	     0	72.6	93.7	1517	OK
 584	     0	74.2	104.2	1367	OK
 585	     0	70.4	95.3	1454	OK
 586	     0	70.3	93.6	1494	OK
 587	     0	71.5	95.0	1481	OK
 588	     0	71.9	96.8	1449	OK
 589	     0	73.5	98.1	1476	OK
 590	     0	70.9	98.5	1423	OK
 591	     0	73.0	99.0	1464	OK
 592	  4000	71.0	89.2	1624	high noise
 593	     0	70.2	97.5	1437	OK
 594	     0	70.5	97.3	1447	OK
 595	     0	69.2	94.2	1467	OK
 596	     0	71.0	97.2	1463	OK
 597	     0	72.9	96.8	1461	OK
 598	     0	71.6	97.2	1457	OK
 599	     0	70.3	94.8	1484	OK
 600	     0	70.4	112.5	1365	OK
 601	     0	69.1	112.7	1383	OK
 602	     0	71.2	95.4	1488	OK
 603	     0	72.2	99.2	1427	OK
 604	     0	72.6	102.9	1348	OK
 605	     0	71.8	109.0	1351	OK
 606	     0	71.8	97.2	1468	OK
 607	  4000	71.1	91.6	1550	high noise
 608	     0	70.0	95.5	1473	OK
 609	     0	69.1	91.8	1516	OK
 610	     0	72.4	97.2	1453	OK
 611	     0	71.0	100.7	1429	OK
 612	     0	73.0	96.8	1464	OK
 613	     0	70.7	97.5	1443	OK
 614	     0	72.1	98.6	1430	OK
 615	     0	69.3	95.2	1478	OK
 616	     0	72.6	100.3	1378	OK
 617	  4000	69.3	92.1	1547	high noise
 618	     0	71.1	94.4	1496	OK
 619	     0	68.9	96.5	1446	OK
 620	     0	70.5	93.6	1514	OK
 621	     0	69.7	95.6	1512	OK
 622	     0	70.2	95.4	1452	OK
 623	     0	70.0	92.3	1522	OK
 624	     0	72.0	96.0	1500	OK
 625	     0	72.3	96.8	1460	OK
 626	  4000	70.9	93.3	1537	high noise
 627	     0	70.1	97.1	1449	OK
 628	     0	70.4	118.0	1360	OK
 629	     0	69.8	93.9	1515	OK
 630	     0	75.1	110.7	1350	OK
 631	     0	74.4	97.9	1467	OK
 632	     0	72.3	97.7	1464	OK
 633	     0	71.5	98.6	1409	OK
 634	     0	73.0	98.5	1434	OK
 635	     0	75.7	99.5	1458	OK
 636	     0	74.1	102.7	1378	OK
 637	  4000	71.1	92.5	1550	high noise
 638	     0	71.4	94.2	1496	OK
 639	     0	72.2	113.5	1355	OK
 640	     0	71.4	97.2	1578	OK
 641	     0	74.3	98.2	1581	OK
 642	     0	72.0	94.6	1580	OK
 643	     0	71.8	98.6	1530	OK
 644	     0	72.5	95.4	1583	OK
 645	     0	72.2	94.6	1585	OK
 646	     0	71.6	96.9	1518	OK
 647	     0	70.5	95.1	1583	OK
 648	     0	76.9	102.5	1504	OK
 649	     0	73.4	96.8	1568	OK
 650	     0	70.9	97.1	1527	OK
 651	     0	71.3	97.7	1526	OK
 652	     0	70.6	96.3	1522	OK
 653	     0	72.3	98.1	1504	OK
 654	     0	67.7	91.2	1588	OK
 655	     0	73.2	98.7	1497	OK
 656	     0	73.3	98.8	1537	OK
 657	     0	71.8	102.4	1453	OK
 658	     0	70.6	93.9	1602	OK
 659	     0	72.5	97.0	1528	OK
 660	  4000	70.3	89.7	1658	high noise
 661	     0	68.3	94.0	1577	OK
 662	     0	73.0	97.9	1511	OK
 663	     0	70.4	97.5	1517	OK
 664	     0	67.7	91.9	1600	OK
 665	     0	74.1	96.3	1565	OK
 666	 80000	68.0	74.0	1863	very high noise
 667	     0	70.1	96.6	1510	OK
 668	     0	71.3	98.5	1490	OK
 669	     0	70.2	93.3	1612	OK
 670	     0	70.1	92.9	1607	OK
 671	     0	69.7	92.8	1561	OK
 672	     0	72.0	98.6	1545	OK
 673	     0	71.1	97.1	1552	OK
 674	     0	71.3	100.2	1513	OK
 675	     0	69.6	94.6	1534	OK
 676	     0	69.8	94.1	1588	OK
 677	     0	69.2	93.6	1580	OK
 678	  4000	68.2	92.7	1630	high noise
 679	     0	70.6	97.4	1534	OK
 680	     0	70.0	98.4	1503	OK
 681	     0	68.3	102.9	1440	OK
 682	     0	72.2	97.7	1562	OK
 683	     0	70.6	94.2	1600	OK
 684	  4000	68.6	89.8	1649	high noise
 685	     0	70.2	96.4	1571	OK
 686	  4000	67.4	90.4	1660	high noise
 687	     0	72.2	96.3	1587	OK
 688	     0	71.3	95.7	1561	OK
 689	     0	71.4	97.7	1510	OK
 690	     0	69.9	94.8	1571	OK
 691	     0	72.6	95.0	1612	OK
 692	     0	68.8	92.5	1600	OK
 693	     0	70.2	93.3	1592	OK
 694	     0	72.2	99.6	1503	OK
 695	     0	67.5	92.6	1599	OK
 696	     0	71.9	97.0	1535	OK
 697	     0	72.0	97.3	1556	OK
 698	     0	71.7	97.5	1562	OK
 699	     0	70.7	96.1	1551	OK
 700	     0	71.7	95.2	1562	OK
 701	     0	70.4	95.4	1563	OK
 702	     0	71.9	101.3	1469	OK
 703	     0	74.5	100.1	1497	OK
 704	     0	72.4	97.8	1527	OK
 705	     0	71.7	96.6	1532	OK
 706	     0	73.9	99.4	1544	OK
 707	     0	73.1	100.3	1478	OK
 708	     0	73.5	98.7	1529	OK
 709	     0	71.7	94.8	1568	OK
 710	     0	74.2	100.3	1540	OK
 711	     0	71.5	98.8	1487	OK
 712	     0	69.7	93.4	1587	OK
 713	     0	72.8	93.3	1617	OK
 714	     0	72.7	98.9	1501	OK
 715	     0	73.4	96.1	1556	OK
 716	     0	67.1	90.9	1598	OK
 717	     0	69.8	94.9	1542	OK
 718	     0	72.4	96.9	1537	OK
 719	     0	73.3	99.7	1514	OK
 720	     0	71.0	111.4	1421	OK
 721	     0	71.6	99.2	1470	OK
 722	     0	71.6	98.5	1474	OK
 723	     0	71.3	96.2	1560	OK
 724	     0	73.4	96.7	1527	OK
 725	     0	71.5	96.4	1546	OK
 726	     0	71.1	93.6	1569	OK
 727	     0	69.8	99.2	1464	OK
 728	     0	69.2	93.6	1535	OK
 729	     0	70.6	94.3	1575	OK
 730	     0	72.0	94.6	1591	OK
 731	     0	71.0	96.5	1546	OK
 732	     0	72.8	101.9	1442	OK
 733	     0	73.9	96.8	1556	OK
 734	     0	72.7	101.3	1476	OK
 735	     0	70.2	96.9	1549	OK
 736	 80000	67.1	59.8	1754	very high noise
 737	     0	71.8	96.8	1517	OK
 738	 80000	66.7	83.8	1737	very high noise
 739	     0	72.8	100.8	1514	OK
 740	     0	73.3	101.2	1494	OK
 741	     0	72.1	97.5	1545	OK
 742	     0	69.7	97.0	1490	OK
 743	     0	71.2	95.8	1538	OK
 744	     0	71.3	95.6	1553	OK
 745	     0	71.9	98.6	1467	OK
 746	     0	71.9	98.1	1496	OK
 747	     0	70.9	95.1	1558	OK
 748	     0	73.8	98.1	1517	OK
 749	     0	71.3	102.5	1431	OK
 750	     0	70.3	97.5	1539	OK
 751	     0	73.1	98.1	1517	OK
 752	  4000	67.5	88.6	1626	high noise
 753	     0	70.8	96.8	1503	OK
 754	     0	71.6	95.7	1538	OK
 755	     0	73.7	97.7	1538	OK
 756	     0	70.1	95.2	1526	OK
 757	     0	69.8	92.2	1584	OK
 758	     0	66.6	117.9	1450	OK
 759	     0	69.1	96.0	1512	OK
 760	     0	72.1	94.8	1552	OK
 761	     0	67.6	92.7	1576	OK
 762	     0	72.4	94.1	1582	OK
 763	     0	70.2	95.0	1529	OK
 764	     0	71.5	94.3	1593	OK
 765	     0	70.9	94.9	1554	OK
 766	     0	74.7	99.1	1522	OK
 767	     0	72.4	93.4	1565	OK
 768	     0	75.5	99.4	1430	OK
 769	     0	76.8	103.5	1369	OK
 770	     0	75.4	100.6	1414	OK
 771	     0	72.7	97.0	1410	OK
 772	     0	74.5	99.8	1390	OK
 773	     0	73.2	100.4	1354	OK
 774	     0	73.8	99.6	1400	OK
 775	     0	73.9	100.1	1391	OK
 776	     0	70.0	93.9	1436	OK
 777	     0	73.7	99.0	1417	OK
 778	     0	73.5	97.2	1436	OK
 779	     0	72.9	98.0	1426	OK
 780	     0	74.4	98.9	1407	OK
 781	     0	70.3	97.6	1386	OK
 782	     0	72.2	102.5	1347	OK
 783	     0	70.6	94.7	1409	OK
 784	     0	73.2	98.5	1394	OK
 785	     0	71.1	95.2	1424	OK
 786	     0	73.6	97.0	1420	OK
 787	     0	72.7	96.0	1453	OK
 788	     0	71.0	97.0	1392	OK
 789	     0	73.8	100.3	1365	OK
 790	     0	72.0	99.4	1394	OK
 791	     0	71.9	94.9	1469	OK
 792	     0	73.6	99.3	1392	OK
 793	     0	74.1	101.8	1395	OK
 794	     0	72.1	98.2	1397	OK
 795	     0	72.0	97.0	1405	OK
 796	     0	70.8	95.1	1433	OK
 797	     0	70.8	99.3	1408	OK
 798	     0	71.7	95.8	1425	OK
 799	     0	72.6	96.1	1439	OK
 800	     0	72.6	98.2	1393	OK
 801	     0	75.0	97.9	1440	OK
 802	     0	70.9	97.6	1415	OK
 803	     0	75.0	99.5	1373	OK
 804	     0	70.7	96.0	1436	OK
 805	     0	72.8	97.5	1444	OK
 806	     0	74.3	98.5	1446	OK
 807	     0	72.2	95.0	1474	OK
 808	     0	69.9	93.8	1469	OK
 809	     0	72.6	97.1	1422	OK
 810	     0	73.6	99.7	1408	OK
 811	     0	73.8	96.9	1448	OK
 812	     0	70.1	95.0	1459	OK
 813	     0	72.9	98.5	1406	OK
 814	     0	74.8	99.4	1426	OK
 815	     0	72.5	98.5	1430	OK
 816	     0	72.3	95.4	1466	OK
 817	     0	74.0	99.5	1387	OK
 818	     0	70.7	96.6	1443	OK
 819	     0	73.1	95.9	1468	OK
 820	     0	75.4	101.8	1394	OK
 821	     0	72.3	96.7	1444	OK
 822	     0	71.2	96.1	1476	OK
 823	     0	72.7	97.7	1383	OK
 824	     0	71.9	97.7	1435	OK
 825	     0	72.2	95.9	1438	OK
 826	     0	74.2	98.1	1408	OK
 827	     0	72.6	99.8	1416	OK
 828	     0	75.9	100.5	1439	OK
 829	     0	76.1	102.7	1407	OK
 830	     0	73.4	101.2	1366	OK
 831	  4000	72.8	95.0	1494	high noise
 832	     0	74.2	98.6	1444	OK
 833	     0	74.2	99.1	1438	OK
 834	     0	72.8	100.1	1386	OK
 835	     0	73.2	95.3	1477	OK
 836	     0	71.4	100.0	1382	OK
 837	     0	74.2	99.3	1438	OK
 838	     0	73.1	98.8	1417	OK
 839	     0	71.1	94.0	1483	OK
 840	     0	73.1	98.0	1424	OK
 841	     0	74.8	98.0	1422	OK
 842	     0	73.4	97.2	1441	OK
 843	     0	73.7	100.1	1421	OK
 844	     0	68.7	94.8	1439	OK
 845	     0	71.0	94.9	1449	OK
 846	     0	70.4	97.4	1396	OK
 847	     0	73.7	95.9	1458	OK
 848	     0	71.3	96.9	1446	OK
 849	     0	71.1	96.3	1407	OK
 850	     0	68.5	96.3	1443	OK
 851	     0	74.7	98.6	1415	OK
 852	     0	71.8	96.2	1434	OK
 853	     0	72.3	98.0	1416	OK
 854	     0	72.5	97.3	1435	OK
 855	     0	73.3	99.1	1408	OK
 856	     0	72.6	95.4	1451	OK
 857	     0	70.4	94.8	1485	OK
 858	     0	72.9	113.9	1360	OK
 859	     0	70.4	95.8	1455	OK
 860	     0	69.9	94.1	1472	OK
 861	     0	72.5	97.4	1440	OK
 862	     0	72.2	95.3	1472	OK
 863	     0	71.7	95.1	1438	OK
 864	  4000	70.0	90.7	1500	high noise
 865	     0	68.2	97.9	1399	OK
 866	     0	71.1	96.8	1450	OK
 867	     0	70.7	95.7	1461	OK
 868	  4000	69.9	91.4	1495	high noise
 869	     0	73.3	97.4	1419	OK
 870	     0	74.0	101.4	1363	OK
 871	     0	70.1	94.1	1442	OK
 872	     0	71.8	94.5	1480	OK
 873	     0	72.8	97.8	1435	OK
 874	     0	70.4	99.3	1386	OK
 875	     0	68.1	94.7	1419	OK
 876	     0	71.2	93.7	1477	OK
 877	     0	70.0	98.1	1424	OK
 878	     0	70.8	95.3	1461	OK
 879	     0	71.4	98.1	1368	OK
 880	     0	71.4	94.4	1465	OK
 881	     0	72.6	96.2	1464	OK
 882	     0	70.0	95.9	1442	OK
 883	     0	70.1	98.0	1409	OK
 884	     0	72.4	95.9	1443	OK
 885	     0	70.4	104.3	1377	OK
 886	     0	71.6	99.0	1406	OK
 887	     0	71.2	95.0	1463	OK
 888	     0	74.4	97.0	1457	OK
 889	  4000	69.0	91.6	1496	high noise
 890	     0	71.5	95.1	1484	OK
 891	     0	69.0	93.6	1452	OK
 892	     0	69.7	95.2	1457	OK
 893	     0	72.9	97.1	1437	OK
 894	     0	73.8	98.2	1433	OK
 895	     0	72.3	98.0	1405	OK
 896	     0	68.8	92.2	1642	OK
 897	     0	68.1	92.3	1604	OK
 898	  4000	64.0	88.8	1686	high noise
 899	     0	68.5	93.8	1616	OK
 900	     0	69.0	92.9	1615	OK
 901	     0	67.5	99.0	1471	OK
 902	     0	65.8	90.6	1611	OK
 903	     0	68.3	97.1	1512	OK
 904	     0	65.3	93.1	1568	OK
 905	     0	67.0	93.3	1599	OK
 906	     0	69.0	95.5	1571	OK
 907	  4000	68.5	89.7	1690	high noise
 908	  4000	68.6	89.5	1676	high noise
 909	     0	67.1	91.5	1610	OK
 910	 80000	65.9	87.7	1708	very high noise
 911	     0	66.9	93.0	1554	OK
 912	     0	64.1	90.3	1630	OK
 913	     0	67.6	91.5	1608	OK
 914	     0	64.2	88.3	1630	OK
 915	     0	66.3	93.1	1558	OK
 916	     0	65.4	95.2	1532	OK
 917	     0	66.0	90.9	1579	OK
 918	     0	63.8	90.1	1619	OK
 919	  4000	66.6	88.5	1681	high noise
 920	     0	67.0	92.3	1596	OK
 921	     0	68.7	95.6	1531	OK
 922	     0	66.2	101.1	1465	OK
 923	     0	67.0	99.3	1473	OK
 924	     0	67.7	94.4	1536	OK
 925	     0	69.7	97.1	1548	OK
 926	     0	66.8	90.2	1646	OK
 927	     0	66.9	92.9	1581	OK
 928	     0	69.1	94.2	1570	OK
 929	     0	64.8	89.2	1599	OK
 930	     0	68.2	91.9	1579	OK
 931	     0	67.3	91.4	1601	OK
 932	     0	68.1	99.5	1487	OK
 933	     0	69.2	93.5	1584	OK
 934	     0	68.8	97.7	1529	OK
 935	     0	66.7	91.8	1561	OK
 936	     0	67.6	91.8	1650	OK
 937	     0	66.5	92.0	1623	OK
 938	  4000	65.2	89.0	1670	high noise
 939	     0	65.5	90.7	1630	OK
 940	     0	64.7	90.1	1611	OK
 941	     0	65.1	91.6	1593	OK
 942	     0	67.4	92.6	1595	OK
 943	     0	69.4	99.5	1462	OK
 944	     0	66.2	93.1	1592	OK
 945	  4000	66.4	89.2	1693	high noise
 946	     0	68.4	94.9	1551	OK
 947	     0	64.1	88.2	1649	OK
 948	     0	66.2	91.2	1599	OK
 949	     0	70.0	94.1	1554	OK
 950	     0	67.3	94.0	1544	OK
 951	     0	68.9	92.2	1629	OK
 952	     0	70.8	95.4	1557	OK
 953	     0	70.4	93.5	1616	OK
 954	     0	67.7	92.8	1572	OK
 955	     0	70.0	93.5	1605	OK
 956	     0	69.1	95.1	1547	OK
 957	     0	68.0	96.0	1527	OK
 958	     0	71.8	95.6	1573	OK
 959	     0	70.6	96.9	1549	OK
 960	     0	68.0	95.8	1523	OK
 961	     0	69.6	94.6	1569	OK
 962	     0	64.1	129.3	1460	OK
 963	     0	66.5	93.0	1555	OK
 964	     0	69.2	93.3	1582	OK
 965	     0	68.1	93.9	1524	OK
 966	     0	68.6	96.7	1499	OK
 967	     0	70.4	94.5	1541	OK
 968	     0	68.7	96.0	1521	OK
 969	     0	69.0	94.5	1537	OK
 970	     0	67.7	90.5	1619	OK
 971	     0	66.4	90.1	1612	OK
 972	     0	70.4	93.1	1612	OK
 973	     0	68.5	97.1	1458	OK
 974	     0	69.1	94.1	1526	OK
 975	     0	67.9	91.8	1610	OK
 976	     0	69.6	91.4	1602	OK
 977	     0	69.1	94.3	1541	OK
 978	     0	67.5	109.8	1422	OK
 979	     0	68.9	94.0	1530	OK
 980	     0	68.6	90.6	1609	OK
 981	     0	68.8	92.6	1585	OK
 982	     0	68.5	93.9	1569	OK
 983	     0	68.9	94.5	1528	OK
 984	     0	68.4	100.1	1460	OK
 985	     0	68.4	91.3	1636	OK
 986	     0	71.5	98.0	1515	OK
 987	     0	64.6	89.2	1576	OK
 988	     0	68.5	92.5	1572	OK
 989	     0	70.1	94.3	1594	OK
 990	     0	68.2	96.7	1523	OK
 991	     0	69.1	91.7	1623	OK
 992	     0	68.1	94.2	1568	OK
 993	     0	67.8	89.9	1651	OK
 994	     0	69.5	94.0	1575	OK
 995	     0	68.3	94.5	1576	OK
 996	     0	66.4	92.4	1574	OK
 997	     0	70.2	98.9	1512	OK
 998	     0	70.7	93.6	1552	OK
 999	     0	64.3	87.4	1646	OK
1000	     0	68.8	92.6	1621	OK
1001	     0	70.7	91.7	1602	OK
1002	     0	69.3	108.5	1425	OK
1003	     0	67.9	94.4	1549	OK
1004	     0	67.7	94.2	1552	OK
1005	     0	68.5	94.6	1559	OK
1006	     0	69.6	95.0	1558	OK
1007	     0	70.5	95.3	1532	OK
1008	     0	71.3	97.9	1544	OK
1009	     0	68.4	93.8	1556	OK
1010	     0	69.6	94.0	1561	OK
1011	     0	66.9	91.8	1586	OK
1012	     0	68.5	94.5	1550	OK
1013	     0	68.9	92.9	1596	OK
1014	     0	69.2	95.1	1552	OK
1015	     0	69.2	94.4	1562	OK
1016	     0	69.0	106.0	1434	OK
1017	     0	72.0	95.6	1571	OK
1018	     0	68.8	91.6	1621	OK
1019	     0	69.0	91.1	1615	OK
1020	     0	70.5	94.2	1580	OK
1021	     0	71.3	97.1	1547	OK
1022	     0	69.1	91.9	1613	OK
1023	     0	71.3	93.3	1594	OK
1024	     0	72.9	99.7	1441	OK
1025	     0	71.7	95.9	1493	OK
1026	     0	68.3	118.7	1397	OK
1027	     0	70.1	92.4	1521	OK
1028	     0	67.3	95.0	1435	OK
1029	     0	68.0	93.1	1509	OK
1030	     0	69.7	98.4	1409	OK
1031	     0	71.3	97.0	1465	OK
1032	     0	68.5	94.9	1460	OK
1033	     0	70.1	96.0	1480	OK
1034	     0	71.0	97.2	1434	OK
1035	     0	71.1	94.7	1514	OK
1036	     0	71.7	114.4	1392	OK
1037	     0	70.4	97.4	1458	OK
1038	     0	70.1	94.5	1494	OK
1039	     0	70.1	95.9	1455	OK
1040	     0	70.4	95.3	1480	OK
1041	     0	70.2	93.9	1498	OK
1042	     0	68.1	91.5	1539	OK
1043	     0	70.8	96.0	1475	OK
1044	     0	69.9	100.7	1433	OK
1045	     0	69.6	94.5	1509	OK
1046	     0	67.5	90.9	1569	OK
1047	     0	68.6	94.7	1532	OK
1048	     0	67.2	91.8	1510	OK
1049	     0	68.9	91.3	1526	OK
1050	     0	68.0	97.4	1445	OK
1051	     0	69.1	91.1	1554	OK
1052	     0	69.3	98.8	1436	OK
1053	     0	68.1	91.5	1569	OK
1054	     0	69.3	99.2	1430	OK
1055	     0	68.5	94.2	1480	OK
1056	     0	67.8	94.6	1502	OK
1057	     0	67.8	92.4	1511	OK
1058	     0	70.4	93.6	1518	OK
1059	     0	69.5	94.6	1488	OK
1060	     0	68.4	90.6	1568	OK
1061	     0	70.6	97.5	1444	OK
1062	  4000	66.6	89.9	1584	high noise
1063	  4000	66.7	90.0	1606	high noise
1064	     0	69.8	101.2	1426	OK
1065	     0	71.8	95.9	1507	OK
1066	     0	68.1	94.4	1499	OK
1067	     0	69.4	95.7	1482	OK
1068	     0	68.4	93.0	1503	OK
1069	     0	67.8	92.3	1553	OK
1070	     0	68.7	91.7	1552	OK
1071	     0	68.7	96.0	1455	OK
1072	     0	70.0	94.0	1539	OK
1073	     0	69.3	94.1	1508	OK
1074	     0	71.9	97.8	1473	OK
1075	     0	69.0	93.7	1500	OK
1076	     0	69.5	93.6	1535	OK
1077	     0	68.8	93.6	1521	OK
1078	     0	68.6	92.0	1543	OK
1079	     0	70.2	93.4	1507	OK
1080	     0	70.4	97.4	1465	OK
1081	     0	69.2	97.3	1460	OK
1082	     0	70.1	96.7	1493	OK
1083	     0	69.5	97.3	1470	OK
1084	     0	68.3	94.0	1549	OK
1085	     0	71.6	96.5	1469	OK
1086	     0	66.2	91.2	1534	OK
1087	     0	70.9	95.4	1528	OK
1088	     0	70.0	97.0	1454	OK
1089	     0	69.3	94.6	1500	OK
1090	  4000	67.1	89.1	1618	high noise
1091	     0	71.1	95.5	1518	OK
1092	     0	70.2	95.5	1496	OK
1093	     0	70.7	92.4	1562	OK
1094	     0	72.1	99.0	1442	OK
1095	     0	71.1	97.1	1467	OK
1096	     0	68.7	96.4	1453	OK
1097	     0	70.3	96.1	1498	OK
1098	     0	69.1	93.5	1521	OK
1099	     0	71.6	95.5	1479	OK
1100	     0	71.3	96.5	1464	OK
1101	     0	70.0	93.3	1518	OK
1102	     0	72.2	96.4	1498	OK
1103	     0	69.3	93.4	1526	OK
1104	     0	68.1	93.4	1540	OK
1105	     0	68.2	94.6	1465	OK
1106	     0	68.7	92.6	1546	OK
1107	     0	73.6	99.5	1441	OK
1108	  4000	70.4	92.2	1583	high noise
1109	     0	70.4	96.6	1444	OK
1110	     0	71.1	100.0	1417	OK
1111	     0	69.1	93.2	1523	OK
1112	     0	68.6	93.5	1508	OK
1113	     0	70.5	96.4	1446	OK
1114	     0	70.0	92.0	1567	OK
1115	     0	69.2	93.2	1531	OK
1116	     0	70.7	97.4	1446	OK
1117	     0	68.8	94.5	1494	OK
1118	     0	67.9	92.4	1541	OK
1119	     0	70.1	96.0	1482	OK
1120	     0	67.8	93.0	1495	OK
1121	     0	69.5	91.8	1570	OK
1122	     0	68.5	91.7	1561	OK
1123	     0	71.6	96.3	1487	OK
1124	     0	69.5	91.2	1531	OK
1125	     0	69.6	95.2	1465	OK
1126	     0	69.8	94.3	1481	OK
1127	     0	71.4	96.1	1484	OK
1128	     0	70.2	96.2	1477	OK
1129	     0	69.1	92.3	1546	OK
1130	     0	69.3	94.7	1509	OK
1131	     0	67.4	90.8	1537	OK
1132	     0	67.3	92.8	1497	OK
1133	     0	67.2	92.9	1501	OK
1134	  4000	70.6	90.0	1601	high noise
1135	     0	68.6	95.0	1453	OK
1136	     0	69.4	93.1	1522	OK
1137	     0	67.6	90.3	1567	OK
1138	     0	68.0	94.3	1483	OK
1139	     0	71.3	96.9	1469	OK
1140	  4000	68.2	88.9	1614	high noise
1141	     0	69.5	94.1	1491	OK
1142	     0	70.0	98.7	1451	OK
1143	     0	70.8	103.5	1375	OK
1144	     0	68.9	94.3	1473	OK
1145	     0	71.5	97.1	1497	OK
1146	     0	72.6	103.4	1416	OK
1147	     0	70.2	96.8	1549	OK
1148	  4000	69.3	95.5	1588	high noise
1149	 80000	71.0	96.2	1795	very high noise
1150	 80000	67.7	93.7	2177	very high noise
1151	 80000	65.1	96.5	3243	very high noise
1152	 80000	67.2	85.1	2245	very high noise
1153	  4000	73.3	99.6	1437	high noise
1154	  4000	71.4	101.0	1149	high noise
1155	  4000	69.7	97.7	1072	high noise
1156	  4000	70.9	96.8	1068	high noise
1157	     0	69.4	98.0	1030	OK
1158	     0	67.8	93.7	1032	OK
1159	     0	68.7	96.0	1018	OK
1160	     0	69.2	95.1	1052	OK
1161	     0	72.1	100.9	1001	OK
1162	     0	69.8	95.5	1016	OK
1163	     0	70.8	101.8	1007	OK
1164	     0	70.3	99.6	1006	OK
1165	     0	70.1	96.9	1018	OK
1166	     0	68.9	97.0	1010	OK
1167	     0	70.3	99.8	1012	OK
1168	     0	71.3	98.1	1006	OK
1169	     0	71.6	99.6	 992	OK
1170	     0	69.8	95.8	1016	OK
1171	     0	68.6	96.9	1016	OK
1172	     0	68.6	95.7	1022	OK
1173	     0	68.5	96.1	 991	OK
1174	     0	68.8	96.6	1008	OK
1175	     0	70.3	97.8	1007	OK
1176	     0	66.2	93.5	1033	OK
1177	     0	67.5	93.9	1012	OK
1178	     0	68.4	95.6	1006	OK
1179	     0	67.2	94.0	1020	OK
1180	     0	68.2	97.3	1003	OK
1181	     0	70.6	99.7	1008	OK
1182	     0	68.8	95.7	 996	OK
1183	     0	67.0	96.6	1022	OK
1184	     0	70.1	96.9	1015	OK
1185	     0	71.3	101.4	 970	OK
1186	     0	66.9	93.8	 995	OK
1187	     0	70.4	99.2	 993	OK
1188	     0	69.6	95.5	1001	OK
1189	     0	67.6	94.5	1037	OK
1190	     0	67.9	96.4	1003	OK
1191	     0	70.5	99.2	1014	OK
1192	     0	69.0	96.4	1018	OK
1193	     0	69.3	97.3	 997	OK
1194	     0	69.6	97.3	1005	OK
1195	     0	71.3	99.1	 996	OK
1196	     0	67.8	95.8	 982	OK
1197	     0	70.2	98.3	1005	OK
1198	     0	69.3	96.2	1030	OK
1199	     0	67.3	96.1	1013	OK
1200	     0	70.2	96.6	1014	OK
1201	  4000	67.4	88.0	1089	high noise
1202	     0	70.4	97.2	1026	OK
1203	     0	72.5	99.9	 995	OK
1204	     0	68.0	94.7	1012	OK
1205	     0	70.3	97.0	1026	OK
1206	     0	70.2	96.6	1012	OK
1207	     0	69.1	98.5	 994	OK
1208	     0	69.7	98.0	 997	OK
1209	     0	69.4	100.3	1012	OK
1210	     0	70.5	99.1	1029	OK
1211	     0	69.6	97.3	 991	OK
1212	     0	71.2	102.3	1002	OK
1213	     0	70.4	99.2	1038	OK
1214	     0	71.9	98.8	1014	OK
1215	     0	73.9	103.7	1008	OK
1216	     0	70.9	101.2	1003	OK
1217	     0	71.3	97.6	1013	OK
1218	     0	72.3	101.4	1017	OK
1219	     0	73.9	103.2	1011	OK
1220	     0	72.7	98.8	1007	OK
1221	     0	71.2	101.2	1003	OK
1222	     0	70.0	98.9	 980	OK
1223	     0	71.9	99.4	 987	OK
1224	     0	73.5	103.1	 998	OK
1225	     0	70.1	99.0	1004	OK
1226	     0	73.8	101.9	1008	OK
1227	     0	72.1	102.5	 996	OK
1228	     0	70.7	98.6	 995	OK
1229	     0	69.5	97.8	 999	OK
1230	     0	74.5	101.3	1004	OK
1231	     0	71.0	99.9	1000	OK
1232	     0	70.1	98.6	1013	OK
1233	     0	71.3	99.5	 991	OK
1234	     0	70.3	97.1	1004	OK
1235	     0	70.7	98.0	1008	OK
1236	     0	68.3	97.9	1018	OK
1237	     0	72.2	98.3	1010	OK
1238	     0	70.3	98.7	 988	OK
1239	     0	71.8	98.7	 995	OK
1240	     0	68.8	96.0	1009	OK
1241	     0	70.6	97.7	 995	OK
1242	     0	68.4	93.1	1047	OK
1243	     0	72.0	98.4	1011	OK
1244	     0	71.1	99.1	1003	OK
1245	     0	71.1	99.0	1020	OK
1246	     0	70.2	99.9	 995	OK
1247	     0	69.2	101.1	 997	OK
1248	     0	72.5	99.9	 999	OK
1249	     0	70.6	99.5	 980	OK
1250	     0	69.9	98.9	 988	OK
1251	     0	69.1	97.3	1005	OK
1252	     0	69.4	98.4	1016	OK
1253	     0	69.3	98.9	 987	OK
1254	     0	70.5	100.1	 979	OK
1255	     0	70.4	97.5	1000	OK
1256	     0	70.7	99.5	1010	OK
1257	     0	70.6	99.8	 987	OK
1258	     0	70.8	98.6	 986	OK
1259	     0	71.9	100.0	1000	OK
1260	     0	68.2	99.4	 988	OK
1261	     0	70.3	98.4	1011	OK
1262	     0	69.5	96.5	 996	OK
1263	     0	70.2	100.7	1010	OK
1264	     0	70.8	98.3	 990	OK
1265	     0	69.7	96.1	 985	OK
1266	     0	69.7	96.5	1004	OK
1267	     0	72.2	99.2	 971	OK
1268	     0	72.2	98.5	1001	OK
1269	     0	73.0	99.5	1006	OK
1270	     0	71.7	101.0	1025	OK
1271	     0	71.2	102.2	 992	OK
1272	     0	70.3	98.5	 993	OK
1273	     0	72.8	100.9	1006	OK
1274	     0	72.5	100.6	 990	OK
1275	     0	71.1	97.7	1004	OK
1276	     0	72.4	98.1	1006	OK
1277	     0	72.6	100.7	 993	OK
1278	     0	73.5	100.0	 998	OK
1279	     0	75.8	104.3	1003	OK
1280	     0	74.6	99.0	1115	OK
1281	     0	71.9	101.8	1117	OK
1282	     0	67.3	95.7	1114	OK
1283	     0	68.0	95.8	1120	OK
1284	     0	71.0	97.0	1126	OK
1285	     0	68.4	94.6	1124	OK
1286	     0	70.0	97.3	1117	OK
1287	     0	67.6	95.6	1122	OK
1288	     0	67.4	95.0	1135	OK
1289	     0	69.5	97.7	1131	OK
1290	     0	70.3	97.9	1096	OK
1291	     0	71.2	100.5	1091	OK
1292	     0	69.9	99.0	1090	OK
1293	     0	71.7	103.8	1099	OK
1294	     0	67.5	97.1	1084	OK
1295	     0	67.5	109.8	1119	OK
1296	     0	69.2	94.1	1093	OK
1297	     0	69.4	95.7	1093	OK
1298	     0	68.4	95.1	1121	OK
1299	     0	68.3	98.1	1119	OK
1300	     0	68.6	99.7	1100	OK
1301	     0	69.4	98.6	1080	OK
1302	     0	68.8	97.0	1081	OK
1303	     0	72.0	98.8	1088	OK
1304	     0	67.7	97.7	1109	OK
1305	     0	70.1	97.2	1112	OK
1306	     0	71.5	97.8	1101	OK
1307	     0	71.1	100.1	1106	OK
1308	     0	68.7	96.4	1087	OK
1309	     0	68.9	96.6	1126	OK
1310	     0	70.3	95.6	1123	OK
1311	     0	67.0	96.5	1131	OK
1312	     0	68.0	92.8	1126	OK
1313	     0	68.3	102.5	1111	OK
1314	     0	68.6	97.2	1100	OK
1315	     0	69.2	96.4	1114	OK
1316	     0	70.0	97.5	1126	OK
1317	     0	69.3	103.3	1131	OK
1318	     0	67.7	94.8	1115	OK
1319	     0	69.3	97.5	1117	OK
1320	     0	68.5	106.6	1120	OK
1321	     0	71.4	97.7	1095	OK
1322	     0	69.1	95.0	1136	OK
1323	     0	68.6	95.1	1118	OK
1324	     0	68.4	95.0	1139	OK
1325	     0	70.1	98.7	1116	OK
1326	     0	70.1	97.2	1110	OK
1327	     0	71.0	100.9	1100	OK
1328	     0	70.2	101.5	1110	OK
1329	     0	67.8	94.5	1115	OK
1330	     0	67.3	95.9	1121	OK
1331	     0	69.9	97.5	1120	OK
1332	     0	70.4	98.4	1125	OK
1333	     0	67.6	96.4	1102	OK
1334	     0	70.6	99.4	1087	OK
1335	     0	70.6	102.4	1093	OK
1336	     0	70.3	97.8	1096	OK
1337	     0	68.8	98.0	1087	OK
1338	     0	71.0	97.2	1123	OK
1339	     0	71.4	98.7	1111	OK
1340	     0	71.0	97.9	1112	OK
1341	     0	68.2	95.9	1142	OK
1342	     0	72.3	101.2	1097	OK
1343	     0	73.4	101.4	1102	OK
1344	     0	72.6	102.1	1104	OK
1345	     0	73.9	101.9	1080	OK
1346	     0	71.4	100.3	1099	OK
1347	     0	70.2	99.0	1109	OK
1348	     0	68.9	95.4	1117	OK
1349	     0	73.9	99.2	1128	OK
1350	     0	70.8	100.5	1094	OK
1351	     0	73.9	103.6	1101	OK
1352	     0	73.7	99.5	1108	OK
1353	     0	70.0	99.1	1105	OK
1354	     0	71.7	96.8	1082	OK
1355	     0	70.3	95.4	1116	OK
1356	     0	69.3	99.1	1080	OK
1357	     0	71.6	99.9	1099	OK
1358	     0	71.0	100.1	1079	OK
1359	     0	68.9	98.1	1108	OK
1360	     0	68.9	97.5	1094	OK
1361	     0	70.6	96.3	1118	OK
1362	     0	70.5	98.8	1113	OK
1363	     0	70.1	98.2	1096	OK
1364	     0	71.2	98.5	1077	OK
1365	     0	68.6	95.6	1115	OK
1366	     0	70.6	98.2	1105	OK
1367	     0	70.3	98.2	1112	OK
1368	     0	69.0	95.0	1110	OK
1369	     0	71.3	99.7	1096	OK
1370	     0	73.4	107.5	1109	OK
1371	     0	71.6	102.2	1094	OK
1372	     0	72.1	101.8	1068	OK
1373	     0	69.4	95.8	1093	OK
1374	     0	72.4	98.3	1087	OK
1375	     0	71.5	101.6	1073	OK
1376	     0	70.5	95.6	1104	OK
1377	     0	71.2	97.9	1093	OK
1378	     0	72.4	100.8	1089	OK
1379	     0	71.8	100.1	1093	OK
1380	     0	72.7	100.3	1100	OK
1381	     0	72.4	101.9	1068	OK
1382	     0	72.7	101.8	1086	OK
1383	     0	72.0	100.8	1074	OK
1384	     0	70.2	98.6	1092	OK
1385	     0	74.2	103.5	1072	OK
1386	     0	71.4	97.1	1087	OK
1387	     0	73.1	99.5	1088	OK
1388	     0	72.2	98.8	1095	OK
1389	     0	72.5	101.7	1077	OK
1390	     0	72.8	97.9	1064	OK
1391	     0	72.6	99.3	1099	OK
1392	     0	72.0	99.6	1085	OK
1393	     0	69.8	96.7	1088	OK
1394	     0	72.7	100.2	1086	OK
1395	     0	71.1	99.1	1095	OK
1396	     0	70.8	97.6	1049	OK
1397	     0	73.8	101.0	1063	OK
1398	     0	71.8	98.3	1092	OK
1399	     0	73.7	101.9	1080	OK
1400	     0	73.5	101.8	1060	OK
1401	     0	72.2	101.3	1080	OK
1402	     0	70.5	98.3	1101	OK
1403	     0	73.9	100.0	1084	OK
1404	     0	77.8	106.1	1079	OK
1405	     0	75.0	102.0	1082	OK
1406	     0	76.4	103.7	1090	OK
1407	     0	76.8	104.1	1086	OK
1408	     0	71.9	98.5	1096	OK
1409	  4000	75.3	98.8	1215	high noise
1410	  1000	71.2	106.3	 430	unbonded
1411	  4000	74.5	99.0	1237	high noise
1412	  4000	71.2	98.0	1144	high noise
1413	  4000	73.0	101.5	1177	high noise
1414	  1000	70.3	104.2	 433	unbonded
1415	  4000	73.8	100.9	1196	high noise
1416	     0	73.0	101.9	1075	OK
1417	     0	72.9	99.1	1076	OK
1418	     0	73.4	99.2	1067	OK
1419	     0	70.1	96.0	1090	OK
1420	     0	72.3	99.9	1063	OK
1421	     0	72.3	101.0	1066	OK
1422	     0	71.1	98.2	1065	OK
1423	     0	71.2	99.3	1089	OK
1424	     0	71.9	98.2	1107	OK
1425	     0	71.2	99.6	1045	OK
1426	     0	70.6	100.8	1078	OK
1427	     0	69.5	99.0	1081	OK
1428	     0	71.9	100.3	1065	OK
1429	     0	68.6	97.0	1087	OK
1430	     0	69.6	97.3	1067	OK
1431	     0	71.4	99.8	1060	OK
1432	     0	72.3	101.3	1068	OK
1433	     0	69.3	95.6	1084	OK
1434	     0	73.4	103.0	1086	OK
1435	     0	72.9	99.3	1078	OK
1436	     0	70.9	97.5	1078	OK
1437	     0	68.6	94.9	1108	OK
1438	     0	71.2	98.1	1063	OK
1439	     0	71.8	99.9	1068	OK
1440	     0	71.1	101.1	1096	OK
1441	     0	73.3	98.8	1084	OK
1442	     0	72.6	102.7	1057	OK
1443	     0	71.5	102.5	1067	OK
1444	     0	72.5	101.8	1073	OK
1445	     0	71.2	98.5	1074	OK
1446	     0	74.0	102.5	1051	OK
1447	     0	71.8	100.0	1073	OK
1448	     0	69.8	98.9	1065	OK
1449	     0	70.7	97.9	1068	OK
1450	     0	69.8	97.7	1081	OK
1451	     0	68.2	96.6	1094	OK
1452	     0	68.5	95.9	1099	OK
1453	     0	69.4	95.3	1084	OK
1454	     0	69.2	97.0	1062	OK
1455	     0	68.8	96.6	1091	OK
1456	     0	69.8	97.0	1098	OK
1457	     0	71.9	98.1	1078	OK
1458	     0	70.2	97.2	1074	OK
1459	     0	68.7	97.5	1066	OK
1460	     0	69.9	96.5	1085	OK
1461	     0	71.4	99.5	1097	OK
1462	     0	70.6	100.0	1072	OK
1463	     0	69.0	103.4	1056	OK
1464	     0	68.4	98.7	1069	OK
1465	     0	72.3	99.9	1099	OK
1466	     0	71.5	97.8	1056	OK
1467	     0	72.3	101.0	1060	OK
1468	     0	74.0	101.2	1076	OK
1469	     0	70.6	98.8	1076	OK
1470	     0	71.3	97.4	1069	OK
1471	     0	70.9	98.1	1063	OK
1472	     0	71.9	99.8	1103	OK
1473	     0	73.2	101.6	1079	OK
1474	     0	71.8	101.4	1076	OK
1475	     0	71.8	99.7	1081	OK
1476	     0	70.7	107.8	1071	OK
1477	     0	71.5	100.6	1066	OK
1478	     0	69.7	99.3	1063	OK
1479	     0	69.1	94.2	1104	OK
1480	     0	71.2	100.3	1096	OK
1481	     0	68.8	102.4	1078	OK
1482	     0	69.0	97.8	1100	OK
1483	     0	68.2	94.0	1102	OK
1484	     0	72.6	101.1	1091	OK
1485	     0	71.1	100.4	1096	OK
1486	     0	67.8	94.2	1114	OK
1487	     0	68.8	96.4	1082	OK
1488	     0	67.2	104.3	1075	OK
1489	     0	68.6	100.7	1060	OK
1490	     0	69.9	99.5	1077	OK
1491	     0	70.0	96.9	1078	OK
1492	     0	70.8	97.2	1099	OK
1493	     0	69.7	97.0	1106	OK
1494	     0	69.7	99.4	1077	OK
1495	     0	70.8	97.6	1068	OK
1496	     0	69.2	96.9	1048	OK
1497	     0	69.6	101.1	1091	OK
1498	     0	71.0	99.8	1082	OK
1499	     0	70.9	100.9	1095	OK
1500	     0	70.9	95.5	1119	OK
1501	     0	68.0	95.2	1076	OK
1502	     0	72.1	99.3	1101	OK
1503	     0	71.8	100.3	1081	OK
1504	     0	69.5	98.5	1076	OK
1505	     0	72.2	111.2	1091	OK
1506	     0	69.1	97.6	1091	OK
1507	     0	70.3	99.0	1072	OK
1508	     0	71.0	98.6	1082	OK
1509	     0	67.1	93.7	1099	OK
1510	     0	69.8	96.9	1076	OK
1511	     0	72.6	99.9	1090	OK
1512	     0	70.1	98.8	1094	OK
1513	     0	69.6	99.0	1059	OK
1514	     0	65.8	93.2	1098	OK
1515	     0	67.5	99.0	1070	OK
1516	     0	68.5	95.5	1097	OK
1517	     0	69.4	96.1	1088	OK
1518	     0	68.2	96.4	1106	OK
1519	     0	67.4	95.1	1101	OK
1520	     0	68.7	94.2	1100	OK
1521	     0	70.0	98.2	1084	OK
1522	     0	66.8	93.5	1104	OK
1523	     0	72.1	99.6	1085	OK
1524	     0	69.4	102.7	1108	OK
1525	  4000	71.3	98.0	1226	high noise
1526	  1000	70.1	105.4	 450	unbonded
1527	  4000	69.6	95.1	1209	high noise
1528	     0	69.3	97.1	1123	OK
1529	     0	67.1	95.5	1092	OK
1530	     0	69.8	97.7	1093	OK
1531	     0	70.0	100.3	1091	OK
1532	     0	70.1	99.0	1082	OK
1533	     0	72.4	100.2	1075	OK
1534	     0	72.1	98.3	1085	OK
1535	     0	72.8	103.4	1053	OK
1536	     0	72.3	100.6	1076	OK
1537	     0	70.8	101.9	1074	OK
1538	     0	70.1	97.2	1099	OK
1539	     0	70.7	96.6	1091	OK
1540	     0	67.9	94.8	1093	OK
1541	     0	68.0	95.5	1070	OK
1542	     0	69.2	97.7	1074	OK
1543	     0	67.8	95.0	1097	OK
1544	     0	69.0	95.4	1077	OK
1545	     0	72.0	99.7	1059	OK
1546	     0	68.3	93.6	1119	OK
1547	     0	66.3	92.2	1090	OK
1548	     0	68.7	97.9	1083	OK
1549	     0	68.9	96.6	1097	OK
1550	     0	68.0	94.5	1087	OK
1551	     0	67.5	92.1	1112	OK
1552	     0	69.7	100.4	1065	OK
1553	     0	69.3	97.4	1088	OK
1554	     0	68.3	97.0	1081	OK
1555	     0	68.9	97.5	1106	OK
1556	     0	70.1	98.8	1091	OK
1557	     0	66.7	94.6	1086	OK
1558	     0	68.7	96.6	1080	OK
1559	     0	69.5	95.3	1074	OK
1560	     0	70.2	95.9	1098	OK
1561	     0	67.5	96.1	1099	OK
1562	     0	70.5	98.2	1063	OK
1563	     0	68.8	98.5	1101	OK
1564	     0	69.9	99.5	1057	OK
1565	     0	69.9	99.0	1071	OK
1566	     0	69.9	96.6	1074	OK
1567	     0	68.7	96.5	1098	OK
1568	     0	68.3	94.4	1111	OK
1569	     0	71.7	99.4	1088	OK
1570	     0	69.6	97.4	1081	OK
1571	     0	69.6	96.0	1084	OK
1572	     0	69.3	96.0	1082	OK
1573	     0	68.1	96.7	1082	OK
1574	     0	66.9	94.7	1070	OK
1575	     0	68.3	96.9	1096	OK
1576	     0	67.9	96.2	1069	OK
1577	     0	69.3	98.7	1123	OK
1578	     0	68.5	97.2	1077	OK
1579	     0	66.8	96.4	1085	OK
1580	     0	70.7	98.5	1114	OK
1581	     0	71.2	101.5	1084	OK
1582	     0	68.4	98.4	1098	OK
1583	     0	68.9	97.3	1084	OK
1584	     0	67.8	92.6	1128	OK
1585	     0	68.4	96.9	1096	OK
1586	     0	71.9	100.2	1068	OK
1587	     0	69.2	97.3	1070	OK
1588	     0	67.4	93.0	1086	OK
1589	     0	69.9	96.8	1114	OK
1590	     0	69.0	99.9	1099	OK
1591	     0	68.8	99.4	1081	OK
1592	     0	68.5	94.7	1116	OK
1593	     0	69.2	96.6	1079	OK
1594	     0	68.6	96.5	1115	OK
1595	     0	70.0	97.6	1092	OK
1596	     0	69.0	96.0	1117	OK
1597	     0	69.3	96.1	1063	OK
1598	     0	71.2	98.9	1086	OK
1599	     0	69.3	96.7	1071	OK
1600	     0	71.6	100.5	1080	OK
1601	     0	70.4	99.5	1067	OK
1602	     0	69.0	98.4	1076	OK
1603	     0	69.2	96.2	1074	OK
1604	     0	68.7	95.6	1056	OK
1605	     0	68.7	96.3	1100	OK
1606	     0	68.1	96.3	1077	OK
1607	     0	65.6	93.2	1108	OK
1608	     0	67.8	97.1	1065	OK
1609	     0	64.5	92.0	1120	OK
1610	     0	69.2	98.6	1071	OK
1611	     0	67.8	96.3	1083	OK
1612	     0	67.2	93.9	1123	OK
1613	     0	67.5	95.7	1096	OK
1614	     0	67.2	95.4	1093	OK
1615	     0	69.8	98.4	1070	OK
1616	     0	69.1	96.6	1072	OK
1617	     0	69.4	97.5	1063	OK
1618	     0	68.8	97.5	1067	OK
1619	     0	68.7	98.9	1091	OK
1620	     0	68.6	96.7	1078	OK
1621	     0	68.6	94.6	1081	OK
1622	     0	67.8	95.7	1077	OK
1623	     0	67.8	94.5	1106	OK
1624	     0	69.1	94.8	1062	OK
1625	     0	68.2	95.5	1100	OK
1626	     0	68.8	95.8	1084	OK
1627	     0	69.8	97.6	1043	OK
1628	     0	67.8	94.8	1095	OK
1629	     0	67.7	95.8	1083	OK
1630	     0	67.0	93.3	1091	OK
1631	     0	68.0	98.4	1081	OK
1632	     0	67.8	94.9	1088	OK
1633	     0	70.3	100.0	1073	OK
1634	     0	67.2	99.1	1083	OK
1635	     0	69.0	97.0	1091	OK
1636	     0	67.9	101.0	1048	OK
1637	     0	69.7	97.5	1088	OK
1638	     0	70.3	98.8	1060	OK
1639	     0	67.3	95.4	1058	OK
1640	     0	67.8	96.5	1091	OK
1641	     0	68.4	95.4	1086	OK
1642	     0	70.4	98.9	1062	OK
1643	     0	68.6	100.3	1068	OK
1644	     0	68.5	98.2	1069	OK
1645	     0	69.3	96.6	1058	OK
1646	     0	66.0	94.5	1096	OK
1647	     0	68.1	96.9	1066	OK
1648	     0	68.3	94.4	1061	OK
1649	     0	69.2	100.0	1057	OK
1650	     0	65.2	94.7	1069	OK
1651	     0	69.6	96.0	1053	OK
1652	     0	70.4	98.3	1059	OK
1653	     0	67.5	103.3	1055	OK
1654	     0	72.0	99.2	1090	OK
1655	     0	69.4	98.6	1076	OK
1656	     0	68.7	96.0	1062	OK
1657	     0	70.1	100.2	1063	OK
1658	     0	70.1	99.0	1059	OK
1659	     0	72.8	99.8	1091	OK
1660	     0	73.0	99.5	1071	OK
1661	     0	71.6	100.3	1072	OK
1662	     0	71.3	97.8	1044	OK
1663	     0	71.9	98.3	1076	OK
1664	     0	76.0	99.5	1061	OK
1665	     0	75.9	100.7	1026	OK
1666	     0	74.8	102.6	1026	OK
1667	     0	75.1	103.0	1015	OK
1668	     0	76.7	103.3	1033	OK
1669	     0	75.7	102.2	1017	OK
1670	     0	74.5	100.3	 991	OK
1671	     0	74.8	100.6	1022	OK
1672	     0	73.7	100.4	1037	OK
1673	     0	75.7	105.2	1027	OK
1674	     0	75.5	102.6	1027	OK
1675	     0	73.8	102.2	1007	OK
1676	     0	72.8	102.6	1023	OK
1677	     0	74.0	102.5	1009	OK
1678	     0	72.8	99.7	1016	OK
1679	     0	73.4	100.6	1018	OK
1680	     0	75.5	103.2	1012	OK
1681	     0	74.6	101.6	1006	OK
1682	     0	71.3	100.1	1042	OK
1683	     0	71.9	99.6	1021	OK
1684	     0	74.9	102.4	1002	OK
1685	     0	73.2	101.5	1029	OK
1686	     0	72.8	101.6	1006	OK
1687	     0	75.8	102.4	1003	OK
1688	     0	74.1	98.8	1001	OK
1689	     0	75.2	104.5	1005	OK
1690	     0	74.2	102.4	1022	OK
1691	     0	76.5	103.6	1020	OK
1692	     0	75.2	104.5	1015	OK
1693	     0	75.6	102.3	1017	OK
1694	     0	73.2	100.2	1023	OK
1695	     0	72.5	97.7	1043	OK
1696	     0	74.8	100.8	1044	OK
1697	     0	73.8	100.7	1033	OK
1698	     0	74.4	103.9	1042	OK
1699	     0	77.0	102.1	1033	OK
1700	     0	73.4	101.1	1050	OK
1701	     0	73.1	99.3	1022	OK
1702	     0	74.4	103.8	1031	OK
1703	     0	75.3	101.4	1022	OK
1704	     0	75.3	103.2	1030	OK
1705	     0	74.6	99.2	1041	OK
1706	     0	76.2	105.6	1013	OK
1707	     0	75.9	101.7	1033	OK
1708	     0	75.0	103.0	1038	OK
1709	     0	76.4	104.2	1031	OK
1710	     0	75.6	101.5	1030	OK
1711	     0	73.0	126.7	1052	OK
1712	     0	76.4	103.0	1030	OK
1713	     0	76.1	104.3	1040	OK
1714	     0	74.6	101.4	1034	OK
1715	     0	74.6	103.5	1047	OK
1716	     0	74.0	100.6	1045	OK
1717	     0	75.7	99.6	1044	OK
1718	     0	75.4	102.3	1028	OK
1719	     0	77.1	105.3	1028	OK
1720	     0	75.2	101.6	1044	OK
1721	     0	76.0	103.7	1017	OK
1722	     0	77.9	104.5	1038	OK
1723	     0	77.7	105.3	1037	OK
1724	     0	74.4	101.3	1054	OK
1725	     0	75.8	109.0	1029	OK
1726	     0	75.2	103.8	1053	OK
1727	     0	74.7	102.3	1047	OK
1728	     0	73.8	100.3	1038	OK
1729	     0	74.4	100.9	1049	OK
1730	     0	75.4	101.4	1046	OK
1731	     0	72.8	100.2	1037	OK
1732	     0	72.9	100.8	1029	OK
1733	     0	73.1	100.8	1042	OK
1734	     0	73.6	102.3	1033	OK
1735	     0	73.5	101.6	1037	OK
1736	     0	71.4	101.6	1037	OK
1737	     0	72.9	119.0	1058	OK
1738	     0	73.1	100.4	1021	OK
1739	     0	71.5	101.1	1025	OK
1740	     0	74.2	100.6	1039	OK
1741	     0	71.1	98.6	1051	OK
1742	     0	71.7	99.3	1018	OK
1743	     0	69.8	98.8	1020	OK
1744	     0	73.0	101.6	1036	OK
1745	     0	73.1	98.7	1027	OK
1746	     0	72.9	102.0	1038	OK
1747	     0	71.7	100.0	1017	OK
1748	     0	71.8	99.9	1041	OK
1749	     0	69.6	96.2	1022	OK
1750	     0	71.8	100.1	1028	OK
1751	     0	71.6	99.2	1035	OK
1752	     0	71.4	99.6	1051	OK
1753	     0	72.9	99.3	1032	OK
1754	     0	70.7	97.6	1065	OK
1755	     0	70.2	99.2	1029	OK
1756	     0	70.0	97.6	1028	OK
1757	     0	72.3	101.3	1015	OK
1758	     0	74.1	106.4	1057	OK
1759	     0	73.7	102.0	1034	OK
1760	     0	72.0	98.2	1043	OK
1761	     0	72.0	99.4	1025	OK
1762	     0	74.2	108.2	1045	OK
1763	     0	72.7	100.3	1028	OK
1764	     0	70.5	97.1	1035	OK
1765	     0	71.0	95.8	1062	OK
1766	     0	70.3	97.2	1046	OK
1767	     0	73.5	101.3	1044	OK
1768	     0	69.9	97.1	1035	OK
1769	     0	69.0	98.4	1040	OK
1770	     0	74.2	100.0	1046	OK
1771	     0	70.4	99.0	1039	OK
1772	     0	71.7	102.3	1039	OK
1773	     0	70.8	98.2	1029	OK
1774	     0	73.2	101.6	1021	OK
1775	     0	73.0	100.2	1046	OK
1776	     0	71.3	100.6	1020	OK
1777	     0	68.6	99.4	1047	OK
1778	     0	71.0	97.8	1015	OK
1779	     0	70.8	106.8	1058	OK
1780	     0	73.0	101.4	1030	OK
1781	     0	70.1	97.7	1030	OK
1782	     0	76.9	104.2	1057	OK
1783	     0	72.3	100.7	1013	OK
1784	     0	74.8	104.5	1029	OK
1785	     0	70.2	96.6	1051	OK
1786	     0	75.0	102.0	1033	OK
1787	     0	74.0	111.3	1038	OK
1788	     0	72.8	102.2	1032	OK
1789	     0	72.3	108.9	1047	OK
1790	     0	75.7	101.6	1060	OK
1791	     0	72.3	98.6	1041	OK
1792	     0	71.8	99.1	1091	OK
1793	     0	72.9	101.1	1073	OK
1794	     0	70.9	96.9	1083	OK
1795	     0	73.5	101.1	1090	OK
1796	     0	72.6	100.1	1049	OK
1797	     0	74.9	98.9	1098	OK
1798	     0	71.4	99.8	1073	OK
1799	     0	74.6	99.9	1093	OK
1800	     0	73.4	100.3	1070	OK
1801	     0	73.1	98.3	1071	OK
1802	     0	70.6	101.2	1077	OK
1803	     0	73.1	99.0	1071	OK
1804	     0	70.8	98.2	1073	OK
1805	     0	72.5	99.6	1063	OK
1806	     0	74.0	100.9	1069	OK
1807	     0	70.2	96.2	1087	OK
1808	     0	71.2	97.9	1065	OK
1809	     0	74.0	100.8	1053	OK
1810	     0	70.8	99.6	1039	OK
1811	     0	73.2	100.9	1059	OK
1812	     0	73.9	101.2	1067	OK
1813	     0	71.7	98.3	1080	OK
1814	     0	70.9	98.6	1070	OK
1815	     0	71.6	97.7	1084	OK
1816	     0	69.3	96.8	1061	OK
1817	     0	72.5	100.3	1073	OK
1818	     0	69.4	98.3	1071	OK
1819	     0	69.3	95.7	1075	OK
1820	     0	69.8	94.0	1093	OK
1821	     0	70.7	97.3	1083	OK
1822	     0	71.8	99.8	1088	OK
1823	     0	68.4	95.3	1105	OK
1824	     0	69.8	98.2	1076	OK
1825	     0	70.0	100.4	1079	OK
1826	     0	69.0	100.1	1079	OK
1827	     0	72.2	101.1	1094	OK
1828	     0	72.4	98.3	1091	OK
1829	     0	72.7	98.5	1059	OK
1830	     0	67.3	96.1	1081	OK
1831	     0	69.4	97.1	1055	OK
1832	     0	71.4	96.8	1073	OK
1833	     0	70.7	98.4	1063	OK
1834	     0	68.9	98.4	1079	OK
1835	     0	69.6	97.3	1110	OK
1836	     0	70.8	98.7	1083	OK
1837	     0	70.5	101.2	1071	OK
1838	     0	70.4	99.4	1077	OK
1839	     0	70.3	98.5	1096	OK
1840	     0	72.0	101.7	1066	OK
1841	     0	73.6	100.7	1080	OK
1842	     0	70.2	95.5	1081	OK
1843	     0	70.8	101.5	1074	OK
1844	     0	74.4	101.8	1069	OK
1845	     0	72.1	98.4	1084	OK
1846	     0	73.4	100.4	1071	OK
1847	     0	71.6	104.0	1066	OK
1848	     0	70.8	99.7	1069	OK
1849	     0	72.7	102.5	1068	OK
1850	     0	74.1	101.0	1065	OK
1851	     0	74.4	101.4	1074	OK
1852	     0	73.5	100.7	1122	OK
1853	     0	70.7	98.0	1087	OK
1854	     0	74.9	102.6	1065	OK
1855	     0	73.0	98.6	1095	OK
1856	     0	72.4	100.5	1075	OK
1857	     0	74.6	101.3	1070	OK
1858	     0	75.1	101.6	1064	OK
1859	     0	72.0	97.5	1088	OK
1860	     0	72.2	96.9	1071	OK
1861	     0	76.1	102.4	1046	OK
1862	     0	71.0	99.0	1102	OK
1863	     0	74.6	101.3	1076	OK
1864	     0	74.9	99.9	1085	OK
1865	     0	73.1	100.7	1072	OK
1866	     0	74.7	103.2	1076	OK
1867	     0	75.2	102.4	1051	OK
1868	     0	69.0	96.6	1052	OK
1869	     0	73.3	101.3	1062	OK
1870	     0	71.5	99.3	1049	OK
1871	     0	72.2	100.5	1083	OK
1872	     0	73.5	101.9	1070	OK
1873	     0	72.1	100.4	1054	OK
1874	     0	73.5	100.4	1049	OK
1875	     0	72.7	100.2	1063	OK
1876	     0	70.4	98.0	1063	OK
1877	     0	70.6	97.3	1094	OK
1878	     0	73.4	98.2	1078	OK
1879	     0	74.0	101.4	1065	OK
1880	     0	71.2	99.8	1062	OK
1881	     0	72.7	99.2	1046	OK
1882	     0	74.4	99.9	1052	OK
1883	     0	69.8	96.2	1075	OK
1884	     0	72.5	101.4	1053	OK
1885	     0	74.6	100.7	1072	OK
1886	     0	71.1	97.8	1064	OK
1887	     0	73.4	102.2	1050	OK
1888	     0	72.9	101.2	1063	OK
1889	     0	72.5	98.7	1100	OK
1890	     0	73.6	99.9	1053	OK
1891	     0	74.9	100.7	1072	OK
1892	     0	71.0	97.5	1058	OK
1893	     0	71.5	99.4	1062	OK
1894	     0	70.4	98.0	1069	OK
1895	     0	70.8	97.6	1063	OK
1896	     0	70.4	96.7	1059	OK
1897	     0	72.9	103.2	1053	OK
1898	     0	72.1	100.3	1055	OK
1899	     0	70.7	96.6	1061	OK
1900	     0	75.6	104.1	1060	OK
1901	     0	72.5	101.5	1069	OK
1902	     0	69.3	95.5	1072	OK
1903	     0	69.8	96.8	1084	OK
1904	     0	71.0	97.8	1027	OK
1905	     0	71.2	97.9	1054	OK
1906	     0	71.1	98.8	1048	OK
1907	     0	73.8	99.6	1055	OK
1908	     0	72.0	97.7	1069	OK
1909	     0	74.4	101.1	1017	OK
1910	     0	72.1	99.0	1081	OK
1911	 80000	69.4	91.4	2246	very high noise
1912	     0	72.4	103.1	1061	OK
1913	     0	72.4	97.8	1066	OK
1914	     0	72.2	99.6	1033	OK
1915	     0	73.8	101.3	1045	OK
1916	     0	76.0	101.7	1056	OK
1917	     0	76.3	103.1	1049	OK
1918	     0	72.3	100.1	1057	OK
1919	  1000	73.7	107.7	 430	unbonded
1920	     0	74.0	100.6	1018	OK
1921	     0	76.1	102.4	1002	OK
1922	     0	73.6	100.3	1023	OK
1923	     0	77.0	104.0	 984	OK
1924	     0	73.9	103.3	1003	OK
1925	     0	76.2	104.3	1002	OK
1926	     0	73.6	101.7	1002	OK
1927	     0	74.7	103.6	 993	OK
1928	     0	71.8	100.6	1005	OK
1929	     0	74.9	100.7	1004	OK
1930	     0	73.6	101.0	 990	OK
1931	     0	76.4	104.4	1002	OK
1932	     0	74.3	100.6	1005	OK
1933	     0	72.7	101.7	 999	OK
1934	     0	75.1	102.1	 984	OK
1935	     0	70.7	96.5	 985	OK
1936	     0	74.3	102.4	1002	OK
1937	     0	70.7	100.3	1005	OK
1938	     0	74.1	101.3	1006	OK
1939	     0	72.3	100.3	1006	OK
1940	     0	71.3	100.5	 992	OK
1941	     0	73.6	96.5	1008	OK
1942	     0	74.6	103.8	 999	OK
1943	     0	74.2	101.9	 990	OK
1944	     0	76.0	102.7	1004	OK
1945	     0	74.1	101.9	1021	OK
1946	     0	74.0	99.6	1017	OK
1947	     0	72.5	101.1	1008	OK
1948	     0	74.2	99.6	 999	OK
1949	     0	72.8	100.7	 998	OK
1950	     0	73.7	99.8	 985	OK
1951	     0	72.6	97.5	1032	OK
1952	     0	72.7	103.3	 988	OK
1953	     0	73.5	101.8	 983	OK
1954	     0	70.9	99.2	1019	OK
1955	     0	71.8	99.9	1012	OK
1956	     0	73.9	102.8	1012	OK
1957	     0	72.4	100.3	1020	OK
1958	     0	75.7	102.2	1001	OK
1959	     0	74.8	101.4	 995	OK
1960	     0	71.8	99.4	1026	OK
1961	     0	72.3	97.2	1009	OK
1962	     0	76.6	103.5	1024	OK
1963	     0	73.9	100.2	1022	OK
1964	     0	73.0	99.5	1032	OK
1965	     0	73.9	101.3	1018	OK
1966	     0	71.7	98.4	1013	OK
1967	     0	75.4	104.8	 997	OK
1968	     0	73.6	100.5	1022	OK
1969	     0	72.7	100.9	1009	OK
1970	     0	73.4	102.3	1021	OK
1971	     0	75.1	101.1	1020	OK
1972	     0	72.7	99.2	1018	OK
1973	     0	71.8	101.6	1005	OK
1974	     0	75.2	101.6	1036	OK
1975	     0	73.1	100.8	1034	OK
1976	     0	73.1	102.6	1007	OK
1977	     0	74.6	100.1	1029	OK
1978	     0	74.4	99.5	1024	OK
1979	     0	73.3	102.2	1037	OK
1980	     0	75.4	103.5	1017	OK
1981	     0	72.1	98.9	 983	OK
1982	     0	77.7	103.3	1020	OK
1983	     0	77.9	104.0	1019	OK
1984	     0	73.7	99.7	1028	OK
1985	     0	74.4	105.2	1026	OK
1986	     0	73.2	102.9	1016	OK
1987	     0	71.8	99.6	1028	OK
1988	     0	72.3	100.0	1016	OK
1989	     0	76.2	102.6	1013	OK
1990	     0	75.5	104.1	1009	OK
1991	     0	73.2	100.1	1022	OK
1992	     0	73.4	100.1	 997	OK
1993	     0	73.3	100.1	 998	OK
1994	     0	75.2	103.6	1005	OK
1995	     0	72.4	101.8	1022	OK
1996	     0	74.6	102.4	1030	OK
1997	     0	70.9	100.6	1017	OK
1998	     0	72.4	99.2	1001	OK
1999	     0	73.3	100.3	1021	OK
2000	     0	72.6	100.1	1025	OK
2001	     0	71.6	101.2	1011	OK
2002	     0	72.9	100.2	1002	OK
2003	     0	75.1	100.7	1033	OK
2004	     0	73.6	103.5	1017	OK
2005	     0	71.5	96.2	1000	OK
2006	     0	71.7	97.8	1032	OK
2007	     0	72.6	100.6	1003	OK
2008	     0	72.7	98.8	1011	OK
2009	     0	70.0	98.5	 999	OK
2010	     0	72.7	99.5	 992	OK
2011	     0	70.7	96.5	1013	OK
2012	     0	71.5	98.2	1029	OK
2013	     0	74.7	99.3	1018	OK
2014	     0	70.5	97.9	 995	OK
2015	     0	73.3	99.5	1024	OK
2016	     0	72.0	98.7	1023	OK
2017	     0	73.4	95.9	1046	OK
2018	     0	70.6	98.4	1016	OK
2019	     0	74.3	103.4	1014	OK
2020	     0	71.4	98.5	1029	OK
2021	     0	73.0	98.9	1017	OK
2022	     0	71.3	98.8	1044	OK
2023	     0	70.3	96.7	1029	OK
2024	     0	69.4	95.5	1033	OK
2025	     0	70.9	99.6	1008	OK
2026	     0	72.2	98.2	1014	OK
2027	     0	71.7	98.1	1019	OK
2028	     0	70.7	95.2	1024	OK
2029	     0	72.1	100.4	1012	OK
2030	     0	71.1	98.6	1003	OK
2031	     0	70.1	97.5	1006	OK
2032	     0	72.0	99.0	1001	OK
2033	     0	73.1	98.3	 989	OK
2034	     0	72.3	100.0	1019	OK
2035	     0	72.7	100.1	 994	OK
2036	     0	70.8	98.2	1007	OK
2037	     0	72.5	96.9	1012	OK
2038	     0	72.0	97.9	1006	OK
2039	     0	71.9	98.6	1045	OK
2040	     0	70.5	98.4	 996	OK
2041	     0	73.0	101.3	1012	OK
2042	     0	70.1	115.1	1041	OK
2043	     0	71.5	99.8	 993	OK
2044	     0	72.1	98.2	1022	OK
2045	     0	74.0	100.3	1024	OK
2046	     0	75.9	102.3	1000	OK
2047	     0	75.2	101.4	1017	OK
2048	     0	71.3	96.7	1118	OK
2049	     0	68.4	96.7	1098	OK
2050	     0	67.5	96.3	1093	OK
2051	     0	69.0	100.4	1052	OK
2052	     0	65.7	94.6	1114	OK
2053	     0	70.0	102.2	1069	OK
2054	     0	65.5	92.4	1102	OK
2055	     0	67.8	95.9	1103	OK
2056	     0	64.8	91.4	1111	OK
2057	     0	69.1	96.6	1064	OK
2058	     0	65.9	93.3	1093	OK
2059	     0	68.4	95.5	1101	OK
2060	     0	66.4	91.3	1129	OK
2061	     0	69.8	96.2	1086	OK
2062	     0	68.8	96.3	1100	OK
2063	     0	65.3	93.4	1098	OK
2064	     0	66.1	96.6	1073	OK
2065	     0	66.0	93.1	1107	OK
2066	     0	68.1	95.1	1102	OK
2067	     0	66.1	94.0	1104	OK
2068	     0	67.3	93.9	1097	OK
2069	     0	67.3	92.3	1103	OK
2070	     0	64.1	92.5	1115	OK
2071	     0	66.2	94.5	1098	OK
2072	     0	67.9	94.7	1081	OK
2073	     0	72.3	100.3	1099	OK
2074	     0	70.4	99.2	1083	OK
2075	     0	68.9	96.0	1054	OK
2076	     0	73.0	98.6	1105	OK
2077	     0	67.1	96.2	1074	OK
2078	     0	68.7	95.5	1106	OK
2079	     0	70.5	98.1	1078	OK
2080	     0	67.1	94.7	1099	OK
2081	     0	67.8	93.6	1138	OK
2082	     0	69.4	96.6	1089	OK
2083	     0	66.1	96.6	1092	OK
2084	     0	65.6	93.4	1093	OK
2085	     0	69.5	96.2	1118	OK
2086	     0	67.6	95.6	1090	OK
2087	     0	69.7	99.5	1066	OK
2088	     0	66.8	96.0	1084	OK
2089	     0	70.0	96.9	1094	OK
2090	     0	68.8	96.6	1084	OK
2091	     0	68.3	95.2	1083	OK
2092	     0	70.0	95.9	1109	OK
2093	     0	67.0	94.1	1100	OK
2094	     0	67.8	101.4	1093	OK
2095	     0	67.8	97.4	1063	OK
2096	     0	66.4	95.3	1099	OK
2097	     0	66.8	95.3	1122	OK
2098	     0	67.7	94.1	1111	OK
2099	     0	69.1	95.2	1095	OK
2100	     0	66.6	92.4	1119	OK
2101	     0	66.6	94.4	1110	OK
2102	     0	68.9	95.4	1096	OK
2103	     0	66.9	96.0	1088	OK
2104	     0	70.2	99.5	1107	OK
2105	     0	68.3	95.6	1081	OK
2106	     0	71.4	99.6	1094	OK
2107	     0	68.6	97.1	1095	OK
2108	     0	71.3	100.7	1073	OK
2109	     0	68.2	97.5	1101	OK
2110	     0	69.8	100.8	1059	OK
2111	     0	72.5	97.6	1102	OK
2112	     0	70.7	99.5	1059	OK
2113	     0	73.0	99.1	1083	OK
2114	     0	71.8	97.9	1095	OK
2115	     0	71.0	96.7	1096	OK
2116	     0	68.9	98.0	1069	OK
2117	     0	70.2	98.1	1052	OK
2118	     0	69.8	98.5	1075	OK
2119	     0	69.9	99.2	1048	OK
2120	     0	70.0	101.3	1071	OK
2121	     0	68.7	96.8	1072	OK
2122	     0	69.6	97.0	1054	OK
2123	     0	69.2	95.3	1094	OK
2124	     0	70.8	97.1	1097	OK
2125	     0	69.7	95.4	1096	OK
2126	     0	69.4	95.4	1112	OK
2127	     0	71.8	100.2	1056	OK
2128	     0	70.2	98.0	1081	OK
2129	     0	71.3	100.3	1093	OK
2130	     0	68.7	97.0	1062	OK
2131	     0	72.0	100.2	1066	OK
2132	     0	67.0	94.1	1113	OK
2133	     0	70.4	98.0	1083	OK
2134	     0	70.1	95.7	1115	OK
2135	     0	69.3	94.3	1094	OK
2136	     0	68.4	96.1	1058	OK
2137	     0	68.1	97.2	1094	OK
2138	     0	68.5	96.6	1074	OK
2139	     0	70.2	96.7	1087	OK
2140	     0	69.6	97.3	1051	OK
2141	     0	67.9	95.5	1079	OK
2142	     0	69.8	95.3	1086	OK
2143	     0	70.7	96.1	1071	OK
2144	     0	69.4	99.5	1068	OK
2145	     0	72.8	100.7	1067	OK
2146	     0	70.0	97.5	1070	OK
2147	     0	69.0	97.8	1055	OK
2148	     0	69.8	99.6	1054	OK
2149	     0	70.6	100.4	1070	OK
2150	     0	67.3	94.1	1105	OK
2151	     0	69.8	98.0	1068	OK
2152	     0	73.2	100.7	1056	OK
2153	     0	69.5	95.8	1081	OK
2154	     0	68.3	95.8	1061	OK
2155	     0	72.4	100.9	1076	OK
2156	     0	69.1	95.5	1070	OK
2157	     0	68.4	101.5	1048	OK
2158	     0	71.6	97.5	1085	OK
2159	     0	69.1	97.4	1064	OK
2160	     0	69.3	94.9	1091	OK
2161	     0	70.6	97.4	1066	OK
2162	     0	69.9	98.1	1080	OK
2163	     0	70.8	99.0	1088	OK
2164	     0	71.1	98.0	1086	OK
2165	     0	70.9	100.6	1083	OK
2166	     0	72.3	101.0	1073	OK
2167	     0	70.7	101.3	1064	OK
2168	     0	69.9	99.9	1053	OK
2169	     0	70.6	97.1	1079	OK
2170	     0	69.7	97.6	1059	OK
2171	     0	69.8	98.9	1060	OK
2172	     0	72.1	101.2	1050	OK
2173	     0	73.1	98.0	1074	OK
2174	     0	72.1	101.6	1066	OK
2175	     0	71.5	97.3	1073	OK
2176	     0	69.9	99.3	1049	OK
2177	     0	71.8	99.0	1018	OK
2178	     0	71.3	97.0	1031	OK
2179	     0	70.4	97.6	1026	OK
2180	     0	72.1	99.9	1019	OK
2181	     0	70.2	98.5	1046	OK
2182	     0	72.8	101.5	1033	OK
2183	     0	70.6	96.8	1039	OK
2184	     0	70.9	96.7	1031	OK
2185	     0	69.3	100.1	1039	OK
2186	     0	72.5	98.5	1022	OK
2187	     0	72.7	100.3	1050	OK
2188	     0	69.5	99.1	1021	OK
2189	     0	74.2	100.5	1032	OK
2190	     0	67.8	94.5	1054	OK
2191	     0	69.9	98.6	1030	OK
2192	     0	69.0	94.6	1056	OK
2193	     0	71.5	99.2	1033	OK
2194	     0	71.8	100.3	1018	OK
2195	     0	70.1	97.9	1030	OK
2196	     0	73.0	102.5	1026	OK
2197	     0	71.0	100.2	1009	OK
2198	     0	68.4	96.1	1017	OK
2199	     0	67.8	98.8	1039	OK
2200	     0	68.6	98.7	1047	OK
2201	     0	71.0	95.4	1059	OK
2202	     0	70.4	98.1	1046	OK
2203	     0	69.0	96.5	1033	OK
2204	     0	68.8	96.5	1051	OK
2205	     0	68.2	97.1	1021	OK
2206	     0	69.6	97.1	1060	OK
2207	     0	71.4	99.9	1029	OK
2208	     0	68.2	95.4	1038	OK
2209	     0	70.2	104.4	1044	OK
2210	     0	69.3	95.7	1029	OK
2211	     0	69.1	95.6	1044	OK
2212	     0	71.1	98.4	1047	OK
2213	     0	70.6	99.0	1052	OK
2214	     0	70.2	96.4	1055	OK
2215	     0	69.3	99.3	1053	OK
2216	     0	69.3	98.8	1044	OK
2217	     0	69.8	95.8	1038	OK
2218	     0	67.9	96.9	1060	OK
2219	     0	71.4	97.4	1050	OK
2220	     0	72.2	100.6	1018	OK
2221	     0	68.3	98.9	1041	OK
2222	     0	67.8	94.8	1050	OK
2223	     0	69.3	96.6	1058	OK
2224	     0	70.3	99.6	1040	OK
2225	     0	71.1	97.1	1064	OK
2226	     0	69.7	96.4	1042	OK
2227	     0	70.6	98.4	1035	OK
2228	     0	71.6	97.9	1048	OK
2229	     0	69.6	99.0	1043	OK
2230	     0	70.5	98.8	1030	OK
2231	     0	69.1	98.0	1067	OK
2232	     0	71.6	99.9	1041	OK
2233	     0	68.0	95.8	1067	OK
2234	     0	70.0	96.6	1029	OK
2235	     0	71.3	101.2	1027	OK
2236	     0	73.2	99.1	1028	OK
2237	     0	71.2	98.6	1046	OK
2238	     0	70.7	98.2	1060	OK
2239	     0	72.0	98.4	1073	OK
2240	     0	71.8	96.6	1060	OK
2241	     0	72.7	101.4	1038	OK
2242	     0	69.4	95.7	1029	OK
2243	     0	71.1	99.6	1029	OK
2244	     0	71.6	99.6	1046	OK
2245	     0	73.1	100.4	1048	OK
2246	     0	70.5	96.3	1073	OK
2247	     0	71.3	99.4	1033	OK
2248	     0	71.9	97.9	1039	OK
2249	     0	71.1	100.7	1057	OK
2250	     0	70.9	99.0	1042	OK
2251	     0	70.1	98.3	1030	OK
2252	     0	73.3	102.3	1052	OK
2253	     0	72.0	103.2	1047	OK
2254	     0	71.2	97.8	1050	OK
2255	     0	71.5	96.6	1045	OK
2256	     0	70.5	98.8	1044	OK
2257	     0	71.0	98.2	1038	OK
2258	     0	72.1	99.9	1059	OK
2259	     0	68.3	95.5	1023	OK
2260	     0	68.4	99.4	1026	OK
2261	     0	70.4	98.1	1046	OK
2262	     0	71.3	97.4	1045	OK
2263	     0	72.4	98.0	1034	OK
2264	     0	72.0	101.2	1053	OK
2265	     0	68.4	96.4	1069	OK
2266	     0	71.1	97.1	1024	OK
2267	     0	70.6	98.1	1065	OK
2268	     0	73.5	100.5	1077	OK
2269	     0	70.2	95.8	1051	OK
2270	     0	69.9	101.1	1030	OK
2271	     0	70.1	96.9	1070	OK
2272	     0	70.3	97.2	1048	OK
2273	     0	67.9	95.7	1022	OK
2274	     0	71.7	97.7	1070	OK
2275	     0	70.6	100.1	1034	OK
2276	     0	70.2	97.0	1035	OK
2277	     0	70.6	101.4	1063	OK
2278	     0	71.0	97.7	1061	OK
2279	     0	70.0	100.2	1035	OK
2280	     0	70.7	99.8	1037	OK
2281	     0	70.2	101.9	1027	OK
2282	     0	69.1	96.4	1045	OK
2283	     0	70.9	97.6	1038	OK
2284	     0	70.1	101.6	1053	OK
2285	     0	71.5	99.0	1042	OK
2286	     0	74.0	99.2	1073	OK
2287	     0	70.3	98.0	1049	OK
2288	     0	72.3	99.1	1054	OK
2289	     0	72.6	99.0	1046	OK
2290	     0	69.8	95.0	1083	OK
2291	     0	70.7	98.8	1069	OK
2292	     0	71.5	97.2	1052	OK
2293	     0	72.4	101.7	1056	OK
2294	     0	70.2	100.0	1043	OK
2295	     0	72.6	103.9	1049	OK
2296	     0	69.1	95.9	1096	OK
2297	     0	70.7	98.4	1069	OK
2298	     0	73.1	102.1	1065	OK
2299	  4000	73.0	99.7	1104	high noise
2300	  4000	73.2	98.4	1175	high noise
2301	  4000	72.9	99.4	1214	high noise
2302	  4000	72.4	102.9	1438	high noise
2303	 80000	70.8	103.7	2073	very high noise
