#chan	code	gain	vt50	innse	comment
   0	     0	85.0	155.4	1073	OK
   1	     0	85.1	161.3	1030	OK
   2	     0	77.7	148.4	1034	OK
   3	     0	85.4	160.2	1026	OK
   4	     0	82.3	156.0	1033	OK
   5	     0	81.4	152.6	1014	OK
   6	     0	82.0	153.5	1022	OK
   7	     0	80.6	152.5	1017	OK
   8	     0	81.7	154.1	1015	OK
   9	     0	81.4	154.2	 994	OK
  10	     0	82.5	153.2	1033	OK
  11	     0	80.1	152.7	1034	OK
  12	     0	80.5	151.1	1018	OK
  13	     0	81.3	153.5	1024	OK
  14	     0	80.5	152.2	 996	OK
  15	     0	79.8	150.5	1015	OK
  16	     0	80.7	153.5	1021	OK
  17	     0	79.4	150.5	1009	OK
  18	     0	84.2	161.0	1023	OK
  19	     0	83.1	155.0	1018	OK
  20	     0	80.8	153.5	1013	OK
  21	     0	82.8	155.0	1010	OK
  22	     0	80.1	150.6	1004	OK
  23	     0	80.9	152.8	 991	OK
  24	     0	82.9	157.8	1023	OK
  25	     0	79.0	147.6	1024	OK
  26	     0	81.7	153.5	1009	OK
  27	     0	82.9	156.7	1027	OK
  28	     0	80.8	151.9	1035	OK
  29	     0	84.2	159.3	1027	OK
  30	     0	79.9	151.9	1019	OK
  31	     0	81.3	152.8	1009	OK
  32	     0	83.9	157.2	1034	OK
  33	     0	82.0	154.2	1037	OK
  34	     0	82.9	156.4	1020	OK
  35	     0	80.8	154.5	1025	OK
  36	     0	80.8	153.0	1018	OK
  37	     0	81.9	153.2	1037	OK
  38	     0	81.7	152.0	1013	OK
  39	     0	81.5	151.8	1025	OK
  40	     0	83.6	155.7	1029	OK
  41	     0	80.4	150.0	1023	OK
  42	     0	83.6	157.7	1033	OK
  43	     0	82.7	156.8	1043	OK
  44	     0	83.7	156.2	1056	OK
  45	     0	83.6	158.3	1030	OK
  46	     0	81.8	154.3	1061	OK
  47	     0	83.6	156.5	1050	OK
  48	     0	81.8	152.5	1025	OK
  49	     0	80.8	155.1	1030	OK
  50	     0	79.3	151.5	1024	OK
  51	     0	81.4	154.6	1027	OK
  52	     0	81.5	155.3	1037	OK
  53	     0	81.4	152.9	1047	OK
  54	     0	84.0	160.0	1040	OK
  55	     0	82.6	155.8	1043	OK
  56	     0	80.8	152.8	1061	OK
  57	     0	83.4	154.6	1030	OK
  58	     0	78.8	146.6	1035	OK
  59	     0	80.7	150.9	1007	OK
  60	     0	81.4	151.9	1017	OK
  61	     0	81.6	154.6	1042	OK
  62	     0	82.8	155.0	1041	OK
  63	     0	82.5	156.6	1057	OK
  64	     0	81.1	151.7	1040	OK
  65	     0	81.3	154.6	1038	OK
  66	     0	79.9	154.2	1036	OK
  67	     0	81.5	155.2	1025	OK
  68	     0	79.2	152.8	1017	OK
  69	     0	80.3	152.8	1035	OK
  70	     0	77.8	146.6	1054	OK
  71	     0	76.7	146.9	1061	OK
  72	     0	79.6	148.9	1043	OK
  73	     0	78.6	150.7	1062	OK
  74	     0	78.3	149.6	1059	OK
  75	     0	78.0	148.3	1031	OK
  76	     0	79.7	151.4	1038	OK
  77	     0	80.0	148.2	1041	OK
  78	     0	79.6	150.3	1025	OK
  79	     0	79.7	150.4	1048	OK
  80	     0	79.1	151.3	1056	OK
  81	     0	80.4	152.1	1039	OK
  82	     0	78.5	149.2	1032	OK
  83	     0	80.1	150.7	1050	OK
  84	     0	80.3	152.1	1035	OK
  85	     0	80.6	152.1	1048	OK
  86	     0	77.8	146.8	1042	OK
  87	     0	78.4	150.3	1045	OK
  88	     0	82.0	151.2	1028	OK
  89	     0	78.3	147.6	1062	OK
  90	     0	79.4	149.1	1037	OK
  91	     0	79.7	151.1	1032	OK
  92	     0	79.2	150.3	1034	OK
  93	     0	80.3	154.7	1055	OK
  94	     0	78.7	151.0	1052	OK
  95	     0	77.2	148.5	1049	OK
  96	     0	79.0	150.3	1053	OK
  97	     0	79.2	147.1	1035	OK
  98	     0	79.6	150.5	1042	OK
  99	     0	78.8	148.4	1030	OK
 100	     0	79.7	150.2	1021	OK
 101	     0	80.3	152.1	1041	OK
 102	     0	80.1	151.4	1003	OK
 103	     0	79.4	151.3	1058	OK
 104	     0	81.0	153.6	1031	OK
 105	     0	80.1	151.6	1046	OK
 106	     0	80.4	151.7	1005	OK
 107	     0	79.9	146.9	1037	OK
 108	     0	81.7	154.7	1042	OK
 109	     0	78.7	148.3	1042	OK
 110	     0	78.3	147.3	1042	OK
 111	     0	80.8	151.9	1039	OK
 112	     0	79.4	148.6	1030	OK
 113	     0	80.0	148.6	1054	OK
 114	     0	79.7	151.0	1060	OK
 115	     0	79.3	148.3	1037	OK
 116	     0	80.3	154.0	1038	OK
 117	     0	79.1	149.6	1024	OK
 118	     0	80.8	153.3	1045	OK
 119	     0	78.7	148.3	1021	OK
 120	     0	80.4	149.1	1048	OK
 121	     0	78.7	149.0	1034	OK
 122	     0	80.5	149.2	1052	OK
 123	     0	78.3	149.9	1031	OK
 124	     0	83.0	157.4	1035	OK
 125	     0	80.5	152.4	1046	OK
 126	     0	82.2	151.9	1033	OK
 127	     0	85.5	159.2	1041	OK
 128	     0	86.2	162.5	1039	OK
 129	     0	82.1	154.7	1021	OK
 130	     0	84.5	158.9	1024	OK
 131	     0	81.7	154.4	1013	OK
 132	     0	80.9	154.2	1014	OK
 133	     0	81.9	156.0	1036	OK
 134	     0	85.4	162.4	1018	OK
 135	     0	83.2	155.6	 993	OK
 136	     0	85.2	159.8	1018	OK
 137	     0	81.4	152.7	1011	OK
 138	     0	82.9	156.9	1022	OK
 139	     0	84.0	156.3	1012	OK
 140	     0	82.6	158.1	1004	OK
 141	     0	85.3	159.2	1018	OK
 142	     0	82.6	157.2	1023	OK
 143	     0	83.1	156.4	1015	OK
 144	     0	84.2	156.8	1048	OK
 145	     0	83.2	157.4	1039	OK
 146	     0	84.1	156.8	 993	OK
 147	     0	83.7	157.2	1004	OK
 148	     0	80.4	152.6	1009	OK
 149	     0	82.0	152.5	1004	OK
 150	     0	83.3	156.5	1006	OK
 151	     0	81.6	153.2	1016	OK
 152	     0	82.7	156.9	1025	OK
 153	     0	81.9	155.3	1010	OK
 154	     0	79.2	152.2	 997	OK
 155	     0	82.6	154.1	1024	OK
 156	     0	84.4	160.9	1020	OK
 157	     0	81.2	154.9	1009	OK
 158	     0	82.4	154.7	1014	OK
 159	     0	83.1	155.9	1025	OK
 160	     0	83.8	156.5	1022	OK
 161	     0	83.0	154.9	1009	OK
 162	     0	83.8	159.3	1038	OK
 163	     0	82.2	154.7	1010	OK
 164	     0	81.7	154.1	1029	OK
 165	     0	81.5	155.0	1001	OK
 166	     0	81.9	155.4	1034	OK
 167	     0	83.4	159.5	1048	OK
 168	     0	83.4	160.2	1018	OK
 169	     0	81.4	153.1	1013	OK
 170	     0	82.3	156.0	1010	OK
 171	     0	83.0	157.5	1003	OK
 172	     0	81.2	152.6	1027	OK
 173	     0	81.5	154.0	 999	OK
 174	     0	82.8	157.5	1020	OK
 175	     0	82.5	157.5	1022	OK
 176	     0	84.7	161.0	1019	OK
 177	     0	83.8	159.0	1022	OK
 178	     0	81.0	155.9	 998	OK
 179	     0	83.3	155.9	1008	OK
 180	     0	85.7	160.4	1004	OK
 181	     0	82.2	157.0	1032	OK
 182	     0	81.1	151.3	1014	OK
 183	     0	81.5	156.2	 998	OK
 184	     0	83.8	158.1	1036	OK
 185	     0	82.1	155.9	1019	OK
 186	     0	83.6	158.5	 990	OK
 187	     0	80.0	153.3	1016	OK
 188	     0	82.4	157.5	1021	OK
 189	     0	83.4	155.8	1006	OK
 190	     0	81.6	157.8	1037	OK
 191	     0	83.2	158.4	1014	OK
 192	     0	82.8	156.7	 997	OK
 193	     0	82.5	157.4	1001	OK
 194	     0	84.2	158.6	1016	OK
 195	     0	80.5	154.0	 999	OK
 196	     0	82.5	155.0	 979	OK
 197	     0	82.6	157.3	 986	OK
 198	     0	84.3	157.6	1002	OK
 199	     0	84.1	159.6	1012	OK
 200	     0	85.1	160.2	 987	OK
 201	     0	83.5	159.5	1013	OK
 202	     0	84.1	157.7	 996	OK
 203	     0	82.5	156.9	1001	OK
 204	     0	82.2	156.9	1003	OK
 205	     0	83.6	157.2	 984	OK
 206	     0	83.0	156.6	1011	OK
 207	     0	83.8	158.0	 998	OK
 208	     0	82.2	155.6	 992	OK
 209	     0	83.1	159.1	 999	OK
 210	     0	84.6	160.7	1008	OK
 211	     0	81.8	156.6	 972	OK
 212	     0	83.6	159.9	 983	OK
 213	     0	82.1	155.2	 997	OK
 214	     0	78.9	147.8	 984	OK
 215	     0	82.3	154.2	 977	OK
 216	     0	84.1	156.6	 992	OK
 217	     0	84.6	159.2	1003	OK
 218	     0	82.3	156.5	 983	OK
 219	     0	82.5	156.6	 956	OK
 220	     0	82.9	155.9	 981	OK
 221	     0	83.0	157.7	1002	OK
 222	     0	82.8	155.6	 993	OK
 223	     0	82.9	156.9	 992	OK
 224	     0	81.6	155.8	 958	OK
 225	     0	84.1	160.1	1006	OK
 226	     0	82.6	154.2	 973	OK
 227	     0	81.6	153.6	 984	OK
 228	     0	84.3	161.5	 996	OK
 229	     0	84.7	161.0	 989	OK
 230	     0	84.6	159.4	 989	OK
 231	     0	84.7	159.3	1010	OK
 232	     0	82.9	157.2	 966	OK
 233	     0	81.4	155.9	 993	OK
 234	     0	85.5	159.2	 973	OK
 235	     0	86.2	161.4	 983	OK
 236	     0	84.3	158.7	 988	OK
 237	     0	85.8	161.2	 991	OK
 238	     0	85.0	160.5	 995	OK
 239	     0	85.6	159.9	1000	OK
 240	     0	85.2	159.9	 988	OK
 241	     0	84.7	160.6	 998	OK
 242	     0	85.0	159.4	 989	OK
 243	     0	83.2	156.5	 989	OK
 244	     0	82.5	154.1	 984	OK
 245	     0	84.9	160.1	 974	OK
 246	     0	84.5	160.0	1001	OK
 247	     0	85.7	162.6	 982	OK
 248	     0	83.3	154.8	 983	OK
 249	     0	83.0	157.1	 983	OK
 250	     0	85.0	159.4	1012	OK
 251	     0	84.3	159.4	 996	OK
 252	     0	86.1	161.3	1013	OK
 253	     0	86.0	160.9	 988	OK
 254	     0	83.4	158.3	 986	OK
 255	     0	82.1	154.8	 979	OK
 256	     0	84.1	157.3	1045	OK
 257	     0	83.5	156.4	1026	OK
 258	     0	85.1	157.5	1022	OK
 259	     0	83.5	153.8	1003	OK
 260	     0	83.3	159.3	1034	OK
 261	     0	84.6	159.0	1017	OK
 262	     0	83.9	157.8	1054	OK
 263	     0	84.8	159.3	1060	OK
 264	     0	85.9	161.3	1028	OK
 265	     0	86.5	160.6	1046	OK
 266	     0	85.3	158.3	1028	OK
 267	     0	85.1	160.2	1022	OK
 268	     0	81.9	153.4	1026	OK
 269	     0	84.4	157.3	1039	OK
 270	     0	85.6	160.8	1030	OK
 271	     0	83.0	154.5	1025	OK
 272	     0	84.8	155.9	1038	OK
 273	     0	85.7	163.2	1028	OK
 274	     0	84.7	156.7	1009	OK
 275	     0	83.9	154.8	1025	OK
 276	     0	83.3	153.6	1032	OK
 277	     0	84.5	158.4	1038	OK
 278	     0	86.0	159.0	1049	OK
 279	     0	85.0	157.1	1045	OK
 280	     0	84.5	158.9	1028	OK
 281	     0	83.7	155.8	1049	OK
 282	     0	86.8	161.3	1020	OK
 283	     0	85.4	157.7	1062	OK
 284	     0	82.3	154.7	1028	OK
 285	     0	83.7	156.2	1049	OK
 286	     0	86.6	161.8	1016	OK
 287	     0	85.9	162.7	1039	OK
 288	     0	84.3	160.0	1048	OK
 289	     0	83.0	156.2	1040	OK
 290	     0	84.2	156.6	1023	OK
 291	     0	86.0	159.0	1044	OK
 292	     0	83.1	154.3	1027	OK
 293	     0	82.3	153.3	1018	OK
 294	     0	82.2	154.1	1004	OK
 295	     0	83.8	156.6	1027	OK
 296	     0	85.5	158.0	1031	OK
 297	     0	86.6	161.9	1034	OK
 298	     0	83.5	157.3	1049	OK
 299	     0	85.5	160.0	1031	OK
 300	     0	81.2	149.8	1032	OK
 301	     0	84.1	157.8	1043	OK
 302	     0	84.4	156.1	1030	OK
 303	     0	83.9	156.3	1047	OK
 304	     0	84.3	157.7	1032	OK
 305	     0	85.2	159.0	1041	OK
 306	     0	83.6	157.6	1066	OK
 307	     0	85.0	159.6	1036	OK
 308	     0	83.9	156.3	1043	OK
 309	     0	85.1	161.3	1023	OK
 310	     0	84.0	155.3	1059	OK
 311	     0	82.7	154.5	1041	OK
 312	     0	83.4	155.6	1019	OK
 313	     0	82.9	156.7	1051	OK
 314	     0	84.3	157.8	1050	OK
 315	     0	85.1	158.2	1048	OK
 316	     0	84.7	159.2	1046	OK
 317	     0	86.8	163.5	1036	OK
 318	     0	86.6	161.3	1044	OK
 319	     0	83.3	154.2	1021	OK
 320	     0	82.7	154.3	1035	OK
 321	     0	84.4	157.5	1040	OK
 322	     0	81.6	153.7	1026	OK
 323	     0	83.7	155.6	1047	OK
 324	     0	83.5	155.5	1050	OK
 325	     0	82.1	153.1	1043	OK
 326	     0	83.9	153.9	1031	OK
 327	     0	84.6	160.4	1044	OK
 328	     0	84.9	158.6	1050	OK
 329	     0	84.1	155.6	1039	OK
 330	     0	81.6	153.0	1029	OK
 331	     0	82.4	153.2	1045	OK
 332	     0	82.6	154.8	1034	OK
 333	     0	84.3	156.2	1025	OK
 334	     0	83.0	153.4	1056	OK
 335	     0	79.1	149.1	1008	OK
 336	     0	83.7	159.8	1028	OK
 337	     0	81.7	153.9	1029	OK
 338	     0	81.0	152.8	1021	OK
 339	     0	80.8	151.3	1016	OK
 340	     0	83.8	155.6	1016	OK
 341	     0	81.5	152.6	1045	OK
 342	     0	84.4	155.6	1038	OK
 343	     0	82.5	153.1	1015	OK
 344	     0	81.8	153.0	1005	OK
 345	     0	84.8	159.7	1041	OK
 346	     0	83.4	157.9	1038	OK
 347	     0	82.2	153.6	1023	OK
 348	     0	84.2	157.0	1035	OK
 349	     0	81.2	151.4	 996	OK
 350	     0	84.9	157.5	1023	OK
 351	     0	79.9	149.0	1031	OK
 352	     0	81.9	154.8	1022	OK
 353	     0	84.1	157.1	1037	OK
 354	     0	82.6	153.6	1030	OK
 355	     0	79.2	148.7	1025	OK
 356	     0	82.0	154.9	1013	OK
 357	     0	85.8	159.1	1027	OK
 358	     0	79.4	148.5	1013	OK
 359	     0	83.6	155.5	1041	OK
 360	     0	81.0	151.7	1032	OK
 361	     0	83.7	157.1	1039	OK
 362	     0	86.8	161.5	1041	OK
 363	     0	80.5	152.5	1016	OK
 364	     0	83.2	154.5	1020	OK
 365	     0	84.2	157.0	1020	OK
 366	     0	81.1	152.0	1029	OK
 367	     0	80.6	152.5	1043	OK
 368	     0	84.2	160.2	1041	OK
 369	     0	82.6	154.1	1030	OK
 370	     0	83.8	156.1	1027	OK
 371	     0	82.0	154.3	1005	OK
 372	     0	82.0	154.5	1025	OK
 373	     0	85.5	160.5	1027	OK
 374	     0	82.2	155.0	1023	OK
 375	     0	84.0	156.8	1017	OK
 376	     0	82.8	153.6	1039	OK
 377	     0	83.9	157.7	1020	OK
 378	     0	83.3	158.5	1027	OK
 379	     0	83.5	156.5	1030	OK
 380	     0	84.1	158.9	1023	OK
 381	     0	83.0	155.4	1007	OK
 382	     0	84.2	157.7	1034	OK
 383	     0	81.2	150.2	1013	OK
 384	     0	82.8	154.7	1013	OK
 385	     0	83.2	154.0	1029	OK
 386	     0	84.2	157.6	 995	OK
 387	     0	85.9	159.6	1034	OK
 388	     0	84.6	157.7	 983	OK
 389	     0	83.8	156.0	1017	OK
 390	     0	84.8	157.8	1008	OK
 391	     0	85.6	160.9	1012	OK
 392	     0	83.8	153.0	 989	OK
 393	     0	83.2	155.0	1010	OK
 394	     0	87.0	160.7	1014	OK
 395	     0	83.3	157.4	1016	OK
 396	     0	82.4	150.2	1012	OK
 397	     0	86.1	159.5	1013	OK
 398	     0	86.5	157.7	1019	OK
 399	     0	83.1	152.7	1005	OK
 400	     0	85.5	155.0	1012	OK
 401	     0	83.6	156.2	 993	OK
 402	     0	83.1	156.2	1013	OK
 403	     0	82.9	151.7	1027	OK
 404	     0	82.8	154.2	1010	OK
 405	     0	83.5	154.5	1015	OK
 406	     0	82.7	152.6	1013	OK
 407	     0	82.2	154.0	1013	OK
 408	     0	83.0	152.6	1023	OK
 409	     0	82.6	154.2	1017	OK
 410	     0	82.9	152.4	 981	OK
 411	     0	79.7	149.2	1009	OK
 412	     0	81.6	153.2	1018	OK
 413	     0	82.0	150.6	1017	OK
 414	     0	83.8	153.6	1008	OK
 415	     0	83.2	154.1	 986	OK
 416	     0	84.4	156.4	1001	OK
 417	     0	82.4	149.7	1012	OK
 418	     0	85.6	157.5	1025	OK
 419	     0	81.9	150.7	1004	OK
 420	     0	83.5	154.8	1016	OK
 421	     0	87.8	161.1	1040	OK
 422	     0	81.4	153.0	 997	OK
 423	     0	83.7	156.0	1004	OK
 424	     0	83.4	156.1	1008	OK
 425	     0	84.9	156.9	1027	OK
 426	     0	81.8	153.8	 991	OK
 427	     0	84.3	157.8	1026	OK
 428	     0	82.6	153.5	1004	OK
 429	     0	84.0	154.2	1021	OK
 430	     0	85.7	160.7	 998	OK
 431	     0	85.1	157.5	1023	OK
 432	     0	85.1	156.5	1031	OK
 433	     0	83.1	154.7	1010	OK
 434	     0	82.8	153.6	 983	OK
 435	     0	82.6	152.6	1013	OK
 436	     0	85.7	159.8	1014	OK
 437	     0	83.6	153.9	1009	OK
 438	     0	83.6	154.5	1007	OK
 439	     0	84.3	156.8	1016	OK
 440	     0	82.8	155.8	1027	OK
 441	     0	82.8	156.0	1012	OK
 442	     0	82.9	155.4	1028	OK
 443	     0	83.5	154.1	1011	OK
 444	     0	86.7	158.9	1020	OK
 445	     0	83.1	152.8	1000	OK
 446	     0	84.5	157.5	1030	OK
 447	     0	83.8	155.3	1027	OK
 448	     0	84.4	157.1	 995	OK
 449	     0	86.0	160.6	1032	OK
 450	     0	82.8	151.7	1007	OK
 451	     0	86.0	162.9	 993	OK
 452	     0	84.8	157.6	1010	OK
 453	     0	84.3	157.3	1021	OK
 454	     0	84.3	155.2	1008	OK
 455	     0	84.0	154.0	 999	OK
 456	     0	85.1	158.1	1005	OK
 457	     0	85.9	158.8	1018	OK
 458	     0	83.4	153.5	 986	OK
 459	     0	83.7	157.3	1023	OK
 460	     0	82.1	155.8	1001	OK
 461	     0	81.3	151.8	1010	OK
 462	     0	86.9	160.3	 999	OK
 463	     0	82.3	154.1	 992	OK
 464	     0	82.3	153.9	1011	OK
 465	     0	84.9	159.2	1026	OK
 466	     0	85.4	160.0	1007	OK
 467	     0	86.2	159.1	 993	OK
 468	     0	84.0	155.4	 978	OK
 469	     0	84.7	156.8	1008	OK
 470	     0	85.4	160.1	1012	OK
 471	     0	85.7	157.5	1010	OK
 472	     0	83.8	156.4	 993	OK
 473	     0	86.9	159.9	 988	OK
 474	     0	83.8	155.3	 999	OK
 475	     0	84.6	156.3	1014	OK
 476	     0	84.2	156.9	1013	OK
 477	     0	86.6	162.8	 999	OK
 478	     0	86.3	157.8	1009	OK
 479	     0	86.1	159.3	1002	OK
 480	     0	84.0	154.6	1005	OK
 481	     0	84.3	155.6	 976	OK
 482	     0	84.8	156.9	1005	OK
 483	     0	83.4	154.5	 994	OK
 484	     0	84.1	155.2	 997	OK
 485	     0	82.6	150.9	 999	OK
 486	     0	85.1	156.1	1006	OK
 487	     0	83.3	152.7	 987	OK
 488	     0	85.2	155.9	 990	OK
 489	     0	84.4	156.4	1015	OK
 490	     0	86.6	160.9	1001	OK
 491	     0	84.0	156.7	1004	OK
 492	     0	85.3	158.9	1000	OK
 493	     0	84.2	155.4	 990	OK
 494	     0	83.2	153.5	 976	OK
 495	     0	85.0	156.5	1011	OK
 496	     0	83.5	154.9	 995	OK
 497	     0	85.4	158.8	 987	OK
 498	     0	83.2	152.8	1006	OK
 499	     0	85.7	156.4	 975	OK
 500	     0	83.6	152.1	1006	OK
 501	     0	85.9	162.3	1005	OK
 502	     0	85.9	158.2	 991	OK
 503	     0	82.2	154.5	 981	OK
 504	     0	87.2	160.0	1000	OK
 505	     0	85.7	157.0	 993	OK
 506	     0	83.6	154.1	 994	OK
 507	     0	85.8	157.9	 971	OK
 508	     0	85.3	158.4	 994	OK
 509	     0	85.5	157.0	 976	OK
 510	     0	85.0	157.8	 990	OK
 511	     0	85.3	156.8	 994	OK
 512	     0	88.3	167.0	 996	OK
 513	   200	91.2	170.1	 988	high gain
 514	     0	87.3	161.1	 984	OK
 515	     0	88.8	166.6	 991	OK
 516	     0	88.8	164.0	 977	OK
 517	     0	87.8	164.2	 978	OK
 518	     0	85.0	159.4	 997	OK
 519	     0	84.6	157.5	 989	OK
 520	     0	84.8	158.2	 990	OK
 521	     0	85.1	158.8	 998	OK
 522	     0	90.4	169.5	 977	OK
 523	     0	88.8	164.2	 981	OK
 524	     0	88.0	161.2	 995	OK
 525	     0	87.2	160.3	1006	OK
 526	     0	86.1	162.8	 970	OK
 527	     0	86.7	163.0	 984	OK
 528	     0	86.6	160.5	 972	OK
 529	     0	86.1	163.1	1000	OK
 530	     0	87.2	162.9	 987	OK
 531	     0	87.3	164.0	 974	OK
 532	     0	85.5	158.3	 978	OK
 533	     0	86.2	162.0	 989	OK
 534	     0	85.4	160.0	 986	OK
 535	     0	84.8	157.4	 994	OK
 536	     0	87.4	162.6	 974	OK
 537	     0	86.1	160.3	 989	OK
 538	     0	87.8	163.7	 985	OK
 539	     0	85.1	158.2	 974	OK
 540	     0	85.1	157.8	 978	OK
 541	     0	85.5	160.8	 963	OK
 542	     0	86.8	162.1	 994	OK
 543	     0	85.7	159.1	 982	OK
 544	     0	87.0	161.6	 998	OK
 545	     0	85.8	159.0	 978	OK
 546	     0	85.2	160.6	 986	OK
 547	     0	85.5	158.5	 973	OK
 548	     0	84.5	158.8	 978	OK
 549	     0	85.6	158.0	 981	OK
 550	     0	87.1	161.1	 974	OK
 551	     0	84.0	157.4	 995	OK
 552	     0	84.5	158.4	 991	OK
 553	     0	87.2	162.2	 990	OK
 554	     0	86.6	161.4	 985	OK
 555	     0	85.2	157.9	 986	OK
 556	     0	85.6	160.5	 978	OK
 557	     0	85.3	159.5	 970	OK
 558	     0	85.5	159.1	 989	OK
 559	     0	85.3	157.8	 977	OK
 560	     0	84.1	156.4	 973	OK
 561	     0	88.3	166.0	 998	OK
 562	     0	82.2	154.3	 978	OK
 563	     0	86.9	160.5	 960	OK
 564	     0	84.7	156.6	 986	OK
 565	     0	84.9	157.7	 981	OK
 566	     0	85.8	160.4	 999	OK
 567	     0	84.9	159.9	 989	OK
 568	     0	86.9	162.7	1007	OK
 569	     0	87.2	162.5	 983	OK
 570	     0	87.7	164.8	1003	OK
 571	     0	85.8	159.2	 993	OK
 572	     0	87.2	163.3	 989	OK
 573	     0	84.6	159.4	 993	OK
 574	     0	85.4	161.5	 977	OK
 575	     0	85.4	160.5	 999	OK
 576	     0	85.0	159.0	 974	OK
 577	     0	84.5	158.4	 990	OK
 578	     0	85.1	159.8	 992	OK
 579	     0	85.4	160.7	 975	OK
 580	     0	82.9	156.6	 976	OK
 581	     0	85.6	160.2	 985	OK
 582	     0	85.7	159.2	1001	OK
 583	     0	84.5	159.1	 995	OK
 584	     0	84.8	157.4	 984	OK
 585	     0	85.9	160.4	 984	OK
 586	     0	87.1	162.5	1008	OK
 587	     0	85.3	160.3	 979	OK
 588	     0	87.3	162.7	 983	OK
 589	     0	84.6	157.1	 974	OK
 590	     0	87.6	161.8	 976	OK
 591	     0	84.5	158.0	 991	OK
 592	     0	87.1	159.1	 985	OK
 593	     0	84.1	159.0	 992	OK
 594	     0	83.7	157.9	 981	OK
 595	     0	84.9	156.4	 978	OK
 596	     0	85.3	158.6	 997	OK
 597	     0	85.8	161.4	 992	OK
 598	     0	85.1	157.5	 975	OK
 599	     0	83.5	158.6	 993	OK
 600	     0	85.2	159.7	 977	OK
 601	     0	82.9	155.5	1002	OK
 602	     0	86.7	159.7	1029	OK
 603	     0	86.8	160.8	 991	OK
 604	     0	85.7	160.7	1006	OK
 605	     0	85.9	159.2	1007	OK
 606	     0	84.6	159.4	1001	OK
 607	     0	87.3	164.4	1016	OK
 608	     0	85.9	161.7	1008	OK
 609	     0	87.7	162.6	1010	OK
 610	     0	85.8	159.9	1004	OK
 611	     0	84.9	160.0	1030	OK
 612	     0	84.8	158.9	1013	OK
 613	     0	86.8	163.4	1012	OK
 614	     0	89.2	165.8	1011	OK
 615	     0	84.8	160.3	1021	OK
 616	     0	84.6	158.6	1008	OK
 617	     0	83.8	157.9	1011	OK
 618	     0	86.0	159.4	1015	OK
 619	     0	86.7	161.0	1016	OK
 620	     0	89.0	165.2	1011	OK
 621	     0	86.7	159.9	1014	OK
 622	     0	85.8	158.8	1008	OK
 623	     0	86.5	161.3	1023	OK
 624	     0	83.5	156.0	1010	OK
 625	     0	86.1	161.9	1030	OK
 626	     0	83.4	155.0	1005	OK
 627	     0	85.4	160.6	1024	OK
 628	     0	84.5	158.8	1004	OK
 629	     0	84.1	155.2	1020	OK
 630	     0	86.8	163.0	1005	OK
 631	     0	85.5	157.0	1015	OK
 632	     0	87.2	164.4	1014	OK
 633	     0	87.7	162.4	1023	OK
 634	     0	84.8	158.4	1022	OK
 635	     0	86.6	161.1	1006	OK
 636	     0	85.8	160.9	1018	OK
 637	     0	86.1	162.2	1011	OK
 638	     0	87.7	163.5	1030	OK
 639	     0	87.0	161.1	1037	OK
 640	     0	82.6	154.1	1047	OK
 641	     0	85.1	160.9	1051	OK
 642	     0	81.8	152.5	1028	OK
 643	     0	83.7	158.3	1065	OK
 644	     0	85.1	156.3	1048	OK
 645	     0	81.7	150.9	1019	OK
 646	     0	83.4	154.3	1045	OK
 647	     0	83.6	154.5	1048	OK
 648	     0	81.7	151.9	1055	OK
 649	     0	81.1	152.2	1027	OK
 650	     0	82.5	152.8	1055	OK
 651	     0	84.8	156.3	1027	OK
 652	     0	84.5	159.0	1031	OK
 653	     0	82.3	153.6	1056	OK
 654	     0	82.2	154.4	1028	OK
 655	     0	85.0	156.0	1050	OK
 656	     0	81.7	151.8	1059	OK
 657	     0	85.6	158.0	1043	OK
 658	     0	82.8	154.6	1041	OK
 659	     0	82.1	152.3	1047	OK
 660	     0	84.1	155.6	1028	OK
 661	     0	82.8	154.2	1051	OK
 662	     0	81.9	150.0	1035	OK
 663	     0	83.1	153.6	1041	OK
 664	     0	84.6	156.4	1037	OK
 665	     0	84.2	155.4	1035	OK
 666	     0	83.4	154.0	1019	OK
 667	     0	83.3	156.0	1036	OK
 668	     0	82.2	151.7	1031	OK
 669	     0	83.1	156.6	1028	OK
 670	     0	84.2	156.5	1044	OK
 671	     0	81.1	152.0	1019	OK
 672	     0	83.5	155.6	1015	OK
 673	     0	82.0	155.5	1046	OK
 674	     0	82.5	150.9	1033	OK
 675	     0	83.5	155.2	1020	OK
 676	     0	84.6	154.2	1042	OK
 677	     0	83.5	154.2	1028	OK
 678	     0	83.4	154.6	1035	OK
 679	     0	83.0	152.2	1046	OK
 680	     0	81.5	153.6	1019	OK
 681	     0	83.9	156.8	1046	OK
 682	     0	82.4	151.6	1038	OK
 683	     0	82.2	152.4	1029	OK
 684	     0	84.7	155.8	1044	OK
 685	     0	82.6	151.7	1041	OK
 686	     0	80.7	150.1	1034	OK
 687	     0	84.6	158.2	1024	OK
 688	     0	82.3	150.8	1038	OK
 689	     0	84.2	159.2	1040	OK
 690	     0	82.0	151.7	1019	OK
 691	     0	83.7	155.6	1038	OK
 692	     0	81.8	148.4	1028	OK
 693	     0	83.2	155.4	1027	OK
 694	     0	84.0	154.9	1023	OK
 695	     0	84.2	157.1	1031	OK
 696	     0	83.5	154.7	1030	OK
 697	     0	83.6	154.4	1016	OK
 698	     0	83.1	153.0	1033	OK
 699	     0	84.3	155.6	1041	OK
 700	     0	82.7	153.0	1004	OK
 701	     0	84.1	155.8	1039	OK
 702	     0	80.8	151.1	 997	OK
 703	     0	84.8	159.6	1027	OK
 704	     0	84.3	157.7	1002	OK
 705	     0	81.3	152.4	1010	OK
 706	     0	81.8	151.9	1024	OK
 707	     0	84.6	156.9	1016	OK
 708	     0	81.4	150.1	1003	OK
 709	     0	83.7	155.1	1017	OK
 710	     0	81.5	153.2	1003	OK
 711	     0	84.5	156.0	1012	OK
 712	     0	83.6	151.8	 990	OK
 713	     0	81.3	149.9	 988	OK
 714	     0	82.3	156.1	1001	OK
 715	     0	83.4	154.5	 994	OK
 716	     0	82.2	152.7	1000	OK
 717	     0	82.5	154.4	1008	OK
 718	     0	84.9	156.3	1026	OK
 719	     0	83.0	154.8	 998	OK
 720	     0	84.1	154.6	1019	OK
 721	     0	80.9	149.1	 984	OK
 722	     0	80.9	150.1	 984	OK
 723	     0	83.5	156.6	 990	OK
 724	     0	81.9	152.7	1006	OK
 725	     0	83.6	154.6	 994	OK
 726	     0	82.8	156.9	 993	OK
 727	     0	81.4	154.9	1008	OK
 728	     0	84.1	157.8	1020	OK
 729	     0	82.0	152.2	 997	OK
 730	     0	83.7	157.9	1028	OK
 731	     0	82.5	154.0	1005	OK
 732	     0	86.4	159.5	1006	OK
 733	     0	84.4	155.7	1000	OK
 734	     0	86.3	159.7	1013	OK
 735	     0	84.2	156.4	1015	OK
 736	     0	83.3	154.6	 992	OK
 737	     0	82.4	152.5	1006	OK
 738	     0	82.9	154.1	1004	OK
 739	     0	83.2	154.1	1009	OK
 740	     0	85.5	158.2	 998	OK
 741	     0	83.1	152.8	1014	OK
 742	     0	82.0	153.0	1010	OK
 743	     0	80.9	150.5	 988	OK
 744	     0	82.7	152.6	1015	OK
 745	     0	82.9	152.0	1024	OK
 746	     0	84.1	155.3	 993	OK
 747	     0	82.3	152.1	1004	OK
 748	     0	81.8	153.3	1013	OK
 749	     0	85.4	156.7	1004	OK
 750	     0	87.4	161.5	1017	OK
 751	     0	82.6	153.0	1008	OK
 752	     0	83.4	155.2	1021	OK
 753	     0	84.1	156.3	1014	OK
 754	     0	84.0	153.1	1022	OK
 755	     0	81.4	153.6	1029	OK
 756	     0	82.7	155.4	 992	OK
 757	     0	82.3	150.5	 991	OK
 758	     0	81.9	151.3	1004	OK
 759	     0	83.0	154.5	1015	OK
 760	     0	84.9	157.9	1010	OK
 761	     0	85.4	157.6	1022	OK
 762	     0	86.1	155.3	1003	OK
 763	     0	83.3	154.7	1010	OK
 764	     0	84.8	158.7	1009	OK
 765	     0	84.7	156.4	1031	OK
 766	     0	83.4	155.3	1030	OK
 767	     0	84.2	155.3	1034	OK
 768	     0	85.5	159.4	1039	OK
 769	     0	84.4	160.4	1050	OK
 770	     0	80.9	152.5	1048	OK
 771	     0	83.6	160.3	1075	OK
 772	     0	86.1	159.8	1058	OK
 773	     0	86.1	163.0	1062	OK
 774	     0	83.4	157.4	1050	OK
 775	     0	82.3	156.2	1064	OK
 776	     0	81.6	153.7	1053	OK
 777	     0	82.8	157.6	1067	OK
 778	     0	82.2	155.9	1064	OK
 779	     0	83.6	156.9	1060	OK
 780	     0	84.3	157.7	1053	OK
 781	     0	84.4	160.2	1040	OK
 782	     0	82.7	153.0	1041	OK
 783	     0	83.7	158.4	1064	OK
 784	     0	84.2	158.2	1050	OK
 785	     0	82.4	155.2	1058	OK
 786	     0	82.9	158.1	1034	OK
 787	     0	82.5	156.0	1049	OK
 788	     0	82.7	155.2	1056	OK
 789	     0	84.6	159.5	1067	OK
 790	     0	84.3	158.3	1055	OK
 791	     0	81.3	152.7	1048	OK
 792	     0	85.7	157.9	1065	OK
 793	     0	82.9	154.6	1081	OK
 794	     0	81.9	155.3	1057	OK
 795	     0	83.4	156.1	1051	OK
 796	     0	80.2	153.5	1045	OK
 797	     0	83.3	155.6	1047	OK
 798	     0	84.8	158.1	1061	OK
 799	     0	80.9	154.7	1050	OK
 800	     0	84.7	157.9	1042	OK
 801	     0	82.4	154.9	1032	OK
 802	     0	81.7	154.8	1047	OK
 803	     0	81.9	153.4	1027	OK
 804	     0	83.3	157.4	1049	OK
 805	     0	84.3	158.9	1041	OK
 806	     0	82.2	157.3	1051	OK
 807	     0	83.9	157.1	1040	OK
 808	     0	83.6	155.5	1052	OK
 809	     0	83.6	159.9	1064	OK
 810	     0	85.2	159.5	1065	OK
 811	     0	83.9	156.6	1026	OK
 812	     0	83.1	157.9	1052	OK
 813	     0	84.6	158.7	1059	OK
 814	     0	83.0	157.1	1060	OK
 815	     0	82.4	154.5	1042	OK
 816	     0	83.4	158.5	1048	OK
 817	     0	84.4	160.4	1059	OK
 818	     0	82.1	156.4	1059	OK
 819	     0	83.1	156.2	1042	OK
 820	     0	84.4	159.7	1071	OK
 821	     0	81.6	153.2	1062	OK
 822	     0	83.9	157.3	1067	OK
 823	     0	85.1	160.4	1043	OK
 824	     0	81.5	156.2	1061	OK
 825	     0	82.0	154.6	1051	OK
 826	     0	83.6	157.6	1068	OK
 827	     0	81.6	154.4	1034	OK
 828	     0	82.8	167.7	1052	OK
 829	     0	82.2	154.4	1090	OK
 830	     0	81.1	156.9	1038	OK
 831	     0	82.4	153.0	1026	OK
 832	     0	82.9	155.5	1041	OK
 833	     0	81.9	153.7	1067	OK
 834	     0	84.3	159.0	1058	OK
 835	     0	81.9	153.8	1029	OK
 836	     0	78.9	150.4	1038	OK
 837	     0	78.2	147.2	1061	OK
 838	     0	81.6	156.1	1052	OK
 839	     0	82.7	157.7	1061	OK
 840	     0	81.8	154.5	1051	OK
 841	     0	83.0	158.4	1037	OK
 842	     0	80.7	151.8	1044	OK
 843	     0	80.9	151.9	1026	OK
 844	     0	82.1	153.9	1067	OK
 845	     0	79.3	150.2	1055	OK
 846	     0	79.8	151.7	1072	OK
 847	     0	82.1	153.9	1038	OK
 848	     0	80.6	153.4	1052	OK
 849	     0	81.0	152.5	1052	OK
 850	     0	80.3	154.1	1052	OK
 851	     0	80.8	155.0	1060	OK
 852	     0	81.7	156.7	1087	OK
 853	     0	82.0	154.3	1049	OK
 854	     0	84.4	156.0	1070	OK
 855	     0	81.4	155.5	1045	OK
 856	     0	81.5	152.0	1047	OK
 857	     0	80.5	154.4	1042	OK
 858	     0	83.6	156.6	1053	OK
 859	     0	83.9	156.7	1049	OK
 860	     0	79.5	150.3	1073	OK
 861	     0	81.6	155.0	1029	OK
 862	     0	82.4	157.0	1056	OK
 863	     0	82.0	155.2	1039	OK
 864	     0	83.7	156.2	1047	OK
 865	     0	80.9	154.3	1043	OK
 866	     0	82.3	155.2	1046	OK
 867	     0	80.4	149.7	1052	OK
 868	     0	84.9	161.2	1054	OK
 869	     0	81.6	154.5	1029	OK
 870	     0	81.7	152.4	1038	OK
 871	     0	81.6	157.6	1049	OK
 872	     0	81.4	150.7	1034	OK
 873	     0	83.1	156.3	1035	OK
 874	     0	83.7	157.3	1043	OK
 875	     0	82.5	155.2	1031	OK
 876	     0	81.4	155.2	1033	OK
 877	     0	81.2	153.9	1045	OK
 878	     0	82.4	155.7	1034	OK
 879	     0	80.0	151.6	1034	OK
 880	     0	80.0	149.4	1038	OK
 881	     0	82.5	155.4	1027	OK
 882	     0	85.0	162.4	1049	OK
 883	     0	82.4	157.4	1063	OK
 884	     0	83.7	156.6	1054	OK
 885	     0	79.0	150.0	1049	OK
 886	     0	80.9	153.5	1043	OK
 887	     0	83.1	153.9	1027	OK
 888	     0	80.9	152.2	1011	OK
 889	     0	82.0	154.3	1034	OK
 890	     0	80.0	150.9	1042	OK
 891	     0	82.1	153.3	1047	OK
 892	     0	83.3	156.6	1053	OK
 893	     0	80.5	151.0	1030	OK
 894	     0	84.5	159.7	1055	OK
 895	     0	84.4	157.8	1022	OK
 896	     0	79.1	147.2	1064	OK
 897	     0	80.8	152.6	1031	OK
 898	     0	81.0	152.3	1058	OK
 899	     0	82.1	152.0	1040	OK
 900	     0	82.7	156.1	1065	OK
 901	     0	78.6	149.5	1040	OK
 902	     0	82.0	152.5	1051	OK
 903	     0	81.1	151.8	1068	OK
 904	     0	79.7	151.4	1060	OK
 905	     0	79.8	151.9	1062	OK
 906	     0	80.6	149.9	1059	OK
 907	     0	77.0	144.4	1070	OK
 908	     0	79.5	148.2	1063	OK
 909	     0	80.1	149.9	1058	OK
 910	     0	79.6	150.5	1060	OK
 911	     0	80.5	151.9	1079	OK
 912	     0	79.5	148.1	1067	OK
 913	     0	80.5	150.9	1071	OK
 914	     0	79.7	148.7	1041	OK
 915	     0	81.3	151.8	1050	OK
 916	     0	77.1	144.4	1048	OK
 917	     0	79.6	150.5	1063	OK
 918	     0	82.4	154.5	1080	OK
 919	     0	82.2	155.9	1075	OK
 920	     0	81.4	152.3	1061	OK
 921	     0	83.8	155.1	1037	OK
 922	     0	83.5	153.8	1034	OK
 923	     0	79.3	148.9	1075	OK
 924	     0	81.5	153.4	1073	OK
 925	     0	79.9	151.0	1048	OK
 926	     0	82.5	153.2	1056	OK
 927	     0	78.7	145.8	1050	OK
 928	     0	81.6	151.9	1050	OK
 929	     0	82.0	151.1	1031	OK
 930	     0	80.3	149.5	1035	OK
 931	     0	80.8	151.6	1053	OK
 932	     0	79.9	148.4	1061	OK
 933	     0	81.6	153.3	1053	OK
 934	     0	82.5	154.2	1026	OK
 935	     0	80.8	151.7	1085	OK
 936	     0	82.7	152.8	1055	OK
 937	     0	81.7	151.3	1080	OK
 938	     0	81.0	149.3	1064	OK
 939	     0	80.8	153.2	1048	OK
 940	     0	81.1	152.8	1045	OK
 941	     0	80.5	152.4	1061	OK
 942	     0	83.0	154.6	1055	OK
 943	     0	79.9	148.3	1059	OK
 944	     0	79.5	150.1	1072	OK
 945	     0	82.9	155.6	1073	OK
 946	     0	81.8	153.8	1056	OK
 947	     0	81.2	150.2	1039	OK
 948	     0	80.9	150.8	1037	OK
 949	     0	80.9	149.9	1057	OK
 950	     0	83.0	153.7	1017	OK
 951	     0	80.1	151.9	1024	OK
 952	     0	78.8	147.0	1047	OK
 953	     0	79.5	149.9	1049	OK
 954	     0	80.5	152.1	1033	OK
 955	     0	79.6	152.7	1028	OK
 956	     0	79.9	148.4	1035	OK
 957	     0	81.7	155.3	1054	OK
 958	     0	80.6	153.1	1013	OK
 959	     0	82.0	154.7	1051	OK
 960	     0	80.8	151.2	1024	OK
 961	     0	80.2	150.2	1021	OK
 962	     0	79.1	147.9	1035	OK
 963	     0	80.1	148.5	1019	OK
 964	     0	84.0	156.3	1022	OK
 965	     0	80.2	151.9	1030	OK
 966	     0	80.7	150.4	1018	OK
 967	     0	81.4	152.2	1030	OK
 968	     0	79.1	146.8	1020	OK
 969	     0	82.6	154.1	1046	OK
 970	     0	80.7	151.0	1001	OK
 971	     0	79.8	150.1	1049	OK
 972	     0	81.0	152.9	1016	OK
 973	     0	79.6	149.4	1029	OK
 974	     0	81.1	150.9	1026	OK
 975	     0	80.9	152.1	1038	OK
 976	     0	78.7	146.5	1048	OK
 977	     0	80.0	150.5	1034	OK
 978	     0	79.6	147.7	1033	OK
 979	     0	77.6	144.0	1016	OK
 980	     0	81.4	152.6	1042	OK
 981	     0	82.4	154.8	1013	OK
 982	     0	82.1	154.7	1019	OK
 983	     0	80.3	150.0	1006	OK
 984	     0	81.7	155.0	1008	OK
 985	     0	79.9	149.4	1016	OK
 986	     0	80.8	149.7	1032	OK
 987	     0	81.3	152.5	1031	OK
 988	     0	80.0	150.5	1056	OK
 989	     0	81.2	151.7	1025	OK
 990	     0	81.5	153.8	1021	OK
 991	     0	80.7	149.2	1017	OK
 992	     0	80.4	153.3	1022	OK
 993	     0	80.8	151.0	1022	OK
 994	     0	81.8	154.8	1018	OK
 995	     0	81.1	152.3	1006	OK
 996	     0	80.9	150.5	1015	OK
 997	     0	83.6	153.3	1008	OK
 998	     0	83.8	156.8	1017	OK
 999	     0	82.2	153.2	1026	OK
1000	     0	81.5	150.0	1009	OK
1001	     0	80.4	150.4	1006	OK
1002	     0	81.8	154.2	1010	OK
1003	     0	82.4	153.8	1045	OK
1004	     0	81.5	152.4	1000	OK
1005	     0	82.9	156.3	 997	OK
1006	     0	84.4	155.2	1007	OK
1007	     0	81.4	152.3	1012	OK
1008	     0	84.5	155.5	1012	OK
1009	     0	81.7	151.4	1001	OK
1010	     0	82.9	154.2	1022	OK
1011	     0	83.3	157.5	1022	OK
1012	     0	83.9	156.9	 989	OK
1013	     0	80.8	150.9	1013	OK
1014	     0	81.1	151.7	1009	OK
1015	     0	83.6	155.9	1025	OK
1016	     0	80.9	154.9	1024	OK
1017	     0	79.1	148.8	1015	OK
1018	     0	82.1	156.3	1013	OK
1019	     0	84.8	156.6	1023	OK
1020	     0	81.0	150.5	1028	OK
1021	     0	82.2	150.5	1018	OK
1022	     0	84.6	157.3	1005	OK
1023	     0	85.0	158.0	1018	OK
1024	     0	85.4	158.5	 991	OK
1025	     0	86.0	163.6	1018	OK
1026	     0	86.0	160.1	1019	OK
1027	     0	85.7	156.6	 975	OK
1028	     0	85.2	156.8	1009	OK
1029	     0	82.8	154.6	 964	OK
1030	     0	85.8	161.3	1006	OK
1031	     0	84.6	156.5	 993	OK
1032	     0	87.2	163.1	 990	OK
1033	     0	86.0	162.2	 995	OK
1034	     0	84.5	158.3	 995	OK
1035	     0	85.7	160.1	1011	OK
1036	     0	83.9	158.2	1010	OK
1037	     0	85.7	160.4	1009	OK
1038	     0	83.6	155.9	1008	OK
1039	     0	86.3	161.4	 990	OK
1040	     0	85.7	159.5	 992	OK
1041	     0	84.9	158.7	1005	OK
1042	     0	86.0	158.5	 990	OK
1043	     0	84.8	156.1	1000	OK
1044	     0	83.6	154.4	 973	OK
1045	     0	82.8	154.8	 980	OK
1046	     0	86.3	160.3	1004	OK
1047	     0	86.0	160.6	 998	OK
1048	     0	84.5	157.3	 992	OK
1049	     0	83.7	153.3	 997	OK
1050	     0	84.4	158.4	1006	OK
1051	     0	83.2	155.6	 978	OK
1052	     0	85.1	158.4	1007	OK
1053	     0	84.6	160.2	1011	OK
1054	     0	87.5	162.1	 998	OK
1055	     0	84.0	156.7	1000	OK
1056	     0	85.2	159.1	1010	OK
1057	     0	84.8	158.2	1004	OK
1058	     0	84.3	157.9	1002	OK
1059	     0	88.0	164.5	 995	OK
1060	     0	83.7	157.8	1013	OK
1061	     0	84.6	158.4	 989	OK
1062	     0	84.8	157.4	1003	OK
1063	     0	85.0	160.1	1009	OK
1064	     0	85.4	158.7	1002	OK
1065	     0	82.0	154.5	 989	OK
1066	     0	83.4	156.2	1000	OK
1067	     0	85.5	158.3	 998	OK
1068	     0	84.1	157.0	 995	OK
1069	     0	84.6	155.3	1002	OK
1070	     0	85.1	158.4	1009	OK
1071	     0	86.2	161.9	1000	OK
1072	     0	85.4	158.9	1014	OK
1073	     0	85.6	162.1	1014	OK
1074	     0	85.2	157.0	1018	OK
1075	     0	86.4	160.8	1007	OK
1076	     0	84.3	155.0	 998	OK
1077	     0	84.9	158.0	1007	OK
1078	     0	86.0	163.3	1012	OK
1079	     0	84.0	155.7	 996	OK
1080	     0	83.1	153.2	1018	OK
1081	     0	84.8	159.1	1000	OK
1082	     0	86.5	159.4	1011	OK
1083	     0	84.7	157.3	 997	OK
1084	     0	83.6	155.2	1002	OK
1085	     0	84.1	156.2	1008	OK
1086	     0	84.9	160.2	1017	OK
1087	     0	83.5	154.0	1001	OK
1088	     0	85.6	159.4	1012	OK
1089	     0	82.9	157.0	1022	OK
1090	     0	84.9	159.4	1026	OK
1091	     0	83.4	155.6	1017	OK
1092	     0	84.4	159.1	1018	OK
1093	     0	83.6	155.7	1004	OK
1094	     0	87.0	162.3	1013	OK
1095	     0	83.9	157.0	1010	OK
1096	     0	83.6	156.5	1028	OK
1097	     0	83.8	157.2	1007	OK
1098	     0	81.7	154.6	1034	OK
1099	     0	85.8	161.6	1024	OK
1100	     0	83.8	158.5	1010	OK
1101	     0	85.4	163.0	1004	OK
1102	     0	85.4	161.8	1016	OK
1103	     0	82.4	154.9	1009	OK
1104	     0	84.1	158.3	1019	OK
1105	     0	80.8	152.8	 999	OK
1106	     0	84.2	155.5	1005	OK
1107	     0	83.5	157.1	1014	OK
1108	     0	84.7	158.5	1009	OK
1109	     0	83.5	155.1	 996	OK
1110	     0	84.4	156.5	1013	OK
1111	     0	84.0	156.5	1004	OK
1112	     0	83.3	153.7	1005	OK
1113	     0	83.4	155.5	 997	OK
1114	     0	83.1	152.9	1001	OK
1115	     0	84.4	155.5	 995	OK
1116	     0	79.9	146.6	1000	OK
1117	     0	84.5	159.0	1023	OK
1118	     0	84.3	157.0	1009	OK
1119	     0	81.0	151.8	 990	OK
1120	     0	85.7	160.1	1020	OK
1121	     0	83.8	155.0	 997	OK
1122	     0	82.2	155.9	 994	OK
1123	     0	82.1	154.3	1018	OK
1124	     0	82.1	155.4	1012	OK
1125	     0	85.1	158.0	 995	OK
1126	     0	83.0	154.2	 997	OK
1127	     0	84.5	157.5	 998	OK
1128	     0	85.0	157.5	1019	OK
1129	     0	84.7	157.2	1018	OK
1130	     0	82.9	155.7	 994	OK
1131	     0	83.5	156.7	1034	OK
1132	     0	84.2	157.6	1004	OK
1133	     0	84.9	156.2	 991	OK
1134	     0	82.3	154.4	 987	OK
1135	     0	82.0	153.7	 984	OK
1136	     0	83.6	158.5	1010	OK
1137	     0	83.9	156.4	 992	OK
1138	     0	87.1	161.2	1021	OK
1139	     0	83.7	157.2	1001	OK
1140	     0	84.9	158.1	1013	OK
1141	     0	83.3	158.5	1007	OK
1142	     0	86.1	159.2	 991	OK
1143	     0	82.5	156.0	1010	OK
1144	     0	86.3	159.3	1019	OK
1145	     0	85.3	161.3	 985	OK
1146	     0	84.6	157.8	1001	OK
1147	     0	83.0	155.9	 993	OK
1148	     0	84.2	158.1	1011	OK
1149	     0	84.3	158.7	1006	OK
1150	     0	87.2	163.0	1016	OK
1151	     0	85.0	159.5	1000	OK
1152	     0	78.8	147.5	1036	OK
1153	     0	80.2	151.5	1041	OK
1154	     0	80.1	150.9	1034	OK
1155	     0	82.4	152.4	1046	OK
1156	     0	79.5	148.9	 994	OK
1157	     0	81.9	152.2	1020	OK
1158	     0	78.8	149.5	1049	OK
1159	     0	79.1	148.1	1024	OK
1160	     0	81.5	151.9	1022	OK
1161	     0	78.6	145.9	1022	OK
1162	     0	82.5	152.6	1036	OK
1163	     0	81.1	151.9	1018	OK
1164	     0	80.2	147.0	1028	OK
1165	     0	79.9	150.7	1025	OK
1166	     0	81.3	150.4	1029	OK
1167	     0	79.9	150.7	1011	OK
1168	     0	80.8	151.1	1036	OK
1169	     0	82.0	153.4	1029	OK
1170	     0	79.0	149.2	1037	OK
1171	     0	80.2	152.0	1013	OK
1172	     0	81.3	150.9	1018	OK
1173	     0	81.1	154.2	1011	OK
1174	     0	80.2	152.0	1015	OK
1175	     0	81.0	152.0	1023	OK
1176	     0	80.1	150.6	1018	OK
1177	     0	82.8	154.3	1030	OK
1178	     0	81.0	152.9	1026	OK
1179	     0	80.8	153.4	1012	OK
1180	     0	82.0	154.4	1039	OK
1181	     0	79.3	147.9	1024	OK
1182	     0	81.2	152.6	1026	OK
1183	     0	78.2	148.6	1024	OK
1184	     0	82.7	156.6	1057	OK
1185	     0	80.0	148.5	1011	OK
1186	     0	80.2	148.2	1042	OK
1187	     0	78.4	147.1	1024	OK
1188	     0	80.2	149.5	1029	OK
1189	     0	79.6	148.1	1035	OK
1190	     0	80.9	150.8	1037	OK
1191	     0	77.8	147.1	1027	OK
1192	     0	81.4	151.4	1024	OK
1193	     0	79.0	147.6	1022	OK
1194	     0	79.9	150.7	1035	OK
1195	     0	76.9	143.2	1023	OK
1196	     0	79.8	150.2	1020	OK
1197	     0	79.4	150.1	1024	OK
1198	     0	79.4	148.9	1034	OK
1199	     0	78.8	147.8	1036	OK
1200	     0	79.3	147.9	1014	OK
1201	     0	78.8	147.3	1027	OK
1202	     0	81.2	151.4	1029	OK
1203	     0	78.6	148.5	1011	OK
1204	     0	79.6	150.3	1027	OK
1205	     0	79.3	148.4	1038	OK
1206	     0	82.0	154.8	1032	OK
1207	     0	80.8	151.7	1040	OK
1208	     0	81.0	151.7	1035	OK
1209	     0	80.0	149.1	1021	OK
1210	     0	80.3	149.8	1031	OK
1211	     0	81.3	154.4	1012	OK
1212	     0	81.5	152.7	1037	OK
1213	     0	82.4	154.8	1040	OK
1214	     0	82.9	155.1	1011	OK
1215	     0	79.9	150.0	1027	OK
1216	     0	79.4	150.0	1025	OK
1217	     0	79.8	149.4	1032	OK
1218	     0	82.0	156.1	1037	OK
1219	     0	80.2	149.8	1019	OK
1220	     0	81.6	152.7	1038	OK
1221	     0	80.4	150.6	1044	OK
1222	     0	81.2	152.7	1006	OK
1223	     0	78.7	145.5	1031	OK
1224	     0	82.3	156.1	 997	OK
1225	     0	80.3	152.0	1014	OK
1226	     0	80.1	149.0	1013	OK
1227	     0	84.3	155.8	1044	OK
1228	     0	78.9	147.1	1018	OK
1229	     0	81.8	152.2	1012	OK
1230	     0	80.4	152.6	1014	OK
1231	     0	84.1	155.0	1022	OK
1232	     0	79.9	150.6	1012	OK
1233	     0	79.0	147.5	1013	OK
1234	     0	81.3	152.7	1026	OK
1235	     0	84.1	156.9	1025	OK
1236	     0	79.7	149.2	1011	OK
1237	     0	81.7	152.3	 996	OK
1238	     0	80.0	147.3	1016	OK
1239	     0	79.4	147.7	1013	OK
1240	     0	80.5	150.0	1010	OK
1241	     0	82.1	152.7	1000	OK
1242	     0	83.7	155.5	1019	OK
1243	     0	82.9	156.3	1009	OK
1244	     0	82.1	155.2	1019	OK
1245	     0	81.0	152.4	1004	OK
1246	     0	79.9	151.0	 998	OK
1247	     0	80.1	148.9	1015	OK
1248	     0	81.8	149.1	1000	OK
1249	     0	81.8	152.2	1018	OK
1250	     0	79.9	149.2	 991	OK
1251	     0	83.2	153.6	1017	OK
1252	     0	83.0	154.7	1016	OK
1253	     0	80.0	150.6	1003	OK
1254	     0	82.4	153.6	1004	OK
1255	     0	79.3	149.4	 988	OK
1256	     0	82.0	152.9	1007	OK
1257	     0	82.6	152.4	1024	OK
1258	     0	82.6	154.4	1001	OK
1259	     0	79.5	149.7	1001	OK
1260	     0	81.1	150.3	 988	OK
1261	     0	79.0	148.6	 986	OK
1262	     0	78.6	147.3	1004	OK
1263	     0	83.6	156.2	1014	OK
1264	     0	80.9	150.9	 991	OK
1265	     0	81.7	150.8	 975	OK
1266	     0	82.5	152.1	 996	OK
1267	     0	83.6	158.2	 989	OK
1268	     0	82.8	152.3	 998	OK
1269	     0	81.8	154.9	1026	OK
1270	     0	82.5	154.6	 993	OK
1271	     0	81.4	153.2	 992	OK
1272	     0	81.4	153.1	 978	OK
1273	     0	83.1	154.7	 994	OK
1274	     0	82.2	154.3	 975	OK
1275	     0	80.6	151.9	 993	OK
1276	     0	82.9	155.8	1004	OK
1277	     0	84.9	157.5	 996	OK
1278	     0	84.3	157.7	1005	OK
1279	     0	84.3	152.9	1036	OK
1280	  4000	83.1	153.8	1042	high noise
1281	     0	83.5	157.4	1022	OK
1282	     0	82.1	156.4	 983	OK
1283	     0	80.8	153.0	 972	OK
1284	     0	80.7	153.9	 968	OK
1285	     0	80.5	153.0	 990	OK
1286	     0	80.6	150.5	 975	OK
1287	     0	81.6	154.3	 977	OK
1288	     0	83.2	158.4	 996	OK
1289	     0	80.8	153.5	 987	OK
1290	     0	82.0	151.7	 968	OK
1291	     0	80.0	151.1	 966	OK
1292	     0	82.0	154.1	 978	OK
1293	     0	82.6	156.0	 981	OK
1294	     0	82.0	154.0	 975	OK
1295	     0	82.2	155.4	 973	OK
1296	     0	80.2	153.9	 979	OK
1297	     0	82.3	158.7	 983	OK
1298	     0	80.8	153.4	 992	OK
1299	     0	80.5	153.1	 971	OK
1300	     0	83.3	156.7	 972	OK
1301	     0	77.2	147.6	 998	OK
1302	     0	80.6	152.1	 962	OK
1303	     0	79.1	149.4	 979	OK
1304	     0	81.3	154.5	 978	OK
1305	     0	81.1	152.4	 976	OK
1306	     0	78.9	150.3	 968	OK
1307	     0	83.0	155.7	 976	OK
1308	     0	82.3	156.6	 983	OK
1309	     0	81.1	154.1	 968	OK
1310	     0	81.7	155.9	 980	OK
1311	     0	80.3	150.3	 969	OK
1312	     0	84.5	160.8	 990	OK
1313	     0	83.0	155.4	 948	OK
1314	     0	80.4	152.4	 959	OK
1315	     0	81.0	151.6	 954	OK
1316	     0	84.6	157.7	 987	OK
1317	     0	80.2	150.0	 984	OK
1318	     0	82.6	156.7	 967	OK
1319	     0	81.7	154.6	 999	OK
1320	     0	83.9	158.8	 984	OK
1321	     0	78.8	150.4	 973	OK
1322	     0	83.1	158.1	 974	OK
1323	     0	79.3	151.4	 965	OK
1324	     0	83.4	157.4	 982	OK
1325	     0	84.0	158.4	1000	OK
1326	     0	81.2	154.8	 975	OK
1327	     0	82.4	156.7	 974	OK
1328	     0	81.8	154.9	 973	OK
1329	     0	83.7	161.3	 990	OK
1330	     0	81.8	152.9	1015	OK
1331	     0	82.6	157.7	 984	OK
1332	     0	80.5	152.6	 969	OK
1333	     0	82.3	156.5	 979	OK
1334	     0	78.7	150.6	 987	OK
1335	     0	81.5	153.1	 998	OK
1336	     0	81.5	152.1	 980	OK
1337	     0	76.7	145.6	 970	OK
1338	     0	80.5	153.2	 986	OK
1339	     0	83.7	159.6	 989	OK
1340	     0	81.8	153.0	1011	OK
1341	     0	81.6	156.2	 975	OK
1342	     0	82.0	154.5	1009	OK
1343	     0	80.3	152.2	 957	OK
1344	     0	78.4	151.9	 990	OK
1345	     0	80.0	153.4	 974	OK
1346	     0	80.1	153.7	 981	OK
1347	     0	80.0	152.8	 979	OK
1348	     0	78.8	150.7	 988	OK
1349	     0	77.8	149.7	 990	OK
1350	     0	78.9	148.4	 985	OK
1351	     0	78.5	150.1	 983	OK
1352	     0	80.9	156.1	 982	OK
1353	     0	79.3	151.9	 984	OK
1354	     0	81.4	153.5	 981	OK
1355	     0	79.5	149.9	 984	OK
1356	     0	80.5	150.6	 974	OK
1357	     0	78.8	149.4	 979	OK
1358	     0	79.7	151.7	 976	OK
1359	     0	79.9	151.3	 970	OK
1360	     0	79.0	150.7	 983	OK
1361	     0	78.1	149.7	 994	OK
1362	     0	79.0	148.2	 983	OK
1363	     0	79.1	149.5	 979	OK
1364	     0	82.0	154.4	 978	OK
1365	     0	80.3	151.9	1010	OK
1366	     0	81.1	152.0	 980	OK
1367	     0	81.5	153.8	 964	OK
1368	     0	79.6	151.3	 996	OK
1369	     0	79.9	151.0	 982	OK
1370	     0	80.7	152.3	 975	OK
1371	     0	79.7	151.8	 982	OK
1372	     0	80.3	150.7	 984	OK
1373	     0	78.1	152.5	 975	OK
1374	     0	81.4	154.8	 988	OK
1375	     0	76.6	145.3	1010	OK
1376	     0	76.3	143.5	1002	OK
1377	     0	80.7	149.7	 991	OK
1378	     0	79.1	151.8	 976	OK
1379	     0	77.8	150.1	 981	OK
1380	     0	78.9	149.1	 962	OK
1381	     0	80.0	151.1	 989	OK
1382	     0	80.3	151.8	 973	OK
1383	     0	79.2	151.4	 969	OK
1384	     0	82.3	155.8	1003	OK
1385	     0	78.2	146.4	 978	OK
1386	     0	79.0	148.6	 984	OK
1387	     0	80.8	152.2	 971	OK
1388	     0	78.5	148.8	 974	OK
1389	     0	80.8	153.2	 992	OK
1390	     0	80.2	151.1	 972	OK
1391	     0	80.3	156.4	 975	OK
1392	     0	79.2	150.7	 990	OK
1393	     0	77.1	147.4	 977	OK
1394	     0	83.1	156.1	 977	OK
1395	     0	79.4	150.1	 989	OK
1396	     0	79.4	151.0	 983	OK
1397	     0	80.0	154.2	 986	OK
1398	     0	78.9	149.3	 982	OK
1399	     0	77.1	149.9	 979	OK
1400	     0	81.1	152.9	 974	OK
1401	     0	77.4	147.5	 979	OK
1402	     0	79.4	149.6	 982	OK
1403	     0	77.8	146.9	 971	OK
1404	     0	77.7	147.0	 996	OK
1405	     0	81.5	153.6	 968	OK
1406	     0	82.8	156.3	 980	OK
1407	     0	80.2	154.7	 989	OK
1408	     0	83.1	158.0	 954	OK
1409	     0	84.9	161.6	 970	OK
1410	     0	82.9	156.9	 974	OK
1411	     0	82.7	157.6	 956	OK
1412	     0	82.1	154.6	 953	OK
1413	     0	82.1	155.3	 955	OK
1414	     0	84.6	159.7	 962	OK
1415	     0	82.1	156.4	 952	OK
1416	     0	83.5	159.9	 959	OK
1417	     0	85.0	164.0	 963	OK
1418	     0	83.5	159.6	 957	OK
1419	     0	85.1	161.3	 970	OK
1420	     0	83.7	158.6	 944	OK
1421	     0	82.7	155.1	 945	OK
1422	     0	84.3	159.8	 978	OK
1423	     0	83.7	160.2	 951	OK
1424	     0	83.3	156.9	 951	OK
1425	     0	83.6	157.5	 950	OK
1426	     0	83.8	157.6	 928	OK
1427	     0	80.7	155.2	 948	OK
1428	     0	82.3	156.0	 966	OK
1429	     0	84.0	159.9	 994	OK
1430	     0	83.4	157.1	 967	OK
1431	     0	81.3	155.3	 953	OK
1432	     0	80.3	155.4	 958	OK
1433	     0	80.2	151.3	 952	OK
1434	     0	82.0	155.5	 967	OK
1435	     0	82.9	157.4	 967	OK
1436	     0	83.7	157.2	 958	OK
1437	     0	83.2	155.2	 939	OK
1438	     0	84.2	161.0	 988	OK
1439	     0	84.1	159.0	 976	OK
1440	     0	81.1	152.7	 975	OK
1441	     0	82.4	155.4	 941	OK
1442	     0	83.2	156.5	 961	OK
1443	     0	83.2	159.4	 951	OK
1444	     0	82.7	157.0	 953	OK
1445	     0	82.8	155.0	 965	OK
1446	     0	82.4	159.1	 961	OK
1447	     0	83.7	157.9	 956	OK
1448	     0	81.1	154.4	 968	OK
1449	     0	82.6	156.9	 965	OK
1450	     0	83.2	157.2	 965	OK
1451	     0	84.6	160.8	 973	OK
1452	     0	82.1	154.8	 927	OK
1453	     0	81.5	156.0	 981	OK
1454	     0	83.1	155.0	 942	OK
1455	     0	82.5	158.4	 959	OK
1456	     0	81.0	154.4	 959	OK
1457	     0	81.9	157.0	 959	OK
1458	     0	81.4	154.4	 964	OK
1459	     0	82.4	154.7	 957	OK
1460	     0	79.8	153.4	 957	OK
1461	     0	83.4	156.6	 964	OK
1462	     0	80.4	155.2	 971	OK
1463	     0	82.0	154.9	 979	OK
1464	     0	83.7	158.9	 992	OK
1465	     0	81.6	153.1	 950	OK
1466	     0	82.1	154.9	 953	OK
1467	     0	82.0	155.0	 958	OK
1468	     0	84.1	158.1	 965	OK
1469	     0	83.8	160.3	 979	OK
1470	     0	84.3	159.5	 956	OK
1471	     0	86.7	164.4	 969	OK
1472	     0	82.8	158.0	 933	OK
1473	     0	81.7	158.4	 953	OK
1474	     0	80.8	152.4	 960	OK
1475	     0	82.7	154.4	 952	OK
1476	     0	83.9	159.4	 960	OK
1477	     0	82.6	156.4	 963	OK
1478	     0	81.9	155.5	 956	OK
1479	     0	81.2	154.5	 954	OK
1480	     0	83.5	160.4	 961	OK
1481	     0	81.1	153.5	 937	OK
1482	     0	83.9	158.8	 969	OK
1483	     0	82.9	157.7	 960	OK
1484	     0	82.3	155.8	 952	OK
1485	     0	82.9	158.3	 957	OK
1486	     0	83.0	156.3	 932	OK
1487	     0	80.6	155.3	 956	OK
1488	     0	83.7	159.6	 963	OK
1489	     0	84.8	161.1	 964	OK
1490	     0	80.1	153.1	 946	OK
1491	     0	82.4	155.2	 939	OK
1492	     0	83.6	158.1	 965	OK
1493	     0	85.3	161.1	 942	OK
1494	     0	83.6	156.3	 952	OK
1495	     0	81.6	154.3	 941	OK
1496	     0	82.7	156.8	 957	OK
1497	     0	81.8	154.4	 920	OK
1498	     0	82.2	154.1	 946	OK
1499	     0	83.2	157.4	 943	OK
1500	     0	82.2	156.5	 933	OK
1501	     0	82.2	155.2	 918	OK
1502	     0	81.4	155.2	 952	OK
1503	     0	81.4	154.4	 933	OK
1504	     0	83.3	156.9	 947	OK
1505	     0	82.2	157.9	 949	OK
1506	     0	85.0	161.6	 960	OK
1507	     0	84.9	162.8	 970	OK
1508	     0	81.9	156.9	 929	OK
1509	     0	83.3	157.2	 969	OK
1510	     0	85.0	160.8	 924	OK
1511	     0	83.9	158.2	 952	OK
1512	     0	86.1	160.8	 948	OK
1513	     0	84.7	161.7	 956	OK
1514	     0	83.0	157.7	 951	OK
1515	     0	80.6	152.3	 947	OK
1516	     0	83.9	159.9	 968	OK
1517	     0	86.6	162.6	 954	OK
1518	     0	82.8	155.5	 951	OK
1519	     0	81.9	157.0	 935	OK
1520	     0	84.1	158.8	 933	OK
1521	     0	83.7	156.7	 943	OK
1522	     0	82.7	154.8	 934	OK
1523	     0	83.3	156.4	 937	OK
1524	     0	81.7	157.2	 952	OK
1525	     0	84.4	158.5	 940	OK
1526	     0	82.4	157.9	 935	OK
1527	     0	82.4	156.6	 934	OK
1528	     0	84.1	161.0	 959	OK
1529	     0	85.7	160.3	 956	OK
1530	     0	86.6	164.7	 978	OK
1531	     0	83.4	156.8	 913	OK
1532	     0	84.1	160.7	 963	OK
1533	     0	83.7	158.6	 934	OK
1534	     0	84.8	158.3	 928	OK
1535	     0	84.7	159.9	 954	OK
1536	     0	82.8	155.7	 975	OK
1537	     0	84.8	156.8	 969	OK
1538	     0	84.4	156.0	 987	OK
1539	     0	85.1	159.3	1006	OK
1540	     0	84.1	159.9	 977	OK
1541	     0	83.8	156.6	 976	OK
1542	     0	84.7	157.9	 983	OK
1543	     0	81.7	154.0	 975	OK
1544	     0	84.0	155.7	 973	OK
1545	     0	84.7	158.7	1001	OK
1546	     0	88.0	165.8	 990	OK
1547	     0	82.9	157.5	 993	OK
1548	     0	84.5	159.8	 982	OK
1549	     0	85.5	161.0	1007	OK
1550	     0	83.2	155.0	 973	OK
1551	     0	85.4	161.6	 995	OK
1552	     0	82.9	155.6	 969	OK
1553	     0	83.8	157.0	 981	OK
1554	     0	83.5	156.3	 990	OK
1555	     0	84.5	157.7	 994	OK
1556	     0	82.2	152.5	 990	OK
1557	     0	85.0	157.4	 986	OK
1558	     0	86.1	159.8	1004	OK
1559	     0	83.7	156.5	 974	OK
1560	     0	84.0	160.4	 987	OK
1561	     0	82.2	152.4	 985	OK
1562	     0	83.6	155.3	 978	OK
1563	     0	85.9	160.5	1003	OK
1564	     0	82.3	155.6	 989	OK
1565	     0	82.6	152.8	 960	OK
1566	     0	81.7	155.1	 994	OK
1567	     0	84.2	158.1	 990	OK
1568	     0	82.4	156.5	 999	OK
1569	     0	83.6	156.2	 976	OK
1570	     0	82.5	157.3	 994	OK
1571	     0	84.0	157.2	 977	OK
1572	     0	83.4	156.6	 972	OK
1573	     0	88.6	164.7	 994	OK
1574	     0	86.0	162.5	 997	OK
1575	     0	83.0	154.5	 966	OK
1576	     0	83.7	156.3	 980	OK
1577	     0	84.4	158.9	1001	OK
1578	     0	84.8	159.1	1009	OK
1579	     0	81.8	153.2	 983	OK
1580	     0	82.0	155.9	 983	OK
1581	     0	83.0	153.7	 992	OK
1582	     0	83.7	160.3	 987	OK
1583	     0	83.2	154.5	 975	OK
1584	     0	83.5	158.5	 982	OK
1585	     0	85.9	160.7	1002	OK
1586	     0	83.8	157.9	 993	OK
1587	     0	84.1	155.6	 977	OK
1588	     0	81.7	153.4	1006	OK
1589	     0	81.6	154.4	 976	OK
1590	     0	80.4	150.6	 965	OK
1591	     0	82.8	154.9	 986	OK
1592	     0	82.2	154.7	 970	OK
1593	     0	83.0	156.9	 978	OK
1594	     0	82.2	154.4	1008	OK
1595	     0	82.5	156.4	 998	OK
1596	     0	85.1	160.5	 989	OK
1597	     0	84.5	156.0	 990	OK
1598	     0	84.6	162.2	 996	OK
1599	     0	84.9	161.2	 987	OK
1600	     0	80.9	153.5	 994	OK
1601	     0	84.0	159.1	 989	OK
1602	     0	83.6	158.0	 996	OK
1603	     0	85.2	160.9	1015	OK
1604	     0	82.1	155.0	 978	OK
1605	     0	84.9	158.7	 984	OK
1606	     0	82.7	155.2	 958	OK
1607	     0	83.5	161.1	1005	OK
1608	     0	82.6	156.2	 977	OK
1609	     0	82.8	156.0	 996	OK
1610	     0	80.2	152.2	 968	OK
1611	     0	83.8	159.7	1013	OK
1612	     0	83.4	155.2	 978	OK
1613	     0	81.4	154.5	 991	OK
1614	     0	83.8	155.1	 989	OK
1615	     0	81.7	153.3	1002	OK
1616	     0	81.6	152.6	 987	OK
1617	     0	85.8	159.1	1008	OK
1618	     0	81.2	151.9	 961	OK
1619	     0	81.9	155.0	 996	OK
1620	     0	81.3	152.9	 977	OK
1621	     0	85.5	160.3	1007	OK
1622	     0	83.9	156.5	1006	OK
1623	     0	84.0	158.0	 978	OK
1624	     0	80.1	154.2	 999	OK
1625	     0	79.4	151.7	 988	OK
1626	     0	80.8	151.8	 964	OK
1627	     0	83.4	154.4	 995	OK
1628	     0	83.2	158.1	 986	OK
1629	     0	84.5	159.6	1002	OK
1630	     0	85.0	158.8	 995	OK
1631	     0	82.6	154.7	 970	OK
1632	     0	83.8	157.3	1005	OK
1633	     0	83.0	157.7	 989	OK
1634	     0	82.7	155.7	 982	OK
1635	     0	84.6	159.0	 994	OK
1636	     0	81.5	153.1	 988	OK
1637	     0	81.5	152.8	 965	OK
1638	     0	84.2	157.0	1009	OK
1639	     0	82.6	152.8	 997	OK
1640	     0	84.2	158.4	 995	OK
1641	     0	81.7	152.0	 968	OK
1642	     0	82.2	155.2	 989	OK
1643	     0	79.6	150.0	1002	OK
1644	     0	83.5	158.0	 974	OK
1645	     0	81.4	153.5	 987	OK
1646	     0	81.2	151.9	 992	OK
1647	     0	81.7	156.6	 964	OK
1648	     0	84.1	157.2	 984	OK
1649	     0	80.7	151.1	 990	OK
1650	     0	83.2	155.2	 977	OK
1651	     0	82.9	156.7	 997	OK
1652	     0	82.3	157.1	 982	OK
1653	     0	81.4	154.1	 959	OK
1654	     0	81.3	153.3	 983	OK
1655	     0	81.8	153.7	 970	OK
1656	     0	83.6	158.4	 991	OK
1657	     0	83.2	156.7	 992	OK
1658	     0	84.4	155.4	 989	OK
1659	     0	85.0	160.3	 996	OK
1660	     0	82.8	156.5	 985	OK
1661	     0	81.8	153.8	 985	OK
1662	     0	83.3	156.6	 990	OK
1663	     0	85.9	164.0	 975	OK
1664	     0	83.6	154.7	 977	OK
1665	     0	84.1	156.1	 966	OK
1666	     0	83.5	152.9	 974	OK
1667	     0	86.1	161.1	 980	OK
1668	     0	81.9	153.7	 962	OK
1669	     0	84.3	154.8	 965	OK
1670	     0	84.8	158.8	 990	OK
1671	     0	82.1	152.6	 969	OK
1672	     0	83.0	154.7	 986	OK
1673	     0	88.0	163.4	 978	OK
1674	     0	83.2	153.3	 965	OK
1675	     0	82.7	154.5	 970	OK
1676	     0	84.6	161.0	 980	OK
1677	     0	86.4	163.7	 980	OK
1678	     0	86.1	157.6	 966	OK
1679	     0	84.3	159.5	 966	OK
1680	     0	84.0	155.7	 955	OK
1681	     0	85.3	158.7	 974	OK
1682	     0	84.6	156.4	 952	OK
1683	     0	87.6	163.2	 978	OK
1684	     0	85.4	158.0	 976	OK
1685	     0	84.7	157.5	 965	OK
1686	     0	84.4	157.9	 973	OK
1687	     0	85.5	160.7	 976	OK
1688	     0	83.0	155.0	 965	OK
1689	     0	83.1	156.1	 978	OK
1690	     0	83.0	153.6	 955	OK
1691	     0	82.5	156.6	 951	OK
1692	     0	83.3	155.7	 965	OK
1693	     0	81.5	153.8	 962	OK
1694	     0	84.3	157.1	 982	OK
1695	     0	80.4	150.4	 970	OK
1696	     0	84.6	158.6	 976	OK
1697	     0	83.3	157.4	 986	OK
1698	     0	83.3	153.3	 957	OK
1699	     0	82.8	153.8	 955	OK
1700	     0	82.7	152.6	 960	OK
1701	     0	81.7	150.3	 977	OK
1702	     0	82.7	153.3	 993	OK
1703	     0	84.6	157.3	 970	OK
1704	     0	82.4	153.3	 967	OK
1705	     0	84.5	156.6	 973	OK
1706	     0	84.6	159.6	 969	OK
1707	     0	80.8	148.7	 963	OK
1708	     0	83.4	154.6	 980	OK
1709	     0	83.8	156.3	 957	OK
1710	     0	84.5	155.7	 966	OK
1711	     0	84.5	157.7	 958	OK
1712	     0	85.0	158.2	 987	OK
1713	     0	83.8	157.9	 990	OK
1714	     0	82.3	151.8	 973	OK
1715	     0	83.8	154.4	 973	OK
1716	     0	83.2	154.8	 962	OK
1717	     0	84.2	158.3	 972	OK
1718	     0	82.7	154.0	 961	OK
1719	     0	83.0	154.1	 971	OK
1720	     0	81.5	151.0	 982	OK
1721	     0	84.9	156.7	 965	OK
1722	     0	85.7	159.5	1004	OK
1723	     0	84.2	155.9	 971	OK
1724	     0	83.9	158.0	 985	OK
1725	     0	82.8	155.3	 992	OK
1726	     0	83.6	158.3	 988	OK
1727	     0	84.0	157.0	 940	OK
1728	     0	84.4	156.3	 971	OK
1729	     0	83.9	156.6	 967	OK
1730	     0	81.5	150.9	 970	OK
1731	     0	85.5	158.6	 989	OK
1732	     0	85.3	159.0	 979	OK
1733	     0	84.5	159.5	 969	OK
1734	     0	83.0	155.8	 973	OK
1735	     0	84.5	155.4	 969	OK
1736	     0	87.7	160.0	 964	OK
1737	     0	85.2	157.1	 970	OK
1738	     0	82.9	155.5	 970	OK
1739	     0	81.0	152.3	 971	OK
1740	     0	83.2	155.3	 972	OK
1741	     0	82.3	153.4	 959	OK
1742	     0	83.9	155.7	 967	OK
1743	     0	84.7	157.1	 964	OK
1744	     0	82.3	151.2	 959	OK
1745	     0	86.4	157.5	 965	OK
1746	     0	85.9	160.4	 945	OK
1747	     0	81.3	153.3	 954	OK
1748	     0	86.1	160.2	 985	OK
1749	     0	83.3	152.9	 958	OK
1750	     0	81.8	150.2	 972	OK
1751	     0	86.1	159.4	 975	OK
1752	     0	82.9	155.0	 960	OK
1753	     0	86.3	162.5	 972	OK
1754	     0	84.6	154.3	 966	OK
1755	     0	84.4	157.5	 962	OK
1756	     0	84.2	155.0	 935	OK
1757	     0	86.5	158.6	 964	OK
1758	     0	84.2	155.4	 952	OK
1759	     0	84.1	154.9	 966	OK
1760	     0	83.6	155.7	 970	OK
1761	     0	84.8	156.8	 965	OK
1762	     0	86.4	163.5	 970	OK
1763	     0	84.4	157.2	 961	OK
1764	     0	84.0	157.1	 978	OK
1765	     0	83.2	153.6	 944	OK
1766	     0	84.2	156.5	 959	OK
1767	     0	83.7	157.3	 968	OK
1768	     0	83.6	156.7	 967	OK
1769	     0	83.7	156.6	 970	OK
1770	     0	85.2	159.2	 979	OK
1771	     0	81.9	153.8	 952	OK
1772	     0	83.4	154.8	 958	OK
1773	     0	86.6	160.6	 961	OK
1774	     0	83.6	154.2	 944	OK
1775	     0	82.6	152.4	 946	OK
1776	     0	83.6	154.6	 977	OK
1777	     0	83.8	154.4	 969	OK
1778	     0	84.9	158.0	 960	OK
1779	     0	82.5	152.7	 939	OK
1780	     0	83.9	157.3	 972	OK
1781	     0	83.5	156.6	 976	OK
1782	     0	86.4	159.4	 953	OK
1783	     0	84.6	155.6	 958	OK
1784	     0	86.2	163.0	 964	OK
1785	     0	87.7	160.1	 973	OK
1786	     0	85.8	159.8	 944	OK
1787	     0	85.7	158.6	 966	OK
1788	     0	86.3	162.8	 971	OK
1789	     0	86.9	162.0	 959	OK
1790	     0	84.4	156.8	 962	OK
1791	     0	85.0	158.0	 963	OK
1792	     0	86.4	162.8	 970	OK
1793	     0	88.1	166.2	 944	OK
1794	     0	87.6	166.4	 976	OK
1795	     0	85.9	162.0	 946	OK
1796	     0	86.3	161.8	 956	OK
1797	     0	83.7	156.7	 951	OK
1798	     0	86.6	161.3	 960	OK
1799	     0	87.6	163.6	 977	OK
1800	     0	86.3	161.6	 936	OK
1801	     0	86.3	161.1	 980	OK
1802	     0	84.1	157.1	 948	OK
1803	     0	84.6	161.8	 965	OK
1804	     0	85.5	162.2	 976	OK
1805	     0	85.2	161.2	 959	OK
1806	     0	86.6	162.1	 970	OK
1807	     0	87.2	164.8	 951	OK
1808	     0	85.7	160.8	 965	OK
1809	     0	86.0	162.3	 954	OK
1810	     0	84.3	157.7	 964	OK
1811	     0	85.5	159.3	 957	OK
1812	     0	86.5	161.6	 981	OK
1813	     0	85.3	158.6	 938	OK
1814	     0	84.4	161.1	 939	OK
1815	     0	85.5	158.2	 950	OK
1816	     0	85.9	160.4	 944	OK
1817	     0	85.4	161.7	 950	OK
1818	     0	86.1	163.9	 942	OK
1819	     0	86.2	161.8	 969	OK
1820	     0	86.7	161.2	 956	OK
1821	     0	84.6	157.8	 942	OK
1822	     0	86.5	162.5	 949	OK
1823	     0	84.4	156.7	 961	OK
1824	     0	85.2	159.5	 959	OK
1825	     0	86.8	163.0	 969	OK
1826	     0	84.9	158.5	 950	OK
1827	     0	87.4	163.8	 967	OK
1828	     0	88.1	164.5	 965	OK
1829	     0	86.0	160.9	 982	OK
1830	     0	85.0	161.8	 955	OK
1831	     0	85.2	160.9	 947	OK
1832	     0	85.4	157.9	 976	OK
1833	     0	84.9	159.8	 955	OK
1834	     0	84.7	157.3	 964	OK
1835	     0	85.3	161.0	 942	OK
1836	     0	85.4	159.3	 945	OK
1837	     0	83.1	154.4	 950	OK
1838	     0	84.7	159.8	 942	OK
1839	     0	84.1	155.2	 970	OK
1840	     0	84.7	157.6	 946	OK
1841	     0	85.1	159.7	 953	OK
1842	     0	85.7	159.4	 972	OK
1843	     0	86.6	164.8	 963	OK
1844	     0	83.6	158.7	 955	OK
1845	     0	86.1	162.2	 966	OK
1846	     0	86.6	160.9	 966	OK
1847	     0	86.5	161.8	 972	OK
1848	     0	83.8	158.0	 951	OK
1849	     0	84.2	158.9	 952	OK
1850	     0	84.3	158.2	 957	OK
1851	     0	85.3	160.6	 978	OK
1852	     0	89.9	167.5	 952	OK
1853	     0	88.0	165.0	 968	OK
1854	     0	87.4	163.1	 976	OK
1855	     0	87.3	164.9	 957	OK
1856	     0	86.0	161.9	 961	OK
1857	     0	84.0	157.6	 954	OK
1858	     0	86.8	162.1	 969	OK
1859	     0	82.5	154.6	 949	OK
1860	     0	86.2	159.2	 965	OK
1861	     0	81.4	153.0	 956	OK
1862	     0	84.9	160.5	 991	OK
1863	     0	88.0	164.5	 952	OK
1864	     0	86.6	164.2	 964	OK
1865	     0	86.0	164.4	 948	OK
1866	     0	84.3	157.2	 968	OK
1867	     0	83.9	157.0	 950	OK
1868	     0	87.2	162.8	 959	OK
1869	     0	85.0	158.0	 951	OK
1870	     0	87.1	161.4	 944	OK
1871	     0	85.0	158.7	 935	OK
1872	     0	87.2	162.7	 977	OK
1873	     0	84.8	157.7	 964	OK
1874	     0	85.4	159.8	 962	OK
1875	     0	84.3	159.3	 934	OK
1876	     0	87.3	163.8	 966	OK
1877	     0	85.7	159.8	 968	OK
1878	     0	85.2	159.0	 951	OK
1879	     0	88.2	164.3	 953	OK
1880	     0	85.1	158.7	 957	OK
1881	     0	85.3	158.9	 953	OK
1882	     0	86.9	162.0	 996	OK
1883	   100	80.4	154.1	 939	low gain
1884	     0	86.2	162.1	 967	OK
1885	     0	84.3	158.4	 964	OK
1886	     0	82.7	154.9	 934	OK
1887	     0	85.1	159.7	 952	OK
1888	     0	85.9	161.3	 967	OK
1889	     0	84.8	159.7	 939	OK
1890	     0	85.4	158.3	 947	OK
1891	     0	86.6	163.1	 962	OK
1892	     0	84.8	158.6	 940	OK
1893	     0	84.0	157.8	 936	OK
1894	     0	85.1	160.2	 966	OK
1895	     0	87.0	163.2	 946	OK
1896	     0	84.5	159.0	 952	OK
1897	     0	82.5	155.0	 944	OK
1898	     0	85.7	160.8	 950	OK
1899	     0	83.7	156.2	 952	OK
1900	     0	85.0	157.7	 957	OK
1901	     0	86.4	162.6	 960	OK
1902	     0	84.3	157.7	 951	OK
1903	     0	84.0	157.0	 934	OK
1904	     0	83.7	160.2	 966	OK
1905	     0	83.4	156.6	 975	OK
1906	     0	84.5	157.1	 943	OK
1907	     0	85.2	160.1	 944	OK
1908	     0	85.3	161.4	 966	OK
1909	     0	84.1	158.5	 954	OK
1910	     0	87.1	160.5	 945	OK
1911	     0	84.9	158.8	 965	OK
1912	     0	84.8	160.4	 953	OK
1913	     0	83.9	157.1	 958	OK
1914	     0	86.2	163.5	 979	OK
1915	     0	85.6	161.8	 964	OK
1916	     0	85.6	160.4	 936	OK
1917	     0	85.8	161.3	 956	OK
1918	     0	86.2	159.4	 963	OK
1919	     0	83.8	156.7	 952	OK
1920	     0	82.4	154.2	 968	OK
1921	     0	86.0	162.1	 986	OK
1922	     0	84.3	155.5	 980	OK
1923	     0	83.9	155.8	 977	OK
1924	     0	83.4	157.8	1002	OK
1925	     0	85.2	160.7	 971	OK
1926	     0	83.5	155.1	 998	OK
1927	  4000	82.9	155.1	1032	high noise
1928	  4000	80.6	152.2	1094	high noise
1929	  4000	80.7	150.3	1109	high noise
1930	  4000	80.7	153.2	1051	high noise
1931	     0	83.6	155.4	 980	OK
1932	     0	82.9	151.5	 997	OK
1933	     0	82.9	157.2	 964	OK
1934	     0	82.0	152.2	 983	OK
1935	     0	82.8	154.2	 935	OK
1936	     0	84.7	157.6	 985	OK
1937	     0	81.4	151.8	 960	OK
1938	     0	84.4	159.2	 976	OK
1939	     0	82.9	155.0	 970	OK
1940	     0	81.8	151.8	 977	OK
1941	     0	84.0	158.6	 968	OK
1942	     0	82.3	152.5	 964	OK
1943	     0	81.8	154.0	 969	OK
1944	     0	79.5	149.7	 974	OK
1945	     0	84.0	157.3	 976	OK
1946	     0	82.9	151.9	 987	OK
1947	     0	83.9	155.1	 975	OK
1948	     0	83.5	154.8	 966	OK
1949	     0	82.8	152.9	 968	OK
1950	     0	80.9	152.1	 969	OK
1951	     0	82.2	153.5	 981	OK
1952	     0	81.7	151.7	 967	OK
1953	     0	82.4	152.9	 972	OK
1954	     0	84.0	157.2	 980	OK
1955	     0	81.2	150.8	 978	OK
1956	     0	82.7	154.0	 972	OK
1957	     0	81.6	152.9	1005	OK
1958	     0	82.4	155.8	 994	OK
1959	     0	82.6	153.0	 976	OK
1960	     0	84.2	158.0	1023	OK
1961	     0	79.8	150.8	 987	OK
1962	     0	84.9	157.5	 976	OK
1963	     0	82.0	152.5	 970	OK
1964	     0	82.0	152.1	 974	OK
1965	     0	82.1	154.0	 993	OK
1966	     0	81.7	152.1	 971	OK
1967	     0	83.3	152.8	 964	OK
1968	     0	82.9	155.7	 973	OK
1969	     0	85.0	159.2	 998	OK
1970	     0	83.4	157.8	 961	OK
1971	     0	81.9	150.7	1006	OK
1972	     0	84.3	158.2	 995	OK
1973	     0	86.0	158.4	 976	OK
1974	     0	80.5	151.4	 973	OK
1975	     0	84.5	156.4	 962	OK
1976	     0	80.5	151.6	 991	OK
1977	     0	81.8	153.3	 978	OK
1978	     0	82.6	157.5	 973	OK
1979	     0	80.0	149.8	 979	OK
1980	     0	83.6	155.3	 988	OK
1981	     0	84.5	156.3	 979	OK
1982	     0	83.0	153.7	 966	OK
1983	     0	84.5	155.6	 973	OK
1984	     0	84.7	155.0	 980	OK
1985	     0	81.0	150.8	 975	OK
1986	     0	82.9	152.5	 960	OK
1987	     0	85.3	158.8	 976	OK
1988	     0	84.3	155.9	 993	OK
1989	     0	85.1	155.6	 960	OK
1990	     0	81.7	152.5	 971	OK
1991	     0	81.5	149.9	 958	OK
1992	     0	83.9	157.4	 986	OK
1993	     0	83.5	157.2	 965	OK
1994	     0	82.7	152.6	 978	OK
1995	     0	82.7	151.5	 964	OK
1996	     0	83.8	155.5	 987	OK
1997	     0	81.5	150.6	 967	OK
1998	     0	83.2	156.5	 966	OK
1999	     0	84.8	156.5	 970	OK
2000	     0	81.5	153.2	 955	OK
2001	     0	82.4	155.4	 959	OK
2002	     0	83.5	158.2	 974	OK
2003	     0	84.1	155.7	 965	OK
2004	     0	82.6	151.9	 946	OK
2005	     0	85.4	161.2	 972	OK
2006	     0	84.0	154.1	 947	OK
2007	     0	84.0	156.9	 968	OK
2008	     0	83.9	158.3	 973	OK
2009	     0	85.4	157.9	 966	OK
2010	     0	83.1	154.7	 955	OK
2011	     0	85.4	158.0	 972	OK
2012	     0	81.8	152.6	 964	OK
2013	     0	83.9	154.7	 948	OK
2014	     0	85.1	159.0	 990	OK
2015	     0	81.7	153.9	 979	OK
2016	     0	85.2	158.3	 955	OK
2017	     0	82.1	152.7	 977	OK
2018	     0	84.5	156.1	 941	OK
2019	     0	82.9	152.7	 954	OK
2020	     0	84.9	158.6	 976	OK
2021	     0	82.7	152.6	 943	OK
2022	     0	83.0	155.1	 957	OK
2023	     0	85.4	158.9	 976	OK
2024	     0	82.9	153.4	 952	OK
2025	     0	82.5	153.4	 956	OK
2026	     0	82.8	155.0	 955	OK
2027	     0	83.1	154.2	 958	OK
2028	     0	83.4	156.5	 970	OK
2029	     0	84.6	156.2	 934	OK
2030	     0	82.6	152.2	 962	OK
2031	     0	82.4	153.8	 940	OK
2032	     0	83.0	154.0	 962	OK
2033	     0	84.4	156.4	 935	OK
2034	     0	83.5	158.0	 977	OK
2035	     0	84.8	156.8	 963	OK
2036	     0	84.2	158.3	 977	OK
2037	     0	84.9	156.0	 964	OK
2038	     0	83.4	155.6	 956	OK
2039	     0	83.5	156.1	 987	OK
2040	     0	83.1	155.9	 971	OK
2041	     0	84.8	158.6	 982	OK
2042	     0	83.5	153.2	 952	OK
2043	     0	83.3	151.7	 935	OK
2044	     0	85.3	156.1	 952	OK
2045	     0	85.1	159.6	 966	OK
2046	     0	81.6	152.0	 966	OK
2047	     0	82.2	150.3	 966	OK
2048	   200	88.0	164.7	 983	high gain
2049	     0	85.5	163.3	 987	OK
2050	     0	82.6	160.0	 978	OK
2051	     0	84.3	158.7	1001	OK
2052	     0	81.3	155.2	 986	OK
2053	     0	83.5	155.9	 968	OK
2054	     0	82.6	157.2	 991	OK
2055	     0	84.2	156.5	 983	OK
2056	     0	83.5	156.9	 990	OK
2057	     0	84.6	158.3	 991	OK
2058	     0	84.5	161.4	 990	OK
2059	     0	84.0	157.1	 969	OK
2060	     0	84.3	158.4	 981	OK
2061	     0	82.5	155.8	 966	OK
2062	     0	81.1	156.0	 963	OK
2063	     0	84.5	159.7	 980	OK
2064	     0	82.4	156.7	 978	OK
2065	     0	82.2	154.0	 963	OK
2066	     0	83.2	155.8	 970	OK
2067	     0	80.9	153.8	 968	OK
2068	     0	84.7	161.1	 980	OK
2069	     0	83.5	155.6	 999	OK
2070	     0	82.6	158.6	 997	OK
2071	     0	82.0	155.5	 981	OK
2072	     0	83.9	157.3	 984	OK
2073	     0	82.4	154.0	 971	OK
2074	     0	81.6	154.3	 976	OK
2075	     0	83.5	159.1	 988	OK
2076	     0	81.6	156.0	1002	OK
2077	     0	83.5	158.1	 975	OK
2078	     0	81.9	156.2	 981	OK
2079	     0	81.1	154.4	 981	OK
2080	     0	80.8	155.0	 971	OK
2081	     0	83.6	158.3	 991	OK
2082	     0	85.5	160.4	 976	OK
2083	     0	82.9	155.5	 958	OK
2084	     0	82.5	155.4	 990	OK
2085	     0	81.7	154.9	1004	OK
2086	     0	82.9	157.7	 979	OK
2087	     0	82.7	159.0	 993	OK
2088	     0	80.4	151.3	 984	OK
2089	     0	82.8	158.3	 960	OK
2090	     0	82.2	156.3	 980	OK
2091	     0	78.6	147.2	 977	OK
2092	     0	82.7	155.5	 975	OK
2093	     0	83.3	160.0	1008	OK
2094	     0	85.1	161.9	 990	OK
2095	     0	82.3	154.2	 974	OK
2096	     0	81.8	155.1	1002	OK
2097	     0	81.2	153.4	 974	OK
2098	     0	82.1	155.3	 987	OK
2099	     0	84.1	158.4	 977	OK
2100	     0	82.9	156.1	 999	OK
2101	     0	82.6	158.4	 991	OK
2102	     0	83.5	158.8	 984	OK
2103	     0	82.4	155.9	1002	OK
2104	     0	82.3	157.6	 994	OK
2105	     0	83.2	156.0	 969	OK
2106	     0	84.3	160.7	 998	OK
2107	     0	83.9	159.8	 992	OK
2108	     0	83.0	156.7	1009	OK
2109	     0	81.4	155.1	1004	OK
2110	     0	82.4	157.6	1005	OK
2111	     0	81.4	156.3	 984	OK
2112	     0	81.1	153.4	 978	OK
2113	     0	79.8	154.1	 973	OK
2114	     0	81.6	154.0	 985	OK
2115	     0	80.7	151.7	 989	OK
2116	     0	82.3	156.2	 999	OK
2117	     0	83.1	157.9	 999	OK
2118	     0	79.5	151.0	 988	OK
2119	     0	82.6	155.5	 979	OK
2120	     0	82.0	153.1	1001	OK
2121	     0	81.4	153.9	 981	OK
2122	     0	83.8	158.6	 989	OK
2123	     0	81.2	154.3	 976	OK
2124	     0	79.8	151.6	 989	OK
2125	     0	83.5	157.5	1003	OK
2126	     0	80.8	154.9	 978	OK
2127	     0	82.0	154.8	 977	OK
2128	     0	81.0	153.1	 975	OK
2129	     0	79.5	150.2	 985	OK
2130	     0	82.2	158.4	1010	OK
2131	     0	79.4	149.7	 999	OK
2132	     0	83.1	155.3	 976	OK
2133	     0	78.5	149.5	 984	OK
2134	     0	83.0	156.9	 995	OK
2135	     0	83.3	158.8	 985	OK
2136	     0	79.9	151.5	 983	OK
2137	     0	82.6	158.5	 996	OK
2138	     0	81.8	155.7	1023	OK
2139	     0	81.8	156.5	 993	OK
2140	     0	80.8	151.8	 984	OK
2141	     0	80.6	153.4	 981	OK
2142	     0	81.8	154.7	1003	OK
2143	     0	82.2	153.6	 951	OK
2144	     0	81.5	156.9	1012	OK
2145	     0	83.7	159.3	1003	OK
2146	     0	79.8	153.2	 987	OK
2147	     0	81.3	153.6	 987	OK
2148	     0	81.3	154.2	1003	OK
2149	     0	79.3	152.6	 987	OK
2150	     0	82.4	154.3	 983	OK
2151	     0	83.1	155.4	 988	OK
2152	     0	81.8	154.3	 984	OK
2153	     0	81.4	154.5	 990	OK
2154	     0	79.6	151.6	 974	OK
2155	     0	81.5	151.5	1002	OK
2156	     0	81.4	155.1	 989	OK
2157	     0	81.9	154.2	 968	OK
2158	     0	81.0	151.9	 996	OK
2159	     0	81.1	156.5	 972	OK
2160	     0	79.3	152.6	 981	OK
2161	     0	80.4	152.0	 949	OK
2162	     0	81.2	151.8	 971	OK
2163	     0	83.0	156.9	1005	OK
2164	     0	80.4	152.0	 967	OK
2165	     0	80.5	156.3	1011	OK
2166	     0	79.1	147.5	 992	OK
2167	     0	81.0	155.5	 983	OK
2168	     0	83.2	156.6	 985	OK
2169	     0	80.1	151.5	 995	OK
2170	     0	82.9	156.5	1006	OK
2171	     0	81.0	152.1	 986	OK
2172	     0	82.6	156.6	 980	OK
2173	     0	83.8	157.0	 990	OK
2174	     0	82.3	154.8	 993	OK
2175	     0	83.3	156.7	 986	OK
2176	     0	81.4	154.4	1008	OK
2177	     0	81.3	152.1	1015	OK
2178	     0	82.1	154.1	 991	OK
2179	     0	83.3	154.8	1005	OK
2180	     0	80.8	154.5	 981	OK
2181	     0	80.2	153.2	 971	OK
2182	     0	78.4	147.1	1008	OK
2183	     0	81.3	151.8	 999	OK
2184	     0	81.4	156.0	1002	OK
2185	     0	79.3	150.8	 990	OK
2186	     0	79.8	148.7	1029	OK
2187	     0	80.1	151.6	 974	OK
2188	     0	77.8	147.2	 997	OK
2189	     0	81.9	152.5	 988	OK
2190	     0	78.4	146.9	1011	OK
2191	     0	81.0	150.9	 982	OK
2192	     0	80.2	151.3	 992	OK
2193	     0	80.1	149.1	 987	OK
2194	     0	79.3	150.2	1017	OK
2195	     0	78.7	147.1	 982	OK
2196	     0	77.9	146.8	 980	OK
2197	     0	81.4	153.4	 983	OK
2198	     0	82.5	153.3	1012	OK
2199	     0	79.4	148.7	1009	OK
2200	     0	81.7	153.3	 997	OK
2201	     0	79.6	148.0	1012	OK
2202	     0	81.1	152.4	1000	OK
2203	     0	81.2	151.3	 982	OK
2204	     0	81.9	151.5	 995	OK
2205	     0	80.5	150.1	 997	OK
2206	     0	82.3	152.8	1009	OK
2207	     0	81.4	152.6	1008	OK
2208	     0	78.0	146.3	 991	OK
2209	     0	79.1	147.1	1004	OK
2210	     0	80.9	149.3	 994	OK
2211	     0	80.3	152.3	 998	OK
2212	     0	81.2	152.7	1025	OK
2213	     0	82.2	155.1	1019	OK
2214	     0	79.9	150.0	 996	OK
2215	     0	79.6	150.9	 976	OK
2216	     0	80.2	150.2	 996	OK
2217	     0	80.7	152.2	 998	OK
2218	     0	82.2	153.5	1009	OK
2219	     0	79.0	148.6	1004	OK
2220	     0	81.6	151.9	 979	OK
2221	     0	79.6	150.1	 999	OK
2222	     0	80.2	152.0	1008	OK
2223	     0	80.5	148.1	1009	OK
2224	     0	81.9	152.1	1010	OK
2225	     0	80.8	152.1	 998	OK
2226	     0	79.6	150.1	1004	OK
2227	     0	79.7	148.9	 995	OK
2228	     0	78.5	147.4	1002	OK
2229	     0	81.4	156.7	1005	OK
2230	     0	81.3	152.8	 993	OK
2231	     0	82.1	154.5	 999	OK
2232	     0	79.2	149.7	1023	OK
2233	     0	80.4	151.3	 990	OK
2234	     0	83.1	156.3	1006	OK
2235	     0	82.8	156.0	1014	OK
2236	     0	78.9	147.3	1006	OK
2237	     0	81.1	151.8	 984	OK
2238	     0	82.8	153.1	1026	OK
2239	     0	81.6	151.8	 999	OK
2240	     0	81.9	152.8	 995	OK
2241	     0	80.5	149.9	1003	OK
2242	     0	81.6	151.4	1001	OK
2243	     0	80.4	153.7	1003	OK
2244	     0	80.2	152.0	 995	OK
2245	     0	78.9	149.7	 985	OK
2246	     0	81.5	152.5	1002	OK
2247	     0	81.5	151.6	 976	OK
2248	     0	79.9	151.9	 983	OK
2249	     0	79.4	150.1	1003	OK
2250	     0	79.4	149.2	1021	OK
2251	     0	82.8	154.1	 991	OK
2252	     0	81.7	153.2	 998	OK
2253	     0	80.2	150.7	1004	OK
2254	     0	80.7	151.2	 997	OK
2255	     0	83.0	153.3	 998	OK
2256	     0	80.8	152.5	 996	OK
2257	     0	80.1	152.2	 990	OK
2258	     0	80.3	150.8	 984	OK
2259	     0	79.1	148.7	1017	OK
2260	     0	84.6	159.0	1008	OK
2261	     0	80.4	150.9	 971	OK
2262	     0	81.6	150.5	1011	OK
2263	     0	81.7	154.0	1006	OK
2264	     0	80.6	149.3	1005	OK
2265	     0	81.5	153.3	 964	OK
2266	     0	83.2	154.6	 993	OK
2267	     0	82.1	155.8	 988	OK
2268	     0	81.2	152.0	 980	OK
2269	     0	79.9	148.5	 997	OK
2270	     0	80.1	150.6	 977	OK
2271	     0	82.6	154.3	 990	OK
2272	     0	82.2	153.7	1004	OK
2273	     0	82.6	154.9	 996	OK
2274	     0	81.2	153.7	 994	OK
2275	     0	82.0	154.0	 971	OK
2276	     0	80.9	150.6	 984	OK
2277	     0	79.3	147.7	 981	OK
2278	     0	80.2	150.5	 965	OK
2279	     0	83.2	155.0	 982	OK
2280	     0	79.8	150.3	 979	OK
2281	     0	79.2	146.0	 982	OK
2282	     0	81.2	153.8	 979	OK
2283	     0	81.1	152.2	 992	OK
2284	     0	80.1	150.3	 993	OK
2285	     0	82.0	152.1	 995	OK
2286	     0	83.9	156.2	 986	OK
2287	     0	82.9	155.2	 991	OK
2288	     0	81.0	150.5	 991	OK
2289	     0	82.8	153.3	 984	OK
2290	     0	82.3	153.0	 983	OK
2291	     0	84.3	156.8	 996	OK
2292	     0	83.2	154.1	 981	OK
2293	     0	81.8	152.0	 983	OK
2294	     0	84.0	155.9	 970	OK
2295	     0	80.3	150.1	 953	OK
2296	     0	81.1	150.7	 986	OK
2297	     0	81.8	154.1	 981	OK
2298	     0	81.8	152.0	 986	OK
2299	     0	82.3	152.2	 970	OK
2300	     0	82.3	155.3	 973	OK
2301	     0	82.2	154.6	 974	OK
2302	     0	82.2	153.9	 982	OK
2303	     0	82.9	155.7	 993	OK
2304	     0	86.8	163.3	 971	OK
2305	     0	88.0	162.8	 977	OK
2306	     0	84.7	159.7	 978	OK
2307	     0	85.2	160.2	 983	OK
2308	     0	85.7	161.3	 972	OK
2309	     0	85.6	158.2	 962	OK
2310	     0	88.1	163.2	 976	OK
2311	     0	85.0	157.7	 977	OK
2312	     0	84.2	157.7	 968	OK
2313	     0	85.2	159.8	 976	OK
2314	     0	85.5	160.4	 979	OK
2315	     0	87.3	164.2	 998	OK
2316	     0	86.0	159.3	 990	OK
2317	     0	83.4	157.7	 978	OK
2318	     0	85.0	161.8	 983	OK
2319	     0	85.0	159.3	 977	OK
2320	     0	85.3	160.2	 989	OK
2321	     0	84.8	158.2	 968	OK
2322	     0	84.6	161.0	 981	OK
2323	     0	84.1	157.1	 958	OK
2324	     0	85.1	158.9	 976	OK
2325	     0	84.4	157.4	 973	OK
2326	     0	85.3	162.5	 998	OK
2327	     0	85.1	160.1	 984	OK
2328	     0	83.7	155.0	 956	OK
2329	     0	84.6	157.6	 982	OK
2330	     0	85.5	158.1	 971	OK
2331	     0	84.6	157.9	 974	OK
2332	     0	84.6	155.8	 966	OK
2333	     0	85.4	160.7	 961	OK
2334	     0	85.5	157.5	 974	OK
2335	     0	85.8	162.1	 995	OK
2336	     0	85.2	160.0	 982	OK
2337	     0	86.6	159.8	 961	OK
2338	     0	79.9	151.2	 982	OK
2339	     0	85.4	157.7	 973	OK
2340	     0	85.2	160.7	 995	OK
2341	     0	81.0	152.0	 974	OK
2342	     0	84.7	156.1	 987	OK
2343	     0	83.6	159.2	 982	OK
2344	     0	83.2	155.4	 986	OK
2345	     0	87.1	162.3	 985	OK
2346	     0	84.9	159.4	 991	OK
2347	     0	84.8	160.1	 993	OK
2348	     0	84.4	156.1	 986	OK
2349	     0	83.1	155.9	 974	OK
2350	     0	85.1	157.3	 966	OK
2351	     0	82.9	158.2	 965	OK
2352	     0	85.3	160.6	 987	OK
2353	     0	84.7	158.5	1003	OK
2354	     0	83.6	156.4	 961	OK
2355	     0	84.0	159.8	 968	OK
2356	     0	83.9	158.4	 975	OK
2357	     0	86.9	163.5	1002	OK
2358	     0	81.7	154.3	 974	OK
2359	     0	83.4	156.6	 978	OK
2360	     0	84.0	159.3	1004	OK
2361	     0	86.3	160.8	 986	OK
2362	     0	82.8	153.7	 972	OK
2363	     0	83.9	157.2	 987	OK
2364	     0	84.8	160.2	1016	OK
2365	     0	84.7	157.3	 985	OK
2366	     0	85.5	161.4	 999	OK
2367	     0	83.8	156.9	 979	OK
2368	     0	84.0	155.7	 971	OK
2369	     0	84.0	158.6	 969	OK
2370	     0	83.4	157.1	 991	OK
2371	     0	85.5	159.2	 992	OK
2372	     0	82.7	155.6	 979	OK
2373	     0	84.4	157.4	 986	OK
2374	     0	84.4	159.1	 986	OK
2375	     0	83.8	157.1	 971	OK
2376	     0	83.9	156.4	 999	OK
2377	     0	84.6	157.3	 979	OK
2378	     0	84.0	156.9	1008	OK
2379	     0	86.7	167.3	 992	OK
2380	     0	83.3	155.6	 985	OK
2381	     0	81.1	151.5	 970	OK
2382	     0	85.1	160.4	 989	OK
2383	     0	81.2	152.3	 978	OK
2384	     0	81.1	154.5	 973	OK
2385	     0	84.3	158.3	1007	OK
2386	     0	84.3	156.8	 991	OK
2387	     0	84.9	161.1	 976	OK
2388	     0	82.8	154.3	 987	OK
2389	     0	83.1	153.2	 981	OK
2390	     0	84.1	157.7	 991	OK
2391	     0	83.2	157.9	 982	OK
2392	     0	83.4	154.6	 975	OK
2393	     0	83.3	153.0	 967	OK
2394	     0	82.0	152.3	 966	OK
2395	     0	82.6	155.7	 985	OK
2396	     0	84.4	156.7	 988	OK
2397	     0	82.4	153.6	 976	OK
2398	     0	84.5	158.8	 993	OK
2399	     0	82.0	154.5	 974	OK
2400	     0	85.4	158.0	 983	OK
2401	     0	86.9	159.5	 998	OK
2402	     0	82.1	153.0	 960	OK
2403	     0	83.1	156.6	 962	OK
2404	     0	83.5	156.3	 990	OK
2405	     0	82.6	156.2	 987	OK
2406	     0	86.7	161.5	 979	OK
2407	     0	84.5	156.8	 967	OK
2408	     0	84.9	158.6	1003	OK
2409	     0	83.6	156.8	 988	OK
2410	     0	85.3	159.3	 967	OK
2411	     0	82.4	156.4	 970	OK
2412	     0	84.3	158.5	 996	OK
2413	     0	81.0	151.0	 986	OK
2414	     0	83.4	157.4	 983	OK
2415	     0	84.8	158.8	 957	OK
2416	     0	85.1	161.3	 989	OK
2417	     0	86.1	160.5	1010	OK
2418	     0	83.5	157.8	 961	OK
2419	     0	84.7	157.5	 983	OK
2420	     0	82.8	156.7	 979	OK
2421	     0	80.9	154.1	 955	OK
2422	     0	81.5	155.2	 980	OK
2423	     0	81.9	152.8	 965	OK
2424	     0	83.4	154.7	 968	OK
2425	     0	84.0	156.0	 987	OK
2426	     0	82.7	155.5	 969	OK
2427	     0	85.8	162.3	 989	OK
2428	     0	85.1	159.4	1001	OK
2429	     0	84.7	159.3	1004	OK
2430	     0	86.2	162.0	 994	OK
2431	     0	85.9	158.6	 992	OK
2432	     0	80.4	151.5	 998	OK
2433	     0	81.5	153.0	 965	OK
2434	     0	82.3	154.8	 988	OK
2435	     0	81.0	152.1	1012	OK
2436	     0	82.1	153.6	 989	OK
2437	     0	79.0	146.8	1016	OK
2438	     0	81.5	152.7	 997	OK
2439	     0	78.3	148.1	 994	OK
2440	     0	82.2	152.2	 992	OK
2441	     0	78.8	149.3	1013	OK
2442	     0	78.6	146.0	1019	OK
2443	     0	82.0	153.3	 988	OK
2444	     0	81.3	154.9	 997	OK
2445	     0	80.6	151.0	1020	OK
2446	     0	78.8	148.7	 980	OK
2447	     0	82.2	153.4	1014	OK
2448	     0	79.7	149.2	1005	OK
2449	     0	81.6	151.8	1011	OK
2450	     0	83.2	152.8	 987	OK
2451	     0	80.0	151.0	 978	OK
2452	     0	82.1	154.5	1000	OK
2453	     0	82.2	155.7	1010	OK
2454	     0	79.9	148.5	1020	OK
2455	     0	79.1	150.2	 981	OK
2456	     0	80.9	152.8	 982	OK
2457	     0	79.6	151.1	 995	OK
2458	     0	79.0	147.2	1007	OK
2459	     0	79.1	148.2	 988	OK
2460	  4000	79.8	149.7	1065	high noise
2461	     0	79.0	150.4	 980	OK
2462	     0	81.5	152.9	1004	OK
2463	     0	83.1	154.5	1015	OK
2464	     0	78.6	148.7	1001	OK
2465	     0	79.2	149.5	1006	OK
2466	     0	77.8	145.8	1019	OK
2467	     0	80.1	150.1	1021	OK
2468	     0	79.9	149.6	1009	OK
2469	     0	80.1	149.9	1001	OK
2470	     0	80.1	150.1	1004	OK
2471	     0	81.7	152.6	 992	OK
2472	     0	79.8	151.0	1008	OK
2473	     0	81.0	150.0	 985	OK
2474	     0	80.2	152.5	1014	OK
2475	     0	79.3	148.6	1041	OK
2476	     0	80.5	152.6	1020	OK
2477	     0	79.7	149.6	1022	OK
2478	     0	80.0	149.5	 982	OK
2479	     0	80.6	151.6	 993	OK
2480	     0	79.2	148.9	1013	OK
2481	     0	79.3	150.2	1013	OK
2482	     0	79.8	150.0	1004	OK
2483	     0	79.9	150.2	 988	OK
2484	     0	79.4	147.1	1014	OK
2485	     0	79.1	150.3	1018	OK
2486	     0	79.4	150.2	 991	OK
2487	     0	79.5	149.4	1007	OK
2488	     0	79.2	147.7	1017	OK
2489	     0	79.9	149.3	 997	OK
2490	     0	76.8	144.1	1009	OK
2491	     0	79.9	150.0	1019	OK
2492	     0	82.1	152.3	1010	OK
2493	     0	81.8	153.4	 988	OK
2494	     0	80.3	152.2	1010	OK
2495	     0	81.6	152.0	1009	OK
2496	     0	79.8	149.4	 994	OK
2497	     0	81.8	153.7	1010	OK
2498	     0	77.5	146.8	1011	OK
2499	     0	80.3	151.9	1007	OK
2500	     0	78.7	146.5	1007	OK
2501	     0	79.6	150.6	1001	OK
2502	     0	81.9	152.4	 996	OK
2503	     0	82.8	155.3	 999	OK
2504	     0	82.7	153.7	 986	OK
2505	     0	80.6	149.3	 996	OK
2506	     0	80.7	152.2	1021	OK
2507	     0	81.1	154.5	 990	OK
2508	     0	79.0	151.2	 976	OK
2509	     0	81.0	153.2	1002	OK
2510	     0	82.3	156.6	1005	OK
2511	     0	78.3	146.7	 975	OK
2512	     0	82.1	155.8	1007	OK
2513	     0	80.9	152.3	 994	OK
2514	     0	82.7	157.1	1021	OK
2515	     0	83.0	153.6	1024	OK
2516	     0	81.6	153.7	1001	OK
2517	     0	79.1	149.7	 985	OK
2518	     0	78.3	149.3	 984	OK
2519	     0	82.1	153.9	 999	OK
2520	     0	81.9	152.1	 977	OK
2521	     0	78.3	147.8	 976	OK
2522	     0	81.8	155.9	 990	OK
2523	     0	81.8	153.1	 985	OK
2524	     0	79.6	151.0	 997	OK
2525	     0	79.9	148.8	 986	OK
2526	     0	80.4	151.5	 982	OK
2527	     0	82.6	156.4	 993	OK
2528	     0	82.9	154.3	1003	OK
2529	     0	80.7	151.1	1001	OK
2530	     0	79.3	150.4	 988	OK
2531	     0	79.9	152.2	 986	OK
2532	     0	78.7	148.1	 979	OK
2533	     0	78.7	151.2	1005	OK
2534	     0	80.6	151.8	 989	OK
2535	     0	82.5	153.7	 991	OK
2536	     0	81.2	152.5	 985	OK
2537	     0	80.8	151.7	 974	OK
2538	     0	80.8	152.0	 996	OK
2539	     0	83.1	153.7	 979	OK
2540	     0	81.8	155.7	1006	OK
2541	     0	81.0	153.0	 980	OK
2542	     0	81.1	150.6	 992	OK
2543	     0	80.1	151.6	 976	OK
2544	     0	80.7	150.5	 972	OK
2545	     0	79.0	149.2	 983	OK
2546	     0	82.0	154.1	 979	OK
2547	     0	81.0	150.0	 974	OK
2548	     0	78.3	147.7	 979	OK
2549	     0	82.3	152.8	 981	OK
2550	     0	80.1	150.7	 997	OK
2551	     0	82.4	152.2	 999	OK
2552	     0	81.7	152.1	 984	OK
2553	     0	83.2	153.8	 982	OK
2554	     0	80.1	150.8	 995	OK
2555	     0	80.9	152.8	 986	OK
2556	     0	81.8	150.3	 992	OK
2557	     0	84.2	156.0	1008	OK
2558	     0	82.1	153.8	1017	OK
2559	   200	86.3	160.1	1044	high gain
