#chan	code	gain	vt50	innse	comment
   0	   200	84.5	106.8	1105	high gain
   1	     0	81.0	107.1	1066	OK
   2	     0	79.9	108.5	1068	OK
   3	     0	79.0	107.0	1034	OK
   4	     0	79.3	108.7	1037	OK
   5	     0	78.7	107.7	1037	OK
   6	     0	78.0	108.5	1071	OK
   7	     0	78.8	108.3	1029	OK
   8	     0	77.2	104.0	1052	OK
   9	     0	77.8	105.7	1044	OK
  10	     0	78.7	106.2	1055	OK
  11	     0	76.6	104.6	1034	OK
  12	     0	76.9	105.7	1042	OK
  13	     0	77.1	105.9	1015	OK
  14	     0	78.5	108.6	1041	OK
  15	     0	79.7	109.3	1022	OK
  16	     0	76.6	104.7	1043	OK
  17	     0	79.4	108.6	1003	OK
  18	     0	81.1	107.3	1019	OK
  19	     0	76.3	106.5	1032	OK
  20	     0	76.8	106.2	1039	OK
  21	     0	77.8	108.1	1040	OK
  22	     0	79.5	104.9	1024	OK
  23	     0	80.1	109.4	1031	OK
  24	     0	78.2	105.6	1046	OK
  25	     0	80.0	106.4	1028	OK
  26	     0	77.2	106.9	1044	OK
  27	     0	79.3	108.0	1054	OK
  28	     0	79.9	108.7	1025	OK
  29	     0	80.4	109.1	1027	OK
  30	     0	76.9	105.9	1033	OK
  31	     0	77.6	104.6	1046	OK
  32	     0	76.1	106.1	1052	OK
  33	     0	76.5	105.1	1035	OK
  34	     0	76.7	107.1	1049	OK
  35	     0	79.2	106.7	1051	OK
  36	     0	78.7	105.4	1048	OK
  37	     0	81.3	107.3	1061	OK
  38	     0	77.9	106.1	1059	OK
  39	     0	80.0	106.8	1046	OK
  40	     0	79.0	108.2	1045	OK
  41	     0	77.8	106.6	1036	OK
  42	     0	76.6	104.3	1062	OK
  43	     0	77.1	106.5	1060	OK
  44	     0	77.2	104.9	1053	OK
  45	     0	77.4	109.9	1019	OK
  46	     0	77.2	105.6	1069	OK
  47	     0	78.5	108.1	1063	OK
  48	     0	81.3	110.1	1063	OK
  49	     0	79.2	108.2	1083	OK
  50	     0	78.7	107.5	1052	OK
  51	     0	80.8	109.5	1061	OK
  52	     0	77.6	107.4	1047	OK
  53	     0	79.3	109.1	1065	OK
  54	     0	78.1	108.5	1059	OK
  55	     0	78.4	105.1	1063	OK
  56	     0	79.4	106.4	1047	OK
  57	     0	79.2	107.8	1078	OK
  58	     0	76.6	104.9	1047	OK
  59	     0	79.0	108.0	1057	OK
  60	     0	76.6	105.8	1064	OK
  61	     0	79.1	107.2	1077	OK
  62	     0	78.7	105.1	1065	OK
  63	     0	77.7	106.8	1059	OK
  64	     0	77.3	105.1	1064	OK
  65	     0	79.0	107.4	1075	OK
  66	     0	78.3	106.2	1078	OK
  67	     0	75.9	103.1	1051	OK
  68	     0	76.0	102.8	1079	OK
  69	     0	78.4	105.1	1064	OK
  70	     0	75.4	102.0	1064	OK
  71	     0	79.9	107.6	1062	OK
  72	     0	76.2	104.3	1069	OK
  73	     0	79.1	108.4	1057	OK
  74	     0	79.1	109.2	1084	OK
  75	     0	78.0	106.6	1067	OK
  76	     0	80.0	106.9	1078	OK
  77	     0	80.5	108.5	1062	OK
  78	     0	79.3	111.1	1072	OK
  79	     0	78.0	105.5	1069	OK
  80	     0	76.1	105.7	1068	OK
  81	     0	77.4	106.2	1064	OK
  82	     0	78.7	104.8	1066	OK
  83	     0	78.2	104.5	1079	OK
  84	     0	78.7	107.1	1074	OK
  85	     0	76.0	103.6	1052	OK
  86	     0	75.5	104.4	1063	OK
  87	     0	76.9	104.8	1059	OK
  88	     0	77.7	103.5	1070	OK
  89	     0	76.6	105.3	1067	OK
  90	     0	79.1	106.2	1082	OK
  91	     0	78.3	105.8	1068	OK
  92	     0	79.0	106.3	1085	OK
  93	     0	77.0	103.9	1065	OK
  94	     0	77.8	107.9	1071	OK
  95	     0	78.2	106.5	1092	OK
  96	     0	76.4	104.7	1070	OK
  97	     0	76.7	105.8	1060	OK
  98	     0	77.5	106.0	1054	OK
  99	     0	78.2	106.6	1049	OK
 100	     0	75.4	103.3	1066	OK
 101	     0	77.9	106.1	1041	OK
 102	     0	78.7	106.2	1053	OK
 103	     0	78.4	107.3	1072	OK
 104	     0	78.6	105.5	1091	OK
 105	     0	77.8	105.5	1066	OK
 106	     0	79.7	109.0	1069	OK
 107	     0	78.1	106.9	1062	OK
 108	     0	77.9	106.6	1066	OK
 109	     0	76.8	105.8	1070	OK
 110	     0	77.1	103.9	1057	OK
 111	     0	76.2	102.2	1061	OK
 112	     0	80.3	108.3	1079	OK
 113	     0	77.9	105.9	1051	OK
 114	     0	81.4	106.6	1066	OK
 115	     0	76.2	103.7	1069	OK
 116	     0	74.2	104.9	1078	OK
 117	     0	77.5	107.4	1060	OK
 118	     0	77.4	107.7	1060	OK
 119	     0	76.7	104.7	1067	OK
 120	     0	80.2	108.8	1077	OK
 121	     0	78.2	108.0	1072	OK
 122	     0	79.5	109.9	1072	OK
 123	     0	78.8	108.2	1068	OK
 124	     0	81.9	109.8	1043	OK
 125	     0	79.6	108.3	1079	OK
 126	     0	79.5	105.0	1062	OK
 127	     0	79.3	105.2	1079	OK
 128	     0	79.0	106.0	1069	OK
 129	     0	77.4	106.9	1081	OK
 130	     0	77.9	106.6	1082	OK
 131	     0	75.4	102.0	1034	OK
 132	     0	76.9	104.9	1083	OK
 133	     0	76.7	108.2	1070	OK
 134	     0	78.5	107.7	1084	OK
 135	     0	76.8	103.9	1058	OK
 136	     0	76.9	104.6	1053	OK
 137	     0	78.7	108.1	1058	OK
 138	     0	77.5	105.4	1038	OK
 139	     0	75.7	104.6	1068	OK
 140	     0	79.9	106.9	1055	OK
 141	     0	74.9	103.1	1061	OK
 142	     0	78.6	105.0	1070	OK
 143	     0	75.8	102.3	1064	OK
 144	     0	77.6	105.4	1061	OK
 145	     0	79.4	105.2	1061	OK
 146	     0	75.5	102.7	1046	OK
 147	     0	74.1	100.5	1068	OK
 148	     0	76.7	107.2	1056	OK
 149	     0	77.8	105.0	1076	OK
 150	     0	75.8	103.4	1045	OK
 151	     0	76.7	107.1	1068	OK
 152	     0	75.6	102.8	1086	OK
 153	     0	77.3	106.3	1042	OK
 154	     0	75.6	102.1	1056	OK
 155	     0	76.4	105.9	1064	OK
 156	     0	78.6	105.6	1058	OK
 157	     0	75.5	103.1	1089	OK
 158	     0	76.7	103.9	1069	OK
 159	     0	76.1	105.2	1069	OK
 160	     0	78.7	106.6	1073	OK
 161	     0	77.8	108.2	1055	OK
 162	     0	77.2	105.3	1060	OK
 163	     0	75.2	102.5	1066	OK
 164	     0	75.2	103.8	1043	OK
 165	     0	76.3	105.1	1064	OK
 166	     0	75.1	100.8	1071	OK
 167	     0	77.0	105.2	1085	OK
 168	     0	79.7	105.4	1050	OK
 169	     0	76.8	105.2	1074	OK
 170	     0	77.7	106.2	1065	OK
 171	     0	74.1	102.6	1074	OK
 172	     0	77.0	105.3	1074	OK
 173	     0	79.7	105.3	1072	OK
 174	     0	76.6	103.6	1063	OK
 175	     0	75.5	100.2	1077	OK
 176	     0	75.8	102.5	1081	OK
 177	     0	77.9	103.2	1072	OK
 178	     0	74.8	100.1	1085	OK
 179	     0	72.8	101.0	1070	OK
 180	     0	77.2	105.2	1071	OK
 181	     0	77.3	104.9	1079	OK
 182	     0	79.1	106.9	1059	OK
 183	     0	77.0	103.8	1068	OK
 184	     0	76.7	105.9	1068	OK
 185	     0	76.5	103.6	1076	OK
 186	     0	77.3	104.1	1056	OK
 187	     0	79.7	107.1	1052	OK
 188	     0	77.5	103.9	1082	OK
 189	     0	75.9	103.5	1088	OK
 190	     0	77.8	106.3	1082	OK
 191	     0	78.3	108.7	1066	OK
 192	     0	78.2	105.2	1043	OK
 193	     0	79.1	107.5	1071	OK
 194	     0	77.7	104.1	1041	OK
 195	     0	78.0	104.7	1064	OK
 196	     0	78.7	108.2	1041	OK
 197	     0	76.0	103.0	1075	OK
 198	     0	77.9	106.6	1071	OK
 199	     0	77.5	103.7	1086	OK
 200	     0	80.3	107.7	1067	OK
 201	     0	77.8	106.4	1067	OK
 202	     0	73.5	102.1	1074	OK
 203	     0	80.2	108.4	1057	OK
 204	     0	77.5	107.1	1074	OK
 205	     0	78.4	104.9	1034	OK
 206	     0	78.9	107.3	1061	OK
 207	     0	77.2	103.7	1062	OK
 208	     0	76.8	102.6	1056	OK
 209	     0	76.4	105.2	1056	OK
 210	     0	79.3	107.5	1035	OK
 211	     0	78.2	105.0	1064	OK
 212	     0	79.5	108.4	1037	OK
 213	     0	78.6	107.4	1064	OK
 214	     0	78.3	105.2	1040	OK
 215	     0	75.8	105.6	1061	OK
 216	     0	80.5	108.2	1053	OK
 217	     0	77.9	108.8	1057	OK
 218	     0	79.3	105.6	1077	OK
 219	     0	77.9	106.9	1019	OK
 220	     0	79.3	105.4	1076	OK
 221	     0	75.6	104.0	1041	OK
 222	     0	79.6	107.2	1033	OK
 223	     0	78.0	105.8	1065	OK
 224	     0	77.4	105.1	1043	OK
 225	     0	77.2	105.1	1048	OK
 226	     0	76.9	106.8	1055	OK
 227	     0	75.9	104.2	1062	OK
 228	     0	78.6	106.9	1038	OK
 229	     0	76.4	105.4	1060	OK
 230	     0	77.5	104.9	1055	OK
 231	     0	75.1	104.1	1060	OK
 232	     0	76.7	105.4	1041	OK
 233	     0	76.2	104.6	1056	OK
 234	     0	78.3	107.8	1039	OK
 235	     0	77.6	106.2	1045	OK
 236	     0	79.4	106.0	1046	OK
 237	     0	79.3	108.4	1042	OK
 238	     0	78.8	106.9	1063	OK
 239	     0	76.4	103.7	1029	OK
 240	     0	81.1	108.9	1048	OK
 241	     0	78.5	105.6	1042	OK
 242	     0	77.8	106.3	1055	OK
 243	     0	78.0	104.6	1060	OK
 244	     0	77.8	104.6	1051	OK
 245	     0	78.2	105.7	1034	OK
 246	     0	78.7	107.4	1060	OK
 247	     0	80.0	109.2	1059	OK
 248	     0	83.1	110.5	1040	OK
 249	     0	78.3	108.9	1051	OK
 250	     0	78.7	105.9	1041	OK
 251	     0	80.0	108.6	1024	OK
 252	     0	81.1	107.5	1047	OK
 253	     0	82.4	108.6	1044	OK
 254	     0	78.7	105.5	1030	OK
 255	     0	79.0	106.1	1035	OK
 256	     0	80.3	108.9	1034	OK
 257	     0	79.8	109.1	1043	OK
 258	     0	80.1	110.1	1046	OK
 259	     0	82.5	112.8	1047	OK
 260	     0	77.7	106.6	1042	OK
 261	     0	82.5	112.9	1064	OK
 262	     0	77.3	104.9	1048	OK
 263	     0	80.0	106.9	1035	OK
 264	     0	79.7	111.1	1013	OK
 265	     0	77.8	105.9	1062	OK
 266	     0	78.2	105.6	1037	OK
 267	     0	77.9	108.0	1047	OK
 268	     0	80.3	110.0	1049	OK
 269	     0	79.8	110.3	1049	OK
 270	     0	79.0	105.3	1024	OK
 271	     0	78.4	106.8	1052	OK
 272	     0	79.9	109.8	1006	OK
 273	     0	79.9	109.0	1036	OK
 274	     0	78.4	107.7	1053	OK
 275	     0	77.0	104.5	1044	OK
 276	     0	80.3	108.7	1032	OK
 277	     0	80.5	107.7	1055	OK
 278	     0	79.5	107.1	1048	OK
 279	     0	77.0	105.7	1041	OK
 280	     0	78.8	109.2	1041	OK
 281	     0	80.3	108.3	1021	OK
 282	     0	79.8	109.6	1029	OK
 283	     0	79.3	108.1	1046	OK
 284	     0	79.2	109.2	1039	OK
 285	     0	78.7	106.7	1056	OK
 286	     0	79.5	108.4	1036	OK
 287	     0	76.7	107.6	1050	OK
 288	     0	77.5	105.6	1052	OK
 289	     0	80.2	107.5	1050	OK
 290	     0	79.5	107.2	1052	OK
 291	     0	76.5	104.6	1035	OK
 292	     0	78.9	105.7	1048	OK
 293	     0	79.1	109.1	1037	OK
 294	     0	75.1	105.2	1036	OK
 295	     0	77.4	105.9	1056	OK
 296	     0	78.3	109.3	1050	OK
 297	     0	76.7	108.3	1034	OK
 298	     0	81.4	108.9	1034	OK
 299	     0	80.0	110.0	1053	OK
 300	     0	78.4	105.8	1042	OK
 301	     0	78.5	108.4	1051	OK
 302	     0	77.4	105.9	1069	OK
 303	     0	80.5	107.1	1058	OK
 304	     0	79.1	107.7	1035	OK
 305	     0	81.1	109.6	1056	OK
 306	   100	71.1	103.3	1040	low gain
 307	     0	78.4	106.9	1036	OK
 308	     0	78.8	107.7	1044	OK
 309	     0	80.4	109.3	1043	OK
 310	     0	79.5	107.0	1049	OK
 311	     0	79.7	105.7	1045	OK
 312	     0	79.6	106.5	1059	OK
 313	     0	76.1	104.5	1056	OK
 314	     0	77.4	105.9	1054	OK
 315	     0	81.4	110.5	1046	OK
 316	     0	80.1	109.0	1041	OK
 317	     0	78.1	105.8	1053	OK
 318	     0	78.8	109.3	1074	OK
 319	     0	82.7	110.8	1048	OK
 320	     0	80.5	107.3	1051	OK
 321	     0	79.4	108.8	1048	OK
 322	     0	79.2	108.5	1042	OK
 323	     0	78.2	106.6	1032	OK
 324	     0	79.1	109.5	1064	OK
 325	     0	78.0	104.3	1061	OK
 326	     0	82.5	113.5	1055	OK
 327	     0	77.9	107.8	1024	OK
 328	     0	79.4	108.3	1054	OK
 329	     0	80.7	108.9	1032	OK
 330	     0	77.5	106.4	1046	OK
 331	     0	76.8	109.0	1060	OK
 332	     0	77.6	103.6	1060	OK
 333	     0	75.9	106.8	1041	OK
 334	     0	80.2	107.9	1034	OK
 335	     0	77.7	107.9	1045	OK
 336	     0	76.7	105.6	1072	OK
 337	     0	75.7	103.9	1079	OK
 338	     0	81.9	110.3	1027	OK
 339	     0	77.3	109.7	1048	OK
 340	     0	80.2	110.2	1057	OK
 341	     0	79.2	107.1	1054	OK
 342	     0	79.5	107.9	1057	OK
 343	     0	78.6	108.0	1058	OK
 344	     0	78.8	109.4	1031	OK
 345	     0	82.6	111.4	1042	OK
 346	     0	77.2	104.9	1061	OK
 347	     0	80.3	110.4	1033	OK
 348	     0	81.3	110.1	1039	OK
 349	     0	77.4	104.0	1044	OK
 350	     0	78.8	107.8	1056	OK
 351	     0	81.0	108.3	1033	OK
 352	     0	78.4	109.5	1048	OK
 353	     0	78.0	106.1	1054	OK
 354	     0	77.2	107.1	1047	OK
 355	     0	76.4	106.2	1045	OK
 356	     0	78.4	106.4	1082	OK
 357	     0	78.2	107.3	1020	OK
 358	     0	79.5	109.8	1037	OK
 359	     0	77.4	106.0	1043	OK
 360	     0	79.2	108.2	1040	OK
 361	     0	80.8	109.7	1044	OK
 362	     0	75.7	104.5	1044	OK
 363	     0	79.3	107.7	1032	OK
 364	     0	77.3	106.8	1048	OK
 365	     0	78.0	107.7	1054	OK
 366	     0	77.3	108.5	1034	OK
 367	     0	78.2	109.6	1032	OK
 368	     0	79.7	108.6	1045	OK
 369	     0	78.2	107.4	1034	OK
 370	     0	77.3	105.4	1032	OK
 371	     0	79.2	109.4	1048	OK
 372	     0	77.7	105.2	1061	OK
 373	     0	76.4	107.1	1060	OK
 374	     0	76.2	105.8	1039	OK
 375	     0	79.3	109.9	1046	OK
 376	     0	79.4	109.2	1072	OK
 377	     0	78.6	108.0	1033	OK
 378	     0	81.4	110.0	1043	OK
 379	     0	78.2	107.9	1031	OK
 380	     0	79.4	108.4	1056	OK
 381	     0	79.4	109.5	1063	OK
 382	     0	80.1	109.9	1032	OK
 383	     0	78.4	108.5	1041	OK
 384	     0	80.0	106.3	1041	OK
 385	     0	78.8	104.6	1036	OK
 386	     0	77.8	104.3	1029	OK
 387	     0	76.2	105.0	1039	OK
 388	     0	77.2	103.3	1049	OK
 389	     0	78.1	103.5	1020	OK
 390	     0	76.4	101.9	1033	OK
 391	     0	76.8	103.8	1030	OK
 392	     0	77.0	103.7	1025	OK
 393	     0	77.6	105.6	1026	OK
 394	     0	75.3	104.8	1022	OK
 395	     0	76.0	105.6	1022	OK
 396	     0	77.9	106.2	1019	OK
 397	     0	76.1	104.0	1036	OK
 398	     0	76.1	102.2	1048	OK
 399	     0	77.9	107.0	1026	OK
 400	     0	78.4	105.4	1043	OK
 401	     0	74.8	103.2	1034	OK
 402	     0	75.1	104.4	1045	OK
 403	     0	79.1	108.7	1025	OK
 404	     0	78.1	106.5	1025	OK
 405	     0	78.3	108.2	1033	OK
 406	     0	79.8	108.9	1033	OK
 407	     0	78.9	105.6	1039	OK
 408	     0	75.0	103.9	1015	OK
 409	     0	74.8	104.5	1034	OK
 410	     0	77.6	107.6	1037	OK
 411	     0	79.4	108.0	1018	OK
 412	     0	79.6	107.7	1021	OK
 413	     0	76.5	102.7	1050	OK
 414	     0	78.1	104.9	1054	OK
 415	     0	76.7	105.8	1027	OK
 416	     0	77.2	103.1	1027	OK
 417	     0	78.9	106.0	1029	OK
 418	     0	77.6	104.3	1048	OK
 419	     0	78.1	105.8	1030	OK
 420	     0	78.0	104.5	1051	OK
 421	     0	79.2	106.0	1022	OK
 422	     0	77.7	105.5	1053	OK
 423	     0	77.2	104.5	1036	OK
 424	     0	75.9	103.7	1018	OK
 425	     0	77.2	105.8	1038	OK
 426	     0	78.6	108.4	1042	OK
 427	     0	78.2	105.0	1037	OK
 428	     0	76.1	105.6	1042	OK
 429	     0	76.9	105.7	1027	OK
 430	     0	75.2	102.6	1050	OK
 431	     0	77.4	105.4	1019	OK
 432	     0	76.8	102.5	1044	OK
 433	     0	75.6	104.3	1033	OK
 434	     0	78.3	107.2	1023	OK
 435	     0	76.1	106.1	1041	OK
 436	     0	75.7	103.5	1055	OK
 437	     0	76.3	105.1	1026	OK
 438	     0	75.4	106.5	1026	OK
 439	     0	79.3	106.8	1043	OK
 440	     0	77.0	103.5	1015	OK
 441	     0	79.2	108.5	1034	OK
 442	     0	80.6	106.4	1047	OK
 443	     0	77.8	104.2	1046	OK
 444	     0	79.0	106.5	1037	OK
 445	     0	78.4	106.4	1030	OK
 446	     0	78.3	105.5	1017	OK
 447	     0	75.8	101.8	1036	OK
 448	     0	77.4	104.7	1004	OK
 449	     0	78.1	103.5	1035	OK
 450	     0	78.6	105.7	1012	OK
 451	     0	76.4	105.2	1031	OK
 452	     0	77.1	105.3	1033	OK
 453	     0	79.5	107.8	1022	OK
 454	     0	77.5	103.1	1015	OK
 455	     0	79.6	107.7	1014	OK
 456	     0	75.2	101.8	1016	OK
 457	     0	74.6	103.3	1032	OK
 458	     0	78.3	105.0	1034	OK
 459	     0	75.7	105.1	1024	OK
 460	     0	77.4	106.3	1017	OK
 461	     0	78.3	106.6	1003	OK
 462	     0	80.7	108.3	1020	OK
 463	     0	77.5	105.1	1014	OK
 464	     0	77.0	104.9	1019	OK
 465	     0	77.5	104.8	1009	OK
 466	     0	78.6	108.6	1010	OK
 467	     0	76.4	103.4	1025	OK
 468	     0	78.7	107.9	1002	OK
 469	     0	78.3	106.8	1045	OK
 470	     0	77.5	105.2	1008	OK
 471	     0	79.9	108.5	1023	OK
 472	     0	76.4	106.0	1015	OK
 473	     0	78.2	105.7	1006	OK
 474	     0	76.5	106.4	1005	OK
 475	     0	77.2	106.7	 998	OK
 476	     0	78.4	107.7	1025	OK
 477	     0	78.4	105.4	1016	OK
 478	     0	76.7	105.6	1012	OK
 479	     0	82.4	110.5	1018	OK
 480	     0	76.0	103.8	1006	OK
 481	     0	82.1	112.1	1016	OK
 482	     0	78.6	106.2	1006	OK
 483	     0	78.4	107.0	1009	OK
 484	     0	78.4	106.9	1010	OK
 485	     0	80.0	106.5	1036	OK
 486	     0	77.1	102.7	1000	OK
 487	     0	78.9	107.4	1018	OK
 488	     0	82.1	109.8	1024	OK
 489	     0	77.1	102.7	1032	OK
 490	     0	81.2	107.9	1001	OK
 491	     0	79.6	106.8	1004	OK
 492	     0	77.3	103.8	1032	OK
 493	     0	78.7	106.6	 999	OK
 494	     0	77.2	105.7	 993	OK
 495	     0	77.2	105.8	1023	OK
 496	     0	78.8	105.2	1004	OK
 497	     0	79.6	106.4	1009	OK
 498	     0	79.3	107.0	 996	OK
 499	     0	77.4	104.7	1001	OK
 500	     0	78.1	106.1	1038	OK
 501	     0	80.1	110.2	1024	OK
 502	     0	78.8	105.7	1019	OK
 503	     0	79.4	105.6	1024	OK
 504	     0	80.3	106.6	1005	OK
 505	     0	78.0	106.2	 996	OK
 506	     0	80.8	108.2	1025	OK
 507	     0	83.9	111.7	1014	OK
 508	     0	78.7	107.8	1000	OK
 509	     0	83.6	112.4	1004	OK
 510	     0	77.3	107.5	 996	OK
 511	     0	79.6	108.4	1015	OK
 512	     0	79.4	107.7	1016	OK
 513	     0	78.9	107.9	1027	OK
 514	     0	78.5	108.6	1000	OK
 515	     0	79.5	107.3	1033	OK
 516	     0	77.7	104.4	1026	OK
 517	     0	75.9	104.2	 993	OK
 518	     0	81.9	110.3	1029	OK
 519	     0	79.1	107.2	1027	OK
 520	     0	75.8	106.4	1040	OK
 521	     0	81.9	110.6	1004	OK
 522	     0	80.7	110.4	1027	OK
 523	     0	76.1	103.4	1012	OK
 524	     0	77.0	101.4	1007	OK
 525	     0	77.4	107.4	1020	OK
 526	     0	78.1	108.0	1006	OK
 527	     0	76.2	104.1	1024	OK
 528	     0	78.2	107.6	1011	OK
 529	     0	77.5	105.5	1030	OK
 530	     0	78.5	108.3	1000	OK
 531	     0	77.5	105.5	1027	OK
 532	     0	77.4	107.3	1003	OK
 533	     0	77.7	107.3	 972	OK
 534	     0	76.5	106.9	1018	OK
 535	     0	75.0	103.8	1014	OK
 536	     0	77.2	106.7	1005	OK
 537	     0	78.8	110.2	1004	OK
 538	     0	77.0	106.3	 980	OK
 539	     0	79.8	108.2	1016	OK
 540	     0	78.0	107.7	1001	OK
 541	     0	75.5	106.2	1021	OK
 542	     0	77.4	105.7	1014	OK
 543	     0	77.4	104.4	1024	OK
 544	     0	75.5	106.1	1017	OK
 545	     0	76.3	105.1	1024	OK
 546	     0	79.9	112.1	1020	OK
 547	     0	76.2	106.4	1017	OK
 548	     0	77.4	104.7	1011	OK
 549	     0	78.0	105.1	1026	OK
 550	     0	75.0	104.4	1024	OK
 551	     0	77.7	104.2	 994	OK
 552	     0	74.8	103.8	1018	OK
 553	     0	75.3	105.1	1013	OK
 554	     0	77.5	104.6	1024	OK
 555	     0	75.1	105.0	1008	OK
 556	     0	76.6	106.6	1015	OK
 557	     0	75.6	104.5	1021	OK
 558	     0	72.6	104.3	1011	OK
 559	     0	77.6	108.8	1012	OK
 560	     0	76.0	103.7	1012	OK
 561	     0	79.8	110.9	1013	OK
 562	     0	77.7	105.8	1000	OK
 563	     0	75.6	106.7	1004	OK
 564	     0	73.5	102.5	1024	OK
 565	     0	75.0	103.0	1013	OK
 566	     0	77.0	105.0	1027	OK
 567	     0	76.4	105.4	1002	OK
 568	     0	76.3	106.7	1024	OK
 569	     0	76.6	107.2	1013	OK
 570	     0	73.9	105.3	1012	OK
 571	     0	74.8	102.5	1025	OK
 572	     0	77.4	106.4	 987	OK
 573	     0	74.0	103.4	1020	OK
 574	     0	77.2	104.7	1030	OK
 575	     0	76.5	105.7	1026	OK
 576	     0	80.5	107.7	1020	OK
 577	     0	77.5	107.5	1016	OK
 578	     0	78.3	106.9	1041	OK
 579	     0	78.1	108.3	1025	OK
 580	     0	74.1	102.9	1018	OK
 581	     0	77.1	104.3	1041	OK
 582	     0	78.1	106.0	1009	OK
 583	     0	74.7	105.4	1027	OK
 584	     0	77.0	106.5	1029	OK
 585	     0	75.2	104.4	1036	OK
 586	     0	75.1	103.5	1024	OK
 587	     0	76.8	104.8	1007	OK
 588	     0	74.6	104.6	1040	OK
 589	     0	75.6	103.8	1010	OK
 590	     0	75.9	104.4	1052	OK
 591	     0	77.7	107.6	1037	OK
 592	     0	75.0	104.7	1015	OK
 593	     0	73.9	100.3	1032	OK
 594	     0	77.7	106.1	1034	OK
 595	     0	78.0	108.7	1044	OK
 596	     0	77.7	108.7	1045	OK
 597	     0	76.0	105.5	1030	OK
 598	     0	77.6	105.8	1047	OK
 599	     0	74.5	103.3	1053	OK
 600	     0	77.4	107.9	1042	OK
 601	     0	76.0	106.5	1066	OK
 602	     0	77.0	106.1	1044	OK
 603	     0	80.2	106.7	1064	OK
 604	     0	77.1	104.9	1063	OK
 605	     0	77.4	105.2	1074	OK
 606	     0	77.4	105.2	1042	OK
 607	     0	77.6	107.0	1068	OK
 608	     0	76.4	104.8	1066	OK
 609	     0	76.5	106.1	1058	OK
 610	  4000	76.4	104.5	1079	high noise
 611	     0	78.8	107.5	1075	OK
 612	     0	77.1	105.9	1057	OK
 613	  4000	78.4	107.5	1077	high noise
 614	  4000	74.9	103.3	1079	high noise
 615	     0	76.4	104.9	1073	OK
 616	  4000	78.4	104.5	1082	high noise
 617	  4000	79.8	106.8	1082	high noise
 618	  4000	77.6	104.2	1086	high noise
 619	  4000	76.7	106.6	1096	high noise
 620	     0	76.9	107.3	1076	OK
 621	  4000	78.2	107.0	1091	high noise
 622	  4000	76.0	104.4	1078	high noise
 623	  4000	77.7	105.1	1080	high noise
 624	     0	78.4	105.5	1075	OK
 625	     0	77.7	107.2	1075	OK
 626	  4000	77.9	107.4	1107	high noise
 627	  4000	76.9	105.7	1077	high noise
 628	  4000	78.8	109.3	1079	high noise
 629	     0	77.5	105.4	1073	OK
 630	     0	77.4	103.3	1073	OK
 631	  4000	79.1	107.1	1091	high noise
 632	  4000	77.3	104.1	1084	high noise
 633	  4000	79.3	108.4	1098	high noise
 634	  4000	78.3	106.7	1109	high noise
 635	  4000	76.8	104.4	1102	high noise
 636	  4000	80.0	110.8	1095	high noise
 637	  4000	77.3	104.4	1112	high noise
 638	  4000	79.7	106.8	1102	high noise
 639	  4000	79.4	108.4	1121	high noise
 640	     0	78.7	106.4	1085	OK
 641	     0	79.9	106.2	1043	OK
 642	     0	77.0	106.0	1062	OK
 643	     0	77.4	105.8	1061	OK
 644	     0	78.2	106.3	1077	OK
 645	     0	77.1	103.6	1073	OK
 646	     0	77.6	106.7	1071	OK
 647	     0	76.8	105.8	1062	OK
 648	     0	77.4	105.9	1046	OK
 649	     0	76.7	106.8	1073	OK
 650	     0	78.3	107.1	1069	OK
 651	     0	76.6	107.4	1074	OK
 652	     0	74.1	100.9	1070	OK
 653	     0	76.8	106.3	1081	OK
 654	     0	76.8	106.3	1085	OK
 655	     0	78.3	106.9	1060	OK
 656	     0	76.0	104.3	1063	OK
 657	     0	78.5	108.0	1049	OK
 658	     0	77.2	107.3	1067	OK
 659	     0	74.1	103.4	1035	OK
 660	     0	78.5	108.2	1058	OK
 661	     0	79.1	108.9	1064	OK
 662	     0	76.3	103.6	1075	OK
 663	     0	78.3	107.3	1049	OK
 664	     0	79.2	108.4	1065	OK
 665	     0	74.8	103.4	1045	OK
 666	     0	75.6	104.1	1064	OK
 667	     0	77.8	108.6	1073	OK
 668	     0	75.3	106.0	1058	OK
 669	     0	76.2	103.9	1065	OK
 670	     0	76.0	104.9	1082	OK
 671	     0	75.4	102.5	1059	OK
 672	     0	77.1	105.9	1044	OK
 673	     0	77.7	105.9	1058	OK
 674	     0	78.0	105.6	1059	OK
 675	     0	78.8	106.4	1072	OK
 676	     0	79.9	110.1	1040	OK
 677	     0	79.2	108.1	1063	OK
 678	     0	76.2	106.0	1070	OK
 679	     0	76.8	106.2	1068	OK
 680	     0	77.5	106.2	1051	OK
 681	     0	75.5	104.8	1057	OK
 682	     0	76.7	107.4	1058	OK
 683	     0	75.9	104.1	1065	OK
 684	     0	76.4	107.6	1066	OK
 685	     0	80.0	106.6	1058	OK
 686	     0	77.4	105.4	1049	OK
 687	     0	77.4	103.8	1068	OK
 688	     0	76.3	106.6	1057	OK
 689	     0	76.0	106.1	1050	OK
 690	     0	75.5	104.2	1052	OK
 691	     0	76.9	106.4	1046	OK
 692	     0	77.7	106.4	1049	OK
 693	     0	77.1	106.5	1062	OK
 694	     0	75.9	103.9	1064	OK
 695	     0	74.6	102.7	1000	OK
 696	     0	76.1	102.7	1056	OK
 697	     0	77.8	105.6	1047	OK
 698	     0	74.9	103.8	1052	OK
 699	     0	76.3	104.6	1068	OK
 700	     0	76.2	103.8	1044	OK
 701	     0	77.9	105.3	1042	OK
 702	     0	78.4	106.7	1054	OK
 703	     0	75.5	105.7	1037	OK
 704	     0	77.7	108.7	1042	OK
 705	     0	77.2	105.2	1034	OK
 706	     0	74.0	102.4	1035	OK
 707	     0	76.4	105.8	1030	OK
 708	     0	78.9	107.0	1045	OK
 709	     0	77.1	105.9	1053	OK
 710	     0	76.1	105.4	1051	OK
 711	     0	78.7	105.0	1029	OK
 712	     0	77.4	105.7	1030	OK
 713	     0	76.7	106.5	1017	OK
 714	     0	78.6	108.1	1025	OK
 715	     0	78.5	108.3	1027	OK
 716	     0	77.8	107.1	1052	OK
 717	     0	78.9	108.6	1028	OK
 718	     0	75.8	104.0	1054	OK
 719	     0	78.9	105.2	1026	OK
 720	     0	81.0	107.3	1051	OK
 721	     0	75.6	103.5	1053	OK
 722	     0	79.9	107.0	1014	OK
 723	     0	77.0	106.5	1023	OK
 724	     0	79.4	105.5	1062	OK
 725	     0	78.2	106.2	1046	OK
 726	     0	76.6	103.6	1042	OK
 727	     0	76.8	105.7	1039	OK
 728	     0	77.1	104.4	1044	OK
 729	     0	74.7	101.9	1025	OK
 730	     0	77.2	105.8	1047	OK
 731	     0	77.0	106.8	1054	OK
 732	     0	76.3	106.4	1027	OK
 733	     0	75.0	104.4	1047	OK
 734	     0	76.4	104.6	1047	OK
 735	     0	77.4	105.4	1027	OK
 736	     0	78.5	107.4	1034	OK
 737	     0	75.7	104.6	1038	OK
 738	     0	79.5	110.0	1040	OK
 739	     0	78.5	108.6	1037	OK
 740	     0	77.9	106.7	1054	OK
 741	     0	76.0	105.2	1033	OK
 742	     0	76.2	103.5	1052	OK
 743	     0	76.4	106.8	1041	OK
 744	     0	79.4	107.2	1048	OK
 745	     0	76.8	105.1	1040	OK
 746	     0	78.5	105.3	1020	OK
 747	     0	78.0	107.8	1042	OK
 748	     0	79.7	109.8	1051	OK
 749	     0	78.5	106.1	1051	OK
 750	     0	78.7	106.6	1024	OK
 751	     0	76.3	102.7	1043	OK
 752	     0	79.7	110.2	1040	OK
 753	     0	79.1	108.6	1026	OK
 754	     0	79.8	106.8	1044	OK
 755	     0	79.5	109.0	1048	OK
 756	     0	74.7	101.4	1049	OK
 757	     0	80.3	107.6	1032	OK
 758	     0	77.4	106.5	1025	OK
 759	     0	77.6	106.8	1037	OK
 760	     0	80.0	111.0	1031	OK
 761	     0	77.9	111.3	1033	OK
 762	     0	78.1	107.7	1065	OK
 763	     0	79.3	108.5	1053	OK
 764	     0	78.1	105.1	1066	OK
 765	     0	77.2	107.4	1067	OK
 766	     0	79.8	108.1	1035	OK
 767	     0	77.9	107.6	1062	OK
 768	     0	77.5	106.6	1096	OK
 769	     0	78.8	107.9	1112	OK
 770	     0	77.8	105.0	1113	OK
 771	     0	74.8	105.3	1091	OK
 772	     0	75.0	102.2	1120	OK
 773	     0	76.3	104.4	1111	OK
 774	     0	76.5	105.1	1107	OK
 775	     0	76.0	104.3	1091	OK
 776	     0	77.7	104.5	1111	OK
 777	     0	76.0	104.3	1099	OK
 778	     0	74.6	100.8	1105	OK
 779	     0	76.0	104.7	1104	OK
 780	     0	76.7	103.6	1129	OK
 781	     0	76.6	104.1	1106	OK
 782	     0	72.2	100.6	1098	OK
 783	     0	75.3	101.6	1117	OK
 784	     0	72.6	101.2	1095	OK
 785	     0	74.7	103.9	1097	OK
 786	     0	78.4	108.8	1110	OK
 787	     0	76.0	104.0	1124	OK
 788	     0	73.9	103.5	1114	OK
 789	     0	75.8	104.1	1101	OK
 790	     0	75.3	105.2	1120	OK
 791	     0	72.4	101.6	1114	OK
 792	     0	76.9	104.8	1106	OK
 793	     0	76.1	102.4	1105	OK
 794	     0	76.0	106.0	1107	OK
 795	     0	75.2	102.6	1082	OK
 796	     0	78.9	106.5	1109	OK
 797	     0	75.9	104.2	1094	OK
 798	     0	76.6	102.3	1089	OK
 799	     0	74.0	102.3	1108	OK
 800	     0	76.0	104.5	1109	OK
 801	     0	78.2	104.1	1090	OK
 802	     0	75.3	106.2	1132	OK
 803	     0	75.2	102.9	1098	OK
 804	     0	74.6	105.7	1110	OK
 805	     0	74.4	102.1	1086	OK
 806	     0	74.6	104.4	1104	OK
 807	     0	73.6	102.0	1107	OK
 808	     0	72.9	102.2	1110	OK
 809	     0	73.1	100.3	1120	OK
 810	     0	74.4	104.7	1138	OK
 811	     0	75.0	103.5	1119	OK
 812	     0	75.3	104.4	1114	OK
 813	     0	71.1	97.7	1121	OK
 814	     0	73.0	102.3	1155	OK
 815	     0	72.7	101.0	1107	OK
 816	     0	74.2	101.9	1133	OK
 817	     0	73.2	102.9	1112	OK
 818	     0	73.2	102.5	1146	OK
 819	     0	74.1	103.1	1105	OK
 820	     0	72.6	99.7	1144	OK
 821	     0	72.4	100.9	1123	OK
 822	     0	78.0	104.4	1110	OK
 823	     0	73.6	101.5	1134	OK
 824	     0	75.8	103.7	1094	OK
 825	     0	74.7	102.0	1118	OK
 826	     0	75.4	106.2	1119	OK
 827	     0	75.2	102.9	1109	OK
 828	     0	76.6	106.4	1119	OK
 829	     0	75.1	102.4	1108	OK
 830	     0	76.4	104.4	1109	OK
 831	     0	74.3	102.6	1122	OK
 832	     0	75.8	104.3	1126	OK
 833	     0	74.1	102.4	1119	OK
 834	     0	75.9	105.8	1104	OK
 835	     0	75.1	102.1	1107	OK
 836	     0	75.8	106.2	1112	OK
 837	     0	73.6	102.6	1119	OK
 838	     0	76.3	105.8	1115	OK
 839	     0	75.8	103.1	1097	OK
 840	     0	76.0	104.4	1119	OK
 841	     0	77.2	103.5	1123	OK
 842	     0	74.5	104.5	1101	OK
 843	     0	77.1	106.1	1102	OK
 844	     0	72.8	98.8	1131	OK
 845	     0	77.5	106.7	1120	OK
 846	     0	75.6	105.3	1111	OK
 847	     0	75.8	103.6	1137	OK
 848	     0	75.4	103.9	1125	OK
 849	     0	73.8	102.8	1115	OK
 850	     0	76.5	103.8	1123	OK
 851	     0	76.3	104.6	1110	OK
 852	     0	74.3	99.9	1131	OK
 853	     0	77.4	103.6	1135	OK
 854	     0	77.3	104.2	1126	OK
 855	     0	75.4	103.3	1104	OK
 856	     0	78.2	107.1	1121	OK
 857	     0	73.8	104.1	1122	OK
 858	     0	74.6	103.6	1111	OK
 859	     0	76.3	104.6	1141	OK
 860	     0	73.1	101.5	1123	OK
 861	     0	75.1	104.2	1123	OK
 862	     0	76.4	105.0	1115	OK
 863	     0	74.5	103.1	1096	OK
 864	     0	77.0	106.6	1106	OK
 865	     0	76.6	102.9	1123	OK
 866	     0	76.7	104.4	1089	OK
 867	     0	75.4	105.5	1085	OK
 868	     0	76.0	103.6	1103	OK
 869	     0	74.5	102.7	1083	OK
 870	     0	73.9	103.0	1118	OK
 871	     0	76.5	101.5	1098	OK
 872	     0	74.5	104.7	1083	OK
 873	     0	76.2	103.4	1101	OK
 874	     0	74.5	101.6	1101	OK
 875	     0	73.6	102.4	1109	OK
 876	     0	76.5	105.1	1114	OK
 877	     0	73.9	103.8	1108	OK
 878	     0	76.3	103.4	1082	OK
 879	     0	73.5	102.3	1097	OK
 880	     0	73.3	104.9	1119	OK
 881	     0	75.1	101.2	1110	OK
 882	     0	76.2	104.5	1095	OK
 883	     0	73.0	101.8	1134	OK
 884	     0	75.4	102.2	1101	OK
 885	     0	74.4	102.6	1104	OK
 886	     0	76.2	103.4	1116	OK
 887	     0	76.8	102.6	1108	OK
 888	     0	75.0	104.0	1101	OK
 889	     0	76.0	103.9	1112	OK
 890	     0	77.5	104.7	1086	OK
 891	     0	76.4	106.2	1110	OK
 892	     0	74.4	101.4	1122	OK
 893	     0	74.1	100.4	1115	OK
 894	     0	76.7	105.1	1114	OK
 895	     0	77.6	107.1	1101	OK
 896	     0	75.7	102.0	1114	OK
 897	     0	78.2	105.1	1119	OK
 898	     0	75.5	103.3	1108	OK
 899	     0	77.1	103.3	1123	OK
 900	     0	74.2	101.0	1123	OK
 901	     0	76.6	102.4	1126	OK
 902	     0	76.7	104.8	1129	OK
 903	     0	75.8	103.9	1122	OK
 904	  4000	73.4	100.0	1147	high noise
 905	     0	75.7	103.0	1107	OK
 906	  4000	74.5	103.5	1151	high noise
 907	     0	75.4	104.6	1135	OK
 908	     0	74.2	103.7	1133	OK
 909	     0	73.7	102.6	1127	OK
 910	  4000	73.0	103.2	1155	high noise
 911	  4000	75.1	104.2	1145	high noise
 912	     0	72.9	100.8	1114	OK
 913	  4000	77.0	105.2	1140	high noise
 914	     0	74.1	104.3	1129	OK
 915	     0	77.1	105.8	1106	OK
 916	     0	75.3	102.4	1130	OK
 917	     0	72.6	100.1	1132	OK
 918	     0	75.3	105.8	1119	OK
 919	     0	75.4	104.1	1107	OK
 920	     0	72.8	98.9	1113	OK
 921	     0	73.3	99.8	1105	OK
 922	     0	75.5	104.9	1112	OK
 923	     0	76.3	103.9	1107	OK
 924	     0	77.0	103.4	1103	OK
 925	     0	75.8	105.7	1094	OK
 926	     0	76.3	104.7	1114	OK
 927	     0	77.3	107.2	1104	OK
 928	     0	72.4	100.5	1125	OK
 929	     0	74.0	104.8	1097	OK
 930	     0	77.2	104.3	1099	OK
 931	     0	72.7	102.3	1104	OK
 932	     0	75.6	102.1	1090	OK
 933	     0	74.6	103.8	1090	OK
 934	     0	75.0	103.6	1097	OK
 935	     0	77.6	104.8	1115	OK
 936	     0	74.8	102.2	1136	OK
 937	     0	75.1	103.6	1129	OK
 938	     0	75.0	106.5	1106	OK
 939	     0	77.8	106.8	1122	OK
 940	     0	74.4	105.4	1099	OK
 941	     0	74.0	101.6	1101	OK
 942	     0	72.5	99.2	1115	OK
 943	     0	74.8	103.2	1114	OK
 944	     0	74.1	101.9	1095	OK
 945	     0	73.7	102.5	1088	OK
 946	     0	73.1	102.9	1075	OK
 947	     0	74.0	104.4	1049	OK
 948	     0	75.8	104.9	1058	OK
 949	     0	73.2	103.1	1065	OK
 950	     0	76.7	103.7	1065	OK
 951	     0	76.1	103.9	1044	OK
 952	     0	75.9	101.8	1061	OK
 953	     0	75.5	105.6	1068	OK
 954	     0	73.3	104.5	1060	OK
 955	     0	75.6	102.3	1064	OK
 956	     0	74.3	104.3	1074	OK
 957	     0	73.4	101.3	1048	OK
 958	     0	77.2	104.9	1083	OK
 959	     0	76.2	105.4	1070	OK
 960	     0	77.7	105.2	1051	OK
 961	     0	77.5	108.1	1038	OK
 962	     0	76.5	104.9	1081	OK
 963	     0	79.0	108.5	1067	OK
 964	     0	75.3	105.9	1067	OK
 965	     0	74.4	102.9	1053	OK
 966	     0	76.8	102.6	1054	OK
 967	     0	74.6	103.5	1059	OK
 968	     0	76.4	105.9	1050	OK
 969	     0	76.4	104.4	1047	OK
 970	     0	74.5	103.4	1085	OK
 971	     0	76.0	106.1	1046	OK
 972	     0	75.7	103.6	1060	OK
 973	     0	75.3	104.6	1061	OK
 974	     0	74.8	105.2	1047	OK
 975	     0	76.4	107.2	1060	OK
 976	     0	77.3	108.3	1032	OK
 977	     0	75.1	103.1	1039	OK
 978	     0	73.3	101.2	1055	OK
 979	     0	75.0	104.1	1056	OK
 980	     0	76.4	106.2	1050	OK
 981	     0	73.5	103.1	1050	OK
 982	     0	77.1	102.8	1066	OK
 983	     0	74.6	105.2	1052	OK
 984	     0	76.8	104.7	1054	OK
 985	     0	74.4	102.7	1034	OK
 986	     0	73.9	103.2	1045	OK
 987	     0	76.1	104.0	1051	OK
 988	     0	74.6	102.5	1043	OK
 989	     0	74.5	104.7	1048	OK
 990	     0	75.2	105.9	1049	OK
 991	     0	77.5	104.7	1066	OK
 992	     0	74.8	101.5	1049	OK
 993	     0	75.5	104.5	1055	OK
 994	     0	74.0	101.8	1047	OK
 995	     0	76.2	105.0	1042	OK
 996	     0	79.1	107.4	1004	OK
 997	     0	77.3	104.4	1039	OK
 998	     0	76.2	105.7	1024	OK
 999	     0	73.0	102.2	1028	OK
1000	     0	77.5	106.6	1034	OK
1001	     0	79.5	111.5	1029	OK
1002	     0	76.3	103.9	1027	OK
1003	     0	76.9	103.2	1036	OK
1004	     0	77.1	103.6	1017	OK
1005	     0	76.8	107.7	1042	OK
1006	     0	76.2	104.0	1027	OK
1007	     0	77.3	108.0	1041	OK
1008	     0	76.6	108.0	1035	OK
1009	     0	75.0	103.4	1038	OK
1010	     0	77.1	105.6	1039	OK
1011	     0	78.1	104.5	1030	OK
1012	     0	77.3	105.3	1023	OK
1013	     0	76.7	104.1	1033	OK
1014	     0	79.0	109.9	1035	OK
1015	     0	78.5	105.2	1019	OK
1016	     0	80.4	108.1	1048	OK
1017	     0	75.5	103.8	1007	OK
1018	     0	77.8	104.2	1027	OK
1019	     0	79.3	107.0	1028	OK
1020	     0	78.6	108.8	1011	OK
1021	     0	78.4	106.7	1033	OK
1022	     0	80.2	108.9	1019	OK
1023	     0	77.1	105.1	1038	OK
1024	     0	77.1	106.5	 998	OK
1025	     0	79.6	108.0	1005	OK
1026	     0	79.7	111.3	1034	OK
1027	     0	78.4	109.1	1022	OK
1028	     0	77.5	108.2	1028	OK
1029	     0	79.8	110.1	1015	OK
1030	     0	79.6	110.5	1013	OK
1031	     0	80.4	110.7	1020	OK
1032	     0	78.6	110.9	1024	OK
1033	     0	74.2	104.3	1050	OK
1034	     0	76.9	107.4	1014	OK
1035	     0	79.2	108.6	1003	OK
1036	     0	78.9	109.4	1016	OK
1037	     0	78.7	106.2	1033	OK
1038	     0	81.1	110.5	1023	OK
1039	     0	78.3	109.0	1024	OK
1040	     0	78.6	106.3	1019	OK
1041	     0	76.1	105.1	1026	OK
1042	     0	76.2	104.3	1036	OK
1043	     0	79.4	108.6	1012	OK
1044	     0	78.9	107.6	1024	OK
1045	     0	78.3	109.0	1027	OK
1046	     0	79.6	108.4	1026	OK
1047	     0	74.9	104.8	1017	OK
1048	     0	79.4	107.2	1022	OK
1049	     0	76.5	107.1	1021	OK
1050	     0	77.1	108.6	1017	OK
1051	     0	74.5	103.8	1034	OK
1052	     0	76.6	107.3	1036	OK
1053	     0	79.2	106.5	1021	OK
1054	     0	78.8	109.3	1018	OK
1055	     0	77.5	106.0	1012	OK
1056	     0	79.0	109.8	1034	OK
1057	     0	78.4	107.1	1026	OK
1058	     0	77.8	107.1	1032	OK
1059	     0	79.4	109.1	1042	OK
1060	     0	77.6	108.2	1012	OK
1061	     0	76.1	107.9	1019	OK
1062	     0	76.5	103.4	1020	OK
1063	     0	76.2	104.6	1019	OK
1064	     0	72.6	101.3	1032	OK
1065	     0	75.7	107.1	1035	OK
1066	     0	79.1	105.4	1039	OK
1067	     0	78.0	104.3	1015	OK
1068	     0	74.2	103.7	1031	OK
1069	     0	78.5	108.6	1058	OK
1070	     0	78.4	109.3	1020	OK
1071	     0	77.5	105.7	1019	OK
1072	     0	76.1	105.4	1038	OK
1073	     0	75.9	104.9	1044	OK
1074	     0	78.9	110.1	1035	OK
1075	     0	76.7	106.3	1052	OK
1076	     0	73.5	100.5	1032	OK
1077	     0	75.3	104.4	1025	OK
1078	     0	76.5	103.9	1036	OK
1079	     0	76.2	104.4	1035	OK
1080	     0	73.6	102.9	1035	OK
1081	     0	76.9	107.4	1032	OK
1082	     0	77.8	106.8	1045	OK
1083	     0	75.8	104.7	1043	OK
1084	     0	76.2	107.9	1033	OK
1085	     0	74.0	102.7	1008	OK
1086	     0	76.1	104.6	1047	OK
1087	     0	78.5	107.5	1020	OK
1088	     0	77.9	108.6	1013	OK
1089	     0	79.6	108.6	1052	OK
1090	     0	74.4	102.7	1031	OK
1091	     0	77.2	106.0	1030	OK
1092	     0	75.1	105.0	1036	OK
1093	     0	75.6	105.9	1035	OK
1094	     0	75.4	106.0	1037	OK
1095	     0	74.2	102.6	1028	OK
1096	     0	70.6	98.9	1054	OK
1097	     0	74.9	103.8	1026	OK
1098	     0	75.8	106.2	1031	OK
1099	     0	77.9	105.6	1035	OK
1100	     0	76.6	106.3	1036	OK
1101	     0	79.5	109.8	1051	OK
1102	     0	74.6	104.4	1035	OK
1103	     0	77.0	106.5	1042	OK
1104	     0	76.7	107.5	1043	OK
1105	     0	76.8	105.7	1056	OK
1106	     0	78.8	106.4	1017	OK
1107	     0	75.9	104.9	1033	OK
1108	     0	75.9	106.0	1026	OK
1109	     0	74.4	103.6	1024	OK
1110	     0	72.4	101.4	1022	OK
1111	     0	73.3	102.0	1056	OK
1112	     0	77.3	105.4	1022	OK
1113	     0	75.9	103.1	1053	OK
1114	     0	75.0	105.0	1033	OK
1115	     0	77.2	106.6	1020	OK
1116	     0	74.4	103.6	1026	OK
1117	     0	73.9	102.5	1044	OK
1118	     0	74.7	104.8	1022	OK
1119	     0	75.6	105.2	1034	OK
1120	     0	76.6	106.2	1006	OK
1121	     0	76.9	106.7	1029	OK
1122	     0	75.4	102.4	1032	OK
1123	     0	72.6	100.9	1051	OK
1124	     0	74.2	104.5	1042	OK
1125	     0	74.9	105.6	1052	OK
1126	     0	76.1	106.5	1002	OK
1127	     0	75.7	105.9	1030	OK
1128	     0	75.8	105.8	1031	OK
1129	     0	77.1	105.5	1036	OK
1130	     0	76.1	103.2	1003	OK
1131	     0	75.6	104.6	1015	OK
1132	     0	74.6	105.3	1050	OK
1133	     0	75.9	104.9	1041	OK
1134	     0	75.3	102.7	1018	OK
1135	     0	77.6	104.9	1045	OK
1136	     0	77.0	107.6	1031	OK
1137	     0	76.4	105.6	1033	OK
1138	     0	78.2	108.3	1021	OK
1139	     0	77.2	105.0	1045	OK
1140	     0	76.2	105.1	1037	OK
1141	     0	78.6	106.9	1019	OK
1142	     0	78.2	103.2	1024	OK
1143	     0	77.9	107.1	1012	OK
1144	     0	75.3	104.5	1029	OK
1145	     0	77.0	106.7	1020	OK
1146	     0	76.6	108.7	1031	OK
1147	     0	74.8	103.3	1003	OK
1148	     0	77.3	105.5	1033	OK
1149	     0	74.3	103.4	1039	OK
1150	     0	80.4	111.4	1034	OK
1151	     0	76.3	105.6	1021	OK
1152	     0	77.1	105.1	1035	OK
1153	     0	76.5	106.7	1021	OK
1154	     0	71.1	100.6	1008	OK
1155	     0	74.6	104.9	1031	OK
1156	     0	76.9	108.1	 995	OK
1157	     0	74.0	102.5	1008	OK
1158	     0	74.2	103.9	1035	OK
1159	     0	73.1	101.3	1034	OK
1160	     0	75.8	104.3	1021	OK
1161	     0	74.6	104.5	1013	OK
1162	     0	75.6	106.1	1014	OK
1163	     0	75.9	104.7	1027	OK
1164	     0	75.6	104.1	1009	OK
1165	     0	78.3	105.1	1050	OK
1166	     0	71.6	101.9	1043	OK
1167	     0	73.6	104.5	1005	OK
1168	     0	76.1	104.4	1053	OK
1169	     0	73.6	103.7	1020	OK
1170	     0	73.1	103.5	1026	OK
1171	     0	75.3	102.2	1024	OK
1172	     0	75.6	103.7	1033	OK
1173	     0	76.8	105.3	1023	OK
1174	     0	75.0	105.1	1030	OK
1175	     0	73.4	105.1	1029	OK
1176	     0	75.2	103.7	1009	OK
1177	     0	74.9	104.3	1018	OK
1178	     0	74.2	104.3	 986	OK
1179	     0	77.3	106.2	1030	OK
1180	     0	72.8	101.8	1021	OK
1181	     0	74.9	102.6	1030	OK
1182	     0	74.0	102.7	1020	OK
1183	     0	75.7	105.6	1052	OK
1184	     0	71.5	101.9	1017	OK
1185	     0	72.8	101.9	1044	OK
1186	     0	76.1	105.3	1055	OK
1187	     0	74.6	103.1	1039	OK
1188	     0	74.2	104.3	1031	OK
1189	     0	74.4	102.2	1021	OK
1190	     0	74.7	104.2	1031	OK
1191	     0	76.1	105.3	1026	OK
1192	     0	75.8	104.4	1039	OK
1193	     0	75.3	105.7	1041	OK
1194	     0	75.7	105.0	1029	OK
1195	     0	75.0	104.0	1017	OK
1196	     0	76.1	104.4	1009	OK
1197	     0	74.5	102.8	1023	OK
1198	     0	75.0	104.7	1023	OK
1199	     0	73.9	104.2	1036	OK
1200	     0	72.0	102.6	1042	OK
1201	     0	74.4	102.8	1022	OK
1202	     0	72.7	101.6	1028	OK
1203	     0	76.2	104.4	1028	OK
1204	     0	77.7	107.4	1037	OK
1205	     0	74.3	104.3	1063	OK
1206	     0	74.0	103.3	1045	OK
1207	     0	75.4	105.8	1007	OK
1208	     0	75.2	102.8	1010	OK
1209	     0	73.9	105.4	1028	OK
1210	     0	73.5	103.2	1021	OK
1211	     0	76.1	107.3	1014	OK
1212	     0	73.2	103.3	1009	OK
1213	     0	75.3	103.5	1033	OK
1214	     0	75.2	104.2	1030	OK
1215	     0	75.8	107.1	1024	OK
1216	     0	75.0	103.8	1040	OK
1217	     0	72.5	100.7	1016	OK
1218	     0	76.9	106.5	1022	OK
1219	     0	75.3	104.3	1014	OK
1220	     0	76.1	104.6	1014	OK
1221	     0	75.1	103.8	1011	OK
1222	     0	74.4	104.5	1021	OK
1223	     0	78.7	107.9	 997	OK
1224	     0	75.7	103.1	1006	OK
1225	     0	76.6	105.5	 997	OK
1226	     0	75.6	104.1	 999	OK
1227	     0	78.1	108.3	1012	OK
1228	     0	75.5	104.4	1011	OK
1229	     0	73.4	102.1	1003	OK
1230	     0	74.6	103.2	1025	OK
1231	     0	75.7	105.2	 989	OK
1232	     0	77.3	107.4	1006	OK
1233	     0	75.9	102.7	1004	OK
1234	     0	73.5	102.3	1019	OK
1235	     0	76.2	104.1	1015	OK
1236	     0	76.3	103.4	 997	OK
1237	     0	72.5	100.3	1002	OK
1238	     0	74.4	103.8	1024	OK
1239	     0	75.9	105.2	 995	OK
1240	     0	71.8	101.3	1002	OK
1241	     0	79.1	108.6	 998	OK
1242	     0	77.6	107.6	1010	OK
1243	     0	76.2	102.5	 983	OK
1244	     0	79.1	105.8	 979	OK
1245	     0	77.3	105.7	1026	OK
1246	     0	74.8	104.1	 996	OK
1247	     0	74.7	103.5	 986	OK
1248	     0	75.2	105.3	1002	OK
1249	     0	74.0	103.8	1028	OK
1250	     0	74.4	104.2	 987	OK
1251	     0	75.6	103.4	1008	OK
1252	     0	75.9	105.0	 986	OK
1253	     0	74.2	104.5	1001	OK
1254	     0	72.6	100.5	1003	OK
1255	     0	75.2	104.2	 990	OK
1256	     0	74.5	106.7	 977	OK
1257	     0	76.3	104.7	1006	OK
1258	     0	71.7	101.8	 981	OK
1259	     0	75.3	103.6	 996	OK
1260	     0	74.0	102.4	 991	OK
1261	     0	75.8	105.1	1006	OK
1262	     0	73.8	102.6	 997	OK
1263	     0	75.3	105.4	1012	OK
1264	     0	75.9	104.5	1006	OK
1265	     0	74.1	104.0	1009	OK
1266	     0	77.0	104.8	 991	OK
1267	     0	72.3	100.9	 973	OK
1268	     0	77.0	106.7	1010	OK
1269	     0	73.8	101.4	 997	OK
1270	     0	75.5	104.6	 971	OK
1271	     0	77.7	108.7	 999	OK
1272	     0	78.1	106.1	 994	OK
1273	     0	76.4	107.6	1009	OK
1274	     0	74.9	102.4	1000	OK
1275	     0	77.2	105.8	1008	OK
1276	     0	79.8	108.7	 984	OK
1277	     0	79.5	107.7	1013	OK
1278	     0	75.4	103.6	1003	OK
1279	   200	82.8	108.1	1077	high gain
1280	  4000	83.4	108.2	1064	high noise
1281	   200	83.9	112.7	1022	high gain
1282	     0	78.3	106.3	1020	OK
1283	     0	78.1	107.7	1005	OK
1284	     0	79.2	106.7	 998	OK
1285	     0	81.2	110.7	 999	OK
1286	     0	78.2	108.9	 994	OK
1287	     0	79.4	109.1	 994	OK
1288	     0	77.9	106.7	1025	OK
1289	     0	76.6	106.6	 992	OK
1290	     0	80.5	110.4	 996	OK
1291	     0	80.8	109.7	 995	OK
1292	     0	77.9	107.0	1000	OK
1293	     0	78.0	107.7	 987	OK
1294	     0	77.9	109.1	 994	OK
1295	     0	75.9	107.2	1006	OK
1296	     0	78.0	107.5	 988	OK
1297	     0	77.9	108.1	 992	OK
1298	     0	76.6	102.7	1006	OK
1299	     0	78.7	108.2	 998	OK
1300	     0	77.6	105.8	 994	OK
1301	     0	78.3	107.3	 981	OK
1302	     0	77.6	106.8	 986	OK
1303	     0	76.6	103.1	 997	OK
1304	     0	78.4	109.0	1002	OK
1305	     0	76.2	106.9	 966	OK
1306	     0	75.3	104.5	1001	OK
1307	     0	78.0	106.9	1007	OK
1308	     0	76.6	104.9	 995	OK
1309	     0	78.3	107.4	 985	OK
1310	     0	80.8	109.3	1014	OK
1311	     0	78.3	107.7	 965	OK
1312	     0	75.1	103.5	 992	OK
1313	     0	78.3	106.6	 988	OK
1314	     0	79.7	109.1	1006	OK
1315	     0	77.2	106.0	 978	OK
1316	     0	77.3	106.5	1000	OK
1317	     0	76.2	106.1	 994	OK
1318	     0	76.8	105.4	1002	OK
1319	     0	78.7	107.9	 995	OK
1320	     0	76.6	103.7	1008	OK
1321	     0	81.8	108.0	 997	OK
1322	     0	79.0	106.1	 999	OK
1323	     0	79.3	107.2	 992	OK
1324	     0	77.1	106.3	1007	OK
1325	     0	76.5	106.6	 995	OK
1326	     0	78.1	107.1	 996	OK
1327	     0	76.5	106.4	 999	OK
1328	     0	78.0	106.3	 964	OK
1329	     0	79.3	107.1	1028	OK
1330	     0	78.8	108.5	1011	OK
1331	     0	76.8	105.1	1007	OK
1332	     0	79.1	109.9	1010	OK
1333	     0	78.1	106.3	1003	OK
1334	     0	75.9	105.8	 997	OK
1335	     0	78.7	106.9	 993	OK
1336	     0	78.1	107.1	1027	OK
1337	     0	78.7	107.5	 972	OK
1338	     0	76.9	107.7	1008	OK
1339	     0	77.9	108.2	1011	OK
1340	     0	76.9	106.3	1002	OK
1341	     0	75.6	105.9	 999	OK
1342	     0	78.0	107.8	1009	OK
1343	     0	78.9	109.8	 997	OK
1344	     0	76.7	105.2	1000	OK
1345	     0	78.6	107.1	1016	OK
1346	     0	77.1	108.4	1021	OK
1347	     0	78.6	108.4	 993	OK
1348	     0	77.2	104.2	1015	OK
1349	     0	78.9	106.7	1006	OK
1350	     0	79.8	110.4	1005	OK
1351	     0	76.7	106.8	1013	OK
1352	     0	78.6	105.4	1009	OK
1353	     0	79.8	108.0	 997	OK
1354	     0	79.6	105.4	1013	OK
1355	     0	75.5	105.2	1001	OK
1356	     0	76.3	106.1	 995	OK
1357	     0	77.7	105.9	 991	OK
1358	     0	76.2	105.0	1018	OK
1359	     0	77.7	109.1	 999	OK
1360	     0	78.5	108.1	1004	OK
1361	     0	74.8	103.8	1028	OK
1362	     0	79.0	107.9	1003	OK
1363	     0	77.9	106.6	 992	OK
1364	     0	79.2	106.0	1011	OK
1365	     0	78.6	106.4	1013	OK
1366	     0	76.8	107.8	 975	OK
1367	     0	77.9	106.5	 972	OK
1368	     0	73.9	103.1	 995	OK
1369	     0	80.0	108.3	1002	OK
1370	     0	79.5	107.6	1013	OK
1371	     0	80.2	110.0	 997	OK
1372	     0	76.4	106.3	1012	OK
1373	     0	78.0	105.9	1002	OK
1374	     0	76.6	104.5	1009	OK
1375	     0	76.2	105.8	1025	OK
1376	     0	77.7	106.5	1003	OK
1377	     0	76.9	104.8	 983	OK
1378	     0	77.6	108.1	 999	OK
1379	     0	76.8	106.5	1003	OK
1380	     0	75.8	103.4	 999	OK
1381	     0	79.3	108.1	 993	OK
1382	     0	79.8	108.4	 987	OK
1383	     0	80.4	107.4	1015	OK
1384	     0	77.5	107.3	 995	OK
1385	     0	79.6	108.0	1007	OK
1386	     0	79.6	107.9	1000	OK
1387	     0	75.1	105.4	 982	OK
1388	     0	79.5	108.6	 993	OK
1389	     0	78.8	107.3	 987	OK
1390	     0	77.4	107.3	1001	OK
1391	     0	79.6	109.7	 975	OK
1392	     0	78.4	107.0	 995	OK
1393	     0	77.4	107.6	1017	OK
1394	     0	78.0	105.8	 983	OK
1395	     0	77.6	104.6	 989	OK
1396	     0	78.0	108.5	1000	OK
1397	     0	77.5	107.3	 994	OK
1398	     0	78.0	106.6	1010	OK
1399	     0	76.8	104.3	1004	OK
1400	     0	79.0	107.6	 995	OK
1401	     0	81.8	110.0	 992	OK
1402	     0	79.7	108.6	 991	OK
1403	     0	78.3	106.8	 976	OK
1404	     0	78.0	105.6	1006	OK
1405	     0	77.7	106.2	1015	OK
1406	     0	81.1	112.6	 978	OK
1407	     0	79.8	108.6	1012	OK
1408	     0	76.0	106.1	 988	OK
1409	     0	78.0	105.9	 985	OK
1410	     0	78.9	106.9	1016	OK
1411	     0	77.1	105.0	 995	OK
1412	     0	77.1	105.8	1000	OK
1413	     0	76.9	105.1	1005	OK
1414	     0	76.1	104.5	1011	OK
1415	     0	77.5	108.9	 995	OK
1416	     0	77.6	106.2	 989	OK
1417	     0	77.4	103.6	 997	OK
1418	     0	78.0	109.8	1017	OK
1419	     0	76.7	103.6	 980	OK
1420	     0	77.4	106.1	 996	OK
1421	     0	77.7	105.6	 980	OK
1422	     0	75.4	106.2	 999	OK
1423	     0	77.1	103.8	 995	OK
1424	     0	75.9	103.8	1000	OK
1425	     0	76.1	106.3	 995	OK
1426	     0	75.5	104.1	1008	OK
1427	     0	74.9	105.0	1006	OK
1428	     0	74.6	104.0	 992	OK
1429	     0	75.9	103.0	 975	OK
1430	     0	75.6	104.8	 987	OK
1431	     0	76.0	105.1	 987	OK
1432	     0	75.4	106.1	 992	OK
1433	     0	74.9	102.1	 986	OK
1434	     0	78.8	106.3	 999	OK
1435	     0	76.1	105.4	 993	OK
1436	     0	77.3	105.4	 988	OK
1437	     0	75.3	105.3	 999	OK
1438	     0	75.0	103.4	1016	OK
1439	     0	75.3	103.1	 997	OK
1440	     0	75.5	103.2	 996	OK
1441	     0	78.0	106.1	1002	OK
1442	     0	76.3	107.1	 999	OK
1443	     0	74.5	104.1	 977	OK
1444	     0	75.9	104.1	1008	OK
1445	     0	78.3	105.4	1003	OK
1446	     0	78.3	105.2	1005	OK
1447	     0	77.1	104.9	 978	OK
1448	     0	77.8	105.8	 987	OK
1449	     0	75.6	102.5	 989	OK
1450	     0	75.1	104.3	1007	OK
1451	     0	75.5	103.6	 999	OK
1452	     0	75.4	103.4	1001	OK
1453	     0	74.2	104.7	 982	OK
1454	     0	73.7	102.4	1022	OK
1455	     0	74.0	103.5	 986	OK
1456	     0	75.5	104.8	 991	OK
1457	     0	76.7	106.7	 998	OK
1458	     0	75.2	101.8	1002	OK
1459	     0	76.9	104.9	 996	OK
1460	     0	76.2	106.3	 995	OK
1461	     0	78.8	108.6	 986	OK
1462	     0	75.9	106.4	 998	OK
1463	     0	76.0	105.8	 999	OK
1464	     0	73.5	103.8	 992	OK
1465	     0	75.5	101.6	1002	OK
1466	     0	75.4	104.5	1013	OK
1467	     0	74.8	101.9	 979	OK
1468	     0	78.1	106.5	 991	OK
1469	     0	76.5	106.7	1004	OK
1470	     0	77.1	107.0	1011	OK
1471	     0	77.2	105.7	 981	OK
1472	     0	78.4	106.2	1005	OK
1473	     0	74.6	101.8	 978	OK
1474	     0	76.3	104.7	1004	OK
1475	     0	76.5	104.9	1001	OK
1476	     0	75.0	105.5	 997	OK
1477	     0	77.6	104.3	1009	OK
1478	     0	78.4	108.0	1007	OK
1479	     0	77.3	108.1	 998	OK
1480	     0	79.2	110.9	 997	OK
1481	     0	78.2	106.8	 994	OK
1482	     0	77.1	105.3	1018	OK
1483	     0	75.5	105.0	1015	OK
1484	     0	77.9	107.9	 986	OK
1485	     0	78.7	107.2	1002	OK
1486	     0	76.6	106.5	 994	OK
1487	     0	74.2	103.9	 971	OK
1488	     0	78.8	106.5	 985	OK
1489	     0	77.5	106.3	1003	OK
1490	     0	80.5	107.4	 998	OK
1491	     0	78.3	106.6	 993	OK
1492	     0	77.2	108.0	 993	OK
1493	     0	76.0	105.9	 986	OK
1494	     0	80.5	109.4	 971	OK
1495	     0	78.1	105.5	 982	OK
1496	     0	75.7	103.2	 985	OK
1497	     0	75.5	104.4	1000	OK
1498	     0	78.6	106.0	1005	OK
1499	     0	77.4	107.7	 975	OK
1500	     0	77.9	105.8	 994	OK
1501	     0	78.4	105.8	1007	OK
1502	     0	75.4	105.2	1004	OK
1503	     0	74.7	105.6	 977	OK
1504	     0	77.8	108.6	1001	OK
1505	     0	76.2	103.9	1003	OK
1506	     0	78.4	106.9	 977	OK
1507	     0	82.5	108.7	 996	OK
1508	     0	75.6	105.4	1015	OK
1509	     0	73.4	103.3	1004	OK
1510	     0	76.9	106.9	1012	OK
1511	     0	78.5	106.2	 987	OK
1512	     0	78.7	107.7	 983	OK
1513	     0	79.9	106.0	 994	OK
1514	     0	81.7	109.9	 992	OK
1515	     0	79.3	108.3	1001	OK
1516	     0	80.1	110.0	 965	OK
1517	     0	75.1	101.1	 995	OK
1518	     0	78.5	108.5	 982	OK
1519	     0	78.1	105.4	 985	OK
1520	     0	77.4	105.0	 997	OK
1521	     0	79.6	106.9	 964	OK
1522	     0	76.3	103.8	 980	OK
1523	     0	76.6	105.7	 991	OK
1524	     0	78.7	108.2	 989	OK
1525	     0	78.6	108.6	 984	OK
1526	     0	78.2	108.2	 974	OK
1527	     0	81.4	110.6	 982	OK
1528	     0	76.9	105.4	 988	OK
1529	     0	81.9	110.7	 980	OK
1530	     0	78.9	105.9	 958	OK
1531	     0	79.1	107.7	 969	OK
1532	     0	78.5	106.3	 993	OK
1533	     0	77.3	103.9	 992	OK
1534	     0	77.7	107.1	 961	OK
1535	     0	79.3	105.3	 966	OK
1536	     0	80.7	112.4	 988	OK
1537	     0	79.2	108.2	 981	OK
1538	     0	80.0	109.9	1006	OK
1539	     0	80.0	108.6	 952	OK
1540	     0	79.6	110.6	 984	OK
1541	     0	79.9	108.2	 963	OK
1542	     0	80.2	111.7	1006	OK
1543	     0	78.3	108.8	 981	OK
1544	     0	80.1	109.2	 974	OK
1545	     0	78.7	109.1	 998	OK
1546	     0	77.9	106.1	 974	OK
1547	     0	80.1	109.6	 961	OK
1548	     0	81.2	111.8	 987	OK
1549	     0	79.2	107.9	 972	OK
1550	     0	80.9	110.7	 981	OK
1551	     0	78.6	107.6	 966	OK
1552	     0	78.5	107.3	 984	OK
1553	     0	80.0	111.0	 981	OK
1554	     0	81.7	108.8	 957	OK
1555	     0	79.7	112.0	 970	OK
1556	     0	77.8	106.0	 988	OK
1557	     0	78.1	104.9	 983	OK
1558	     0	82.1	113.1	 976	OK
1559	     0	78.7	107.6	 972	OK
1560	     0	80.8	111.1	 984	OK
1561	     0	77.2	104.5	 968	OK
1562	     0	79.5	109.0	 972	OK
1563	     0	80.1	109.2	 967	OK
1564	     0	77.6	107.6	 989	OK
1565	     0	79.7	108.5	 966	OK
1566	     0	76.9	105.1	 987	OK
1567	     0	79.3	107.5	 987	OK
1568	     0	76.4	107.0	 981	OK
1569	     0	80.0	109.6	 979	OK
1570	     0	77.1	108.4	1007	OK
1571	     0	77.5	105.2	 970	OK
1572	     0	79.3	108.5	 971	OK
1573	     0	79.0	109.6	 974	OK
1574	     0	77.0	107.2	 974	OK
1575	     0	80.7	112.5	1004	OK
1576	     0	77.1	110.0	 992	OK
1577	     0	80.0	110.4	 969	OK
1578	     0	79.6	107.3	 987	OK
1579	     0	78.4	106.7	 979	OK
1580	     0	76.2	105.8	 993	OK
1581	     0	80.6	111.2	 982	OK
1582	     0	78.5	108.8	 995	OK
1583	     0	78.2	106.4	 991	OK
1584	     0	78.8	107.8	 988	OK
1585	     0	78.9	107.3	 987	OK
1586	     0	77.5	105.8	 982	OK
1587	     0	81.7	110.3	 985	OK
1588	     0	78.6	108.9	 977	OK
1589	     0	81.5	111.1	 982	OK
1590	     0	78.0	108.5	 962	OK
1591	     0	80.5	111.3	 985	OK
1592	     0	79.2	110.0	 996	OK
1593	     0	80.1	108.4	1000	OK
1594	     0	79.3	109.6	 992	OK
1595	     0	79.8	109.8	1006	OK
1596	     0	76.9	107.5	 978	OK
1597	     0	79.0	109.0	 967	OK
1598	     0	79.4	109.9	 997	OK
1599	     0	79.7	108.3	 993	OK
1600	     0	80.4	109.0	 976	OK
1601	     0	78.6	107.1	 990	OK
1602	     0	77.2	108.7	 970	OK
1603	     0	79.9	110.0	 972	OK
1604	     0	76.4	105.0	 986	OK
1605	     0	81.2	111.4	 995	OK
1606	     0	76.0	107.6	 965	OK
1607	     0	77.6	107.0	 993	OK
1608	     0	77.7	107.3	 985	OK
1609	     0	77.2	106.6	 991	OK
1610	     0	78.1	105.6	 995	OK
1611	     0	76.2	106.6	 984	OK
1612	     0	77.8	106.3	 990	OK
1613	     0	76.2	107.5	 995	OK
1614	     0	78.3	107.4	 985	OK
1615	     0	78.3	108.4	 985	OK
1616	     0	80.5	111.9	 975	OK
1617	     0	78.0	105.7	 987	OK
1618	     0	80.0	108.1	 968	OK
1619	     0	76.2	106.5	 992	OK
1620	     0	78.4	106.7	 996	OK
1621	     0	77.2	107.8	 992	OK
1622	     0	79.9	108.4	 967	OK
1623	     0	80.8	109.3	 983	OK
1624	     0	80.2	110.2	 975	OK
1625	     0	78.6	108.8	 996	OK
1626	     0	77.2	106.9	 999	OK
1627	     0	79.1	109.8	 971	OK
1628	     0	80.3	112.2	 984	OK
1629	     0	77.4	105.8	 980	OK
1630	     0	77.1	105.6	 981	OK
1631	     0	79.6	107.0	 993	OK
1632	     0	76.3	106.8	 995	OK
1633	     0	79.0	107.4	 977	OK
1634	     0	79.4	111.0	 978	OK
1635	     0	78.4	110.7	 985	OK
1636	     0	78.5	106.9	 976	OK
1637	     0	78.6	110.6	 988	OK
1638	     0	77.8	106.5	 976	OK
1639	     0	75.6	106.4	1003	OK
1640	     0	78.4	110.7	 969	OK
1641	     0	78.6	110.0	 976	OK
1642	     0	78.0	108.9	 983	OK
1643	     0	76.8	106.0	1006	OK
1644	     0	77.1	109.3	 995	OK
1645	     0	75.4	104.4	 999	OK
1646	     0	78.6	107.6	 989	OK
1647	     0	77.4	109.2	 972	OK
1648	     0	76.8	107.7	 978	OK
1649	     0	77.7	108.9	 997	OK
1650	     0	77.1	104.7	 976	OK
1651	     0	78.9	109.6	 991	OK
1652	     0	77.0	106.0	 994	OK
1653	     0	78.0	109.8	 989	OK
1654	     0	77.3	108.1	 983	OK
1655	     0	77.7	109.5	1007	OK
1656	     0	77.2	104.9	 996	OK
1657	     0	80.1	110.4	 975	OK
1658	     0	77.7	106.8	 973	OK
1659	     0	77.4	106.7	 981	OK
1660	     0	80.6	110.4	 984	OK
1661	     0	77.9	107.2	 998	OK
1662	     0	77.5	106.3	 984	OK
1663	     0	80.8	110.5	 978	OK
1664	     0	78.9	106.3	 979	OK
1665	     0	81.3	109.8	 968	OK
1666	     0	80.4	108.0	 979	OK
1667	     0	79.3	106.9	1009	OK
1668	     0	79.4	107.2	 972	OK
1669	     0	78.4	106.5	 972	OK
1670	     0	77.7	106.2	 971	OK
1671	     0	78.0	107.1	 983	OK
1672	     0	75.4	104.6	 983	OK
1673	     0	73.3	100.2	 983	OK
1674	     0	77.9	106.0	 973	OK
1675	     0	76.9	105.2	 976	OK
1676	     0	75.6	103.1	 986	OK
1677	     0	76.0	103.7	 959	OK
1678	     0	77.9	107.1	 970	OK
1679	     0	74.5	104.0	 976	OK
1680	     0	76.2	105.0	 984	OK
1681	     0	77.6	105.8	 969	OK
1682	     0	77.1	105.1	 994	OK
1683	     0	74.0	103.1	 995	OK
1684	     0	76.9	104.3	 975	OK
1685	     0	77.1	107.5	 975	OK
1686	     0	79.7	106.8	 969	OK
1687	     0	76.5	102.8	 979	OK
1688	     0	79.3	107.6	 990	OK
1689	     0	80.3	110.3	 973	OK
1690	     0	76.9	106.6	 983	OK
1691	     0	77.3	104.1	 986	OK
1692	     0	78.8	108.0	 986	OK
1693	     0	78.1	105.8	 981	OK
1694	     0	77.9	106.3	 994	OK
1695	     0	76.0	105.1	 976	OK
1696	     0	77.5	105.4	 971	OK
1697	     0	73.3	103.4	 980	OK
1698	     0	78.4	106.5	 970	OK
1699	     0	77.1	106.3	 968	OK
1700	     0	76.6	105.6	 993	OK
1701	     0	76.1	105.3	 983	OK
1702	     0	76.6	106.6	 982	OK
1703	     0	78.0	104.7	 982	OK
1704	     0	75.0	102.7	 985	OK
1705	     0	77.8	104.3	 974	OK
1706	     0	77.8	104.9	1002	OK
1707	     0	76.4	106.4	 979	OK
1708	     0	76.1	104.0	 979	OK
1709	     0	75.2	102.6	 983	OK
1710	     0	75.7	104.5	 999	OK
1711	     0	76.9	103.5	1000	OK
1712	     0	76.3	104.4	 983	OK
1713	     0	77.9	106.5	 959	OK
1714	     0	76.8	108.1	 950	OK
1715	     0	77.8	103.4	 995	OK
1716	     0	77.5	108.6	 973	OK
1717	     0	78.2	106.8	 974	OK
1718	     0	78.3	106.2	1007	OK
1719	     0	80.6	108.8	 984	OK
1720	     0	79.1	107.6	 959	OK
1721	     0	76.2	106.5	1011	OK
1722	     0	77.9	108.2	 990	OK
1723	     0	77.4	106.2	 984	OK
1724	     0	79.1	106.5	 983	OK
1725	     0	78.9	107.5	 986	OK
1726	     0	76.9	105.0	 992	OK
1727	     0	78.7	104.8	 996	OK
1728	     0	75.5	105.6	 954	OK
1729	     0	78.8	107.9	 973	OK
1730	     0	79.2	106.6	 992	OK
1731	     0	79.5	108.1	 982	OK
1732	     0	77.3	104.8	1017	OK
1733	     0	81.0	109.0	 970	OK
1734	     0	77.3	105.3	 984	OK
1735	     0	78.2	105.6	 987	OK
1736	     0	77.6	106.0	 977	OK
1737	     0	77.7	106.1	 969	OK
1738	     0	76.5	105.7	 991	OK
1739	     0	77.7	105.7	 991	OK
1740	     0	75.3	104.5	 986	OK
1741	     0	78.6	106.3	 971	OK
1742	     0	77.2	104.4	 972	OK
1743	     0	76.3	104.5	 961	OK
1744	     0	79.0	106.6	 969	OK
1745	     0	77.3	107.5	 977	OK
1746	     0	76.4	103.6	 969	OK
1747	     0	75.8	104.7	 981	OK
1748	     0	80.1	105.6	 959	OK
1749	     0	77.8	107.0	 980	OK
1750	     0	77.6	105.6	 954	OK
1751	     0	77.8	106.8	 968	OK
1752	     0	77.7	106.4	 986	OK
1753	     0	79.5	108.3	 968	OK
1754	     0	77.8	106.5	 961	OK
1755	     0	77.7	106.5	 991	OK
1756	     0	78.7	107.9	 957	OK
1757	     0	79.0	106.2	 964	OK
1758	     0	76.9	102.1	 971	OK
1759	     0	79.2	107.0	 953	OK
1760	     0	78.2	106.0	 971	OK
1761	     0	78.7	104.7	 992	OK
1762	     0	77.9	108.8	 962	OK
1763	     0	75.8	103.7	 971	OK
1764	     0	79.7	106.0	 950	OK
1765	     0	80.3	108.6	 982	OK
1766	     0	81.5	108.4	 956	OK
1767	     0	78.5	105.1	 956	OK
1768	     0	79.0	108.8	 973	OK
1769	     0	79.5	106.6	 962	OK
1770	     0	77.5	106.4	 956	OK
1771	     0	76.9	104.7	 969	OK
1772	     0	80.3	109.4	 974	OK
1773	     0	80.8	107.5	 963	OK
1774	     0	78.1	106.1	 976	OK
1775	     0	77.3	105.6	 950	OK
1776	     0	76.6	103.6	 975	OK
1777	     0	79.5	107.5	 932	OK
1778	     0	80.8	109.4	 987	OK
1779	     0	76.3	106.5	 945	OK
1780	     0	77.2	105.2	 968	OK
1781	     0	79.2	107.8	 974	OK
1782	     0	79.9	107.8	 981	OK
1783	     0	77.4	108.4	 951	OK
1784	     0	79.9	108.4	 956	OK
1785	     0	80.4	111.9	 957	OK
1786	     0	80.1	109.1	 981	OK
1787	     0	79.4	108.4	 964	OK
1788	     0	81.5	110.2	 965	OK
1789	     0	81.8	109.1	 962	OK
1790	     0	82.9	112.0	 954	OK
1791	     0	79.1	106.0	1005	OK
1792	     0	79.9	107.7	 989	OK
1793	     0	78.9	108.2	 995	OK
1794	     0	78.3	108.8	 977	OK
1795	     0	82.1	111.2	 969	OK
1796	     0	78.2	108.5	 985	OK
1797	     0	79.4	110.5	 964	OK
1798	     0	78.5	110.1	 972	OK
1799	     0	79.5	109.1	 979	OK
1800	     0	78.0	105.1	 982	OK
1801	     0	78.5	108.0	 968	OK
1802	     0	74.2	104.3	 965	OK
1803	     0	78.0	107.0	 987	OK
1804	     0	79.3	109.0	 979	OK
1805	     0	75.7	105.0	 984	OK
1806	     0	78.1	106.6	 994	OK
1807	     0	75.4	104.9	 998	OK
1808	     0	75.6	106.1	 987	OK
1809	     0	77.4	106.1	 965	OK
1810	     0	78.4	107.4	 986	OK
1811	     0	76.2	106.2	 987	OK
1812	     0	78.2	108.3	 987	OK
1813	     0	78.0	108.8	 991	OK
1814	     0	75.9	104.2	 957	OK
1815	     0	76.2	104.8	 969	OK
1816	     0	79.2	107.8	 979	OK
1817	     0	76.0	106.0	 969	OK
1818	     0	77.0	106.0	 987	OK
1819	     0	79.0	107.3	 960	OK
1820	     0	77.1	105.2	 983	OK
1821	     0	76.6	108.4	 995	OK
1822	     0	78.3	108.6	 969	OK
1823	     0	74.7	103.8	 983	OK
1824	     0	74.9	104.4	 954	OK
1825	     0	75.1	106.1	 967	OK
1826	     0	75.8	103.2	 961	OK
1827	     0	76.9	103.5	 969	OK
1828	     0	77.6	106.9	 990	OK
1829	     0	80.3	108.8	1011	OK
1830	     0	74.8	106.5	 999	OK
1831	     0	76.7	105.4	 977	OK
1832	     0	76.4	108.7	 992	OK
1833	     0	74.7	106.3	 974	OK
1834	     0	76.7	105.2	 999	OK
1835	     0	75.6	104.5	 984	OK
1836	     0	74.6	102.5	 976	OK
1837	     0	73.9	102.4	1009	OK
1838	     0	75.4	103.4	 983	OK
1839	     0	77.6	106.6	1006	OK
1840	     0	76.9	107.6	1006	OK
1841	     0	76.5	107.8	 983	OK
1842	     0	74.5	102.5	1011	OK
1843	     0	77.2	107.1	1004	OK
1844	     0	75.7	104.3	 982	OK
1845	     0	77.2	104.7	 997	OK
1846	     0	75.7	105.8	 984	OK
1847	     0	76.6	106.8	 988	OK
1848	     0	76.1	107.1	 977	OK
1849	     0	73.8	103.4	 993	OK
1850	     0	73.8	102.2	1005	OK
1851	     0	76.7	106.6	 994	OK
1852	     0	76.5	107.1	 989	OK
1853	     0	75.8	105.7	 974	OK
1854	     0	78.0	106.7	1007	OK
1855	     0	77.4	104.9	 996	OK
1856	     0	74.1	101.3	 988	OK
1857	     0	76.1	105.3	1000	OK
1858	     0	76.8	106.7	1009	OK
1859	     0	76.6	105.6	 987	OK
1860	     0	75.3	105.2	1010	OK
1861	     0	78.0	106.1	1007	OK
1862	     0	75.8	104.8	1012	OK
1863	     0	72.6	102.2	 993	OK
1864	     0	77.5	105.3	 973	OK
1865	     0	75.3	105.1	1004	OK
1866	     0	76.5	104.2	 998	OK
1867	     0	76.9	106.0	 980	OK
1868	     0	73.0	102.3	 995	OK
1869	     0	76.2	106.8	 989	OK
1870	     0	78.8	109.6	 991	OK
1871	     0	74.0	101.4	1001	OK
1872	     0	77.1	105.3	 994	OK
1873	     0	75.0	103.9	 988	OK
1874	     0	76.2	104.2	 967	OK
1875	     0	76.8	105.7	 993	OK
1876	     0	77.4	105.8	 993	OK
1877	     0	77.3	108.4	 997	OK
1878	     0	77.7	108.2	 987	OK
1879	     0	80.3	110.6	1000	OK
1880	     0	75.6	103.1	 993	OK
1881	     0	80.1	106.4	 999	OK
1882	     0	78.8	108.9	 969	OK
1883	     0	78.1	107.3	1010	OK
1884	     0	77.9	104.9	 979	OK
1885	     0	75.9	105.3	 976	OK
1886	     0	75.0	107.1	 993	OK
1887	     0	77.3	108.2	 986	OK
1888	     0	75.0	104.5	 974	OK
1889	     0	75.2	106.4	 974	OK
1890	     0	76.2	103.6	 992	OK
1891	     0	79.4	108.6	1007	OK
1892	     0	75.9	103.6	 980	OK
1893	     0	78.6	105.5	 997	OK
1894	     0	77.5	106.0	 980	OK
1895	     0	75.9	103.5	1015	OK
1896	     0	79.5	106.6	 999	OK
1897	     0	75.2	102.6	 981	OK
1898	     0	78.9	109.0	 997	OK
1899	     0	77.4	107.5	 968	OK
1900	     0	76.5	105.5	 985	OK
1901	     0	75.8	103.5	 993	OK
1902	     0	77.4	105.2	 980	OK
1903	     0	78.2	109.2	 992	OK
1904	     0	75.7	102.5	1000	OK
1905	     0	76.4	104.5	 998	OK
1906	     0	79.4	108.0	 995	OK
1907	     0	77.2	106.0	 982	OK
1908	     0	74.8	103.1	1009	OK
1909	     0	76.8	106.5	1020	OK
1910	     0	77.0	107.2	1004	OK
1911	     0	78.0	107.7	1003	OK
1912	     0	78.8	105.8	 989	OK
1913	     0	77.4	106.4	 994	OK
1914	     0	78.5	109.4	 999	OK
1915	     0	79.5	110.4	1016	OK
1916	     0	76.6	109.3	1021	OK
1917	     0	76.1	104.0	1001	OK
1918	     0	77.3	105.8	 983	OK
1919	     0	78.2	107.5	 978	OK
1920	     0	76.7	104.9	1014	OK
1921	     0	75.5	105.7	 963	OK
1922	     0	78.1	106.8	 969	OK
1923	     0	76.6	106.6	 972	OK
1924	     0	75.7	104.1	 988	OK
1925	     0	75.5	106.7	 961	OK
1926	     0	76.5	106.2	 975	OK
1927	     0	74.0	103.1	 973	OK
1928	     0	76.5	105.4	 968	OK
1929	     0	76.4	105.5	 985	OK
1930	     0	75.1	107.0	 976	OK
1931	     0	77.9	107.6	 962	OK
1932	     0	73.8	104.1	 973	OK
1933	     0	74.7	105.2	 974	OK
1934	     0	74.0	104.8	 972	OK
1935	     0	76.6	106.0	 975	OK
1936	     0	76.2	105.4	 973	OK
1937	     0	75.7	107.2	 967	OK
1938	     0	76.2	106.6	 976	OK
1939	     0	76.5	106.7	 963	OK
1940	     0	76.6	106.9	 977	OK
1941	     0	74.6	103.8	 971	OK
1942	     0	74.8	104.6	 974	OK
1943	     0	74.9	105.0	 960	OK
1944	     0	77.8	106.8	 958	OK
1945	     0	75.0	106.1	 974	OK
1946	     0	78.6	108.8	 953	OK
1947	     0	74.2	104.2	 963	OK
1948	     0	77.3	110.1	 989	OK
1949	     0	78.9	108.8	 968	OK
1950	     0	78.4	107.3	 979	OK
1951	     0	75.4	105.5	 985	OK
1952	     0	77.5	106.4	 983	OK
1953	     0	76.1	106.4	 978	OK
1954	     0	77.7	106.6	 974	OK
1955	     0	78.9	107.9	 967	OK
1956	     0	73.2	104.8	 997	OK
1957	     0	74.8	107.3	 942	OK
1958	     0	77.5	107.4	 974	OK
1959	     0	75.8	103.4	 969	OK
1960	     0	75.4	105.4	 990	OK
1961	     0	75.6	103.9	 975	OK
1962	     0	77.2	108.0	 976	OK
1963	     0	75.2	102.7	 970	OK
1964	     0	76.7	106.2	 981	OK
1965	     0	74.5	103.6	 973	OK
1966	     0	72.9	101.5	1011	OK
1967	     0	79.4	110.0	 970	OK
1968	     0	75.6	105.4	 967	OK
1969	     0	75.6	106.0	 987	OK
1970	     0	77.2	105.1	 977	OK
1971	     0	75.5	107.6	 991	OK
1972	     0	73.5	101.1	 966	OK
1973	     0	74.3	103.8	 971	OK
1974	     0	75.8	105.2	 992	OK
1975	     0	75.4	104.5	 973	OK
1976	     0	77.2	109.3	 994	OK
1977	     0	80.7	110.0	 970	OK
1978	     0	76.9	106.4	 964	OK
1979	     0	76.8	105.5	 983	OK
1980	     0	76.5	107.6	 982	OK
1981	     0	75.9	103.1	 988	OK
1982	     0	77.1	105.5	 981	OK
1983	     0	81.7	110.2	 981	OK
1984	     0	73.7	105.1	 973	OK
1985	     0	76.5	106.8	 986	OK
1986	     0	75.9	105.2	 972	OK
1987	     0	78.9	107.4	1004	OK
1988	     0	78.0	108.6	 981	OK
1989	     0	80.0	108.2	 976	OK
1990	     0	76.7	104.8	 987	OK
1991	     0	78.6	108.3	 983	OK
1992	     0	78.3	107.3	 985	OK
1993	     0	76.9	105.6	 974	OK
1994	     0	77.6	105.7	 973	OK
1995	     0	75.8	104.2	 954	OK
1996	     0	76.0	105.8	 994	OK
1997	     0	78.1	107.1	 967	OK
1998	     0	74.4	104.4	 968	OK
1999	     0	79.4	111.3	 994	OK
2000	     0	76.7	106.5	 965	OK
2001	     0	75.8	103.2	 984	OK
2002	     0	75.5	107.2	 959	OK
2003	     0	74.7	104.5	 971	OK
2004	     0	79.2	107.6	 971	OK
2005	     0	76.5	106.5	 994	OK
2006	     0	77.7	104.8	 984	OK
2007	     0	73.7	102.3	 979	OK
2008	     0	77.2	108.3	 981	OK
2009	     0	77.1	104.6	 999	OK
2010	     0	76.5	106.1	 973	OK
2011	     0	76.5	106.3	 971	OK
2012	     0	74.9	104.1	 976	OK
2013	     0	77.4	106.5	 979	OK
2014	     0	76.3	105.8	 977	OK
2015	     0	78.3	107.9	 963	OK
2016	     0	76.1	104.2	 979	OK
2017	     0	76.4	104.6	 988	OK
2018	     0	76.6	107.9	 986	OK
2019	     0	79.0	107.3	 978	OK
2020	     0	77.2	105.8	 945	OK
2021	     0	76.2	104.5	 982	OK
2022	     0	77.1	105.6	 977	OK
2023	     0	76.6	106.0	 960	OK
2024	     0	79.8	109.5	 978	OK
2025	     0	78.7	109.3	1009	OK
2026	     0	78.7	107.8	 974	OK
2027	     0	77.0	105.8	 978	OK
2028	     0	78.6	109.0	 983	OK
2029	     0	76.0	105.4	 972	OK
2030	     0	76.4	106.9	 976	OK
2031	     0	76.9	106.5	 979	OK
2032	     0	77.1	108.1	 986	OK
2033	     0	77.5	107.2	 974	OK
2034	     0	77.9	106.8	 997	OK
2035	     0	75.3	107.1	 963	OK
2036	     0	78.6	109.8	 970	OK
2037	     0	79.2	106.6	 966	OK
2038	     0	75.9	104.8	 971	OK
2039	     0	77.4	105.2	 972	OK
2040	     0	76.7	105.1	 979	OK
2041	     0	77.6	105.3	 964	OK
2042	     0	76.8	105.0	 970	OK
2043	     0	80.1	109.7	 998	OK
2044	     0	75.5	104.2	 984	OK
2045	     0	78.8	106.9	 960	OK
2046	     0	79.4	110.7	 962	OK
2047	     0	82.3	112.5	 990	OK
2048	     0	77.9	107.9	1002	OK
2049	     0	75.3	104.3	 996	OK
2050	     0	76.3	103.8	1015	OK
2051	     0	76.0	102.7	1011	OK
2052	     0	74.3	104.2	1019	OK
2053	     0	75.7	106.1	 993	OK
2054	     0	76.0	105.6	1000	OK
2055	     0	76.0	105.9	1013	OK
2056	     0	75.7	104.3	1025	OK
2057	     0	73.8	104.5	 998	OK
2058	     0	75.0	105.0	 991	OK
2059	     0	75.9	104.1	 989	OK
2060	     0	74.3	104.0	1000	OK
2061	     0	74.5	103.9	 999	OK
2062	     0	74.7	104.4	1005	OK
2063	     0	73.5	102.4	1011	OK
2064	     0	76.8	105.4	1005	OK
2065	     0	76.4	104.3	1012	OK
2066	     0	73.2	102.1	1006	OK
2067	     0	76.4	104.8	1012	OK
2068	     0	75.8	105.5	1004	OK
2069	     0	72.7	101.6	1022	OK
2070	     0	75.4	105.8	 994	OK
2071	     0	74.2	101.6	 983	OK
2072	     0	76.8	104.3	1023	OK
2073	     0	75.4	103.4	1025	OK
2074	     0	74.9	104.6	 989	OK
2075	     0	74.1	102.0	 990	OK
2076	     0	75.3	104.4	1009	OK
2077	     0	74.7	104.2	 996	OK
2078	     0	73.1	102.7	1017	OK
2079	     0	77.2	106.1	1013	OK
2080	     0	75.0	104.1	 994	OK
2081	     0	74.2	102.8	1031	OK
2082	     0	76.7	106.1	1013	OK
2083	     0	74.1	102.7	1003	OK
2084	     0	75.2	104.9	1016	OK
2085	     0	79.9	108.8	1015	OK
2086	     0	73.2	101.6	 989	OK
2087	     0	75.8	105.2	1003	OK
2088	     0	74.7	105.4	 997	OK
2089	     0	76.0	104.4	 979	OK
2090	     0	74.5	102.1	1018	OK
2091	     0	73.7	103.7	1017	OK
2092	     0	75.0	104.7	1019	OK
2093	     0	73.3	100.8	1010	OK
2094	     0	73.4	103.3	1021	OK
2095	     0	75.6	102.9	1017	OK
2096	     0	74.9	104.2	 993	OK
2097	     0	74.7	104.8	 995	OK
2098	     0	71.9	104.3	1025	OK
2099	     0	72.1	101.3	1020	OK
2100	     0	73.7	104.4	1033	OK
2101	     0	74.3	102.4	1013	OK
2102	     0	74.1	102.6	1017	OK
2103	     0	76.3	106.4	1007	OK
2104	     0	74.4	105.1	1001	OK
2105	     0	77.1	104.8	 987	OK
2106	     0	78.0	106.6	1004	OK
2107	     0	72.8	100.9	1024	OK
2108	     0	77.1	106.0	1017	OK
2109	     0	75.2	105.2	1010	OK
2110	     0	74.4	103.5	1026	OK
2111	     0	76.0	105.9	1009	OK
2112	     0	76.5	108.3	1003	OK
2113	     0	76.7	106.4	1026	OK
2114	     0	78.0	108.6	1010	OK
2115	     0	74.5	105.8	1011	OK
2116	     0	74.6	103.5	1013	OK
2117	     0	75.7	104.8	1007	OK
2118	     0	74.2	103.9	1007	OK
2119	     0	77.2	105.9	1016	OK
2120	     0	71.4	99.7	 995	OK
2121	     0	77.3	104.8	1030	OK
2122	     0	76.0	103.1	1028	OK
2123	     0	75.6	105.8	1005	OK
2124	     0	76.9	106.8	1006	OK
2125	     0	74.3	102.2	1028	OK
2126	     0	75.8	103.1	 994	OK
2127	     0	72.8	101.7	1020	OK
2128	     0	74.7	102.2	1045	OK
2129	     0	73.8	102.0	1013	OK
2130	     0	75.9	106.4	1012	OK
2131	     0	73.5	105.1	 993	OK
2132	     0	77.0	106.7	1007	OK
2133	     0	78.4	109.5	 998	OK
2134	     0	76.9	105.5	1006	OK
2135	     0	74.2	102.1	 993	OK
2136	     0	73.0	103.3	1008	OK
2137	     0	75.8	101.8	 994	OK
2138	     0	74.4	105.0	1019	OK
2139	     0	74.9	104.0	1011	OK
2140	     0	75.8	104.7	1003	OK
2141	     0	75.4	106.1	1014	OK
2142	     0	71.9	101.0	1027	OK
2143	     0	76.5	104.6	 993	OK
2144	     0	72.9	99.1	1040	OK
2145	     0	74.9	103.8	1016	OK
2146	     0	76.4	102.9	1000	OK
2147	     0	73.2	100.4	1021	OK
2148	     0	74.5	103.0	1013	OK
2149	     0	72.9	102.5	1038	OK
2150	     0	73.3	102.8	1001	OK
2151	     0	76.8	103.8	1010	OK
2152	     0	72.8	102.7	1038	OK
2153	     0	74.7	101.8	1002	OK
2154	     0	75.3	104.5	1010	OK
2155	     0	77.1	105.6	1014	OK
2156	     0	76.2	105.5	1018	OK
2157	     0	75.5	104.4	1010	OK
2158	     0	74.7	105.2	1026	OK
2159	     0	75.5	104.2	1025	OK
2160	     0	76.0	103.9	1007	OK
2161	     0	74.2	102.3	1020	OK
2162	     0	75.2	104.6	 994	OK
2163	     0	73.2	103.1	 998	OK
2164	     0	77.7	104.9	 998	OK
2165	     0	73.3	101.1	1018	OK
2166	     0	75.7	104.7	1018	OK
2167	     0	75.4	104.7	 989	OK
2168	     0	73.0	103.1	 993	OK
2169	     0	76.0	106.2	1006	OK
2170	     0	76.1	104.6	1011	OK
2171	     0	77.3	107.0	1006	OK
2172	     0	74.5	103.0	1017	OK
2173	     0	75.0	104.4	 999	OK
2174	     0	77.8	106.8	 995	OK
2175	     0	74.0	104.9	1019	OK
2176	     0	75.8	103.7	1006	OK
2177	     0	72.6	101.1	1008	OK
2178	     0	72.9	101.4	1029	OK
2179	     0	74.5	103.8	1009	OK
2180	     0	74.6	104.2	1028	OK
2181	     0	75.6	103.6	1019	OK
2182	     0	74.2	102.1	1005	OK
2183	     0	75.9	105.7	1020	OK
2184	     0	73.2	103.8	1013	OK
2185	     0	72.1	103.2	 989	OK
2186	     0	73.8	102.7	1023	OK
2187	     0	72.9	103.3	 993	OK
2188	     0	76.2	105.3	1025	OK
2189	     0	76.8	104.5	1001	OK
2190	     0	74.2	102.8	1039	OK
2191	     0	76.3	104.0	1021	OK
2192	     0	74.8	102.8	1016	OK
2193	     0	72.2	102.1	1004	OK
2194	     0	74.5	104.1	 997	OK
2195	     0	75.4	105.6	1014	OK
2196	     0	72.9	101.2	1016	OK
2197	     0	75.9	103.3	1018	OK
2198	     0	73.8	106.5	1039	OK
2199	     0	72.2	103.8	1022	OK
2200	     0	73.2	100.9	1037	OK
2201	     0	75.1	104.5	1036	OK
2202	     0	73.6	102.4	1021	OK
2203	     0	74.4	104.1	1001	OK
2204	     0	73.5	104.0	1031	OK
2205	     0	71.9	102.5	1014	OK
2206	     0	73.5	101.8	1019	OK
2207	     0	74.5	103.7	1000	OK
2208	     0	75.1	103.5	1025	OK
2209	     0	72.1	101.7	1000	OK
2210	     0	71.8	98.7	1036	OK
2211	     0	74.2	103.2	1030	OK
2212	     0	73.4	100.1	1014	OK
2213	     0	72.1	98.5	1018	OK
2214	     0	72.9	102.9	1015	OK
2215	     0	73.5	104.2	1017	OK
2216	     0	76.8	106.9	1010	OK
2217	     0	74.6	103.5	1039	OK
2218	     0	75.3	105.5	1023	OK
2219	     0	78.5	106.6	1009	OK
2220	     0	75.7	106.8	1016	OK
2221	     0	74.9	103.6	1013	OK
2222	     0	74.3	101.4	1034	OK
2223	     0	71.1	101.8	1003	OK
2224	     0	74.4	102.1	1014	OK
2225	     0	73.5	104.4	1013	OK
2226	     0	73.5	102.7	1042	OK
2227	     0	74.1	104.4	1018	OK
2228	     0	75.0	106.2	1029	OK
2229	     0	73.2	100.7	1025	OK
2230	     0	75.8	106.5	1019	OK
2231	     0	75.1	105.6	 986	OK
2232	     0	74.2	104.3	1030	OK
2233	     0	75.2	104.6	1022	OK
2234	     0	78.8	109.2	1005	OK
2235	     0	75.3	107.1	 999	OK
2236	     0	73.9	104.6	1015	OK
2237	     0	75.1	105.6	1004	OK
2238	     0	78.9	106.7	1029	OK
2239	     0	78.2	108.9	 995	OK
2240	     0	77.5	108.5	1004	OK
2241	     0	75.9	103.1	1028	OK
2242	     0	75.9	104.3	1000	OK
2243	     0	77.9	108.3	1001	OK
2244	     0	74.9	103.4	1027	OK
2245	     0	75.4	102.6	1025	OK
2246	     0	77.0	106.5	1000	OK
2247	     0	78.0	105.2	 988	OK
2248	     0	74.7	105.0	1034	OK
2249	     0	75.2	104.2	1033	OK
2250	     0	76.8	106.1	1007	OK
2251	     0	75.9	103.1	1012	OK
2252	     0	76.8	105.8	1006	OK
2253	     0	75.1	105.4	 997	OK
2254	     0	72.8	103.7	1027	OK
2255	     0	73.7	104.1	1020	OK
2256	     0	75.8	104.5	1006	OK
2257	     0	73.5	102.6	1037	OK
2258	     0	75.1	104.6	1021	OK
2259	     0	76.9	107.9	1024	OK
2260	     0	75.2	107.2	1017	OK
2261	     0	75.3	104.5	1009	OK
2262	     0	74.8	104.4	1015	OK
2263	     0	75.8	105.2	1006	OK
2264	     0	75.9	105.1	1004	OK
2265	     0	75.9	106.8	1008	OK
2266	     0	76.9	104.8	1007	OK
2267	     0	77.0	108.4	1025	OK
2268	     0	76.2	106.7	1010	OK
2269	     0	74.4	103.6	1015	OK
2270	     0	76.5	106.0	1003	OK
2271	     0	75.4	104.6	1008	OK
2272	     0	78.2	109.5	 989	OK
2273	     0	74.8	103.8	1025	OK
2274	     0	79.0	109.5	1016	OK
2275	     0	73.6	104.4	1023	OK
2276	     0	74.7	106.8	 989	OK
2277	     0	74.6	103.3	 991	OK
2278	     0	78.2	106.1	1005	OK
2279	     0	76.0	103.8	1012	OK
2280	     0	73.7	104.2	1008	OK
2281	     0	76.4	107.3	1015	OK
2282	     0	75.9	105.4	 989	OK
2283	     0	74.8	103.5	 998	OK
2284	     0	76.7	104.6	1010	OK
2285	     0	76.3	104.1	1000	OK
2286	     0	76.4	105.6	1010	OK
2287	     0	78.6	105.8	 979	OK
2288	     0	77.4	103.8	1011	OK
2289	     0	74.6	105.0	1001	OK
2290	     0	76.2	103.3	1013	OK
2291	     0	75.7	101.7	1039	OK
2292	     0	74.0	103.4	1000	OK
2293	     0	74.9	104.8	1003	OK
2294	     0	77.0	107.4	1014	OK
2295	     0	78.2	105.1	1004	OK
2296	     0	75.1	105.3	1015	OK
2297	     0	76.9	105.3	1003	OK
2298	     0	78.2	105.0	 996	OK
2299	     0	77.0	104.8	1002	OK
2300	     0	76.8	105.5	1013	OK
2301	     0	78.7	108.3	 997	OK
2302	     0	76.6	107.6	 985	OK
2303	     0	80.0	109.1	 986	OK
2304	     0	79.1	109.8	 994	OK
2305	     0	78.4	110.4	1009	OK
2306	     0	78.5	110.0	1002	OK
2307	     0	81.2	111.0	 979	OK
2308	   200	83.3	110.8	1007	high gain
2309	     0	79.3	110.1	 982	OK
2310	     0	76.7	105.9	1010	OK
2311	     0	78.3	108.4	 988	OK
2312	     0	80.1	109.6	 979	OK
2313	     0	77.7	105.9	 985	OK
2314	     0	77.5	106.9	1031	OK
2315	     0	77.9	107.7	1002	OK
2316	     0	76.2	107.6	1004	OK
2317	     0	75.9	107.0	 994	OK
2318	     0	79.9	110.9	 990	OK
2319	     0	77.5	110.7	 981	OK
2320	     0	77.4	106.3	1023	OK
2321	     0	77.6	108.1	 982	OK
2322	     0	79.0	110.8	1006	OK
2323	     0	76.5	106.9	 998	OK
2324	     0	76.8	108.3	1009	OK
2325	     0	76.7	106.9	 985	OK
2326	     0	76.6	106.6	 998	OK
2327	     0	77.9	108.6	 998	OK
2328	     0	80.3	111.2	 986	OK
2329	     0	75.6	105.9	 977	OK
2330	     0	79.2	109.4	1013	OK
2331	     0	76.9	108.1	 995	OK
2332	     0	77.0	106.7	 997	OK
2333	     0	76.0	105.7	 999	OK
2334	     0	76.5	106.9	 992	OK
2335	     0	75.3	106.6	1022	OK
2336	     0	75.0	105.2	1008	OK
2337	     0	79.2	109.1	 994	OK
2338	     0	75.2	107.1	 998	OK
2339	     0	76.0	106.2	 981	OK
2340	     0	76.6	108.2	1005	OK
2341	     0	73.6	104.2	1009	OK
2342	     0	75.5	103.4	1003	OK
2343	     0	75.5	105.6	 994	OK
2344	     0	75.6	103.4	1024	OK
2345	     0	75.9	105.7	 995	OK
2346	     0	75.1	103.0	1001	OK
2347	     0	77.2	107.0	1006	OK
2348	     0	76.6	107.4	 994	OK
2349	     0	75.2	107.4	1011	OK
2350	     0	76.9	107.4	 969	OK
2351	     0	75.6	106.9	 996	OK
2352	     0	74.7	104.6	1001	OK
2353	     0	79.6	109.9	 974	OK
2354	     0	76.6	108.6	1015	OK
2355	     0	73.6	104.6	 995	OK
2356	     0	77.8	106.0	1008	OK
2357	     0	76.0	103.8	 996	OK
2358	     0	77.6	105.5	 983	OK
2359	     0	75.2	105.9	 989	OK
2360	     0	78.8	107.2	1004	OK
2361	     0	75.8	106.8	 999	OK
2362	     0	75.9	106.0	1010	OK
2363	     0	77.4	106.6	1012	OK
2364	     0	77.0	107.1	1018	OK
2365	     0	76.1	107.1	1018	OK
2366	     0	73.6	103.4	 994	OK
2367	     0	75.9	106.2	 998	OK
2368	     0	78.2	107.0	1008	OK
2369	     0	73.3	102.0	1025	OK
2370	     0	75.3	105.6	 987	OK
2371	     0	73.4	102.7	1007	OK
2372	     0	77.8	108.1	1016	OK
2373	     0	78.1	108.0	1014	OK
2374	     0	73.5	104.7	1001	OK
2375	     0	76.2	106.7	1000	OK
2376	     0	75.8	104.2	 996	OK
2377	     0	74.4	105.2	1012	OK
2378	     0	78.1	108.4	1011	OK
2379	     0	76.1	106.5	1008	OK
2380	     0	76.8	105.8	 994	OK
2381	     0	74.5	103.0	 998	OK
2382	     0	76.3	105.0	 991	OK
2383	     0	74.1	104.1	1004	OK
2384	     0	78.0	108.1	 987	OK
2385	     0	76.4	107.0	1012	OK
2386	     0	76.7	108.4	 982	OK
2387	     0	77.0	105.5	1000	OK
2388	     0	74.0	103.1	1006	OK
2389	     0	73.3	104.6	1025	OK
2390	     0	78.0	106.8	 990	OK
2391	     0	73.9	102.1	1018	OK
2392	     0	75.0	105.4	1003	OK
2393	     0	74.9	103.9	1010	OK
2394	     0	74.5	104.0	1008	OK
2395	     0	73.3	104.0	 980	OK
2396	     0	74.3	102.9	 998	OK
2397	     0	71.2	101.8	1027	OK
2398	     0	74.6	103.1	1018	OK
2399	     0	74.0	104.9	 991	OK
2400	     0	76.8	105.1	1012	OK
2401	     0	77.2	106.9	 997	OK
2402	     0	75.5	105.3	 999	OK
2403	     0	73.3	104.7	1017	OK
2404	     0	76.5	103.8	1007	OK
2405	     0	74.2	104.2	1005	OK
2406	     0	75.4	105.5	1017	OK
2407	     0	74.5	105.4	1002	OK
2408	     0	75.8	105.7	 990	OK
2409	     0	77.4	107.5	 993	OK
2410	     0	76.6	105.7	1028	OK
2411	     0	71.2	99.8	1011	OK
2412	     0	78.6	106.5	1006	OK
2413	     0	77.1	105.6	 992	OK
2414	     0	74.7	104.5	1014	OK
2415	     0	77.4	106.2	1000	OK
2416	     0	74.8	101.6	1003	OK
2417	     0	74.7	105.4	1017	OK
2418	     0	77.7	107.7	1012	OK
2419	     0	72.5	102.2	1011	OK
2420	     0	75.8	106.2	1004	OK
2421	     0	75.7	105.0	 997	OK
2422	     0	75.7	105.7	1008	OK
2423	     0	75.5	103.8	1017	OK
2424	     0	78.1	107.9	 989	OK
2425	     0	75.1	105.7	 982	OK
2426	     0	75.8	107.2	1005	OK
2427	     0	76.5	106.6	1017	OK
2428	     0	75.9	107.5	1004	OK
2429	     0	77.1	106.1	1014	OK
2430	     0	78.9	111.2	1001	OK
2431	     0	77.6	105.4	 993	OK
2432	     0	73.9	103.2	1011	OK
2433	     0	73.7	106.0	 994	OK
2434	     0	74.3	103.9	1005	OK
2435	     0	74.0	104.0	1001	OK
2436	     0	72.3	102.8	1009	OK
2437	     0	75.8	104.9	 988	OK
2438	     0	78.2	107.7	 991	OK
2439	     0	75.6	106.8	 986	OK
2440	     0	73.4	105.8	1013	OK
2441	     0	76.3	105.7	1012	OK
2442	     0	74.2	105.2	1004	OK
2443	     0	75.7	106.9	 985	OK
2444	     0	74.2	103.7	 995	OK
2445	     0	74.4	105.5	1000	OK
2446	     0	73.1	101.4	 998	OK
2447	     0	72.4	102.3	 986	OK
2448	     0	77.8	107.4	1007	OK
2449	     0	73.0	101.7	1008	OK
2450	     0	77.0	105.9	 992	OK
2451	     0	74.8	103.3	1001	OK
2452	     0	73.0	103.7	1028	OK
2453	     0	75.5	104.7	 985	OK
2454	     0	72.0	102.0	 988	OK
2455	     0	73.0	103.4	 985	OK
2456	     0	75.9	106.7	 989	OK
2457	     0	73.3	103.5	1001	OK
2458	     0	73.8	104.7	1005	OK
2459	     0	72.9	102.4	 988	OK
2460	     0	74.8	102.7	1001	OK
2461	     0	75.3	104.9	1004	OK
2462	     0	76.1	107.0	1018	OK
2463	     0	76.3	105.3	 985	OK
2464	     0	72.6	101.7	1012	OK
2465	     0	74.6	105.2	 984	OK
2466	     0	73.1	104.5	1015	OK
2467	     0	75.0	104.3	1007	OK
2468	     0	73.5	102.6	 975	OK
2469	     0	73.5	103.1	 990	OK
2470	     0	75.0	104.6	 996	OK
2471	     0	76.0	105.9	 996	OK
2472	     0	74.1	103.3	 979	OK
2473	     0	74.9	105.8	 991	OK
2474	     0	75.1	104.9	 988	OK
2475	     0	74.2	102.1	 998	OK
2476	     0	75.7	103.9	 981	OK
2477	     0	75.1	105.0	1009	OK
2478	     0	74.3	103.6	 997	OK
2479	     0	75.2	106.4	 979	OK
2480	     0	72.3	100.9	 999	OK
2481	     0	74.3	102.4	1006	OK
2482	     0	77.5	105.8	 992	OK
2483	     0	76.3	106.4	1012	OK
2484	     0	73.8	105.4	1019	OK
2485	     0	73.5	102.7	1016	OK
2486	     0	76.4	104.6	1004	OK
2487	     0	76.0	107.8	1012	OK
2488	     0	75.0	105.0	 977	OK
2489	     0	75.1	103.9	1002	OK
2490	     0	75.7	105.2	1006	OK
2491	     0	74.9	104.8	 987	OK
2492	     0	76.3	106.0	 998	OK
2493	     0	76.8	107.8	1007	OK
2494	     0	76.6	108.9	1011	OK
2495	     0	74.5	103.2	1004	OK
2496	     0	74.7	102.6	 972	OK
2497	     0	74.4	106.7	 990	OK
2498	     0	74.3	104.2	 999	OK
2499	     0	75.5	106.2	 988	OK
2500	     0	75.6	103.3	 977	OK
2501	     0	75.1	102.6	 994	OK
2502	     0	75.1	104.5	 989	OK
2503	     0	76.0	105.0	 996	OK
2504	     0	75.4	103.0	 998	OK
2505	     0	75.3	105.2	 987	OK
2506	     0	72.3	101.5	1005	OK
2507	     0	77.2	108.0	 994	OK
2508	     0	75.2	105.9	 975	OK
2509	     0	72.3	101.0	1010	OK
2510	     0	73.6	100.8	1003	OK
2511	     0	72.7	102.7	 979	OK
2512	     0	74.4	103.2	 988	OK
2513	     0	73.6	104.5	1000	OK
2514	     0	74.5	103.0	1019	OK
2515	     0	74.7	105.3	 970	OK
2516	     0	75.1	103.5	1002	OK
2517	     0	74.2	104.6	 984	OK
2518	     0	75.8	105.1	 977	OK
2519	     0	76.3	105.4	 979	OK
2520	     0	78.9	112.7	 974	OK
2521	     0	75.0	102.4	 986	OK
2522	     0	75.0	104.4	1007	OK
2523	     0	71.3	100.7	 990	OK
2524	     0	75.1	103.8	 989	OK
2525	     0	74.2	104.4	 983	OK
2526	     0	74.8	102.8	 995	OK
2527	     0	74.1	102.4	 981	OK
2528	     0	77.4	107.7	1003	OK
2529	     0	75.3	103.8	1006	OK
2530	     0	75.1	105.0	 977	OK
2531	     0	76.6	106.6	 973	OK
2532	     0	73.1	103.9	 978	OK
2533	     0	75.4	105.1	 973	OK
2534	     0	76.0	106.3	 996	OK
2535	     0	78.4	105.3	 969	OK
2536	     0	75.4	101.6	 993	OK
2537	     0	73.4	102.2	 984	OK
2538	     0	74.5	103.4	 966	OK
2539	     0	72.6	101.9	 975	OK
2540	     0	76.7	105.1	 978	OK
2541	     0	75.2	105.5	 961	OK
2542	     0	74.4	103.8	 997	OK
2543	     0	74.6	101.2	 996	OK
2544	     0	73.1	103.6	 961	OK
2545	     0	74.4	101.8	 971	OK
2546	     0	74.2	105.4	 951	OK
2547	     0	74.4	102.8	 973	OK
2548	     0	78.5	107.0	 975	OK
2549	     0	76.6	104.4	1015	OK
2550	     0	75.8	105.4	 976	OK
2551	     0	76.1	105.4	 963	OK
2552	     0	75.8	104.5	 970	OK
2553	     0	75.2	102.6	 994	OK
2554	     0	74.4	102.8	 986	OK
2555	     0	77.7	107.6	 956	OK
2556	     0	75.0	105.4	 974	OK
2557	     0	78.7	109.4	 986	OK
2558	     0	80.0	107.9	1037	OK
2559	   200	81.9	107.8	1048	high gain
