#chan	code	gain	vt50	innse	comment
   0	     0	75.3	103.6	 962	OK
   1	     0	73.8	104.1	 920	OK
   2	     0	74.6	105.0	 917	OK
   3	     0	74.6	104.9	 904	OK
   4	     0	74.8	105.2	 908	OK
   5	     0	72.5	103.0	 906	OK
   6	     0	74.2	106.2	 911	OK
   7	     0	73.4	105.7	 918	OK
   8	     0	74.6	105.4	 915	OK
   9	     0	75.3	106.7	 908	OK
  10	     0	73.8	105.0	 915	OK
  11	     0	73.1	105.3	 931	OK
  12	     0	74.1	107.6	 910	OK
  13	     0	73.2	103.4	 934	OK
  14	     0	74.5	102.4	 928	OK
  15	     0	72.8	104.5	 925	OK
  16	     0	72.4	103.7	 939	OK
  17	     0	73.4	103.5	 919	OK
  18	     0	75.3	107.7	 932	OK
  19	     0	76.3	105.2	 945	OK
  20	     0	73.1	101.9	 938	OK
  21	     0	74.1	106.6	 956	OK
  22	     0	72.8	104.7	 935	OK
  23	     0	70.1	102.3	 954	OK
  24	     0	72.3	104.0	 998	OK
  25	     0	74.3	103.5	 967	OK
  26	     0	70.0	99.6	 992	OK
  27	     0	73.6	104.4	 947	OK
  28	     0	73.7	103.5	 972	OK
  29	     0	75.4	106.0	 961	OK
  30	     0	76.2	106.2	 978	OK
  31	     0	74.3	105.2	 975	OK
  32	     0	71.9	100.3	 975	OK
  33	     0	74.2	103.4	 957	OK
  34	     0	73.9	105.5	 990	OK
  35	     0	72.2	103.2	 977	OK
  36	     0	72.7	102.4	 985	OK
  37	     0	74.7	104.8	 975	OK
  38	     0	73.8	105.0	 987	OK
  39	     0	73.6	102.1	 957	OK
  40	     0	74.6	104.6	 958	OK
  41	     0	75.5	104.1	 993	OK
  42	     0	76.1	106.3	 990	OK
  43	     0	73.7	103.4	 996	OK
  44	     0	74.8	105.8	 991	OK
  45	     0	73.0	105.1	1006	OK
  46	     0	70.0	99.4	 966	OK
  47	     0	73.1	102.6	 995	OK
  48	     0	74.1	102.6	1004	OK
  49	     0	73.2	104.8	1007	OK
  50	     0	70.8	101.2	 973	OK
  51	     0	73.1	103.3	 982	OK
  52	     0	71.6	102.2	1015	OK
  53	     0	72.4	102.7	 990	OK
  54	     0	74.7	104.7	 997	OK
  55	     0	72.2	103.2	1012	OK
  56	     0	73.9	104.6	 988	OK
  57	     0	73.3	103.6	1001	OK
  58	     0	74.3	103.7	 995	OK
  59	     0	73.9	102.2	 988	OK
  60	     0	74.4	104.4	1000	OK
  61	     0	72.6	102.0	 989	OK
  62	     0	72.3	101.8	1002	OK
  63	     0	72.0	101.7	1009	OK
  64	     0	72.8	101.5	 990	OK
  65	     0	75.8	104.6	 991	OK
  66	     0	72.3	103.4	1012	OK
  67	     0	73.6	103.0	 990	OK
  68	     0	72.1	104.7	1014	OK
  69	     0	71.6	100.8	 999	OK
  70	     0	70.9	101.4	 992	OK
  71	     0	72.5	101.2	 998	OK
  72	     0	71.5	102.5	1012	OK
  73	     0	74.1	105.2	 999	OK
  74	     0	72.4	102.1	 988	OK
  75	     0	69.3	100.1	1014	OK
  76	     0	70.7	101.3	 986	OK
  77	     0	75.8	106.9	 988	OK
  78	     0	73.4	103.0	1014	OK
  79	     0	72.2	102.5	1000	OK
  80	     0	71.2	103.1	 990	OK
  81	     0	70.7	100.8	 999	OK
  82	     0	72.3	100.7	 990	OK
  83	     0	72.7	102.3	1007	OK
  84	     0	72.2	100.6	 981	OK
  85	     0	72.0	101.9	1007	OK
  86	     0	73.6	102.3	 994	OK
  87	     0	71.1	100.2	 997	OK
  88	     0	69.2	98.5	 997	OK
  89	     0	73.0	104.5	1001	OK
  90	     0	75.1	103.9	 992	OK
  91	     0	71.2	101.1	 990	OK
  92	     0	72.6	103.2	1006	OK
  93	     0	72.8	102.1	1005	OK
  94	     0	73.3	105.0	 969	OK
  95	     0	73.9	105.0	1007	OK
  96	     0	72.8	102.1	 988	OK
  97	     0	69.4	98.8	 980	OK
  98	     0	70.9	101.6	1008	OK
  99	     0	73.8	102.9	1005	OK
 100	     0	71.2	100.4	 984	OK
 101	     0	72.8	101.7	 983	OK
 102	     0	73.1	104.7	 959	OK
 103	     0	72.1	104.4	 995	OK
 104	     0	73.3	101.6	 982	OK
 105	     0	73.7	103.7	 987	OK
 106	     0	73.9	103.6	 971	OK
 107	     0	69.8	100.5	 998	OK
 108	     0	71.2	101.4	1000	OK
 109	     0	70.0	101.1	1003	OK
 110	     0	71.3	102.0	 996	OK
 111	     0	73.6	103.4	 999	OK
 112	     0	71.7	102.7	 990	OK
 113	     0	71.2	100.0	 983	OK
 114	     0	72.8	104.3	1000	OK
 115	     0	74.7	104.3	 971	OK
 116	     0	73.3	104.5	1004	OK
 117	     0	70.7	100.0	 989	OK
 118	     0	72.6	101.2	1019	OK
 119	     0	71.1	99.7	 968	OK
 120	     0	72.4	101.5	 968	OK
 121	     0	72.5	101.1	 984	OK
 122	     0	72.1	102.6	1007	OK
 123	     0	75.0	104.1	 983	OK
 124	     0	73.0	102.3	1006	OK
 125	     0	70.5	102.9	 999	OK
 126	     0	74.0	104.3	1017	OK
 127	     0	74.9	105.4	 977	OK
 128	  4000	76.2	105.3	1025	high noise
 129	     0	81.9	108.9	 998	OK
 130	     0	80.1	111.7	 988	OK
 131	     0	80.1	108.9	 986	OK
 132	     0	81.8	112.8	 982	OK
 133	     0	77.7	106.7	 999	OK
 134	     0	80.1	110.6	 998	OK
 135	     0	80.7	109.6	 983	OK
 136	     0	80.5	111.2	 972	OK
 137	     0	76.4	105.3	 990	OK
 138	     0	80.8	108.9	 993	OK
 139	 90000	0.1	42.1	44324	very low gain
 140	     0	77.2	105.2	 986	OK
 141	     0	82.0	110.9	1001	OK
 142	     0	77.3	105.9	 995	OK
 143	     0	77.5	106.4	 956	OK
 144	     0	77.5	107.1	 986	OK
 145	     0	81.1	111.1	 989	OK
 146	     0	78.3	108.1	 981	OK
 147	     0	76.0	105.3	 977	OK
 148	     0	76.8	105.9	 976	OK
 149	     0	79.8	112.9	 980	OK
 150	     0	78.6	107.3	 973	OK
 151	     0	81.0	111.3	 991	OK
 152	     0	79.0	108.8	 979	OK
 153	     0	74.5	104.7	 974	OK
 154	     0	80.3	109.2	 982	OK
 155	     0	81.2	109.3	 994	OK
 156	     0	78.2	107.3	 972	OK
 157	     0	77.3	108.2	 971	OK
 158	     0	78.4	106.2	 970	OK
 159	     0	83.0	114.5	 982	OK
 160	     0	78.2	106.1	 993	OK
 161	     0	77.1	110.0	 987	OK
 162	     0	79.1	110.0	 978	OK
 163	     0	78.7	110.2	 970	OK
 164	     0	78.1	106.1	 976	OK
 165	     0	76.3	104.9	 966	OK
 166	     0	80.6	111.1	 971	OK
 167	     0	78.1	111.0	 968	OK
 168	     0	79.0	107.6	 948	OK
 169	     0	75.3	106.0	 963	OK
 170	     0	77.8	106.1	 954	OK
 171	     0	77.5	108.1	 978	OK
 172	     0	78.6	107.3	 947	OK
 173	     0	77.9	107.4	 964	OK
 174	     0	76.5	106.5	 957	OK
 175	     0	76.3	106.1	 970	OK
 176	     0	78.7	108.1	 975	OK
 177	     0	79.2	106.6	 957	OK
 178	     0	81.8	115.6	 954	OK
 179	     0	80.6	111.7	 992	OK
 180	     0	78.9	109.5	 961	OK
 181	     0	77.8	106.4	 976	OK
 182	     0	79.9	110.9	 963	OK
 183	     0	78.7	108.2	 969	OK
 184	     0	78.5	110.2	 956	OK
 185	     0	75.5	106.4	 964	OK
 186	     0	77.1	105.5	 964	OK
 187	     0	77.3	107.1	 963	OK
 188	     0	77.9	105.9	 951	OK
 189	     0	81.4	112.3	 952	OK
 190	     0	78.6	107.2	 962	OK
 191	     0	81.8	112.2	 968	OK
 192	     0	77.4	106.6	 939	OK
 193	     0	80.0	111.3	 962	OK
 194	     0	78.9	109.2	 952	OK
 195	     0	77.4	107.0	 984	OK
 196	     0	77.6	108.1	 977	OK
 197	     0	76.1	104.6	 954	OK
 198	     0	77.6	109.2	 976	OK
 199	     0	79.1	110.4	 966	OK
 200	     0	79.2	108.0	 962	OK
 201	     0	78.1	108.0	 956	OK
 202	     0	80.9	109.5	 954	OK
 203	     0	78.2	110.3	 960	OK
 204	     0	75.6	107.9	 972	OK
 205	     0	77.0	107.2	 957	OK
 206	     0	78.4	110.2	 956	OK
 207	     0	79.7	107.9	 966	OK
 208	     0	78.0	108.7	 948	OK
 209	     0	76.1	107.0	 973	OK
 210	     0	80.9	112.0	 959	OK
 211	     0	78.0	110.8	 948	OK
 212	     0	80.5	110.1	 941	OK
 213	     0	75.8	106.1	 955	OK
 214	     0	79.9	110.0	 935	OK
 215	     0	77.5	106.2	 967	OK
 216	     0	78.5	107.8	 947	OK
 217	     0	78.2	106.6	 932	OK
 218	     0	77.7	108.2	 932	OK
 219	     0	77.8	106.8	 949	OK
 220	     0	77.0	108.8	 965	OK
 221	     0	78.0	109.0	 948	OK
 222	     0	75.4	103.5	 948	OK
 223	     0	77.9	107.4	 943	OK
 224	     0	80.5	109.6	 974	OK
 225	     0	76.7	107.2	 972	OK
 226	     0	79.2	108.3	 950	OK
 227	     0	77.3	106.4	 958	OK
 228	     0	77.1	107.2	 984	OK
 229	     0	79.9	107.4	 952	OK
 230	     0	80.1	110.3	 964	OK
 231	     0	82.3	113.0	 977	OK
 232	     0	82.9	110.8	 955	OK
 233	     0	76.2	106.1	 964	OK
 234	     0	79.7	108.4	 944	OK
 235	     0	78.8	108.1	 975	OK
 236	     0	79.3	111.4	 961	OK
 237	     0	81.9	112.0	 951	OK
 238	     0	79.6	110.4	 960	OK
 239	     0	78.7	109.4	 968	OK
 240	     0	76.6	106.1	 965	OK
 241	     0	75.2	103.5	 946	OK
 242	     0	78.5	108.0	 957	OK
 243	     0	77.8	105.5	 967	OK
 244	     0	76.2	106.0	 950	OK
 245	     0	80.1	110.2	 958	OK
 246	     0	80.7	109.8	 960	OK
 247	     0	80.0	108.6	 981	OK
 248	     0	80.3	109.8	 993	OK
 249	     0	78.3	109.3	 981	OK
 250	     0	80.1	111.0	 975	OK
 251	     0	79.7	108.5	 955	OK
 252	     0	81.7	112.1	 962	OK
 253	     0	78.5	109.4	 970	OK
 254	     0	79.0	109.6	 976	OK
 255	     0	77.7	106.9	 952	OK
 256	     0	80.9	111.0	 963	OK
 257	     0	79.8	109.5	 983	OK
 258	     0	81.1	109.8	 985	OK
 259	     0	78.7	107.8	 967	OK
 260	     0	80.4	110.1	 979	OK
 261	     0	80.1	111.5	 978	OK
 262	     0	78.0	107.2	 956	OK
 263	     0	78.7	109.2	 973	OK
 264	     0	76.9	107.6	 964	OK
 265	     0	81.2	111.2	 970	OK
 266	     0	80.6	108.6	 972	OK
 267	     0	80.5	109.1	 975	OK
 268	     0	82.0	111.6	 975	OK
 269	     0	82.3	111.8	 968	OK
 270	     0	79.9	108.6	 965	OK
 271	     0	78.7	110.3	 975	OK
 272	     0	84.0	113.4	 958	OK
 273	     0	81.5	112.4	 963	OK
 274	     0	79.6	109.6	 960	OK
 275	     0	80.6	109.1	 972	OK
 276	     0	82.6	114.3	 981	OK
 277	     0	77.1	106.8	 979	OK
 278	     0	77.3	106.9	 972	OK
 279	     0	80.6	108.3	 982	OK
 280	     0	78.6	107.1	 983	OK
 281	     0	80.6	108.0	 972	OK
 282	     0	80.2	111.0	 959	OK
 283	     0	77.5	108.3	 993	OK
 284	     0	82.7	112.8	1000	OK
 285	     0	80.5	108.6	 973	OK
 286	     0	78.9	107.7	 981	OK
 287	     0	75.0	105.2	 995	OK
 288	     0	77.7	108.3	 972	OK
 289	     0	79.3	110.9	 977	OK
 290	     0	78.8	107.6	 969	OK
 291	     0	78.2	109.1	 971	OK
 292	     0	79.8	110.5	 996	OK
 293	     0	80.9	112.3	 956	OK
 294	     0	79.8	108.9	 977	OK
 295	     0	77.5	107.2	 962	OK
 296	     0	75.7	106.5	 985	OK
 297	     0	78.7	109.1	 989	OK
 298	     0	81.0	110.4	1000	OK
 299	     0	79.0	110.5	 962	OK
 300	     0	81.8	110.7	 977	OK
 301	     0	77.5	107.4	 985	OK
 302	     0	77.3	105.4	 977	OK
 303	     0	78.8	109.8	1001	OK
 304	     0	79.1	109.9	 995	OK
 305	     0	79.6	107.9	1006	OK
 306	     0	77.0	107.4	 989	OK
 307	     0	79.1	107.7	 967	OK
 308	     0	78.7	108.5	 986	OK
 309	     0	81.6	112.3	 982	OK
 310	     0	77.8	108.4	 976	OK
 311	     0	78.6	109.1	 986	OK
 312	     0	77.5	106.9	 968	OK
 313	     0	77.5	107.8	 981	OK
 314	     0	80.4	111.3	 983	OK
 315	     0	82.3	110.9	 986	OK
 316	     0	80.4	108.5	1002	OK
 317	     0	79.3	108.2	 984	OK
 318	     0	81.1	115.5	 994	OK
 319	     0	77.6	109.0	 990	OK
 320	     0	80.0	108.4	 975	OK
 321	     0	81.7	111.2	 991	OK
 322	     0	76.8	109.0	 992	OK
 323	     0	74.6	104.5	 985	OK
 324	     0	77.4	106.2	 988	OK
 325	     0	76.4	105.3	 989	OK
 326	     0	76.0	104.9	 964	OK
 327	     0	78.5	110.8	 975	OK
 328	     0	74.1	105.1	 986	OK
 329	     0	74.8	103.8	1006	OK
 330	     0	76.2	104.7	 964	OK
 331	     0	75.6	105.3	1010	OK
 332	     0	76.0	103.5	 979	OK
 333	     0	76.5	107.1	 977	OK
 334	     0	75.6	104.9	 985	OK
 335	     0	77.1	107.9	1009	OK
 336	     0	75.2	104.3	 994	OK
 337	     0	77.0	105.9	1001	OK
 338	     0	76.9	106.5	 976	OK
 339	     0	78.6	106.9	 976	OK
 340	     0	73.3	104.9	 974	OK
 341	     0	73.1	105.5	 969	OK
 342	     0	76.1	106.2	 991	OK
 343	     0	77.8	108.8	 973	OK
 344	     0	74.9	105.5	 987	OK
 345	     0	75.4	104.9	 991	OK
 346	     0	76.2	104.6	 964	OK
 347	     0	76.0	104.2	 975	OK
 348	     0	75.4	105.5	 978	OK
 349	     0	76.7	104.8	 967	OK
 350	     0	78.0	106.1	 968	OK
 351	     0	75.2	105.1	1013	OK
 352	     0	74.4	104.1	 972	OK
 353	     0	76.6	105.9	 983	OK
 354	     0	77.6	108.1	 971	OK
 355	     0	74.8	103.7	 974	OK
 356	     0	77.1	105.4	 987	OK
 357	     0	74.4	103.1	 966	OK
 358	     0	77.0	107.7	 974	OK
 359	     0	76.1	105.9	 974	OK
 360	     0	72.2	102.1	 992	OK
 361	     0	75.5	106.3	 969	OK
 362	     0	79.9	110.0	 986	OK
 363	     0	76.4	105.0	 976	OK
 364	     0	76.3	106.7	 983	OK
 365	     0	74.8	105.3	 985	OK
 366	     0	77.4	106.1	 977	OK
 367	     0	76.3	105.7	 985	OK
 368	     0	76.4	107.0	 954	OK
 369	     0	79.1	110.1	 948	OK
 370	     0	75.7	106.5	 990	OK
 371	     0	76.6	107.2	 971	OK
 372	     0	76.6	105.7	 983	OK
 373	     0	77.5	107.6	 961	OK
 374	     0	74.8	104.2	 966	OK
 375	     0	79.1	108.1	 946	OK
 376	     0	76.3	103.9	 966	OK
 377	     0	78.7	107.6	 985	OK
 378	     0	77.8	107.8	 962	OK
 379	     0	76.2	106.2	 969	OK
 380	     0	76.3	106.0	 969	OK
 381	     0	74.8	102.6	 962	OK
 382	     0	75.5	106.4	 964	OK
 383	     0	76.0	107.5	 973	OK
 384	     0	74.3	102.7	 950	OK
 385	     0	73.0	103.6	 950	OK
 386	     0	73.8	103.4	 949	OK
 387	     0	76.8	107.1	 944	OK
 388	     0	77.1	106.7	 938	OK
 389	     0	75.1	104.9	 941	OK
 390	     0	73.9	101.2	 969	OK
 391	     0	76.1	105.9	 926	OK
 392	     0	75.8	106.3	 936	OK
 393	     0	76.3	102.5	 946	OK
 394	     0	76.4	103.7	 963	OK
 395	     0	76.7	106.7	 953	OK
 396	     0	75.8	105.6	 941	OK
 397	     0	75.8	105.6	 947	OK
 398	     0	75.7	105.8	 937	OK
 399	     0	73.1	103.9	 942	OK
 400	     0	75.8	105.0	 924	OK
 401	     0	75.9	107.0	 927	OK
 402	     0	74.1	105.3	 950	OK
 403	     0	74.3	104.7	 954	OK
 404	     0	77.4	106.9	 930	OK
 405	     0	74.2	103.1	 959	OK
 406	     0	74.5	104.1	 959	OK
 407	     0	76.2	104.7	 942	OK
 408	     0	76.0	106.9	 953	OK
 409	     0	72.2	101.6	 956	OK
 410	     0	75.1	104.1	 937	OK
 411	     0	74.8	103.4	 920	OK
 412	     0	75.1	103.6	 946	OK
 413	     0	74.5	103.1	 940	OK
 414	     0	73.7	103.7	 930	OK
 415	     0	73.0	103.8	 961	OK
 416	     0	75.5	103.4	 952	OK
 417	     0	74.6	104.8	 939	OK
 418	     0	75.7	106.3	 938	OK
 419	     0	73.5	103.9	 945	OK
 420	     0	71.9	101.9	 950	OK
 421	     0	76.6	104.6	 927	OK
 422	     0	73.9	104.4	 923	OK
 423	     0	71.9	102.9	 947	OK
 424	     0	76.7	106.2	 935	OK
 425	     0	77.0	108.1	 940	OK
 426	     0	75.2	105.1	 941	OK
 427	     0	74.0	102.6	 952	OK
 428	     0	72.2	102.1	 954	OK
 429	     0	73.6	102.6	 940	OK
 430	     0	72.6	101.8	 939	OK
 431	     0	73.6	103.4	 936	OK
 432	     0	74.4	104.1	 951	OK
 433	     0	74.1	104.7	 943	OK
 434	     0	75.8	107.4	 943	OK
 435	     0	75.4	104.5	 936	OK
 436	     0	72.5	104.1	 938	OK
 437	     0	73.5	104.9	 934	OK
 438	     0	72.6	102.9	 928	OK
 439	     0	75.0	104.4	 944	OK
 440	     0	73.9	104.5	 943	OK
 441	     0	72.1	102.0	 973	OK
 442	     0	72.5	102.7	 941	OK
 443	     0	76.0	104.4	 960	OK
 444	     0	74.3	105.4	 958	OK
 445	     0	72.6	101.0	 961	OK
 446	     0	74.4	105.3	 978	OK
 447	     0	75.7	106.0	 951	OK
 448	     0	75.1	105.2	 944	OK
 449	     0	75.9	108.9	 929	OK
 450	     0	74.2	106.0	 947	OK
 451	     0	74.4	105.1	 958	OK
 452	     0	74.0	104.5	 940	OK
 453	     0	73.8	105.1	 956	OK
 454	     0	74.6	107.6	 943	OK
 455	     0	75.7	106.5	 958	OK
 456	     0	72.4	103.4	 959	OK
 457	     0	73.2	103.2	 938	OK
 458	     0	75.5	106.3	 973	OK
 459	     0	73.0	102.4	 939	OK
 460	     0	74.7	106.3	 958	OK
 461	     0	74.1	103.7	 931	OK
 462	     0	73.7	104.7	 963	OK
 463	     0	72.2	100.6	 958	OK
 464	     0	73.9	103.4	 949	OK
 465	     0	73.6	103.9	 937	OK
 466	     0	74.1	103.1	 953	OK
 467	     0	73.7	104.4	 940	OK
 468	     0	73.0	102.4	 963	OK
 469	     0	73.9	104.6	 943	OK
 470	     0	76.0	104.7	 947	OK
 471	     0	75.7	106.2	 943	OK
 472	     0	74.7	105.1	 947	OK
 473	     0	75.5	106.8	 962	OK
 474	     0	71.9	101.4	 961	OK
 475	     0	75.1	104.0	 948	OK
 476	     0	75.9	108.1	 946	OK
 477	     0	74.2	103.4	 937	OK
 478	     0	76.4	105.6	 962	OK
 479	     0	74.1	105.7	 929	OK
 480	     0	73.9	104.3	 962	OK
 481	     0	74.3	104.7	 946	OK
 482	     0	72.9	100.1	 952	OK
 483	     0	74.7	103.6	 948	OK
 484	     0	75.1	105.5	 961	OK
 485	     0	74.6	103.8	 931	OK
 486	     0	74.0	103.1	 948	OK
 487	     0	70.3	101.6	 961	OK
 488	     0	74.3	103.4	 962	OK
 489	     0	75.8	107.0	 949	OK
 490	     0	74.1	103.1	 947	OK
 491	     0	74.8	105.8	 954	OK
 492	     0	73.0	105.9	 949	OK
 493	     0	77.0	106.1	 944	OK
 494	     0	73.2	101.4	 935	OK
 495	     0	74.6	105.8	 955	OK
 496	     0	73.5	104.6	 936	OK
 497	     0	74.7	102.8	 927	OK
 498	     0	74.3	103.2	 952	OK
 499	     0	78.2	108.7	 948	OK
 500	     0	74.3	102.9	 931	OK
 501	     0	74.9	102.7	 947	OK
 502	     0	72.5	103.9	 942	OK
 503	     0	71.2	103.5	 946	OK
 504	     0	74.0	102.4	 937	OK
 505	     0	72.6	103.0	 938	OK
 506	     0	77.0	107.5	 955	OK
 507	     0	75.8	104.9	 936	OK
 508	     0	75.4	104.2	 966	OK
 509	     0	75.6	106.8	 939	OK
 510	     0	76.4	103.9	 942	OK
 511	     0	75.3	106.1	 943	OK
 512	     0	74.4	104.2	 968	OK
 513	     0	71.9	103.1	 960	OK
 514	     0	74.4	103.0	 983	OK
 515	     0	74.9	106.7	 964	OK
 516	     0	72.7	104.6	 973	OK
 517	     0	75.6	106.2	 968	OK
 518	     0	72.6	103.5	 969	OK
 519	     0	75.0	105.8	 981	OK
 520	     0	75.0	105.6	 974	OK
 521	     0	72.8	102.9	 962	OK
 522	     0	73.4	104.7	 966	OK
 523	     0	71.8	102.6	 968	OK
 524	     0	72.6	101.8	 966	OK
 525	     0	74.8	105.3	 946	OK
 526	     0	70.7	100.9	 971	OK
 527	     0	70.7	101.0	 973	OK
 528	     0	71.5	99.6	 956	OK
 529	     0	74.0	103.0	 984	OK
 530	     0	72.3	102.6	 975	OK
 531	     0	73.9	103.6	 947	OK
 532	     0	74.2	105.4	 964	OK
 533	     0	70.2	102.1	 977	OK
 534	     0	73.8	102.9	 967	OK
 535	     0	76.3	104.0	 962	OK
 536	     0	73.1	104.1	 965	OK
 537	     0	72.6	101.5	 962	OK
 538	     0	72.3	102.1	 949	OK
 539	     0	71.2	100.6	 979	OK
 540	     0	73.7	103.9	 964	OK
 541	     0	73.7	104.5	 963	OK
 542	     0	70.2	99.3	 950	OK
 543	     0	72.8	100.7	 959	OK
 544	     0	71.2	101.8	 965	OK
 545	     0	75.6	106.1	 950	OK
 546	     0	72.5	102.7	 969	OK
 547	     0	75.4	106.2	 959	OK
 548	     0	71.9	104.2	1005	OK
 549	     0	73.2	104.1	 944	OK
 550	     0	73.4	104.7	 959	OK
 551	     0	72.7	102.9	 964	OK
 552	     0	74.2	103.0	 958	OK
 553	     0	73.7	103.5	 968	OK
 554	     0	74.3	102.7	 959	OK
 555	     0	74.7	105.8	 956	OK
 556	     0	72.9	101.3	 974	OK
 557	     0	71.6	101.3	 948	OK
 558	     0	72.1	101.7	 961	OK
 559	     0	73.0	101.3	 972	OK
 560	     0	72.3	102.7	 957	OK
 561	     0	71.6	99.7	 963	OK
 562	     0	73.4	103.2	 954	OK
 563	     0	72.8	105.7	 943	OK
 564	     0	72.1	103.7	 965	OK
 565	     0	73.6	104.4	 973	OK
 566	     0	75.0	104.3	 962	OK
 567	     0	71.8	101.5	 972	OK
 568	     0	74.4	105.3	 952	OK
 569	     0	73.6	103.0	 972	OK
 570	     0	74.0	103.1	 948	OK
 571	     0	72.1	102.9	 962	OK
 572	     0	73.3	103.7	 946	OK
 573	     0	71.5	103.9	 988	OK
 574	     0	75.1	106.5	 939	OK
 575	     0	74.8	105.9	 967	OK
 576	     0	74.3	111.7	 948	OK
 577	     0	75.7	104.2	 968	OK
 578	     0	75.4	105.0	 944	OK
 579	     0	77.3	106.1	 952	OK
 580	     0	73.6	102.2	 959	OK
 581	     0	71.7	103.2	 962	OK
 582	     0	71.1	102.0	 982	OK
 583	     0	75.4	106.8	 965	OK
 584	     0	73.4	103.9	 954	OK
 585	     0	72.8	102.0	 967	OK
 586	     0	76.3	106.3	 967	OK
 587	     0	73.6	105.2	 976	OK
 588	     0	72.3	104.6	 947	OK
 589	     0	74.9	105.8	 949	OK
 590	     0	70.8	101.5	 951	OK
 591	     0	74.8	103.1	 969	OK
 592	     0	74.5	103.6	 967	OK
 593	     0	74.5	105.6	 972	OK
 594	     0	74.9	106.2	 945	OK
 595	     0	75.6	106.6	 953	OK
 596	     0	75.6	106.1	 946	OK
 597	     0	73.9	103.9	 975	OK
 598	     0	72.5	102.8	 968	OK
 599	     0	74.8	106.0	 968	OK
 600	     0	75.5	104.4	 963	OK
 601	     0	75.3	104.4	 979	OK
 602	     0	75.4	106.9	 978	OK
 603	     0	75.2	102.1	 967	OK
 604	     0	72.6	104.2	 962	OK
 605	     0	73.9	104.7	 982	OK
 606	     0	71.0	101.0	 973	OK
 607	     0	74.5	102.9	 979	OK
 608	     0	73.6	103.7	 982	OK
 609	     0	77.8	104.4	 980	OK
 610	     0	74.9	105.9	 988	OK
 611	     0	75.2	103.2	 986	OK
 612	     0	73.7	103.2	 980	OK
 613	     0	77.2	104.5	 983	OK
 614	     0	73.3	104.4	 999	OK
 615	     0	74.4	104.5	 968	OK
 616	     0	74.6	105.7	 994	OK
 617	     0	76.4	103.9	 978	OK
 618	     0	74.8	102.8	 968	OK
 619	     0	76.3	104.7	 982	OK
 620	     0	77.1	104.9	1018	OK
 621	     0	74.4	105.4	 978	OK
 622	     0	78.6	105.7	 982	OK
 623	     0	78.3	105.6	 982	OK
 624	     0	72.9	101.6	1009	OK
 625	     0	75.6	106.6	 991	OK
 626	     0	78.4	108.3	 979	OK
 627	     0	76.2	107.6	 978	OK
 628	     0	76.7	106.1	 986	OK
 629	     0	76.3	104.9	1006	OK
 630	     0	77.9	108.7	 980	OK
 631	     0	77.0	105.9	 989	OK
 632	     0	75.4	103.5	 991	OK
 633	     0	75.8	106.5	1022	OK
 634	     0	76.5	104.0	 997	OK
 635	     0	75.0	102.4	1001	OK
 636	     0	78.9	107.5	1015	OK
 637	     0	78.7	108.8	1020	OK
 638	     0	76.9	106.2	1005	OK
 639	     0	74.7	105.3	1000	OK
 640	     0	79.9	110.9	1011	OK
 641	     0	80.0	110.6	1018	OK
 642	     0	80.6	111.0	1009	OK
 643	     0	80.3	109.4	 992	OK
 644	     0	78.5	107.4	1020	OK
 645	     0	77.7	106.0	1021	OK
 646	     0	80.7	109.8	1007	OK
 647	     0	79.2	111.1	1029	OK
 648	     0	82.4	109.5	 999	OK
 649	     0	81.9	108.9	1000	OK
 650	     0	78.9	108.7	1000	OK
 651	     0	79.7	108.6	1003	OK
 652	     0	79.5	109.3	 995	OK
 653	     0	79.9	107.9	1008	OK
 654	     0	80.2	106.6	 993	OK
 655	     0	82.2	110.3	 995	OK
 656	     0	83.2	110.8	1004	OK
 657	     0	78.2	106.9	 991	OK
 658	     0	81.0	110.1	 984	OK
 659	     0	79.2	106.8	1003	OK
 660	     0	77.3	106.8	1021	OK
 661	     0	77.5	107.8	1002	OK
 662	     0	78.7	109.2	1013	OK
 663	     0	79.2	109.6	1017	OK
 664	     0	77.5	106.0	 999	OK
 665	     0	79.4	107.8	 983	OK
 666	     0	76.4	107.5	 996	OK
 667	     0	81.3	110.4	1010	OK
 668	     0	79.0	107.6	 990	OK
 669	     0	80.9	110.8	1002	OK
 670	     0	78.3	107.3	 983	OK
 671	     0	79.2	108.7	1003	OK
 672	     0	79.9	109.3	1008	OK
 673	     0	78.4	106.6	1014	OK
 674	     0	78.2	108.0	1002	OK
 675	     0	78.0	113.4	 997	OK
 676	     0	79.1	109.1	1016	OK
 677	     0	80.7	109.2	 998	OK
 678	     0	81.6	111.1	1001	OK
 679	     0	76.6	107.5	 998	OK
 680	     0	80.5	108.3	1002	OK
 681	     0	80.8	109.2	 993	OK
 682	     0	79.7	111.8	1007	OK
 683	     0	81.1	110.1	 994	OK
 684	     0	77.8	106.9	1004	OK
 685	     0	78.2	108.6	 989	OK
 686	     0	78.4	109.7	1003	OK
 687	     0	77.0	105.0	1008	OK
 688	     0	79.4	108.1	 992	OK
 689	     0	79.0	108.7	1013	OK
 690	     0	80.3	111.3	 991	OK
 691	     0	78.2	107.5	 993	OK
 692	     0	80.5	111.5	 992	OK
 693	     0	81.3	110.1	1000	OK
 694	     0	79.1	112.3	1000	OK
 695	     0	79.5	107.8	1020	OK
 696	     0	80.3	108.5	1009	OK
 697	     0	79.2	111.1	1024	OK
 698	     0	78.6	111.1	 995	OK
 699	     0	79.3	109.1	1010	OK
 700	     0	80.4	107.9	1019	OK
 701	     0	79.5	112.0	1003	OK
 702	     0	79.8	110.4	1012	OK
 703	     0	78.6	108.5	1018	OK
 704	     0	75.5	104.4	 999	OK
 705	     0	79.2	106.8	 985	OK
 706	     0	76.6	109.7	1005	OK
 707	     0	76.2	109.3	1005	OK
 708	     0	77.9	108.3	1028	OK
 709	     0	77.4	108.2	1005	OK
 710	     0	78.0	107.9	1004	OK
 711	     0	78.8	109.6	1016	OK
 712	     0	79.4	109.4	 992	OK
 713	     0	76.2	108.6	1005	OK
 714	     0	78.1	107.3	1013	OK
 715	     0	76.5	104.6	 986	OK
 716	     0	78.8	109.3	 996	OK
 717	     0	78.7	109.5	1004	OK
 718	     0	77.8	108.8	1003	OK
 719	     0	76.8	107.4	1005	OK
 720	     0	76.7	107.3	 985	OK
 721	     0	79.6	107.5	 998	OK
 722	     0	80.3	111.1	1017	OK
 723	     0	79.5	109.3	1003	OK
 724	     0	78.7	106.5	 985	OK
 725	     0	77.9	107.4	1013	OK
 726	     0	81.0	110.6	1018	OK
 727	     0	79.7	109.6	1013	OK
 728	     0	77.7	108.3	1002	OK
 729	     0	79.1	108.2	1028	OK
 730	     0	77.1	106.6	1021	OK
 731	     0	77.4	107.1	1006	OK
 732	     0	79.8	107.8	 999	OK
 733	     0	74.6	103.8	1000	OK
 734	     0	78.5	109.6	1018	OK
 735	     0	76.1	105.4	1003	OK
 736	     0	75.9	105.0	 999	OK
 737	     0	75.6	105.5	1027	OK
 738	     0	76.5	107.5	1002	OK
 739	     0	80.0	114.9	1000	OK
 740	     0	78.9	109.1	1009	OK
 741	     0	73.5	104.5	 987	OK
 742	     0	76.1	107.1	1011	OK
 743	     0	79.7	110.1	1021	OK
 744	     0	75.5	106.0	1002	OK
 745	     0	78.4	108.9	1018	OK
 746	     0	79.8	108.6	1018	OK
 747	     0	76.4	106.2	1011	OK
 748	     0	76.1	105.4	 997	OK
 749	     0	79.1	109.2	 996	OK
 750	     0	77.6	107.7	1025	OK
 751	     0	77.9	106.5	 999	OK
 752	     0	79.4	108.9	 994	OK
 753	     0	79.2	110.7	 995	OK
 754	     0	78.0	106.2	1015	OK
 755	     0	78.1	106.8	1019	OK
 756	     0	75.9	105.9	1027	OK
 757	     0	78.1	108.0	1010	OK
 758	     0	77.6	104.3	1017	OK
 759	     0	78.4	106.7	1029	OK
 760	     0	77.8	106.3	1014	OK
 761	     0	76.9	105.5	1030	OK
 762	     0	77.2	105.9	1036	OK
 763	     0	77.1	105.8	1030	OK
 764	     0	78.7	109.2	1037	OK
 765	     0	75.6	106.8	1032	OK
 766	     0	75.3	105.1	1031	OK
 767	     0	75.7	104.9	1046	OK
 768	     0	77.0	103.8	1082	OK
 769	     0	79.2	108.2	1063	OK
 770	     0	78.0	110.5	1070	OK
 771	     0	78.2	107.6	1088	OK
 772	     0	77.3	107.9	1058	OK
 773	     0	79.9	109.4	1083	OK
 774	   200	84.0	114.3	1092	high gain
 775	     0	81.0	111.4	1073	OK
 776	     0	76.8	106.7	1074	OK
 777	     0	77.7	103.9	1061	OK
 778	     0	75.6	106.7	1069	OK
 779	     0	77.5	106.3	1062	OK
 780	     0	82.2	112.5	1068	OK
 781	     0	79.8	110.3	1072	OK
 782	     0	75.0	105.5	1056	OK
 783	     0	76.3	105.9	1044	OK
 784	     0	78.9	109.4	1060	OK
 785	     0	78.2	107.8	1027	OK
 786	     0	76.4	104.1	1045	OK
 787	     0	78.2	107.7	1063	OK
 788	     0	79.0	108.8	1068	OK
 789	     0	78.5	109.7	1069	OK
 790	     0	77.9	106.9	1049	OK
 791	     0	76.8	107.2	1069	OK
 792	     0	77.8	110.2	1057	OK
 793	     0	79.7	108.4	1022	OK
 794	     0	76.3	104.7	1039	OK
 795	     0	76.6	105.7	1055	OK
 796	     0	76.0	104.8	1064	OK
 797	     0	76.7	105.4	1053	OK
 798	     0	79.8	109.1	1035	OK
 799	     0	78.4	110.6	1034	OK
 800	     0	76.2	104.4	1028	OK
 801	     0	78.2	106.9	1021	OK
 802	     0	75.8	105.7	1043	OK
 803	     0	78.5	105.8	 993	OK
 804	     0	80.0	111.3	1013	OK
 805	     0	78.9	109.8	1015	OK
 806	     0	78.9	109.7	1029	OK
 807	     0	78.6	109.1	1014	OK
 808	     0	81.6	109.0	1035	OK
 809	     0	74.9	106.9	1026	OK
 810	     0	77.7	104.6	1022	OK
 811	     0	78.0	106.6	1012	OK
 812	     0	78.3	110.5	1028	OK
 813	     0	75.3	105.2	1028	OK
 814	     0	78.7	108.4	1022	OK
 815	     0	81.4	112.9	1039	OK
 816	     0	75.3	103.6	1021	OK
 817	     0	75.3	106.8	1052	OK
 818	     0	77.5	107.3	1067	OK
 819	     0	76.9	106.8	1047	OK
 820	     0	77.1	108.0	1039	OK
 821	     0	78.2	108.9	1075	OK
 822	     0	79.7	110.2	1040	OK
 823	     0	76.9	104.4	1037	OK
 824	     0	74.9	106.0	1055	OK
 825	     0	77.0	105.5	1021	OK
 826	     0	79.4	109.8	1036	OK
 827	     0	79.9	107.7	1046	OK
 828	     0	80.4	108.0	1039	OK
 829	     0	76.3	107.8	1022	OK
 830	     0	75.8	106.8	1037	OK
 831	     0	81.3	110.7	1030	OK
 832	     0	79.6	108.5	1014	OK
 833	     0	78.0	106.1	1002	OK
 834	     0	74.8	103.6	1026	OK
 835	     0	79.1	111.3	1040	OK
 836	     0	77.6	106.9	1040	OK
 837	     0	78.5	109.6	1044	OK
 838	     0	76.6	106.7	1020	OK
 839	     0	78.2	107.0	1003	OK
 840	     0	76.6	106.3	1040	OK
 841	     0	76.8	106.4	1014	OK
 842	     0	77.6	108.8	1054	OK
 843	     0	78.4	110.8	1036	OK
 844	     0	76.6	106.4	1018	OK
 845	     0	74.7	107.0	1039	OK
 846	     0	75.3	104.6	1018	OK
 847	     0	74.1	102.8	1028	OK
 848	     0	74.9	104.7	1015	OK
 849	     0	78.0	108.7	1054	OK
 850	     0	76.7	107.4	1037	OK
 851	     0	75.9	104.3	1040	OK
 852	     0	78.3	106.0	1035	OK
 853	     0	78.2	106.1	1009	OK
 854	     0	74.0	104.5	1057	OK
 855	     0	77.5	107.7	1009	OK
 856	     0	77.7	109.3	1007	OK
 857	     0	78.8	109.4	1030	OK
 858	     0	76.6	107.5	1024	OK
 859	     0	79.4	113.2	1033	OK
 860	     0	78.2	108.0	1016	OK
 861	     0	78.5	106.9	1021	OK
 862	     0	78.0	106.8	1028	OK
 863	     0	76.6	107.3	1016	OK
 864	     0	76.5	104.9	1022	OK
 865	     0	78.8	111.4	1006	OK
 866	     0	74.4	105.4	1003	OK
 867	     0	79.9	109.7	1021	OK
 868	     0	76.7	104.5	1012	OK
 869	     0	76.7	105.9	 995	OK
 870	     0	75.2	104.3	1013	OK
 871	     0	77.2	107.2	1009	OK
 872	     0	76.3	106.1	1001	OK
 873	     0	77.0	109.3	1012	OK
 874	     0	75.7	104.8	 992	OK
 875	     0	77.5	104.1	1013	OK
 876	     0	78.3	108.9	1005	OK
 877	     0	76.0	103.3	1015	OK
 878	     0	78.0	107.8	1017	OK
 879	     0	76.0	107.4	1014	OK
 880	     0	75.0	105.6	1017	OK
 881	     0	79.5	108.8	1010	OK
 882	     0	75.6	105.8	1027	OK
 883	     0	76.3	106.1	1005	OK
 884	     0	77.8	107.4	1009	OK
 885	     0	77.4	104.2	 994	OK
 886	     0	77.5	107.0	1019	OK
 887	     0	80.5	110.2	1010	OK
 888	     0	76.0	105.0	1003	OK
 889	     0	77.2	106.4	1010	OK
 890	     0	77.2	107.8	1014	OK
 891	     0	77.2	105.8	1003	OK
 892	     0	82.6	111.5	 994	OK
 893	     0	77.6	105.6	1019	OK
 894	     0	77.2	105.9	1014	OK
 895	     0	78.5	106.5	1010	OK
 896	     0	74.8	103.2	1005	OK
 897	     0	74.9	106.3	 979	OK
 898	     0	71.8	102.8	1014	OK
 899	     0	77.7	106.9	1002	OK
 900	     0	74.7	104.1	1007	OK
 901	     0	74.9	103.5	1011	OK
 902	  4000	76.7	107.3	1018	high noise
 903	  4000	78.4	106.2	1025	high noise
 904	  4000	74.3	103.4	1030	high noise
 905	  4000	74.9	107.7	1019	high noise
 906	  4000	75.2	102.3	1016	high noise
 907	     0	75.5	107.5	1004	OK
 908	     0	76.7	106.5	1011	OK
 909	     0	75.4	106.6	1013	OK
 910	     0	76.4	106.9	1006	OK
 911	     0	73.3	103.8	 998	OK
 912	  4000	75.2	103.4	1026	high noise
 913	  4000	76.5	109.2	1025	high noise
 914	  4000	72.8	103.0	1036	high noise
 915	     0	75.9	106.5	1009	OK
 916	  4000	73.4	105.0	1018	high noise
 917	     0	76.4	106.2	 996	OK
 918	     0	76.2	105.4	 997	OK
 919	     0	74.1	102.8	1005	OK
 920	     0	74.4	105.1	1000	OK
 921	     0	76.1	105.1	 992	OK
 922	     0	76.8	108.6	 984	OK
 923	     0	75.8	106.0	1009	OK
 924	     0	74.8	107.2	 974	OK
 925	     0	75.2	106.9	1002	OK
 926	     0	74.2	107.6	 990	OK
 927	     0	77.4	109.1	 978	OK
 928	     0	78.7	108.3	 998	OK
 929	     0	76.4	107.8	 981	OK
 930	     0	78.6	106.1	 969	OK
 931	     0	75.8	104.5	 989	OK
 932	     0	76.0	105.6	 991	OK
 933	     0	75.4	104.0	 987	OK
 934	     0	75.7	106.3	 976	OK
 935	     0	75.3	104.2	1002	OK
 936	     0	75.7	105.3	1001	OK
 937	     0	75.8	104.1	 997	OK
 938	     0	77.1	107.3	 983	OK
 939	     0	76.1	106.7	 974	OK
 940	     0	74.7	103.6	1008	OK
 941	     0	72.8	103.2	 992	OK
 942	     0	75.7	105.9	 977	OK
 943	     0	77.5	108.2	 991	OK
 944	     0	77.4	107.1	 958	OK
 945	     0	73.3	103.2	 984	OK
 946	     0	74.3	102.4	 985	OK
 947	     0	75.5	106.1	 977	OK
 948	     0	73.6	103.3	 955	OK
 949	     0	75.4	104.2	 967	OK
 950	     0	76.4	107.0	 976	OK
 951	     0	74.4	104.2	 965	OK
 952	     0	73.8	103.7	 965	OK
 953	     0	77.7	107.5	 972	OK
 954	     0	75.7	107.4	 965	OK
 955	     0	76.2	107.2	 967	OK
 956	     0	76.2	106.1	 972	OK
 957	     0	77.8	108.4	 969	OK
 958	     0	75.7	104.9	 966	OK
 959	     0	75.4	106.9	 976	OK
 960	     0	74.5	103.8	 952	OK
 961	     0	77.3	107.6	 962	OK
 962	     0	73.9	105.1	 971	OK
 963	     0	74.2	105.1	 962	OK
 964	     0	76.3	107.4	 957	OK
 965	     0	72.2	104.3	 957	OK
 966	     0	76.1	104.0	 964	OK
 967	     0	71.6	104.0	 968	OK
 968	     0	72.4	102.8	 960	OK
 969	     0	72.3	102.2	 960	OK
 970	     0	74.4	106.5	 958	OK
 971	     0	72.3	103.0	 941	OK
 972	     0	76.8	107.6	 960	OK
 973	     0	72.1	105.8	 975	OK
 974	     0	74.7	104.5	 936	OK
 975	     0	74.8	108.6	 970	OK
 976	     0	76.6	107.1	 955	OK
 977	     0	73.1	103.2	 944	OK
 978	     0	74.2	106.0	 949	OK
 979	     0	76.3	104.9	 946	OK
 980	     0	74.1	105.9	 964	OK
 981	     0	72.3	102.5	 945	OK
 982	     0	75.5	105.2	 956	OK
 983	     0	75.5	106.9	 962	OK
 984	     0	74.4	105.9	 956	OK
 985	     0	76.5	104.8	 948	OK
 986	     0	72.6	101.7	 959	OK
 987	     0	72.6	102.1	 936	OK
 988	     0	75.5	106.5	 965	OK
 989	     0	72.4	109.3	 975	OK
 990	     0	72.9	103.8	 974	OK
 991	     0	74.0	103.4	 931	OK
 992	     0	73.1	105.6	 949	OK
 993	     0	71.7	102.4	 960	OK
 994	     0	74.8	111.7	 964	OK
 995	     0	73.6	103.8	 956	OK
 996	     0	72.7	103.1	 972	OK
 997	     0	73.5	104.8	 961	OK
 998	     0	72.9	106.2	 959	OK
 999	     0	74.5	103.4	 923	OK
1000	     0	71.1	101.5	 948	OK
1001	     0	74.9	104.9	 953	OK
1002	     0	73.9	106.7	 982	OK
1003	     0	72.5	103.4	 948	OK
1004	     0	73.0	102.8	 938	OK
1005	     0	72.8	101.8	 928	OK
1006	     0	75.4	107.1	 941	OK
1007	     0	76.5	106.4	 938	OK
1008	     0	74.7	104.3	 956	OK
1009	     0	73.9	104.3	 949	OK
1010	     0	77.1	107.3	 951	OK
1011	     0	73.9	105.5	 936	OK
1012	     0	77.7	110.9	 919	OK
1013	     0	75.2	107.2	 938	OK
1014	     0	72.5	103.2	 933	OK
1015	     0	73.0	103.4	 926	OK
1016	     0	72.1	101.7	 948	OK
1017	     0	71.0	101.8	 932	OK
1018	     0	75.1	107.4	 953	OK
1019	     0	73.6	106.3	 936	OK
1020	     0	74.4	105.0	 940	OK
1021	     0	75.7	105.6	 925	OK
1022	     0	77.5	107.2	 924	OK
1023	     0	78.0	108.3	 933	OK
1024	     0	78.6	110.1	 971	OK
1025	     0	81.9	110.3	 948	OK
1026	     0	79.3	110.2	 940	OK
1027	     0	79.8	112.8	 961	OK
1028	     0	81.3	110.8	 933	OK
1029	     0	78.9	109.9	 944	OK
1030	     0	78.9	107.5	 928	OK
1031	     0	80.8	110.9	 933	OK
1032	     0	80.7	110.6	 935	OK
1033	     0	78.2	108.5	 956	OK
1034	     0	80.6	110.3	 943	OK
1035	     0	79.7	110.9	 932	OK
1036	     0	77.8	106.8	 930	OK
1037	     0	78.2	110.5	 917	OK
1038	     0	79.9	108.5	 942	OK
1039	     0	81.2	117.6	 929	OK
1040	     0	81.8	113.2	 932	OK
1041	     0	80.4	112.0	 933	OK
1042	     0	76.8	107.3	 940	OK
1043	     0	80.4	111.0	 920	OK
1044	     0	81.6	109.8	 946	OK
1045	     0	80.5	112.0	 913	OK
1046	     0	79.1	109.7	 938	OK
1047	     0	79.9	110.3	 952	OK
1048	     0	80.5	111.5	 932	OK
1049	     0	80.7	111.9	 939	OK
1050	     0	79.0	108.2	 957	OK
1051	     0	80.2	110.2	 940	OK
1052	     0	81.3	110.7	 939	OK
1053	     0	78.0	109.3	 941	OK
1054	     0	78.2	109.4	 945	OK
1055	     0	78.1	106.9	 939	OK
1056	     0	80.9	112.0	 958	OK
1057	     0	81.0	112.9	 959	OK
1058	     0	79.3	110.4	 947	OK
1059	     0	80.6	110.8	 948	OK
1060	     0	79.6	109.1	 952	OK
1061	     0	81.5	110.6	 957	OK
1062	     0	78.5	109.1	 949	OK
1063	     0	78.7	109.1	 946	OK
1064	     0	79.3	110.9	 933	OK
1065	     0	81.7	110.1	 960	OK
1066	     0	78.9	110.6	 959	OK
1067	     0	78.3	107.5	 946	OK
1068	     0	81.2	112.4	 960	OK
1069	   100	74.6	103.3	 970	low gain
1070	     0	78.2	107.3	 958	OK
1071	     0	81.6	111.7	 973	OK
1072	     0	78.5	109.3	 971	OK
1073	     0	79.7	109.3	 957	OK
1074	     0	79.9	111.0	 962	OK
1075	     0	81.3	109.8	 950	OK
1076	     0	83.1	114.3	 970	OK
1077	     0	79.0	109.6	 963	OK
1078	     0	77.2	108.3	 965	OK
1079	     0	80.5	109.1	 959	OK
1080	     0	79.6	113.6	 955	OK
1081	     0	80.2	109.8	 954	OK
1082	     0	79.8	108.7	 951	OK
1083	     0	81.7	111.6	 949	OK
1084	     0	79.9	110.7	 963	OK
1085	     0	82.9	111.8	 977	OK
1086	     0	79.8	109.9	 959	OK
1087	     0	82.3	112.9	 965	OK
1088	     0	77.7	107.9	 945	OK
1089	     0	78.6	109.9	 953	OK
1090	     0	82.4	111.4	 947	OK
1091	     0	80.4	108.3	 986	OK
1092	     0	79.4	109.8	 968	OK
1093	     0	78.1	107.9	 942	OK
1094	     0	81.5	111.3	 946	OK
1095	     0	81.8	111.0	 957	OK
1096	     0	80.3	108.3	 942	OK
1097	     0	82.5	112.7	 971	OK
1098	     0	81.0	111.1	 959	OK
1099	     0	79.6	108.3	 959	OK
1100	     0	80.5	109.4	 952	OK
1101	     0	80.1	109.4	 952	OK
1102	     0	79.3	110.2	 966	OK
1103	     0	80.7	108.8	 944	OK
1104	     0	78.6	106.2	 948	OK
1105	     0	80.7	112.1	 959	OK
1106	     0	79.5	107.5	 940	OK
1107	     0	83.5	111.1	 953	OK
1108	     0	83.0	114.2	 949	OK
1109	     0	82.2	111.1	 951	OK
1110	     0	79.5	111.5	 951	OK
1111	     0	79.9	108.0	 947	OK
1112	     0	79.1	108.5	 972	OK
1113	     0	80.5	110.0	 942	OK
1114	     0	79.9	108.6	 953	OK
1115	     0	79.7	112.4	 963	OK
1116	     0	81.1	110.9	 940	OK
1117	     0	80.9	110.8	 933	OK
1118	     0	82.6	111.7	 937	OK
1119	     0	80.2	110.0	 961	OK
1120	     0	81.1	124.7	 964	OK
1121	     0	79.0	110.2	 976	OK
1122	     0	80.0	112.3	 952	OK
1123	     0	83.0	114.2	 949	OK
1124	     0	79.8	108.7	 941	OK
1125	     0	80.8	111.7	 962	OK
1126	     0	81.2	111.1	 942	OK
1127	     0	78.5	108.0	 944	OK
1128	     0	81.5	109.5	 932	OK
1129	     0	80.7	109.7	 913	OK
1130	     0	82.8	109.7	 947	OK
1131	     0	80.3	107.0	 945	OK
1132	     0	80.0	110.4	 940	OK
1133	     0	78.6	110.5	 935	OK
1134	     0	82.3	111.1	 941	OK
1135	     0	80.8	109.1	 927	OK
1136	     0	76.8	105.8	 941	OK
1137	     0	80.5	111.3	 954	OK
1138	     0	81.7	112.4	 943	OK
1139	     0	82.1	112.2	 940	OK
1140	     0	79.4	109.7	 954	OK
1141	     0	79.9	111.1	 923	OK
1142	     0	79.4	111.1	 962	OK
1143	     0	80.6	109.2	 956	OK
1144	     0	80.9	111.9	 940	OK
1145	     0	83.3	114.8	 931	OK
1146	     0	82.6	112.5	 946	OK
1147	     0	80.0	109.9	 945	OK
1148	     0	81.2	110.3	 931	OK
1149	     0	81.8	111.9	 939	OK
1150	     0	83.7	114.9	 940	OK
1151	     0	80.5	110.3	 954	OK
1152	     0	80.3	109.6	 905	OK
1153	     0	78.7	111.7	 927	OK
1154	     0	78.8	109.6	 922	OK
1155	     0	80.0	109.6	 906	OK
1156	     0	78.4	107.1	 920	OK
1157	     0	78.8	108.0	 910	OK
1158	     0	82.1	115.8	 945	OK
1159	     0	78.1	110.3	 934	OK
1160	     0	80.1	108.9	 904	OK
1161	     0	82.5	111.4	 932	OK
1162	     0	78.7	110.2	 918	OK
1163	     0	80.6	112.1	 922	OK
1164	     0	79.4	110.1	 915	OK
1165	     0	78.0	110.3	 915	OK
1166	     0	79.6	108.8	 903	OK
1167	     0	79.3	110.0	 912	OK
1168	     0	80.3	112.1	 921	OK
1169	     0	78.8	107.9	 906	OK
1170	     0	79.3	109.3	 906	OK
1171	     0	79.4	109.0	 901	OK
1172	     0	80.3	117.3	 920	OK
1173	     0	81.4	112.5	 897	OK
1174	     0	80.9	112.4	 939	OK
1175	     0	78.8	109.6	 927	OK
1176	     0	77.1	110.5	 936	OK
1177	     0	76.2	107.6	 898	OK
1178	     0	80.9	111.1	 926	OK
1179	     0	80.0	110.1	 919	OK
1180	     0	76.2	107.3	 923	OK
1181	     0	76.6	107.7	 923	OK
1182	     0	78.8	111.5	 919	OK
1183	     0	78.3	109.7	 918	OK
1184	     0	78.8	108.9	 915	OK
1185	     0	77.8	106.3	 944	OK
1186	     0	78.1	108.6	 927	OK
1187	     0	78.8	109.4	 916	OK
1188	     0	80.5	111.0	 925	OK
1189	     0	79.0	111.8	 930	OK
1190	     0	79.3	111.6	 940	OK
1191	     0	76.7	107.2	 943	OK
1192	     0	77.6	108.9	 952	OK
1193	     0	81.8	113.4	 923	OK
1194	     0	78.1	109.9	 927	OK
1195	     0	76.0	107.6	 928	OK
1196	     0	78.1	108.7	 916	OK
1197	     0	77.5	106.9	 912	OK
1198	     0	79.0	110.0	 906	OK
1199	     0	78.3	108.5	 953	OK
1200	     0	77.0	107.1	 938	OK
1201	     0	77.6	107.2	 919	OK
1202	     0	76.6	108.0	 936	OK
1203	     0	80.1	111.9	 905	OK
1204	     0	76.6	108.7	 919	OK
1205	     0	78.1	108.2	 931	OK
1206	     0	75.9	106.4	 924	OK
1207	     0	76.5	105.7	 925	OK
1208	     0	78.0	108.4	 914	OK
1209	     0	78.5	112.4	 919	OK
1210	     0	76.1	107.8	 928	OK
1211	     0	78.9	109.9	 951	OK
1212	     0	76.9	109.0	 913	OK
1213	     0	78.6	108.6	 946	OK
1214	     0	79.6	111.9	 924	OK
1215	     0	80.1	110.9	 925	OK
1216	     0	78.7	110.0	 927	OK
1217	     0	77.1	104.7	 922	OK
1218	     0	75.5	108.0	 934	OK
1219	     0	77.7	109.4	 927	OK
1220	     0	74.7	104.7	 933	OK
1221	     0	76.1	107.9	 915	OK
1222	     0	78.4	108.0	 908	OK
1223	     0	77.6	107.9	 900	OK
1224	     0	78.5	108.7	 901	OK
1225	     0	76.7	105.6	 931	OK
1226	     0	77.5	105.7	 907	OK
1227	     0	74.7	105.8	 911	OK
1228	     0	77.2	110.3	 909	OK
1229	     0	76.5	106.4	 929	OK
1230	     0	78.1	108.9	 927	OK
1231	     0	76.3	105.8	 904	OK
1232	     0	75.8	105.8	 924	OK
1233	     0	76.1	105.7	 904	OK
1234	     0	75.7	104.6	 906	OK
1235	     0	75.7	108.1	 924	OK
1236	     0	78.3	106.8	 905	OK
1237	     0	75.5	103.9	 913	OK
1238	     0	78.0	109.0	 928	OK
1239	     0	78.7	107.7	 904	OK
1240	     0	76.0	107.7	 912	OK
1241	     0	82.1	113.1	 904	OK
1242	     0	78.5	107.1	 911	OK
1243	     0	77.2	105.7	 901	OK
1244	     0	78.5	108.0	 912	OK
1245	     0	74.7	105.7	 897	OK
1246	     0	76.5	106.0	 916	OK
1247	     0	77.1	109.5	 925	OK
1248	     0	78.1	110.3	 905	OK
1249	     0	74.7	104.6	 909	OK
1250	     0	77.3	111.3	 902	OK
1251	     0	76.6	106.4	 908	OK
1252	     0	77.7	107.0	 903	OK
1253	     0	77.7	107.8	 919	OK
1254	     0	79.1	109.8	 910	OK
1255	     0	74.8	105.2	 895	OK
1256	     0	75.9	107.1	 897	OK
1257	     0	73.6	103.9	 907	OK
1258	     0	75.2	107.3	 903	OK
1259	     0	78.4	109.7	 888	OK
1260	     0	73.9	105.2	 884	OK
1261	     0	75.7	104.3	 884	OK
1262	     0	76.8	107.2	 901	OK
1263	     0	76.7	105.2	 897	OK
1264	     0	76.1	108.5	 880	OK
1265	     0	75.3	107.4	 879	OK
1266	     0	75.5	108.3	 896	OK
1267	     0	76.4	106.0	 874	OK
1268	     0	78.3	109.8	 890	OK
1269	     0	76.9	110.6	 883	OK
1270	     0	75.5	107.7	 884	OK
1271	     0	76.9	108.8	 874	OK
1272	     0	80.1	111.2	 859	OK
1273	     0	76.9	108.5	 888	OK
1274	     0	75.1	104.9	 886	OK
1275	     0	77.2	109.1	 889	OK
1276	     0	75.1	104.2	 896	OK
1277	     0	77.1	108.0	 885	OK
1278	     0	77.2	106.7	 897	OK
1279	     0	79.2	109.7	 942	OK
1280	  4000	77.7	107.1	 964	high noise
1281	     0	73.9	104.2	 916	OK
1282	     0	74.8	106.8	 898	OK
1283	     0	75.5	108.6	 900	OK
1284	     0	76.1	110.8	 910	OK
1285	     0	72.0	100.9	 919	OK
1286	     0	72.7	103.7	 893	OK
1287	     0	73.6	104.6	 922	OK
1288	     0	75.5	107.8	 893	OK
1289	     0	71.2	104.0	 904	OK
1290	     0	75.5	105.3	 924	OK
1291	     0	72.5	101.8	 922	OK
1292	     0	76.0	106.5	 914	OK
1293	     0	73.2	105.8	 916	OK
1294	     0	75.8	106.0	 906	OK
1295	     0	74.4	108.1	 917	OK
1296	     0	71.5	101.7	 917	OK
1297	     0	73.7	105.5	 925	OK
1298	     0	73.2	104.5	 922	OK
1299	     0	73.9	104.7	 918	OK
1300	     0	72.8	105.4	 914	OK
1301	     0	71.3	104.8	 900	OK
1302	     0	75.4	106.9	 914	OK
1303	     0	75.4	106.0	 928	OK
1304	     0	72.3	103.6	 915	OK
1305	     0	74.4	105.0	 890	OK
1306	     0	76.3	105.3	 927	OK
1307	     0	74.1	105.6	 915	OK
1308	     0	73.1	103.2	 916	OK
1309	     0	72.6	102.2	 929	OK
1310	     0	73.4	104.9	 920	OK
1311	     0	72.2	102.9	 905	OK
1312	     0	75.4	106.3	 916	OK
1313	     0	72.0	103.9	 922	OK
1314	     0	73.8	105.9	 929	OK
1315	     0	73.1	105.8	 915	OK
1316	     0	72.8	103.6	 920	OK
1317	     0	74.3	104.3	 918	OK
1318	     0	75.1	107.1	 920	OK
1319	     0	73.1	104.7	 918	OK
1320	     0	73.9	106.6	 905	OK
1321	     0	73.0	104.9	 924	OK
1322	     0	73.1	105.2	 900	OK
1323	     0	71.8	102.4	 925	OK
1324	     0	72.4	102.6	 918	OK
1325	     0	73.4	102.9	 925	OK
1326	     0	72.5	104.4	 897	OK
1327	     0	71.6	102.7	 914	OK
1328	     0	72.7	104.0	 930	OK
1329	     0	72.7	102.5	 925	OK
1330	     0	71.8	102.7	 908	OK
1331	     0	75.6	106.2	 935	OK
1332	     0	75.8	107.9	 928	OK
1333	     0	72.7	104.9	 918	OK
1334	     0	76.3	107.1	 926	OK
1335	     0	70.8	102.4	 913	OK
1336	     0	72.8	103.9	 902	OK
1337	     0	76.5	108.5	 896	OK
1338	     0	72.7	103.8	 927	OK
1339	     0	72.6	103.4	 928	OK
1340	     0	74.0	107.3	 917	OK
1341	     0	74.3	106.4	 913	OK
1342	     0	72.6	103.3	 920	OK
1343	     0	76.9	106.2	 916	OK
1344	     0	72.8	105.4	 935	OK
1345	     0	71.3	102.0	 919	OK
1346	     0	72.6	103.3	 927	OK
1347	     0	71.2	101.4	 916	OK
1348	     0	75.1	105.7	 932	OK
1349	     0	71.2	102.1	 905	OK
1350	     0	72.1	104.2	 920	OK
1351	     0	72.2	102.2	 919	OK
1352	     0	71.7	100.0	 920	OK
1353	     0	72.7	102.9	 909	OK
1354	     0	69.6	100.0	 930	OK
1355	     0	72.0	104.1	 923	OK
1356	     0	71.4	102.1	 939	OK
1357	     0	72.0	104.2	 935	OK
1358	     0	72.5	105.4	 939	OK
1359	     0	71.7	105.2	 909	OK
1360	     0	72.9	107.2	 927	OK
1361	     0	73.1	103.0	 909	OK
1362	     0	71.8	101.5	 947	OK
1363	     0	71.9	102.5	 905	OK
1364	     0	71.4	101.5	 932	OK
1365	     0	71.2	103.6	 930	OK
1366	     0	70.8	104.9	 927	OK
1367	     0	70.2	101.1	 924	OK
1368	     0	74.6	105.5	 899	OK
1369	     0	73.7	104.3	 896	OK
1370	     0	73.9	104.9	 924	OK
1371	     0	71.7	102.8	 903	OK
1372	     0	71.3	100.6	 930	OK
1373	     0	72.4	104.0	 907	OK
1374	     0	74.1	103.5	 913	OK
1375	     0	73.0	106.1	 925	OK
1376	     0	72.8	102.8	 918	OK
1377	     0	69.4	101.0	 932	OK
1378	     0	73.4	103.2	 902	OK
1379	     0	74.6	106.2	 906	OK
1380	     0	72.3	102.6	 915	OK
1381	     0	72.5	103.7	 908	OK
1382	     0	72.4	105.6	 908	OK
1383	     0	71.6	102.5	 931	OK
1384	     0	73.0	104.8	 906	OK
1385	     0	72.0	103.7	 913	OK
1386	     0	71.3	104.5	 902	OK
1387	     0	71.8	102.1	 911	OK
1388	     0	71.5	101.6	 933	OK
1389	     0	72.6	101.8	 927	OK
1390	     0	72.3	104.8	 884	OK
1391	     0	73.0	105.1	 927	OK
1392	     0	73.4	105.1	 916	OK
1393	     0	72.0	101.9	 917	OK
1394	     0	72.9	102.8	 919	OK
1395	     0	71.9	103.0	 929	OK
1396	     0	68.7	101.4	 921	OK
1397	     0	69.9	101.6	 919	OK
1398	     0	73.1	104.9	 926	OK
1399	     0	71.2	101.7	 921	OK
1400	     0	70.8	103.1	 931	OK
1401	     0	71.5	101.5	 928	OK
1402	     0	73.3	104.7	 914	OK
1403	     0	73.0	106.2	 920	OK
1404	     0	71.2	100.3	 938	OK
1405	     0	71.7	104.7	 899	OK
1406	     0	72.0	102.8	 901	OK
1407	     0	74.6	104.3	 902	OK
1408	     0	80.1	109.4	 934	OK
1409	     0	77.1	109.2	 921	OK
1410	     0	76.4	108.2	 920	OK
1411	     0	79.8	111.8	 901	OK
1412	     0	77.1	109.2	 894	OK
1413	     0	79.6	110.1	 902	OK
1414	     0	79.2	111.8	 920	OK
1415	     0	78.4	110.7	 887	OK
1416	     0	78.0	109.3	 917	OK
1417	     0	76.7	108.9	 905	OK
1418	     0	78.7	107.2	 907	OK
1419	     0	76.9	108.1	 896	OK
1420	     0	79.6	110.1	 890	OK
1421	     0	77.1	107.3	 922	OK
1422	     0	75.6	105.8	 910	OK
1423	     0	79.1	110.8	 891	OK
1424	     0	79.4	107.4	 908	OK
1425	     0	76.9	106.7	 914	OK
1426	     0	74.5	106.0	 903	OK
1427	     0	81.3	112.0	 912	OK
1428	     0	78.1	110.0	 910	OK
1429	     0	77.1	109.1	 913	OK
1430	     0	80.0	110.8	 912	OK
1431	     0	78.4	107.6	 909	OK
1432	     0	73.7	105.0	 896	OK
1433	     0	81.4	112.7	 899	OK
1434	     0	79.9	110.4	 912	OK
1435	     0	79.1	111.3	 899	OK
1436	     0	76.1	104.8	 893	OK
1437	     0	76.2	106.5	 891	OK
1438	     0	78.6	109.8	 919	OK
1439	     0	75.4	107.2	 904	OK
1440	     0	78.1	106.7	 887	OK
1441	     0	76.3	110.0	 913	OK
1442	     0	76.9	108.3	 905	OK
1443	     0	76.4	105.1	 904	OK
1444	     0	79.0	108.2	 892	OK
1445	     0	78.0	106.7	 890	OK
1446	     0	80.8	111.5	 902	OK
1447	     0	78.5	108.7	 894	OK
1448	     0	78.4	107.2	 898	OK
1449	     0	79.3	111.3	 912	OK
1450	     0	79.2	111.3	 903	OK
1451	     0	77.7	110.6	 900	OK
1452	     0	79.2	107.3	 894	OK
1453	     0	77.0	106.9	 915	OK
1454	     0	77.2	109.1	 914	OK
1455	     0	81.3	113.6	 914	OK
1456	     0	82.3	112.6	 886	OK
1457	     0	78.3	112.7	 902	OK
1458	     0	79.6	110.6	 920	OK
1459	     0	81.0	110.4	 903	OK
1460	     0	78.0	110.6	 911	OK
1461	     0	79.0	108.0	 876	OK
1462	     0	77.5	107.9	 921	OK
1463	     0	77.9	109.8	 898	OK
1464	     0	78.8	108.9	 933	OK
1465	     0	78.1	107.8	 894	OK
1466	     0	78.5	108.5	 909	OK
1467	     0	81.0	111.2	 911	OK
1468	     0	81.3	109.9	 888	OK
1469	     0	78.1	110.4	 900	OK
1470	     0	79.4	110.3	 908	OK
1471	     0	82.6	112.2	 914	OK
1472	     0	76.4	108.7	 904	OK
1473	     0	76.9	107.9	 907	OK
1474	     0	77.7	106.4	 916	OK
1475	     0	77.5	108.5	 895	OK
1476	     0	78.2	109.4	 909	OK
1477	     0	79.4	110.3	 907	OK
1478	     0	78.5	110.4	 920	OK
1479	     0	77.5	109.7	 901	OK
1480	     0	74.4	104.3	 901	OK
1481	     0	77.2	107.2	 896	OK
1482	     0	75.9	106.4	 901	OK
1483	     0	79.8	113.1	 894	OK
1484	     0	79.1	107.8	 911	OK
1485	     0	77.4	108.3	 874	OK
1486	     0	79.6	112.0	 910	OK
1487	     0	77.4	110.3	 893	OK
1488	     0	78.4	110.3	 904	OK
1489	     0	78.1	111.2	 907	OK
1490	     0	80.7	109.4	 897	OK
1491	     0	76.0	106.5	 893	OK
1492	     0	80.2	111.9	 891	OK
1493	     0	76.6	106.7	 893	OK
1494	     0	76.3	106.0	 901	OK
1495	     0	79.0	110.7	 889	OK
1496	     0	78.1	108.6	 911	OK
1497	     0	75.1	105.5	 906	OK
1498	     0	80.1	112.3	 898	OK
1499	     0	81.2	111.1	 900	OK
1500	     0	75.5	106.5	 877	OK
1501	     0	77.6	108.3	 871	OK
1502	     0	75.5	105.2	 874	OK
1503	     0	77.8	110.2	 882	OK
1504	     0	77.0	108.5	 899	OK
1505	     0	77.9	107.0	 874	OK
1506	     0	79.3	107.8	 911	OK
1507	     0	77.8	109.1	 892	OK
1508	     0	74.9	107.5	 887	OK
1509	     0	78.4	109.1	 879	OK
1510	     0	78.6	108.4	 912	OK
1511	     0	79.3	108.3	 882	OK
1512	     0	81.2	110.9	 887	OK
1513	     0	79.9	112.1	 893	OK
1514	     0	77.4	106.5	 882	OK
1515	     0	77.7	110.4	 885	OK
1516	     0	81.7	114.5	 889	OK
1517	     0	78.2	107.0	 897	OK
1518	     0	76.6	107.6	 906	OK
1519	     0	79.1	110.2	 890	OK
1520	     0	78.3	110.7	 903	OK
1521	     0	75.8	105.5	 884	OK
1522	     0	75.9	109.2	 883	OK
1523	     0	75.0	105.4	 901	OK
1524	     0	75.8	106.6	 892	OK
1525	     0	76.2	108.0	 877	OK
1526	     0	81.0	112.3	 902	OK
1527	     0	78.2	110.7	 878	OK
1528	     0	79.3	109.9	 899	OK
1529	     0	83.5	112.7	 907	OK
1530	     0	80.2	113.5	 900	OK
1531	     0	77.9	108.8	 901	OK
1532	     0	80.8	111.4	 899	OK
1533	     0	79.7	112.0	 882	OK
1534	     0	79.2	107.6	 888	OK
1535	     0	79.4	108.9	 889	OK
1536	     0	76.3	107.4	 924	OK
1537	     0	78.8	109.3	 897	OK
1538	     0	78.9	110.6	 925	OK
1539	     0	80.8	110.2	 893	OK
1540	     0	81.3	112.2	 901	OK
1541	     0	79.3	109.0	 910	OK
1542	     0	78.5	106.3	 903	OK
1543	     0	80.3	110.2	 899	OK
1544	     0	80.8	111.4	 883	OK
1545	     0	78.7	110.9	 874	OK
1546	     0	78.5	110.8	 905	OK
1547	     0	81.1	110.6	 874	OK
1548	     0	76.9	108.9	 885	OK
1549	     0	78.3	108.9	 913	OK
1550	     0	78.6	110.6	 890	OK
1551	     0	78.8	110.0	 893	OK
1552	     0	79.1	108.9	 908	OK
1553	     0	79.2	110.0	 894	OK
1554	     0	80.9	113.5	 889	OK
1555	     0	77.8	111.1	 889	OK
1556	     0	80.4	112.7	 910	OK
1557	     0	79.7	109.6	 895	OK
1558	     0	77.2	106.4	 891	OK
1559	     0	79.5	110.3	 908	OK
1560	     0	79.5	110.4	 919	OK
1561	     0	80.7	112.1	 895	OK
1562	     0	77.0	107.2	 902	OK
1563	     0	76.8	106.1	 916	OK
1564	     0	77.8	107.7	 898	OK
1565	     0	74.9	105.6	 909	OK
1566	     0	79.4	109.7	 904	OK
1567	     0	76.8	106.5	 907	OK
1568	     0	78.1	108.3	 928	OK
1569	     0	76.6	109.3	 911	OK
1570	     0	76.1	105.7	 902	OK
1571	     0	80.3	111.2	 904	OK
1572	     0	75.9	107.6	 917	OK
1573	     0	78.9	112.5	 904	OK
1574	     0	78.1	107.8	 897	OK
1575	     0	78.4	110.6	 901	OK
1576	     0	78.4	106.6	 904	OK
1577	     0	81.0	112.5	 915	OK
1578	     0	79.3	109.5	 917	OK
1579	     0	76.6	106.1	 901	OK
1580	     0	78.0	110.5	 926	OK
1581	     0	76.2	103.6	 916	OK
1582	     0	77.1	108.2	 893	OK
1583	     0	76.9	108.5	 891	OK
1584	     0	75.9	106.5	 907	OK
1585	     0	79.4	109.4	 896	OK
1586	     0	76.6	106.9	 911	OK
1587	     0	75.0	105.7	 922	OK
1588	     0	77.9	106.6	 905	OK
1589	     0	76.5	105.4	 922	OK
1590	     0	80.9	110.8	 893	OK
1591	     0	79.3	112.0	 926	OK
1592	     0	77.1	107.7	 908	OK
1593	     0	75.3	107.2	 920	OK
1594	     0	82.4	113.1	 896	OK
1595	     0	81.1	112.3	 921	OK
1596	     0	77.8	109.2	 895	OK
1597	     0	78.3	110.9	 894	OK
1598	     0	78.9	110.5	 893	OK
1599	     0	76.6	107.3	 877	OK
1600	     0	77.3	108.1	 913	OK
1601	     0	76.5	108.6	 912	OK
1602	     0	75.5	106.4	 894	OK
1603	     0	74.6	106.5	 911	OK
1604	     0	77.2	107.7	 898	OK
1605	     0	75.5	106.1	 901	OK
1606	     0	73.6	105.6	 924	OK
1607	     0	74.6	106.0	 909	OK
1608	     0	74.7	106.3	 903	OK
1609	     0	74.1	107.0	 911	OK
1610	     0	76.4	108.2	 898	OK
1611	     0	74.7	102.9	 904	OK
1612	     0	76.0	106.2	 904	OK
1613	     0	76.6	107.6	 905	OK
1614	     0	76.0	108.4	 908	OK
1615	     0	75.0	104.4	 909	OK
1616	     0	76.0	104.5	 909	OK
1617	     0	77.5	106.6	 902	OK
1618	     0	76.1	105.4	 880	OK
1619	     0	76.2	111.5	 900	OK
1620	     0	78.3	109.5	 903	OK
1621	     0	76.5	106.2	 889	OK
1622	     0	75.8	107.8	 912	OK
1623	     0	74.7	107.0	 903	OK
1624	     0	74.2	105.5	 902	OK
1625	     0	72.8	105.3	 882	OK
1626	     0	74.5	105.5	 913	OK
1627	     0	74.0	105.7	 900	OK
1628	     0	74.1	106.5	 900	OK
1629	     0	74.7	103.0	 907	OK
1630	     0	72.0	107.5	 902	OK
1631	     0	73.5	105.7	 896	OK
1632	     0	74.5	106.6	 916	OK
1633	     0	73.1	106.1	 897	OK
1634	     0	75.4	105.3	 885	OK
1635	     0	74.0	105.8	 901	OK
1636	     0	72.1	103.5	 916	OK
1637	     0	75.5	107.3	 887	OK
1638	     0	74.4	105.8	 905	OK
1639	     0	74.6	106.6	 877	OK
1640	     0	75.9	106.5	 885	OK
1641	     0	73.1	102.9	 897	OK
1642	     0	73.2	103.5	 906	OK
1643	     0	77.0	106.3	 899	OK
1644	     0	76.6	108.6	 904	OK
1645	     0	75.6	106.1	 898	OK
1646	     0	75.1	104.0	 896	OK
1647	     0	73.1	105.7	 900	OK
1648	     0	78.6	109.3	 894	OK
1649	     0	73.6	103.7	 923	OK
1650	     0	76.4	106.4	 913	OK
1651	     0	71.1	99.9	 924	OK
1652	     0	78.2	109.9	 903	OK
1653	     0	74.0	105.2	 897	OK
1654	     0	74.3	104.1	 892	OK
1655	     0	73.7	103.9	 899	OK
1656	     0	75.4	107.4	 915	OK
1657	     0	75.3	107.2	 889	OK
1658	     0	75.1	105.6	 919	OK
1659	     0	74.8	103.9	 911	OK
1660	     0	73.2	103.7	 909	OK
1661	     0	75.0	108.0	 882	OK
1662	     0	74.7	105.9	 906	OK
1663	     0	75.4	106.9	 888	OK
1664	     0	75.1	106.7	 914	OK
1665	     0	75.4	107.7	 881	OK
1666	     0	73.8	103.3	 887	OK
1667	     0	75.6	106.5	 885	OK
1668	     0	75.7	105.4	 899	OK
1669	     0	76.5	106.3	 886	OK
1670	     0	72.9	103.4	 889	OK
1671	     0	71.6	104.2	 889	OK
1672	     0	72.9	101.9	 879	OK
1673	     0	74.7	104.1	 875	OK
1674	     0	74.7	105.1	 893	OK
1675	     0	76.5	106.4	 893	OK
1676	     0	74.4	106.4	 889	OK
1677	     0	75.1	105.4	 873	OK
1678	     0	72.7	105.2	 887	OK
1679	     0	72.7	104.1	 887	OK
1680	     0	75.3	106.9	 876	OK
1681	     0	75.9	107.0	 905	OK
1682	     0	74.6	106.3	 892	OK
1683	     0	73.7	104.8	 874	OK
1684	     0	73.8	104.6	 887	OK
1685	     0	73.4	106.7	 890	OK
1686	     0	73.0	104.7	 886	OK
1687	     0	74.9	105.5	 904	OK
1688	     0	74.6	106.5	 869	OK
1689	     0	74.5	104.7	 882	OK
1690	     0	74.6	105.4	 886	OK
1691	     0	74.6	108.0	 878	OK
1692	     0	73.5	102.4	 890	OK
1693	     0	74.7	106.7	 901	OK
1694	     0	75.9	106.3	 911	OK
1695	     0	74.2	103.5	 888	OK
1696	     0	74.5	105.9	 883	OK
1697	     0	75.5	105.6	 893	OK
1698	     0	74.6	105.9	 901	OK
1699	     0	73.7	104.2	 904	OK
1700	     0	74.1	102.3	 888	OK
1701	     0	74.2	103.7	 868	OK
1702	     0	76.0	106.6	 896	OK
1703	     0	75.3	108.2	 881	OK
1704	     0	74.3	105.7	 900	OK
1705	     0	73.4	104.4	 900	OK
1706	     0	74.6	106.5	 895	OK
1707	     0	73.1	103.5	 891	OK
1708	     0	72.5	104.6	 896	OK
1709	     0	73.4	102.8	 885	OK
1710	     0	74.2	105.0	 880	OK
1711	     0	73.7	104.4	 896	OK
1712	     0	71.7	103.6	 894	OK
1713	     0	73.0	104.0	 895	OK
1714	     0	75.5	106.4	 903	OK
1715	     0	73.6	105.2	 881	OK
1716	     0	75.4	106.5	 878	OK
1717	     0	72.3	104.0	 915	OK
1718	     0	74.1	105.9	 900	OK
1719	     0	75.7	106.4	 857	OK
1720	     0	73.1	104.5	 885	OK
1721	     0	71.5	100.4	 896	OK
1722	     0	74.9	103.6	 900	OK
1723	     0	75.7	106.7	 901	OK
1724	     0	75.9	105.1	 880	OK
1725	     0	74.1	102.4	 898	OK
1726	     0	75.1	105.9	 864	OK
1727	     0	74.6	104.5	 886	OK
1728	     0	75.1	106.0	 860	OK
1729	     0	72.9	103.8	 888	OK
1730	     0	72.5	102.2	 902	OK
1731	     0	74.7	103.8	 888	OK
1732	     0	74.9	103.0	 883	OK
1733	     0	73.8	103.9	 895	OK
1734	     0	71.9	102.7	 893	OK
1735	     0	73.9	104.5	 886	OK
1736	     0	75.6	107.0	 889	OK
1737	     0	72.1	102.3	 891	OK
1738	     0	73.6	103.3	 876	OK
1739	     0	72.5	104.1	 878	OK
1740	     0	73.2	104.4	 909	OK
1741	     0	72.8	104.5	 873	OK
1742	     0	71.1	100.3	 883	OK
1743	     0	73.6	103.5	 910	OK
1744	     0	74.7	105.8	 875	OK
1745	     0	75.8	105.3	 862	OK
1746	     0	73.9	102.5	 896	OK
1747	     0	74.0	103.3	 893	OK
1748	     0	74.2	105.0	 888	OK
1749	     0	75.0	107.1	 881	OK
1750	     0	73.9	105.8	 877	OK
1751	     0	75.9	104.8	 863	OK
1752	     0	72.6	102.9	 908	OK
1753	     0	72.5	102.8	 878	OK
1754	     0	75.1	105.2	 881	OK
1755	     0	76.0	108.6	 890	OK
1756	     0	71.7	102.3	 865	OK
1757	     0	75.1	107.0	 875	OK
1758	     0	77.5	108.0	 888	OK
1759	     0	75.1	106.2	 879	OK
1760	     0	73.5	105.7	 878	OK
1761	     0	73.1	103.0	 895	OK
1762	     0	72.1	103.4	 890	OK
1763	     0	72.4	105.1	 896	OK
1764	     0	73.1	103.5	 873	OK
1765	     0	74.6	105.7	 892	OK
1766	     0	73.0	104.2	 876	OK
1767	     0	75.8	107.3	 876	OK
1768	     0	75.6	106.2	 876	OK
1769	     0	75.4	105.3	 873	OK
1770	     0	71.9	102.3	 882	OK
1771	     0	75.3	107.3	 877	OK
1772	     0	72.6	102.3	 883	OK
1773	     0	73.1	103.5	 882	OK
1774	     0	73.6	103.6	 878	OK
1775	     0	75.0	105.2	 871	OK
1776	     0	76.7	108.9	 875	OK
1777	     0	74.2	104.8	 883	OK
1778	     0	75.4	106.2	 889	OK
1779	     0	75.3	105.3	 893	OK
1780	     0	75.0	105.5	 890	OK
1781	     0	72.4	105.1	 874	OK
1782	     0	73.6	103.7	 899	OK
1783	     0	74.2	104.7	 878	OK
1784	     0	74.6	104.8	 877	OK
1785	     0	72.1	101.7	 886	OK
1786	     0	75.2	107.0	 886	OK
1787	     0	72.5	103.1	 875	OK
1788	     0	75.7	104.1	 888	OK
1789	     0	76.2	106.4	 871	OK
1790	     0	75.1	104.6	 873	OK
1791	     0	75.6	105.1	 863	OK
1792	     0	74.4	104.8	 901	OK
1793	     0	73.3	101.3	 907	OK
1794	     0	75.7	107.5	 889	OK
1795	     0	70.4	103.3	 926	OK
1796	     0	71.9	101.1	 923	OK
1797	     0	74.5	106.5	 903	OK
1798	     0	72.5	104.0	 921	OK
1799	     0	72.5	104.2	 880	OK
1800	     0	73.3	104.3	 881	OK
1801	     0	75.8	106.6	 910	OK
1802	     0	74.2	103.8	 913	OK
1803	     0	72.5	105.3	 893	OK
1804	     0	72.2	101.4	 891	OK
1805	     0	72.1	101.8	 911	OK
1806	     0	72.3	102.1	 911	OK
1807	     0	73.1	104.4	 886	OK
1808	     0	73.1	102.8	 905	OK
1809	     0	74.1	105.2	 894	OK
1810	     0	73.9	106.4	 884	OK
1811	     0	72.6	102.7	 912	OK
1812	     0	72.0	102.6	 916	OK
1813	     0	72.7	104.7	 896	OK
1814	     0	76.1	106.9	 882	OK
1815	     0	73.9	104.2	 899	OK
1816	     0	72.8	104.2	 906	OK
1817	     0	72.8	104.6	 900	OK
1818	     0	74.5	105.4	 908	OK
1819	     0	69.4	101.3	 906	OK
1820	     0	73.5	102.1	 903	OK
1821	     0	74.6	106.0	 895	OK
1822	     0	73.2	105.1	 911	OK
1823	     0	70.5	101.3	 883	OK
1824	     0	73.0	102.0	 902	OK
1825	     0	72.2	104.7	 906	OK
1826	     0	76.1	105.7	 926	OK
1827	     0	73.0	105.3	 901	OK
1828	     0	75.4	107.2	 878	OK
1829	     0	75.2	105.5	 897	OK
1830	     0	73.8	103.2	 916	OK
1831	     0	70.7	102.8	 905	OK
1832	     0	74.7	106.1	 898	OK
1833	     0	74.5	105.6	 893	OK
1834	     0	72.6	103.6	 909	OK
1835	     0	73.3	103.0	 893	OK
1836	     0	72.7	102.9	 915	OK
1837	     0	71.9	104.7	 912	OK
1838	     0	74.2	104.3	 892	OK
1839	     0	75.0	104.8	 901	OK
1840	     0	72.1	102.3	 888	OK
1841	     0	75.2	106.2	 888	OK
1842	     0	72.0	103.2	 902	OK
1843	     0	72.3	101.5	 925	OK
1844	     0	74.9	105.3	 914	OK
1845	     0	73.0	103.3	 903	OK
1846	     0	73.1	102.6	 912	OK
1847	     0	73.6	103.5	 902	OK
1848	     0	74.0	104.9	 883	OK
1849	     0	74.7	104.3	 906	OK
1850	     0	74.5	103.8	 899	OK
1851	     0	75.3	104.9	 893	OK
1852	     0	74.1	103.9	 899	OK
1853	     0	72.8	103.3	 910	OK
1854	     0	72.2	104.0	 909	OK
1855	     0	74.5	107.7	 897	OK
1856	     0	72.7	102.8	 902	OK
1857	     0	73.7	105.3	 909	OK
1858	     0	71.3	103.9	 914	OK
1859	     0	73.7	105.3	 914	OK
1860	     0	74.3	106.3	 903	OK
1861	     0	75.5	105.2	 891	OK
1862	     0	72.3	100.6	 919	OK
1863	     0	74.4	102.6	 894	OK
1864	     0	73.9	106.9	 908	OK
1865	     0	70.9	102.3	 894	OK
1866	     0	75.4	104.4	 918	OK
1867	     0	73.4	103.5	 906	OK
1868	     0	77.2	108.2	 905	OK
1869	     0	72.7	104.8	 905	OK
1870	     0	71.7	103.0	 924	OK
1871	     0	74.8	105.3	 911	OK
1872	     0	74.5	105.7	 905	OK
1873	     0	71.9	104.7	 894	OK
1874	     0	73.7	103.1	 903	OK
1875	     0	73.9	104.2	 892	OK
1876	     0	73.5	103.7	 891	OK
1877	     0	74.3	103.8	 918	OK
1878	     0	72.3	103.0	 879	OK
1879	     0	74.7	104.6	 873	OK
1880	     0	75.1	106.8	 893	OK
1881	     0	73.8	103.6	 905	OK
1882	     0	75.0	104.2	 879	OK
1883	     0	74.4	104.8	 886	OK
1884	     0	73.6	104.4	 904	OK
1885	     0	72.7	102.6	 907	OK
1886	     0	75.3	107.1	 899	OK
1887	     0	74.8	104.6	 896	OK
1888	     0	73.4	105.6	 894	OK
1889	     0	73.1	104.0	 901	OK
1890	     0	74.9	106.5	 900	OK
1891	  4000	74.2	104.0	 973	high noise
1892	     0	74.2	106.7	 894	OK
1893	     0	71.5	102.4	 908	OK
1894	     0	74.7	104.6	 902	OK
1895	     0	77.0	108.8	 903	OK
1896	     0	74.1	104.5	 891	OK
1897	     0	75.9	105.5	 909	OK
1898	     0	76.4	104.8	 887	OK
1899	     0	72.9	104.0	 894	OK
1900	     0	74.6	105.0	 886	OK
1901	     0	75.8	107.3	 889	OK
1902	     0	74.6	105.6	 882	OK
1903	     0	76.5	107.6	 914	OK
1904	     0	74.6	107.8	 888	OK
1905	     0	77.2	106.6	 899	OK
1906	     0	72.1	104.0	 901	OK
1907	     0	72.4	104.5	 906	OK
1908	     0	73.8	103.4	 888	OK
1909	     0	72.8	105.0	 932	OK
1910	     0	76.2	107.1	 870	OK
1911	     0	72.9	107.6	 907	OK
1912	     0	75.8	106.9	 873	OK
1913	     0	75.6	105.8	 903	OK
1914	  4000	77.4	112.5	 946	high noise
1915	     0	75.9	109.3	 913	OK
1916	     0	77.7	109.9	 888	OK
1917	     0	75.5	105.4	 896	OK
1918	     0	76.5	106.7	 898	OK
1919	     0	76.1	106.1	 881	OK
1920	     0	79.7	110.3	 898	OK
1921	     0	78.4	108.9	 889	OK
1922	     0	78.4	108.4	 900	OK
1923	     0	82.0	113.6	 893	OK
1924	     0	79.0	110.4	 890	OK
1925	     0	77.5	107.5	 907	OK
1926	     0	80.8	112.5	 900	OK
1927	     0	75.5	110.5	 893	OK
1928	     0	79.5	110.8	 894	OK
1929	     0	80.2	111.5	 914	OK
1930	     0	81.5	112.0	 900	OK
1931	     0	78.7	111.0	 903	OK
1932	     0	76.0	106.5	 895	OK
1933	     0	74.2	106.3	 911	OK
1934	     0	80.8	114.2	 930	OK
1935	     0	79.4	109.8	 886	OK
1936	     0	79.2	110.3	 907	OK
1937	     0	75.2	106.1	 916	OK
1938	     0	80.8	111.9	 888	OK
1939	     0	77.9	108.7	 926	OK
1940	     0	79.1	110.5	 894	OK
1941	     0	76.7	108.8	 884	OK
1942	     0	79.5	110.4	 884	OK
1943	     0	77.6	106.5	 881	OK
1944	     0	79.7	112.9	 904	OK
1945	     0	78.9	111.7	 904	OK
1946	     0	78.1	109.9	 911	OK
1947	     0	78.9	110.3	 916	OK
1948	     0	78.1	110.2	 922	OK
1949	     0	76.7	107.9	 904	OK
1950	     0	77.6	109.3	 906	OK
1951	     0	79.5	109.5	 892	OK
1952	     0	78.7	107.7	 899	OK
1953	     0	78.1	108.8	 905	OK
1954	     0	76.0	105.7	 891	OK
1955	     0	79.3	110.6	 918	OK
1956	     0	77.5	108.1	 907	OK
1957	     0	77.7	107.6	 914	OK
1958	     0	76.6	109.0	 923	OK
1959	     0	78.6	110.3	 912	OK
1960	     0	79.0	110.6	 925	OK
1961	     0	77.8	108.3	 904	OK
1962	     0	81.7	113.8	 897	OK
1963	     0	78.7	109.4	 915	OK
1964	     0	77.6	109.1	 914	OK
1965	     0	79.3	112.6	 920	OK
1966	     0	77.4	110.4	 911	OK
1967	     0	79.6	109.2	 886	OK
1968	     0	78.3	108.2	 906	OK
1969	     0	80.0	112.0	 901	OK
1970	     0	77.9	108.6	 908	OK
1971	     0	77.5	108.0	 908	OK
1972	     0	79.2	108.5	 881	OK
1973	     0	78.1	109.9	 912	OK
1974	     0	79.5	112.2	 912	OK
1975	     0	77.1	106.8	 902	OK
1976	     0	79.5	114.0	 907	OK
1977	     0	79.5	111.2	 908	OK
1978	     0	77.8	107.3	 912	OK
1979	     0	79.7	111.8	 923	OK
1980	     0	81.4	111.2	 925	OK
1981	     0	78.6	110.5	 922	OK
1982	     0	80.5	110.5	 918	OK
1983	     0	80.6	110.8	 918	OK
1984	     0	77.5	108.6	 909	OK
1985	     0	76.5	108.8	 899	OK
1986	     0	75.6	104.8	 899	OK
1987	     0	73.9	105.0	 908	OK
1988	     0	77.3	108.2	 918	OK
1989	     0	77.2	106.3	 884	OK
1990	     0	76.9	109.1	 905	OK
1991	     0	78.7	108.5	 895	OK
1992	     0	79.8	109.3	 913	OK
1993	     0	79.9	110.4	 935	OK
1994	     0	77.7	110.3	 915	OK
1995	     0	78.4	107.0	 902	OK
1996	     0	77.0	110.0	 917	OK
1997	     0	77.3	108.3	 918	OK
1998	     0	74.0	107.0	 907	OK
1999	     0	76.6	110.2	 911	OK
2000	     0	79.0	109.2	 913	OK
2001	     0	75.5	107.8	 916	OK
2002	     0	76.9	108.2	 909	OK
2003	     0	78.2	110.2	 909	OK
2004	     0	75.4	105.4	 905	OK
2005	     0	76.4	106.2	 909	OK
2006	     0	75.8	104.8	 915	OK
2007	     0	74.6	106.7	 898	OK
2008	     0	75.7	107.5	 893	OK
2009	     0	75.3	106.8	 918	OK
2010	     0	77.2	108.0	 907	OK
2011	     0	76.8	108.5	 895	OK
2012	     0	74.5	104.5	 924	OK
2013	     0	77.3	107.3	 912	OK
2014	     0	77.4	106.4	 887	OK
2015	     0	77.1	110.4	 923	OK
2016	     0	76.0	105.9	 905	OK
2017	     0	79.0	108.9	 914	OK
2018	     0	76.9	108.7	 889	OK
2019	     0	75.4	106.1	 910	OK
2020	     0	77.1	105.2	 910	OK
2021	     0	76.2	107.2	 918	OK
2022	     0	74.7	107.6	 908	OK
2023	     0	74.2	104.0	 920	OK
2024	     0	77.9	111.2	 936	OK
2025	     0	77.9	110.3	 910	OK
2026	     0	78.4	108.2	 932	OK
2027	     0	78.6	109.1	 907	OK
2028	     0	75.0	106.2	 929	OK
2029	     0	76.9	106.8	 919	OK
2030	     0	76.7	106.6	 922	OK
2031	     0	76.8	108.3	 903	OK
2032	     0	76.2	109.0	 900	OK
2033	     0	79.2	111.4	 908	OK
2034	     0	78.7	109.1	 886	OK
2035	     0	79.8	112.5	 909	OK
2036	     0	77.9	108.8	 914	OK
2037	     0	74.9	108.0	 902	OK
2038	     0	78.2	109.2	 920	OK
2039	     0	77.4	107.2	 911	OK
2040	     0	76.0	106.5	 901	OK
2041	     0	75.8	106.9	 894	OK
2042	     0	77.8	109.2	 912	OK
2043	     0	77.2	108.4	 907	OK
2044	     0	78.4	108.2	 925	OK
2045	     0	78.1	108.2	 917	OK
2046	     0	77.1	109.4	 928	OK
2047	     0	78.4	110.3	 909	OK
2048	     0	79.5	110.1	 940	OK
2049	     0	76.7	108.0	 918	OK
2050	     0	72.9	104.3	 938	OK
2051	     0	78.5	110.7	 946	OK
2052	     0	76.4	108.9	 928	OK
2053	     0	76.4	108.7	 937	OK
2054	     0	80.4	108.9	 929	OK
2055	     0	76.2	104.7	 917	OK
2056	     0	78.7	108.1	 909	OK
2057	     0	81.9	111.9	 938	OK
2058	     0	75.7	104.1	 929	OK
2059	     0	76.9	110.1	 951	OK
2060	     0	76.3	107.4	 925	OK
2061	     0	77.9	108.1	 931	OK
2062	     0	77.4	108.7	 927	OK
2063	     0	76.1	107.8	 928	OK
2064	     0	76.9	106.9	 935	OK
2065	     0	73.9	104.5	 925	OK
2066	     0	76.7	108.5	 943	OK
2067	     0	75.0	104.1	 929	OK
2068	     0	77.7	106.8	 938	OK
2069	     0	76.8	107.4	 926	OK
2070	     0	76.7	105.5	 925	OK
2071	     0	76.4	106.7	 935	OK
2072	     0	78.9	113.6	 928	OK
2073	     0	75.2	106.5	 927	OK
2074	     0	78.7	108.8	 909	OK
2075	     0	76.8	105.3	 927	OK
2076	     0	78.5	109.8	 936	OK
2077	     0	78.0	109.5	 927	OK
2078	     0	76.1	105.3	 925	OK
2079	     0	77.3	109.9	 924	OK
2080	     0	76.5	106.2	 920	OK
2081	     0	76.4	109.6	 934	OK
2082	     0	75.9	107.1	 934	OK
2083	     0	76.6	107.8	 935	OK
2084	     0	76.8	105.7	 935	OK
2085	     0	76.8	107.2	 911	OK
2086	     0	76.3	107.9	 946	OK
2087	     0	77.4	106.5	 916	OK
2088	     0	78.7	107.2	 924	OK
2089	     0	77.2	108.3	 938	OK
2090	     0	75.7	106.9	 924	OK
2091	     0	73.1	104.1	 939	OK
2092	     0	78.9	110.6	 925	OK
2093	     0	77.5	106.4	 920	OK
2094	     0	77.9	108.3	 942	OK
2095	     0	75.9	109.4	 921	OK
2096	     0	76.3	106.5	 957	OK
2097	     0	76.8	107.7	 925	OK
2098	     0	76.0	107.0	 948	OK
2099	     0	75.5	106.1	 929	OK
2100	     0	77.2	107.9	 929	OK
2101	     0	77.0	106.1	 935	OK
2102	     0	79.2	108.6	 925	OK
2103	     0	76.8	108.3	 932	OK
2104	     0	78.4	107.6	 934	OK
2105	     0	80.8	111.0	 929	OK
2106	     0	80.3	112.4	 937	OK
2107	     0	76.6	107.5	 935	OK
2108	     0	78.2	108.6	 944	OK
2109	     0	80.1	111.9	 908	OK
2110	     0	76.8	105.2	 921	OK
2111	     0	79.0	108.8	 923	OK
2112	     0	76.3	104.7	 923	OK
2113	     0	79.6	111.1	 930	OK
2114	     0	76.8	108.1	 929	OK
2115	     0	76.9	108.5	 926	OK
2116	     0	75.8	107.8	 920	OK
2117	     0	80.4	111.5	 920	OK
2118	     0	74.2	106.7	 911	OK
2119	     0	74.5	104.8	 933	OK
2120	     0	75.2	107.5	 927	OK
2121	     0	78.1	108.2	 916	OK
2122	     0	77.4	107.1	 933	OK
2123	     0	75.1	105.0	 918	OK
2124	     0	74.7	105.4	 941	OK
2125	     0	77.4	106.3	 915	OK
2126	     0	76.0	107.8	 917	OK
2127	     0	76.3	106.5	 902	OK
2128	     0	75.1	106.7	 924	OK
2129	     0	73.5	103.8	 928	OK
2130	     0	73.3	105.0	 927	OK
2131	     0	77.1	106.4	 913	OK
2132	     0	78.7	108.7	 912	OK
2133	     0	73.6	106.1	 911	OK
2134	     0	77.5	107.1	 911	OK
2135	     0	75.0	105.0	 921	OK
2136	     0	79.4	112.7	 916	OK
2137	     0	75.6	107.0	 915	OK
2138	     0	76.2	107.1	 931	OK
2139	     0	73.7	106.2	 921	OK
2140	     0	79.4	108.5	 908	OK
2141	     0	74.0	105.4	 911	OK
2142	     0	75.8	107.8	 929	OK
2143	     0	74.2	106.6	 933	OK
2144	     0	76.4	107.9	 928	OK
2145	     0	79.0	108.7	 922	OK
2146	     0	76.2	104.5	 935	OK
2147	     0	75.8	106.3	 924	OK
2148	     0	77.2	105.4	 927	OK
2149	     0	75.9	108.3	 919	OK
2150	     0	76.1	106.4	 948	OK
2151	     0	74.4	105.7	 914	OK
2152	     0	75.4	104.0	 918	OK
2153	     0	75.3	104.5	 916	OK
2154	     0	75.4	104.1	 923	OK
2155	     0	78.0	110.4	 916	OK
2156	     0	77.0	108.5	 932	OK
2157	     0	78.9	111.9	 949	OK
2158	     0	76.7	105.8	 908	OK
2159	     0	75.6	108.9	 918	OK
2160	     0	77.1	110.3	 929	OK
2161	     0	76.9	108.1	 909	OK
2162	     0	77.1	106.0	 906	OK
2163	     0	76.7	110.1	 929	OK
2164	     0	77.2	108.1	 917	OK
2165	     0	78.0	109.6	 912	OK
2166	     0	78.6	111.2	 928	OK
2167	     0	77.0	107.5	 913	OK
2168	     0	74.2	105.8	 932	OK
2169	     0	76.6	110.0	 920	OK
2170	     0	76.8	106.8	 893	OK
2171	     0	80.6	112.6	 926	OK
2172	     0	76.3	106.1	 917	OK
2173	     0	76.8	105.8	 912	OK
2174	     0	74.9	104.0	 920	OK
2175	     0	78.2	107.7	 924	OK
2176	     0	75.0	107.8	 906	OK
2177	     0	74.5	106.0	 927	OK
2178	     0	73.9	103.2	 939	OK
2179	     0	72.9	105.7	 915	OK
2180	     0	73.3	104.8	 929	OK
2181	     0	73.8	105.0	 936	OK
2182	     0	73.4	102.3	 910	OK
2183	     0	74.3	107.1	 914	OK
2184	     0	75.9	106.3	 914	OK
2185	     0	72.0	103.6	 917	OK
2186	     0	75.3	105.8	 915	OK
2187	     0	72.5	104.6	 898	OK
2188	     0	74.5	105.3	 925	OK
2189	     0	76.8	108.1	 911	OK
2190	     0	72.7	102.8	 922	OK
2191	     0	75.9	105.2	 911	OK
2192	     0	74.4	105.1	 920	OK
2193	     0	75.4	106.7	 924	OK
2194	     0	75.2	107.0	 907	OK
2195	     0	76.2	108.0	 940	OK
2196	     0	72.0	104.7	 925	OK
2197	     0	73.9	106.3	 961	OK
2198	     0	75.0	106.6	 922	OK
2199	     0	77.5	110.6	 910	OK
2200	     0	76.6	106.7	 926	OK
2201	     0	73.9	104.8	 904	OK
2202	     0	73.9	103.9	 918	OK
2203	     0	75.9	105.6	 893	OK
2204	     0	75.4	106.7	 913	OK
2205	     0	76.7	109.4	 931	OK
2206	     0	73.3	103.6	 921	OK
2207	     0	76.4	108.6	 933	OK
2208	     0	75.5	106.2	 928	OK
2209	     0	77.7	108.1	 911	OK
2210	     0	74.3	107.3	 908	OK
2211	     0	77.1	109.7	 902	OK
2212	     0	75.0	109.4	 928	OK
2213	     0	74.9	106.4	 915	OK
2214	     0	75.0	105.5	 931	OK
2215	     0	74.4	103.6	 935	OK
2216	     0	77.5	109.1	 918	OK
2217	     0	76.0	108.4	 937	OK
2218	     0	73.7	104.3	 939	OK
2219	     0	75.6	107.3	 906	OK
2220	     0	76.0	108.6	 931	OK
2221	     0	74.7	108.0	 912	OK
2222	     0	76.0	107.9	 918	OK
2223	     0	70.6	101.1	 933	OK
2224	     0	72.6	105.2	 927	OK
2225	     0	75.3	106.9	 911	OK
2226	     0	73.3	104.8	 939	OK
2227	     0	71.5	103.6	 921	OK
2228	     0	74.7	105.6	 933	OK
2229	     0	73.9	105.9	 949	OK
2230	     0	75.0	104.3	 927	OK
2231	     0	76.3	105.1	 932	OK
2232	     0	73.7	106.5	 930	OK
2233	     0	75.0	106.6	 952	OK
2234	     0	72.4	105.3	 958	OK
2235	     0	74.3	107.0	 909	OK
2236	     0	75.2	106.1	 938	OK
2237	     0	75.2	107.6	 938	OK
2238	     0	74.1	104.5	 907	OK
2239	     0	79.4	111.2	 915	OK
2240	     0	73.2	104.8	 945	OK
2241	     0	74.3	104.4	 963	OK
2242	     0	75.4	106.1	 955	OK
2243	     0	74.3	106.2	 924	OK
2244	     0	71.0	103.7	 916	OK
2245	     0	73.2	103.0	 917	OK
2246	     0	71.7	103.6	 927	OK
2247	     0	73.4	104.9	 911	OK
2248	     0	72.0	104.0	 928	OK
2249	     0	72.8	104.8	 922	OK
2250	     0	73.1	102.5	 932	OK
2251	     0	72.7	103.7	 916	OK
2252	     0	74.0	105.8	 920	OK
2253	     0	74.9	104.3	 933	OK
2254	     0	74.4	105.9	 915	OK
2255	     0	74.5	104.3	 912	OK
2256	     0	71.7	103.4	 946	OK
2257	     0	72.7	104.0	 899	OK
2258	     0	72.4	105.7	 930	OK
2259	     0	73.0	103.3	 920	OK
2260	     0	72.2	103.4	 950	OK
2261	     0	72.6	103.2	 920	OK
2262	     0	72.7	103.8	 931	OK
2263	     0	75.8	108.1	 940	OK
2264	     0	71.2	102.4	 928	OK
2265	     0	74.1	104.4	 930	OK
2266	     0	72.7	106.0	 935	OK
2267	     0	71.3	103.2	 928	OK
2268	     0	72.1	103.8	 936	OK
2269	     0	71.1	102.1	 917	OK
2270	     0	75.3	105.5	 925	OK
2271	     0	74.6	105.8	 930	OK
2272	     0	73.3	108.5	 906	OK
2273	     0	73.0	103.9	 913	OK
2274	     0	71.2	101.9	 917	OK
2275	     0	76.3	105.8	 917	OK
2276	     0	73.1	103.1	 948	OK
2277	     0	76.8	109.8	 903	OK
2278	     0	75.5	107.3	 924	OK
2279	     0	71.9	101.9	 925	OK
2280	     0	73.1	103.6	 927	OK
2281	     0	72.0	103.0	 922	OK
2282	     0	73.1	102.4	 924	OK
2283	     0	73.7	104.1	 908	OK
2284	     0	73.5	103.8	 920	OK
2285	     0	72.9	105.2	 904	OK
2286	     0	72.0	104.5	 929	OK
2287	     0	71.7	103.9	 935	OK
2288	     0	74.8	107.1	 915	OK
2289	     0	74.7	104.4	 922	OK
2290	     0	71.6	104.6	 928	OK
2291	     0	74.6	104.6	 910	OK
2292	     0	76.2	107.7	 931	OK
2293	     0	73.0	103.9	 930	OK
2294	     0	74.1	105.9	 903	OK
2295	     0	72.3	103.8	 916	OK
2296	     0	73.9	103.3	 920	OK
2297	     0	76.0	107.1	 913	OK
2298	     0	74.6	105.4	 925	OK
2299	     0	74.1	103.9	 916	OK
2300	     0	72.0	104.2	 910	OK
2301	     0	75.9	106.7	 922	OK
2302	     0	76.1	106.4	 909	OK
2303	     0	77.0	106.7	 917	OK
2304	     0	80.4	109.4	 937	OK
2305	     0	79.9	119.7	 902	OK
2306	     0	81.9	113.9	 929	OK
2307	     0	79.9	115.6	 925	OK
2308	     0	78.8	108.3	 912	OK
2309	     0	79.6	112.2	 929	OK
2310	     0	79.6	110.2	 928	OK
2311	     0	79.9	111.4	 917	OK
2312	     0	79.3	109.3	 896	OK
2313	     0	82.1	110.6	 904	OK
2314	     0	80.6	111.8	 945	OK
2315	     0	76.7	107.6	 939	OK
2316	     0	76.9	109.0	 923	OK
2317	     0	80.2	113.6	 917	OK
2318	     0	79.8	112.1	 912	OK
2319	     0	78.3	110.1	 915	OK
2320	     0	79.6	109.1	 929	OK
2321	     0	79.5	109.9	 917	OK
2322	     0	78.3	109.0	 919	OK
2323	     0	80.0	109.0	 930	OK
2324	     0	77.6	111.4	 923	OK
2325	     0	78.7	109.2	 903	OK
2326	     0	76.6	106.4	 927	OK
2327	     0	80.8	109.0	 889	OK
2328	     0	79.9	108.6	 919	OK
2329	     0	82.6	114.9	 934	OK
2330	     0	83.1	112.5	 910	OK
2331	     0	77.7	107.6	 924	OK
2332	     0	81.8	113.2	 944	OK
2333	     0	75.8	107.1	 932	OK
2334	     0	80.9	113.1	 939	OK
2335	     0	78.8	108.5	 895	OK
2336	     0	80.5	110.0	 912	OK
2337	     0	78.6	109.5	 935	OK
2338	     0	79.3	110.9	 940	OK
2339	     0	81.4	112.2	 923	OK
2340	     0	79.5	110.9	 920	OK
2341	     0	80.8	109.5	 913	OK
2342	     0	77.9	107.7	 903	OK
2343	     0	79.9	108.3	 923	OK
2344	     0	81.5	113.1	 913	OK
2345	     0	81.4	110.9	 911	OK
2346	     0	78.4	109.3	 919	OK
2347	     0	81.8	111.1	 932	OK
2348	     0	80.3	110.7	 915	OK
2349	     0	79.5	110.7	 933	OK
2350	     0	80.7	112.4	 915	OK
2351	     0	80.4	110.4	 931	OK
2352	     0	79.7	108.7	 922	OK
2353	     0	80.1	109.6	 921	OK
2354	     0	78.5	111.4	 912	OK
2355	     0	82.3	112.3	 896	OK
2356	     0	80.1	112.0	 925	OK
2357	     0	78.8	107.8	 919	OK
2358	     0	81.2	111.5	 914	OK
2359	     0	78.6	108.0	 928	OK
2360	     0	80.7	111.5	 920	OK
2361	     0	82.8	114.3	 908	OK
2362	     0	80.1	110.2	 919	OK
2363	     0	79.1	109.7	 911	OK
2364	     0	79.1	108.2	 923	OK
2365	     0	78.7	107.5	 921	OK
2366	     0	81.4	111.2	 901	OK
2367	     0	83.0	115.9	 912	OK
2368	     0	79.4	111.9	 915	OK
2369	     0	81.2	112.3	 901	OK
2370	     0	81.1	113.5	 934	OK
2371	     0	80.4	109.4	 907	OK
2372	     0	78.5	108.4	 934	OK
2373	     0	80.1	109.2	 904	OK
2374	     0	82.3	111.9	 918	OK
2375	     0	80.3	113.3	 933	OK
2376	     0	80.1	110.6	 912	OK
2377	     0	79.5	108.7	 919	OK
2378	     0	78.3	107.5	 899	OK
2379	     0	79.7	112.0	 916	OK
2380	     0	79.3	109.4	 922	OK
2381	     0	78.4	108.8	 907	OK
2382	     0	80.2	110.8	 905	OK
2383	     0	78.6	110.4	 909	OK
2384	     0	77.8	108.1	 913	OK
2385	     0	81.2	113.6	 893	OK
2386	     0	81.3	109.4	 909	OK
2387	     0	79.9	110.1	 927	OK
2388	     0	78.1	110.6	 893	OK
2389	     0	79.3	111.6	 901	OK
2390	     0	82.5	114.1	 914	OK
2391	     0	78.9	107.5	 891	OK
2392	     0	79.7	111.4	 907	OK
2393	     0	81.6	110.9	 894	OK
2394	     0	78.6	108.1	 885	OK
2395	     0	80.7	111.2	 907	OK
2396	     0	78.2	108.3	 909	OK
2397	     0	80.9	112.9	 903	OK
2398	     0	81.6	112.5	 873	OK
2399	     0	80.3	109.6	 891	OK
2400	     0	81.1	113.9	 910	OK
2401	     0	78.4	106.7	 893	OK
2402	     0	82.6	113.3	 920	OK
2403	     0	82.2	113.7	 918	OK
2404	     0	79.4	111.0	 913	OK
2405	     0	81.1	111.3	 909	OK
2406	     0	79.0	110.1	 894	OK
2407	     0	80.1	109.0	 902	OK
2408	     0	80.2	112.0	 918	OK
2409	     0	79.2	108.6	 909	OK
2410	     0	80.1	113.1	 905	OK
2411	     0	80.8	110.6	 914	OK
2412	     0	79.5	110.3	 915	OK
2413	     0	77.8	109.8	 915	OK
2414	     0	80.0	109.0	 899	OK
2415	     0	80.3	110.1	 891	OK
2416	     0	78.6	109.4	 891	OK
2417	     0	80.0	109.9	 907	OK
2418	     0	81.6	111.2	 912	OK
2419	     0	78.9	108.6	 909	OK
2420	     0	79.8	110.9	 891	OK
2421	     0	81.7	112.4	 910	OK
2422	     0	82.1	113.7	 908	OK
2423	     0	78.2	110.2	 905	OK
2424	     0	84.4	116.7	 912	OK
2425	     0	76.7	107.7	 898	OK
2426	     0	80.9	112.4	 896	OK
2427	     0	80.8	111.0	 905	OK
2428	     0	82.2	113.0	 919	OK
2429	     0	81.4	112.1	 910	OK
2430	     0	82.8	114.8	 910	OK
2431	     0	82.0	111.5	 887	OK
2432	     0	81.6	114.0	 878	OK
2433	     0	81.8	114.1	 880	OK
2434	     0	78.2	110.5	 910	OK
2435	     0	77.9	112.1	 875	OK
2436	     0	80.2	112.6	 874	OK
2437	     0	80.7	111.2	 873	OK
2438	     0	78.5	108.8	 882	OK
2439	     0	80.0	111.4	 890	OK
2440	     0	75.8	106.3	 883	OK
2441	     0	80.6	111.2	 890	OK
2442	     0	79.5	109.9	 873	OK
2443	     0	77.4	108.9	 881	OK
2444	     0	76.5	107.6	 885	OK
2445	     0	77.4	109.9	 886	OK
2446	     0	80.5	122.7	 882	OK
2447	     0	79.3	116.8	 881	OK
2448	     0	79.1	108.9	 880	OK
2449	     0	78.9	111.1	 881	OK
2450	     0	79.7	111.3	 889	OK
2451	     0	78.8	112.0	 868	OK
2452	     0	77.7	109.9	 876	OK
2453	     0	78.5	111.4	 893	OK
2454	     0	80.7	110.6	 898	OK
2455	     0	77.9	110.0	 873	OK
2456	     0	78.8	111.8	 880	OK
2457	     0	78.1	109.7	 870	OK
2458	     0	79.5	112.1	 904	OK
2459	     0	79.4	111.1	 887	OK
2460	     0	76.4	106.3	 888	OK
2461	     0	77.8	110.8	 880	OK
2462	     0	78.1	110.1	 904	OK
2463	     0	80.3	112.3	 883	OK
2464	     0	77.7	108.8	 903	OK
2465	     0	80.1	111.0	 886	OK
2466	     0	76.2	108.4	 886	OK
2467	     0	77.4	109.3	 876	OK
2468	     0	78.3	110.2	 885	OK
2469	     0	81.6	113.3	 899	OK
2470	     0	78.1	111.3	 882	OK
2471	     0	76.1	108.0	 886	OK
2472	     0	78.2	109.5	 900	OK
2473	     0	76.8	108.4	 866	OK
2474	     0	78.6	112.3	 905	OK
2475	     0	76.1	108.2	 894	OK
2476	     0	77.4	110.4	 894	OK
2477	     0	78.0	109.8	 900	OK
2478	     0	78.6	107.4	 879	OK
2479	     0	78.7	107.8	 884	OK
2480	     0	76.5	108.4	 908	OK
2481	     0	78.4	111.1	 882	OK
2482	     0	79.9	112.8	 887	OK
2483	     0	76.6	108.7	 874	OK
2484	     0	78.4	111.6	 902	OK
2485	     0	78.4	110.3	 893	OK
2486	     0	81.0	111.0	 889	OK
2487	     0	80.3	111.6	 901	OK
2488	     0	81.2	113.7	 891	OK
2489	     0	80.7	110.7	 878	OK
2490	     0	76.3	109.3	 900	OK
2491	     0	79.3	108.5	 879	OK
2492	     0	78.8	109.5	 907	OK
2493	     0	77.7	107.7	 892	OK
2494	     0	78.3	109.0	 888	OK
2495	     0	80.3	110.9	 886	OK
2496	     0	75.9	110.1	 879	OK
2497	     0	78.8	108.9	 887	OK
2498	     0	75.4	106.5	 888	OK
2499	     0	76.1	106.1	 883	OK
2500	     0	77.6	108.7	 872	OK
2501	     0	77.6	109.5	 891	OK
2502	     0	78.1	108.0	 892	OK
2503	     0	76.3	108.1	 893	OK
2504	     0	75.3	107.5	 904	OK
2505	     0	76.4	107.4	 889	OK
2506	     0	81.2	113.1	 873	OK
2507	     0	76.4	106.9	 873	OK
2508	     0	77.8	107.3	 876	OK
2509	     0	78.9	111.2	 882	OK
2510	     0	73.2	104.2	 892	OK
2511	     0	74.2	106.8	 901	OK
2512	     0	76.1	105.5	 912	OK
2513	     0	73.8	105.9	 904	OK
2514	     0	75.0	105.7	 897	OK
2515	     0	76.7	106.7	 896	OK
2516	     0	73.2	107.3	 881	OK
2517	     0	79.0	108.9	 889	OK
2518	     0	78.9	111.1	 910	OK
2519	     0	76.4	107.5	 882	OK
2520	     0	78.0	110.8	 890	OK
2521	     0	78.1	110.5	 877	OK
2522	     0	79.0	110.0	 886	OK
2523	     0	78.7	109.0	 892	OK
2524	     0	74.6	107.7	 893	OK
2525	     0	77.7	109.2	 893	OK
2526	     0	76.7	107.5	 886	OK
2527	     0	74.5	104.0	 880	OK
2528	     0	76.1	106.9	 887	OK
2529	     0	76.7	106.9	 877	OK
2530	     0	74.5	104.8	 892	OK
2531	     0	76.1	106.1	 904	OK
2532	     0	77.2	107.5	 904	OK
2533	     0	76.1	107.4	 889	OK
2534	     0	78.4	109.4	 898	OK
2535	     0	76.5	107.4	 871	OK
2536	     0	78.4	109.9	 894	OK
2537	     0	76.8	108.7	 872	OK
2538	     0	75.2	106.5	 883	OK
2539	     0	76.0	108.3	 886	OK
2540	     0	75.4	104.1	 898	OK
2541	     0	77.0	109.1	 865	OK
2542	     0	77.8	109.6	 872	OK
2543	     0	75.6	107.7	 889	OK
2544	     0	77.7	110.5	 889	OK
2545	     0	75.9	107.7	 883	OK
2546	     0	78.9	110.6	 885	OK
2547	     0	74.3	106.1	 901	OK
2548	     0	76.7	108.3	 865	OK
2549	     0	73.5	103.8	 879	OK
2550	     0	76.1	106.4	 887	OK
2551	     0	74.6	104.4	 877	OK
2552	     0	75.5	104.9	 891	OK
2553	     0	77.3	108.6	 887	OK
2554	     0	75.1	107.5	 887	OK
2555	     0	78.7	109.4	 904	OK
2556	     0	79.7	112.7	 876	OK
2557	     0	78.1	109.6	 856	OK
2558	     0	76.1	108.5	 902	OK
2559	  4200	85.8	111.2	 928	high gain
