#chan	code	gain	vt50	innse	comment
   0	     0	84.5	111.9	1076	OK
   1	     0	84.3	114.3	1054	OK
   2	     0	75.8	108.5	1020	OK
   3	     0	84.0	116.9	1018	OK
   4	     0	80.7	111.0	1025	OK
   5	     0	79.7	113.6	1038	OK
   6	     0	80.3	110.0	1019	OK
   7	     0	79.1	111.0	1048	OK
   8	     0	80.7	111.9	1019	OK
   9	     0	79.8	112.9	1037	OK
  10	     0	80.8	114.1	1016	OK
  11	     0	78.2	108.9	1013	OK
  12	     0	78.6	112.3	1050	OK
  13	     0	80.1	114.2	1048	OK
  14	     0	78.6	110.9	1043	OK
  15	     0	78.3	110.5	1015	OK
  16	     0	78.5	109.2	1002	OK
  17	     0	77.2	109.8	1025	OK
  18	     0	83.5	114.6	1037	OK
  19	     0	81.4	113.2	1021	OK
  20	     0	79.2	111.5	1021	OK
  21	     0	81.0	112.8	1003	OK
  22	     0	78.4	109.7	1023	OK
  23	     0	78.9	110.8	1045	OK
  24	     0	81.7	115.0	1012	OK
  25	     0	76.2	107.4	1038	OK
  26	     0	79.6	111.8	1007	OK
  27	     0	80.7	111.0	1030	OK
  28	     0	79.1	110.2	1006	OK
  29	     0	83.0	113.3	1012	OK
  30	     0	77.7	110.9	1046	OK
  31	     0	80.0	111.8	1010	OK
  32	     0	82.7	114.5	1023	OK
  33	     0	80.1	112.0	1031	OK
  34	     0	80.7	113.6	1019	OK
  35	     0	79.0	109.8	1034	OK
  36	     0	79.0	108.4	1030	OK
  37	     0	80.2	111.3	1023	OK
  38	     0	79.4	113.4	1054	OK
  39	     0	79.6	110.5	1038	OK
  40	     0	81.6	112.2	1046	OK
  41	     0	78.5	112.0	1023	OK
  42	     0	81.6	115.5	1053	OK
  43	     0	80.9	114.8	1035	OK
  44	     0	82.4	116.3	1030	OK
  45	     0	82.3	115.3	1057	OK
  46	     0	80.1	113.2	1059	OK
  47	     0	82.7	113.9	1051	OK
  48	     0	79.7	110.1	1043	OK
  49	     0	79.3	110.7	1039	OK
  50	     0	77.2	107.9	1068	OK
  51	     0	79.7	113.7	1047	OK
  52	     0	80.6	110.1	1025	OK
  53	     0	79.6	110.8	1052	OK
  54	     0	82.6	113.8	1041	OK
  55	     0	81.0	113.2	1036	OK
  56	     0	79.2	111.5	1042	OK
  57	     0	81.4	111.8	1045	OK
  58	     0	76.5	109.2	1032	OK
  59	     0	78.8	110.0	1033	OK
  60	     0	79.9	110.6	1032	OK
  61	     0	79.7	110.4	1049	OK
  62	     0	81.5	113.2	1052	OK
  63	     0	81.1	114.3	1066	OK
  64	     0	79.2	110.6	1041	OK
  65	     0	80.3	113.4	1039	OK
  66	     0	78.7	110.7	1037	OK
  67	     0	80.5	111.0	1049	OK
  68	     0	78.5	109.4	1037	OK
  69	     0	78.9	112.0	1037	OK
  70	     0	76.3	107.4	1059	OK
  71	     0	74.9	107.5	1089	OK
  72	     0	77.7	108.5	1061	OK
  73	     0	77.3	111.4	1043	OK
  74	     0	77.0	110.2	1045	OK
  75	     0	76.6	108.5	1034	OK
  76	     0	78.4	112.1	1049	OK
  77	     0	78.7	108.1	1050	OK
  78	     0	78.3	109.3	1051	OK
  79	     0	78.6	110.3	1037	OK
  80	     0	78.2	108.7	1023	OK
  81	     0	79.3	109.6	1045	OK
  82	     0	77.5	109.7	1061	OK
  83	     0	78.6	110.3	1045	OK
  84	     0	79.1	112.6	1063	OK
  85	     0	79.2	111.5	1072	OK
  86	     0	76.0	107.7	1040	OK
  87	     0	77.6	111.5	1047	OK
  88	     0	80.4	113.0	1049	OK
  89	     0	77.1	108.8	1052	OK
  90	     0	78.1	109.4	1036	OK
  91	     0	79.0	111.1	1046	OK
  92	     0	78.0	107.5	1028	OK
  93	     0	79.3	111.0	1046	OK
  94	     0	77.6	111.9	1041	OK
  95	     0	75.7	106.9	1039	OK
  96	     0	78.3	110.0	1023	OK
  97	     0	77.8	111.0	1051	OK
  98	     0	77.8	110.6	1067	OK
  99	     0	77.2	108.7	1054	OK
 100	     0	78.4	109.7	1041	OK
 101	     0	79.2	112.2	1042	OK
 102	     0	79.2	111.3	1034	OK
 103	     0	77.7	108.4	1057	OK
 104	     0	80.5	112.8	1040	OK
 105	     0	79.7	111.6	1033	OK
 106	     0	79.8	112.0	1059	OK
 107	     0	78.1	107.3	1052	OK
 108	     0	80.7	113.4	1048	OK
 109	     0	77.3	108.8	1052	OK
 110	     0	76.8	108.3	1030	OK
 111	     0	80.1	111.3	1021	OK
 112	     0	77.8	108.3	1031	OK
 113	     0	78.5	111.7	1047	OK
 114	     0	78.0	111.3	1072	OK
 115	     0	77.7	108.6	1052	OK
 116	     0	79.0	110.4	1040	OK
 117	     0	77.7	114.0	1054	OK
 118	     0	79.8	109.7	1062	OK
 119	     0	76.5	109.3	1038	OK
 120	     0	79.0	112.0	1044	OK
 121	     0	76.8	106.2	1040	OK
 122	     0	79.0	112.0	1045	OK
 123	     0	77.3	110.3	1045	OK
 124	     0	82.4	112.2	1040	OK
 125	     0	79.2	108.3	1043	OK
 126	     0	81.5	113.9	1038	OK
 127	     0	85.6	117.5	1045	OK
 128	     0	84.9	117.5	1057	OK
 129	     0	80.4	112.0	1029	OK
 130	     0	83.4	115.4	1042	OK
 131	     0	79.9	112.8	1018	OK
 132	     0	79.4	109.6	1021	OK
 133	     0	80.6	112.9	1023	OK
 134	     0	83.8	114.6	1051	OK
 135	     0	81.4	115.4	1025	OK
 136	     0	84.2	115.9	1045	OK
 137	     0	80.3	113.0	1030	OK
 138	     0	81.7	113.4	1040	OK
 139	     0	82.6	115.4	1043	OK
 140	     0	81.5	112.4	1031	OK
 141	     0	84.4	114.5	1035	OK
 142	     0	81.4	114.2	1032	OK
 143	     0	81.8	113.8	1023	OK
 144	     0	83.0	115.9	1047	OK
 145	     0	82.4	114.3	1018	OK
 146	     0	83.4	114.0	1031	OK
 147	     0	82.4	113.4	1021	OK
 148	     0	78.7	110.6	1025	OK
 149	     0	81.0	114.0	1039	OK
 150	     0	81.6	113.5	1021	OK
 151	     0	80.2	114.3	1020	OK
 152	     0	81.7	114.5	1028	OK
 153	     0	80.8	112.9	1046	OK
 154	     0	77.6	109.0	1018	OK
 155	     0	81.1	114.1	1047	OK
 156	     0	83.6	114.8	1009	OK
 157	     0	80.1	109.6	1011	OK
 158	     0	80.8	111.9	1017	OK
 159	     0	82.0	113.2	1015	OK
 160	     0	82.4	117.1	1030	OK
 161	     0	81.5	112.4	1046	OK
 162	     0	82.4	116.4	1031	OK
 163	     0	80.6	112.2	1043	OK
 164	     0	80.3	114.1	1034	OK
 165	     0	80.5	113.5	1003	OK
 166	     0	81.1	113.2	1025	OK
 167	     0	82.5	113.7	1008	OK
 168	     0	83.0	114.1	1025	OK
 169	     0	79.8	114.1	1038	OK
 170	     0	81.4	112.8	1018	OK
 171	     0	81.3	112.3	1020	OK
 172	     0	79.9	110.6	1052	OK
 173	     0	79.3	109.3	1035	OK
 174	     0	81.6	111.8	1020	OK
 175	     0	81.8	114.4	1033	OK
 176	     0	84.2	113.9	1022	OK
 177	     0	82.0	113.9	1024	OK
 178	     0	79.9	110.9	1028	OK
 179	     0	82.5	114.1	1023	OK
 180	     0	84.8	119.0	1046	OK
 181	     0	81.1	114.4	1025	OK
 182	     0	79.5	110.2	1032	OK
 183	     0	80.7	111.5	1010	OK
 184	     0	83.0	115.4	1025	OK
 185	     0	81.0	113.8	1009	OK
 186	     0	82.5	115.3	1033	OK
 187	     0	78.7	112.1	1034	OK
 188	     0	81.8	112.4	1029	OK
 189	     0	82.9	113.0	1016	OK
 190	     0	80.9	112.6	1032	OK
 191	     0	82.1	115.4	1036	OK
 192	     0	82.1	114.3	 991	OK
 193	     0	81.6	114.5	1017	OK
 194	     0	83.4	118.7	1032	OK
 195	     0	79.6	113.6	 998	OK
 196	     0	81.3	117.1	1017	OK
 197	     0	81.8	115.9	1014	OK
 198	     0	83.5	115.6	1010	OK
 199	     0	83.8	116.8	1006	OK
 200	     0	85.4	114.3	1005	OK
 201	     0	82.5	113.6	1020	OK
 202	     0	83.6	114.7	 988	OK
 203	     0	81.8	114.8	1027	OK
 204	     0	81.3	115.3	 987	OK
 205	     0	83.3	115.7	1006	OK
 206	     0	82.9	114.3	1018	OK
 207	     0	83.0	115.7	 995	OK
 208	     0	81.8	113.9	 992	OK
 209	     0	82.7	113.3	 973	OK
 210	     0	84.0	117.9	1013	OK
 211	     0	81.3	114.9	 985	OK
 212	     0	83.3	114.0	1007	OK
 213	     0	80.5	114.4	1001	OK
 214	     0	77.2	108.6	 992	OK
 215	     0	81.0	112.6	1012	OK
 216	     0	83.3	113.7	 994	OK
 217	     0	83.5	116.7	1007	OK
 218	     0	81.9	114.1	1009	OK
 219	     0	81.7	114.5	 995	OK
 220	     0	82.1	113.3	1017	OK
 221	     0	82.2	115.2	 984	OK
 222	     0	82.0	113.8	 990	OK
 223	     0	81.5	112.3	1003	OK
 224	     0	81.2	114.4	 994	OK
 225	     0	83.1	117.6	 990	OK
 226	     0	81.2	113.0	1003	OK
 227	     0	80.5	114.3	1001	OK
 228	     0	83.7	114.7	1001	OK
 229	     0	83.8	114.7	 992	OK
 230	     0	83.5	117.3	1005	OK
 231	     0	84.0	113.2	 992	OK
 232	     0	81.8	112.2	 986	OK
 233	     0	80.7	112.2	1009	OK
 234	     0	84.8	116.4	 986	OK
 235	     0	85.5	120.6	1006	OK
 236	     0	83.6	116.7	 992	OK
 237	     0	85.1	114.5	 989	OK
 238	     0	84.5	114.7	 999	OK
 239	     0	85.1	116.6	1017	OK
 240	     0	84.6	116.7	1016	OK
 241	     0	84.2	118.1	 997	OK
 242	     0	84.4	116.4	 996	OK
 243	     0	82.5	114.3	1001	OK
 244	     0	81.4	111.8	1005	OK
 245	     0	84.2	116.8	 998	OK
 246	     0	83.6	117.2	1012	OK
 247	     0	85.0	115.6	 997	OK
 248	     0	82.6	115.9	1010	OK
 249	     0	82.5	114.3	 993	OK
 250	     0	83.8	116.9	1015	OK
 251	     0	83.4	117.2	 990	OK
 252	     0	85.2	114.5	1000	OK
 253	     0	84.8	117.0	 992	OK
 254	     0	82.6	113.6	 983	OK
 255	     0	80.2	113.0	1010	OK
 256	     0	83.0	111.9	1044	OK
 257	     0	82.6	113.8	1057	OK
 258	     0	83.9	114.6	1035	OK
 259	     0	82.0	114.5	1021	OK
 260	     0	81.8	116.5	1045	OK
 261	     0	82.9	113.1	1030	OK
 262	     0	82.6	116.0	1023	OK
 263	     0	83.3	113.6	1034	OK
 264	     0	84.6	117.9	1037	OK
 265	     0	85.4	116.6	1049	OK
 266	     0	83.6	115.1	1061	OK
 267	     0	83.2	116.7	1028	OK
 268	     0	80.9	112.1	1017	OK
 269	     0	83.7	114.4	1026	OK
 270	     0	83.4	114.0	1035	OK
 271	     0	81.4	112.7	1024	OK
 272	     0	83.1	115.5	1040	OK
 273	     0	84.6	119.3	1012	OK
 274	     0	82.7	116.4	1022	OK
 275	     0	82.1	112.5	1009	OK
 276	     0	81.5	111.5	1034	OK
 277	     0	82.6	115.5	1026	OK
 278	     0	84.1	114.9	1069	OK
 279	     0	83.6	117.0	1046	OK
 280	     0	82.6	116.0	1047	OK
 281	     0	82.7	113.6	1042	OK
 282	     0	85.2	117.7	1035	OK
 283	     0	84.1	114.8	1045	OK
 284	     0	80.6	115.9	1034	OK
 285	     0	82.1	113.6	1027	OK
 286	     0	85.3	117.2	1049	OK
 287	     0	84.6	116.2	1043	OK
 288	     0	83.2	114.0	1029	OK
 289	     0	81.2	113.8	1018	OK
 290	     0	82.5	114.7	1019	OK
 291	     0	84.7	119.0	1039	OK
 292	     0	81.4	112.1	1052	OK
 293	     0	80.8	115.2	1041	OK
 294	     0	80.6	115.5	1040	OK
 295	     0	82.3	114.9	1040	OK
 296	     0	84.1	115.5	1054	OK
 297	     0	85.4	117.8	1045	OK
 298	     0	82.3	115.2	1028	OK
 299	     0	84.5	117.5	1037	OK
 300	     0	79.6	112.2	1021	OK
 301	     0	82.8	115.2	1050	OK
 302	     0	82.9	116.0	1058	OK
 303	     0	82.0	114.2	1022	OK
 304	     0	82.8	114.9	1041	OK
 305	     0	83.7	116.5	1036	OK
 306	     0	82.1	115.3	1018	OK
 307	     0	83.3	117.1	1031	OK
 308	     0	81.7	114.6	1006	OK
 309	     0	84.0	117.8	1030	OK
 310	     0	82.0	113.4	1045	OK
 311	     0	80.5	113.0	1023	OK
 312	     0	82.1	113.3	1033	OK
 313	     0	81.8	111.7	1029	OK
 314	     0	83.2	117.6	1034	OK
 315	     0	83.6	115.3	1058	OK
 316	     0	84.3	119.3	1045	OK
 317	     0	85.8	116.3	1042	OK
 318	     0	85.3	117.9	1043	OK
 319	     0	82.0	115.7	1041	OK
 320	     0	81.3	112.7	1009	OK
 321	     0	83.3	115.2	1031	OK
 322	     0	80.3	113.0	1026	OK
 323	     0	82.3	113.8	1036	OK
 324	     0	82.1	113.6	1063	OK
 325	     0	80.4	111.8	1031	OK
 326	     0	82.1	112.1	1051	OK
 327	     0	83.4	115.3	1058	OK
 328	     0	83.9	116.1	1034	OK
 329	     0	83.0	117.2	1059	OK
 330	     0	80.4	112.1	1029	OK
 331	     0	80.7	113.2	1041	OK
 332	     0	81.3	113.8	1027	OK
 333	     0	83.1	114.5	1027	OK
 334	     0	81.2	115.5	1054	OK
 335	     0	77.0	107.1	1039	OK
 336	     0	82.9	114.8	1032	OK
 337	     0	80.2	110.8	1016	OK
 338	     0	79.8	112.7	1014	OK
 339	     0	79.4	111.1	1018	OK
 340	     0	82.7	113.6	1021	OK
 341	     0	80.2	112.2	1034	OK
 342	     0	83.6	117.7	1040	OK
 343	     0	81.2	112.1	1030	OK
 344	     0	80.1	112.5	1008	OK
 345	     0	84.0	114.9	1037	OK
 346	     0	82.0	116.0	1045	OK
 347	     0	81.0	113.0	1020	OK
 348	     0	83.4	115.1	1037	OK
 349	     0	79.3	111.2	1004	OK
 350	     0	83.9	115.5	1034	OK
 351	     0	78.3	109.4	1024	OK
 352	     0	80.2	111.8	1020	OK
 353	     0	83.1	113.0	1009	OK
 354	     0	81.5	112.6	1038	OK
 355	     0	77.2	109.8	1030	OK
 356	     0	80.7	110.7	1030	OK
 357	     0	85.0	116.6	1026	OK
 358	     0	77.2	108.8	1032	OK
 359	     0	82.0	114.3	1025	OK
 360	     0	79.3	111.0	1020	OK
 361	     0	83.0	115.4	1033	OK
 362	     0	85.2	118.6	1043	OK
 363	     0	79.1	109.4	1016	OK
 364	     0	81.6	116.6	1026	OK
 365	     0	83.8	117.9	1019	OK
 366	     0	79.8	111.3	1008	OK
 367	     0	79.5	112.6	1031	OK
 368	     0	83.1	111.4	1033	OK
 369	     0	81.3	113.2	1021	OK
 370	     0	81.5	114.7	1069	OK
 371	     0	80.6	114.0	1032	OK
 372	     0	80.5	111.2	1034	OK
 373	     0	84.8	118.0	1032	OK
 374	     0	80.4	111.2	1022	OK
 375	     0	83.0	115.2	1022	OK
 376	     0	81.7	115.0	1023	OK
 377	     0	82.3	115.7	1043	OK
 378	     0	82.1	114.1	1036	OK
 379	     0	82.4	112.3	1034	OK
 380	     0	83.6	117.0	1015	OK
 381	     0	81.8	114.2	1038	OK
 382	     0	83.0	115.3	1047	OK
 383	     0	80.0	110.3	1015	OK
 384	     0	81.2	112.5	1020	OK
 385	     0	81.4	111.9	1017	OK
 386	     0	81.3	111.0	1037	OK
 387	     0	84.1	118.8	1055	OK
 388	     0	83.0	114.2	1011	OK
 389	     0	81.7	113.0	1017	OK
 390	     0	82.7	114.3	1026	OK
 391	     0	83.4	114.5	1041	OK
 392	     0	82.0	114.1	1000	OK
 393	     0	80.7	112.7	1004	OK
 394	     0	85.7	116.4	1015	OK
 395	     0	81.2	109.9	1022	OK
 396	     0	80.1	112.6	 999	OK
 397	     0	84.3	116.1	1026	OK
 398	     0	84.5	117.3	1019	OK
 399	     0	81.5	113.4	1025	OK
 400	     0	83.7	111.3	1021	OK
 401	     0	81.6	110.5	 989	OK
 402	     0	81.1	110.7	1029	OK
 403	     0	80.7	109.5	1009	OK
 404	     0	80.8	108.9	1008	OK
 405	     0	82.0	111.9	 982	OK
 406	     0	80.4	110.5	1009	OK
 407	     0	79.4	108.8	1020	OK
 408	     0	80.6	110.5	1004	OK
 409	     0	80.2	110.0	1021	OK
 410	     0	80.4	113.0	1010	OK
 411	     0	77.3	108.9	1021	OK
 412	     0	79.2	109.9	1006	OK
 413	     0	79.6	110.1	1018	OK
 414	     0	81.5	111.4	1000	OK
 415	     0	80.8	111.6	1017	OK
 416	     0	82.5	113.9	1006	OK
 417	     0	79.7	111.9	1023	OK
 418	     0	83.2	113.7	1022	OK
 419	     0	79.2	109.0	1009	OK
 420	     0	81.5	113.2	1006	OK
 421	     0	86.6	116.9	1006	OK
 422	     0	78.9	108.7	1019	OK
 423	     0	81.8	113.5	1031	OK
 424	     0	80.9	110.8	1017	OK
 425	     0	82.9	114.1	1023	OK
 426	     0	79.1	109.3	1026	OK
 427	     0	82.6	112.5	1028	OK
 428	     0	80.8	112.5	1018	OK
 429	     0	81.7	111.5	1014	OK
 430	     0	83.8	117.4	1028	OK
 431	     0	83.8	114.0	1027	OK
 432	     0	82.9	116.5	1025	OK
 433	     0	80.8	115.9	1033	OK
 434	     0	80.2	112.1	 998	OK
 435	     0	80.6	110.5	1032	OK
 436	     0	83.7	116.2	1025	OK
 437	     0	81.5	112.2	1028	OK
 438	     0	82.0	115.1	1031	OK
 439	     0	82.6	114.3	1011	OK
 440	     0	81.6	114.1	1003	OK
 441	     0	80.2	110.9	1018	OK
 442	     0	80.8	111.3	1018	OK
 443	     0	80.9	112.7	1012	OK
 444	     0	84.6	115.7	1028	OK
 445	     0	80.9	114.1	1015	OK
 446	     0	82.9	114.8	1014	OK
 447	     0	82.1	112.9	1028	OK
 448	     0	82.6	114.6	1019	OK
 449	     0	84.5	118.1	1001	OK
 450	     0	81.1	113.2	1027	OK
 451	     0	85.1	117.3	1021	OK
 452	     0	82.7	111.4	1016	OK
 453	     0	82.9	112.3	1005	OK
 454	     0	82.1	113.7	1031	OK
 455	     0	81.9	112.0	 990	OK
 456	     0	83.3	115.5	 999	OK
 457	     0	84.7	115.9	1003	OK
 458	     0	81.7	112.4	1006	OK
 459	     0	81.6	112.2	1008	OK
 460	     0	80.7	112.3	1021	OK
 461	     0	78.8	111.5	 986	OK
 462	     0	85.2	116.4	1022	OK
 463	     0	80.5	112.8	 986	OK
 464	     0	80.8	113.0	1000	OK
 465	     0	83.2	113.9	1013	OK
 466	     0	83.5	113.8	 988	OK
 467	     0	84.2	113.2	1014	OK
 468	     0	82.8	116.5	1005	OK
 469	     0	82.7	110.9	1020	OK
 470	     0	83.7	114.3	1016	OK
 471	     0	83.9	115.1	1005	OK
 472	     0	82.1	111.3	 998	OK
 473	     0	85.0	116.7	1011	OK
 474	     0	81.5	110.5	1035	OK
 475	     0	83.2	114.4	1007	OK
 476	     0	82.2	114.9	1008	OK
 477	     0	85.6	116.2	1004	OK
 478	     0	85.2	118.0	1003	OK
 479	     0	83.9	113.6	 988	OK
 480	     0	81.7	112.4	 986	OK
 481	     0	82.5	113.8	1001	OK
 482	     0	83.5	117.2	 997	OK
 483	     0	81.8	112.9	 987	OK
 484	     0	82.1	113.6	 997	OK
 485	     0	80.4	112.8	 991	OK
 486	     0	83.0	114.2	 996	OK
 487	     0	80.7	111.6	1004	OK
 488	     0	83.4	114.1	 998	OK
 489	     0	82.6	111.7	 990	OK
 490	     0	84.9	117.4	 999	OK
 491	     0	81.6	111.2	 982	OK
 492	     0	84.2	116.8	 997	OK
 493	     0	82.4	113.7	 995	OK
 494	     0	81.5	115.7	 999	OK
 495	     0	83.7	117.4	1004	OK
 496	     0	81.6	113.3	 995	OK
 497	     0	83.5	113.4	 977	OK
 498	     0	81.2	111.3	1007	OK
 499	     0	84.0	117.8	1008	OK
 500	     0	81.6	111.4	1004	OK
 501	     0	84.4	116.4	1010	OK
 502	     0	85.0	115.1	1003	OK
 503	     0	80.3	113.4	 979	OK
 504	     0	85.5	116.6	1011	OK
 505	     0	84.4	117.4	1002	OK
 506	     0	81.1	112.6	 988	OK
 507	     0	84.1	114.4	1000	OK
 508	     0	83.7	116.2	1005	OK
 509	     0	84.1	114.8	 980	OK
 510	     0	84.0	115.3	 985	OK
 511	     0	83.4	114.5	 991	OK
 512	     0	87.8	119.0	 985	OK
 513	   200	90.6	122.5	1002	high gain
 514	     0	86.3	119.4	 986	OK
 515	     0	88.1	121.6	 982	OK
 516	     0	87.3	121.3	1010	OK
 517	     0	87.0	119.5	 970	OK
 518	     0	83.8	116.1	 960	OK
 519	     0	83.2	114.5	 963	OK
 520	     0	83.2	115.6	 987	OK
 521	     0	83.6	115.4	 979	OK
 522	     0	89.6	122.7	 970	OK
 523	     0	87.2	119.2	 998	OK
 524	     0	86.5	119.5	 991	OK
 525	     0	85.5	116.4	 979	OK
 526	     0	85.0	119.3	1004	OK
 527	     0	85.7	116.1	 996	OK
 528	     0	84.9	116.4	 987	OK
 529	     0	84.8	119.0	1020	OK
 530	     0	86.0	119.2	1000	OK
 531	     0	86.1	120.1	1010	OK
 532	     0	84.5	115.7	 988	OK
 533	     0	84.5	118.3	 995	OK
 534	     0	84.1	117.3	 994	OK
 535	     0	83.3	115.1	 974	OK
 536	     0	86.5	118.7	 992	OK
 537	     0	84.6	116.4	 971	OK
 538	     0	86.3	119.3	1000	OK
 539	     0	83.7	118.4	1008	OK
 540	     0	83.3	115.0	 982	OK
 541	     0	84.1	114.6	 990	OK
 542	     0	86.1	117.7	 994	OK
 543	     0	84.3	116.7	 974	OK
 544	     0	85.4	117.9	 995	OK
 545	     0	84.2	117.9	1003	OK
 546	     0	83.9	117.3	 965	OK
 547	     0	83.8	115.5	 993	OK
 548	     0	83.7	116.0	 992	OK
 549	     0	83.4	117.6	 984	OK
 550	     0	85.5	117.7	 997	OK
 551	     0	83.0	115.4	 983	OK
 552	     0	82.0	112.2	 991	OK
 553	     0	85.9	118.2	1000	OK
 554	     0	84.9	117.5	 991	OK
 555	     0	83.7	114.9	 983	OK
 556	     0	84.4	117.0	 990	OK
 557	     0	84.3	117.4	1009	OK
 558	     0	84.6	115.3	 990	OK
 559	     0	84.7	117.0	1004	OK
 560	     0	82.1	114.2	 999	OK
 561	     0	87.8	118.1	1002	OK
 562	     0	79.7	112.8	1000	OK
 563	     0	85.7	119.3	1001	OK
 564	     0	83.3	116.4	 992	OK
 565	     0	84.1	117.2	1001	OK
 566	     0	85.1	113.9	 987	OK
 567	     0	84.3	117.0	1005	OK
 568	     0	85.2	115.7	1006	OK
 569	     0	85.5	119.0	1008	OK
 570	     0	86.1	120.4	1012	OK
 571	     0	84.7	118.5	1011	OK
 572	     0	86.0	119.1	1004	OK
 573	     0	83.3	115.8	 994	OK
 574	     0	84.0	118.4	1017	OK
 575	     0	84.5	116.8	1006	OK
 576	     0	84.1	118.8	 998	OK
 577	     0	83.8	116.1	 980	OK
 578	     0	83.6	117.5	 985	OK
 579	     0	84.5	117.7	 990	OK
 580	     0	81.4	112.1	 986	OK
 581	     0	83.9	117.9	 992	OK
 582	     0	84.1	116.6	1004	OK
 583	     0	83.7	117.0	 989	OK
 584	     0	83.3	115.4	 963	OK
 585	     0	84.6	117.2	 995	OK
 586	     0	85.8	118.8	1005	OK
 587	     0	84.2	117.5	 993	OK
 588	     0	85.9	119.6	1015	OK
 589	     0	83.4	115.0	 999	OK
 590	     0	86.7	117.7	 997	OK
 591	     0	83.7	116.2	1016	OK
 592	     0	85.6	118.3	1011	OK
 593	     0	83.6	115.9	 990	OK
 594	     0	82.5	112.5	 998	OK
 595	     0	84.0	117.5	 998	OK
 596	     0	84.2	115.5	 994	OK
 597	     0	84.8	118.4	1035	OK
 598	     0	84.4	114.6	1017	OK
 599	     0	82.3	113.7	1013	OK
 600	     0	83.7	117.8	1021	OK
 601	     0	81.2	111.4	1006	OK
 602	     0	85.6	116.7	1010	OK
 603	     0	85.8	118.1	1006	OK
 604	     0	85.4	118.9	1011	OK
 605	     0	84.9	116.3	1008	OK
 606	     0	83.9	113.9	1011	OK
 607	     0	86.9	118.1	1025	OK
 608	     0	85.3	118.9	1016	OK
 609	     0	87.1	119.2	1036	OK
 610	     0	84.9	117.5	1008	OK
 611	     0	84.0	114.5	1014	OK
 612	     0	84.0	114.4	1018	OK
 613	     0	85.7	116.8	1040	OK
 614	     0	87.9	121.8	1025	OK
 615	     0	84.3	118.1	1025	OK
 616	     0	84.2	116.2	1015	OK
 617	     0	83.0	116.2	1026	OK
 618	     0	85.6	116.9	1037	OK
 619	     0	85.5	118.2	1028	OK
 620	     0	88.5	117.3	1035	OK
 621	     0	85.4	119.9	1036	OK
 622	     0	84.6	112.7	1026	OK
 623	     0	85.6	118.0	1030	OK
 624	     0	82.3	117.7	1045	OK
 625	     0	85.3	118.9	1038	OK
 626	     0	82.2	113.5	1039	OK
 627	     0	84.5	117.7	1044	OK
 628	     0	83.6	116.8	1038	OK
 629	     0	83.1	113.3	1028	OK
 630	     0	86.0	117.0	1025	OK
 631	     0	84.1	114.6	1020	OK
 632	     0	86.7	120.6	1029	OK
 633	     0	86.9	118.8	1036	OK
 634	     0	84.3	116.5	1029	OK
 635	     0	85.6	118.0	1039	OK
 636	     0	85.6	118.8	1025	OK
 637	     0	86.4	116.7	1048	OK
 638	     0	87.4	119.8	1054	OK
 639	     0	86.1	117.7	1066	OK
 640	     0	81.2	112.0	1075	OK
 641	     0	84.2	114.9	1074	OK
 642	     0	80.3	113.8	1092	OK
 643	     0	82.6	115.9	1053	OK
 644	     0	84.0	114.1	1069	OK
 645	     0	80.0	109.6	1062	OK
 646	     0	81.7	112.9	1076	OK
 647	     0	82.2	112.5	1070	OK
 648	     0	79.7	111.0	1084	OK
 649	     0	79.5	110.8	1064	OK
 650	     0	80.7	111.0	1058	OK
 651	     0	83.3	113.7	1062	OK
 652	     0	83.3	115.4	1065	OK
 653	     0	80.7	112.1	1058	OK
 654	     0	80.6	109.9	1069	OK
 655	     0	83.3	113.8	1070	OK
 656	     0	79.7	111.1	1079	OK
 657	     0	83.8	114.9	1067	OK
 658	     0	81.6	112.4	1066	OK
 659	     0	80.4	110.9	1040	OK
 660	     0	82.2	113.0	1057	OK
 661	     0	81.1	109.8	1054	OK
 662	     0	80.1	109.0	1057	OK
 663	     0	81.2	108.9	1058	OK
 664	     0	82.6	113.4	1067	OK
 665	     0	82.6	112.8	1037	OK
 666	     0	82.2	109.1	1063	OK
 667	     0	82.4	111.1	1042	OK
 668	     0	79.9	110.2	1071	OK
 669	     0	82.0	114.9	1057	OK
 670	     0	82.4	113.7	1055	OK
 671	     0	78.6	109.0	1046	OK
 672	     0	82.0	110.5	1061	OK
 673	     0	80.0	108.7	1053	OK
 674	     0	80.6	112.7	1072	OK
 675	     0	81.6	113.9	1064	OK
 676	     0	82.8	114.9	1065	OK
 677	     0	82.0	114.7	1052	OK
 678	     0	81.7	112.9	1057	OK
 679	     0	80.6	113.7	1065	OK
 680	     0	79.3	109.7	1053	OK
 681	     0	82.4	111.6	1064	OK
 682	     0	80.4	110.7	1041	OK
 683	     0	80.0	111.2	1033	OK
 684	     0	83.0	113.7	1043	OK
 685	     0	79.9	110.4	1046	OK
 686	     0	79.0	109.8	1048	OK
 687	     0	82.9	116.1	1060	OK
 688	     0	80.0	110.0	1055	OK
 689	     0	82.7	111.2	1064	OK
 690	     0	79.6	110.8	1057	OK
 691	     0	81.7	113.4	1039	OK
 692	     0	79.6	111.5	1035	OK
 693	     0	81.8	113.7	1042	OK
 694	     0	82.5	112.2	1067	OK
 695	     0	83.1	115.1	1040	OK
 696	     0	82.0	115.7	1070	OK
 697	     0	82.0	112.5	1037	OK
 698	     0	81.7	111.6	1034	OK
 699	     0	82.8	110.9	1025	OK
 700	     0	81.1	111.4	1052	OK
 701	     0	82.1	113.3	1048	OK
 702	     0	78.7	108.2	1024	OK
 703	     0	83.2	114.3	1040	OK
 704	     0	82.4	112.3	1032	OK
 705	     0	79.7	112.2	1039	OK
 706	     0	79.9	108.9	1033	OK
 707	     0	82.6	114.6	1024	OK
 708	     0	79.5	113.1	1049	OK
 709	     0	82.0	113.6	1031	OK
 710	     0	78.9	109.7	1047	OK
 711	     0	83.1	114.4	1010	OK
 712	     0	81.5	113.8	1009	OK
 713	     0	78.6	110.2	1018	OK
 714	     0	80.6	111.7	1010	OK
 715	     0	82.0	113.6	1023	OK
 716	     0	79.8	112.2	1035	OK
 717	     0	80.8	111.2	1018	OK
 718	     0	82.8	114.4	1056	OK
 719	     0	81.5	110.2	1017	OK
 720	     0	82.8	115.9	1018	OK
 721	     0	78.8	109.3	1009	OK
 722	     0	78.9	110.2	1000	OK
 723	     0	82.1	114.9	1006	OK
 724	     0	80.3	112.4	1019	OK
 725	     0	82.5	113.4	1003	OK
 726	     0	81.5	109.9	 982	OK
 727	     0	79.3	108.8	1013	OK
 728	     0	82.7	116.6	1012	OK
 729	     0	80.0	111.1	1019	OK
 730	     0	82.3	113.3	1008	OK
 731	     0	81.1	113.1	1005	OK
 732	     0	85.3	113.6	1016	OK
 733	     0	82.7	116.9	1035	OK
 734	     0	84.6	117.4	1014	OK
 735	     0	82.9	111.5	 996	OK
 736	     0	81.3	113.3	1006	OK
 737	     0	79.6	109.3	1001	OK
 738	     0	81.3	116.5	1001	OK
 739	     0	81.2	110.2	 991	OK
 740	     0	84.3	112.9	1003	OK
 741	     0	81.2	114.6	1055	OK
 742	     0	80.4	112.3	1015	OK
 743	     0	79.0	111.3	1035	OK
 744	     0	81.0	115.2	1045	OK
 745	     0	80.7	111.2	1041	OK
 746	     0	82.2	113.8	1021	OK
 747	     0	80.4	111.4	1018	OK
 748	     0	80.1	110.3	1024	OK
 749	     0	83.6	114.3	1038	OK
 750	     0	86.4	118.8	1029	OK
 751	     0	80.5	112.2	1030	OK
 752	     0	81.8	110.9	1018	OK
 753	     0	82.5	111.8	1032	OK
 754	     0	82.4	115.1	1023	OK
 755	     0	79.3	109.9	1022	OK
 756	     0	80.8	112.2	1022	OK
 757	     0	79.9	110.1	1011	OK
 758	     0	79.5	111.1	1040	OK
 759	     0	81.2	114.1	1051	OK
 760	     0	83.5	115.7	1041	OK
 761	     0	84.0	118.4	1049	OK
 762	     0	85.1	116.4	1041	OK
 763	     0	82.5	113.4	1038	OK
 764	     0	83.3	114.4	1065	OK
 765	     0	82.4	114.9	1054	OK
 766	     0	81.8	114.1	1045	OK
 767	     0	82.5	113.4	1072	OK
 768	     0	84.6	116.4	1063	OK
 769	     0	83.1	117.3	1094	OK
 770	     0	79.9	114.4	1079	OK
 771	     0	82.9	115.0	1095	OK
 772	     0	85.2	116.8	1080	OK
 773	     0	85.5	121.5	1096	OK
 774	     0	82.3	114.6	1096	OK
 775	     0	81.5	114.3	1100	OK
 776	     0	79.8	112.8	1083	OK
 777	     0	81.6	112.3	1094	OK
 778	     0	81.2	114.0	1089	OK
 779	     0	82.7	114.5	1119	OK
 780	     0	83.1	114.7	1107	OK
 781	     0	83.8	117.6	1107	OK
 782	     0	80.9	114.4	1098	OK
 783	     0	83.0	116.0	1075	OK
 784	     0	83.1	115.2	1098	OK
 785	     0	81.1	114.0	1096	OK
 786	     0	82.2	113.1	1087	OK
 787	     0	81.6	116.5	1111	OK
 788	     0	81.4	113.1	1107	OK
 789	     0	83.4	116.8	1094	OK
 790	     0	83.4	115.6	1107	OK
 791	     0	80.2	114.0	1079	OK
 792	     0	84.6	118.3	1098	OK
 793	     0	81.5	112.6	1084	OK
 794	     0	80.4	113.8	1091	OK
 795	     0	82.3	113.9	1108	OK
 796	     0	78.6	110.1	1089	OK
 797	     0	82.2	116.6	1073	OK
 798	     0	83.3	115.4	1091	OK
 799	     0	79.7	111.3	1098	OK
 800	     0	84.0	115.1	1090	OK
 801	     0	81.4	113.1	1071	OK
 802	     0	80.8	112.6	1079	OK
 803	     0	80.7	115.4	1083	OK
 804	     0	82.6	115.2	1087	OK
 805	     0	83.3	116.3	1090	OK
 806	     0	81.5	112.5	1070	OK
 807	     0	82.7	114.7	1096	OK
 808	     0	82.3	113.6	1086	OK
 809	     0	82.8	116.9	1101	OK
 810	     0	84.3	116.6	1112	OK
 811	     0	82.5	121.5	1106	OK
 812	     0	82.4	115.4	1095	OK
 813	     0	84.3	116.0	1102	OK
 814	     0	81.8	112.3	1099	OK
 815	     0	81.0	113.2	1116	OK
 816	     0	82.2	116.4	1105	OK
 817	     0	83.6	114.3	1100	OK
 818	     0	81.2	112.3	1102	OK
 819	     0	82.0	114.9	1117	OK
 820	     0	84.1	114.0	1113	OK
 821	     0	79.8	114.9	1097	OK
 822	     0	83.2	114.1	1113	OK
 823	     0	83.6	118.1	1099	OK
 824	     0	80.8	115.1	1080	OK
 825	     0	80.9	113.2	1111	OK
 826	     0	82.8	115.8	1074	OK
 827	     0	80.4	113.5	1088	OK
 828	     0	81.9	125.7	1097	OK
 829	     0	80.8	112.0	1092	OK
 830	     0	79.6	112.8	1097	OK
 831	     0	81.5	115.2	1088	OK
 832	     0	82.3	114.2	1085	OK
 833	     0	80.9	113.2	1066	OK
 834	     0	84.0	114.1	1083	OK
 835	     0	80.7	116.3	1075	OK
 836	     0	77.7	108.1	1100	OK
 837	     0	76.8	110.7	1081	OK
 838	     0	81.0	111.9	1060	OK
 839	     0	82.1	116.9	1071	OK
 840	     0	81.1	114.0	1086	OK
 841	     0	83.1	116.4	1074	OK
 842	     0	79.6	111.7	1078	OK
 843	     0	79.8	111.7	1087	OK
 844	     0	81.5	112.6	1059	OK
 845	     0	78.0	110.8	1076	OK
 846	     0	79.0	109.4	1068	OK
 847	     0	81.7	112.1	1077	OK
 848	     0	80.3	109.7	1092	OK
 849	     0	80.1	115.4	1092	OK
 850	     0	79.8	115.4	1093	OK
 851	     0	80.5	110.8	1066	OK
 852	     0	80.8	112.6	1081	OK
 853	     0	80.6	114.3	1074	OK
 854	     0	83.9	113.9	1080	OK
 855	     0	81.1	111.4	1091	OK
 856	     0	80.8	111.3	1074	OK
 857	     0	79.6	111.3	1069	OK
 858	     0	82.7	114.8	1083	OK
 859	     0	83.1	115.6	1065	OK
 860	     0	79.0	110.7	1091	OK
 861	     0	80.6	114.7	1086	OK
 862	     0	82.1	115.3	1078	OK
 863	     0	81.7	114.3	1065	OK
 864	     0	82.8	117.3	1080	OK
 865	     0	79.8	114.1	1070	OK
 866	     0	81.6	114.4	1068	OK
 867	     0	80.0	112.3	1046	OK
 868	     0	84.8	118.6	1072	OK
 869	     0	80.8	113.6	1061	OK
 870	     0	80.7	114.5	1073	OK
 871	     0	81.7	113.9	1064	OK
 872	     0	80.4	110.1	1037	OK
 873	     0	83.0	115.0	1040	OK
 874	     0	83.0	115.5	1065	OK
 875	     0	82.1	113.8	1052	OK
 876	     0	80.6	112.0	1068	OK
 877	     0	80.1	110.3	1028	OK
 878	     0	82.3	114.5	1061	OK
 879	     0	79.0	108.6	1055	OK
 880	     0	78.9	109.5	1040	OK
 881	     0	82.6	114.0	1038	OK
 882	     0	84.9	116.7	1069	OK
 883	     0	82.1	116.2	1065	OK
 884	     0	83.3	115.3	1069	OK
 885	     0	77.9	110.9	1076	OK
 886	     0	79.6	113.1	1046	OK
 887	     0	82.0	113.7	1050	OK
 888	     0	80.4	112.3	1058	OK
 889	     0	81.3	114.5	1053	OK
 890	     0	78.8	111.7	1059	OK
 891	     0	81.0	112.3	1057	OK
 892	     0	82.3	112.3	1041	OK
 893	     0	79.5	114.8	1069	OK
 894	     0	84.9	114.5	1040	OK
 895	     0	83.6	116.5	1045	OK
 896	     0	77.5	110.4	1069	OK
 897	     0	79.3	112.1	1057	OK
 898	     0	78.9	108.3	1073	OK
 899	     0	80.9	110.6	1035	OK
 900	     0	81.5	111.5	1047	OK
 901	     0	76.1	104.1	1046	OK
 902	     0	80.1	110.6	1075	OK
 903	     0	78.4	111.1	1055	OK
 904	     0	78.2	111.2	1075	OK
 905	     0	78.4	107.5	1055	OK
 906	     0	78.8	106.4	1045	OK
 907	     0	74.9	108.4	1056	OK
 908	     0	77.9	107.9	1089	OK
 909	     0	77.9	109.9	1060	OK
 910	     0	77.8	109.7	1062	OK
 911	     0	78.3	111.7	1081	OK
 912	     0	77.4	105.0	1089	OK
 913	     0	78.6	110.6	1075	OK
 914	     0	78.0	107.9	1081	OK
 915	     0	79.4	110.9	1082	OK
 916	     0	74.8	105.8	1073	OK
 917	     0	77.8	109.9	1057	OK
 918	     0	80.5	112.8	1069	OK
 919	     0	80.5	108.5	1055	OK
 920	     0	79.9	111.1	1068	OK
 921	     0	82.6	111.1	1045	OK
 922	     0	81.5	114.3	1060	OK
 923	     0	77.1	106.3	1038	OK
 924	     0	79.8	112.0	1065	OK
 925	     0	78.0	107.7	1066	OK
 926	     0	81.1	111.9	1055	OK
 927	     0	76.5	106.4	1057	OK
 928	     0	79.3	107.6	1083	OK
 929	     0	80.3	109.7	1069	OK
 930	     0	78.4	109.6	1064	OK
 931	     0	79.6	111.0	1062	OK
 932	     0	78.2	108.6	1064	OK
 933	     0	79.7	112.4	1047	OK
 934	     0	81.1	112.6	1074	OK
 935	     0	78.8	108.4	1071	OK
 936	     0	79.8	111.5	1067	OK
 937	     0	79.4	110.3	1092	OK
 938	     0	79.2	109.0	1069	OK
 939	     0	78.9	109.3	1077	OK
 940	     0	79.4	111.9	1076	OK
 941	     0	79.3	111.9	1077	OK
 942	     0	81.1	113.2	1095	OK
 943	     0	78.3	111.2	1070	OK
 944	     0	77.1	107.4	1081	OK
 945	     0	81.8	111.3	1051	OK
 946	     0	79.9	109.5	1082	OK
 947	     0	79.6	109.9	1063	OK
 948	     0	79.1	110.3	1075	OK
 949	     0	78.2	109.6	1069	OK
 950	     0	81.4	114.8	1068	OK
 951	     0	78.3	108.9	1024	OK
 952	     0	76.4	107.8	1059	OK
 953	     0	77.9	110.3	1032	OK
 954	     0	78.5	112.1	1054	OK
 955	     0	78.2	109.8	1046	OK
 956	     0	77.7	111.1	1043	OK
 957	     0	80.4	110.8	1036	OK
 958	     0	79.2	109.2	1016	OK
 959	     0	80.2	113.3	1048	OK
 960	     0	78.7	111.1	1049	OK
 961	     0	78.2	110.3	1051	OK
 962	     0	77.1	108.2	1030	OK
 963	     0	77.8	109.0	1034	OK
 964	     0	82.8	114.4	1037	OK
 965	     0	78.4	111.8	1023	OK
 966	     0	78.8	109.8	1049	OK
 967	     0	79.5	111.9	1025	OK
 968	     0	77.0	107.0	1026	OK
 969	     0	81.7	113.0	1049	OK
 970	     0	78.4	110.6	1045	OK
 971	     0	78.6	110.9	1033	OK
 972	     0	79.5	112.6	1043	OK
 973	     0	77.9	109.7	1033	OK
 974	     0	78.9	110.4	1044	OK
 975	     0	79.3	109.5	1031	OK
 976	     0	76.0	107.9	1053	OK
 977	     0	78.1	110.7	1044	OK
 978	     0	77.3	109.3	1031	OK
 979	     0	75.4	108.4	1020	OK
 980	     0	80.0	112.1	1020	OK
 981	     0	81.1	111.2	1034	OK
 982	     0	79.7	111.7	1056	OK
 983	     0	78.6	110.0	1053	OK
 984	     0	80.1	111.2	1024	OK
 985	     0	78.1	109.7	1028	OK
 986	     0	79.3	109.4	1030	OK
 987	     0	79.8	111.3	1028	OK
 988	     0	78.0	110.8	1027	OK
 989	     0	80.3	111.8	1033	OK
 990	     0	79.8	112.7	1025	OK
 991	     0	78.8	109.3	1018	OK
 992	     0	78.9	110.7	1036	OK
 993	     0	78.5	111.2	1038	OK
 994	     0	80.2	110.7	1015	OK
 995	     0	78.6	109.4	1033	OK
 996	     0	79.2	110.4	1008	OK
 997	     0	82.0	115.6	1038	OK
 998	     0	81.9	111.9	1023	OK
 999	     0	80.5	112.1	1021	OK
1000	     0	79.4	110.1	1030	OK
1001	     0	78.2	110.7	1022	OK
1002	     0	80.2	111.4	1017	OK
1003	     0	80.7	110.6	1032	OK
1004	     0	79.8	112.3	1013	OK
1005	     0	82.1	115.3	1025	OK
1006	     0	83.5	113.4	1046	OK
1007	     0	79.7	112.3	1016	OK
1008	     0	82.7	113.8	1007	OK
1009	     0	80.4	113.0	1008	OK
1010	     0	81.4	113.4	1033	OK
1011	     0	82.0	113.4	1029	OK
1012	     0	82.7	112.4	1004	OK
1013	     0	78.9	111.3	1030	OK
1014	     0	79.4	108.2	1026	OK
1015	     0	81.6	111.7	1025	OK
1016	     0	78.9	109.1	1012	OK
1017	     0	76.8	109.5	1021	OK
1018	     0	80.4	112.2	1033	OK
1019	     0	84.2	114.1	1030	OK
1020	     0	79.1	111.2	1024	OK
1021	     0	80.6	113.5	1039	OK
1022	     0	83.0	115.1	1029	OK
1023	     0	84.4	116.2	1026	OK
1024	     0	83.3	114.6	1017	OK
1025	     0	84.6	113.8	1011	OK
1026	     0	84.5	116.9	1012	OK
1027	     0	83.9	112.6	1013	OK
1028	     0	83.5	113.7	1020	OK
1029	     0	80.6	112.9	1035	OK
1030	     0	84.3	117.6	1010	OK
1031	     0	82.7	116.8	1014	OK
1032	     0	86.2	116.1	1002	OK
1033	     0	84.5	115.5	1007	OK
1034	     0	82.7	115.2	1028	OK
1035	     0	84.1	116.4	1016	OK
1036	     0	81.8	112.3	1014	OK
1037	     0	84.4	116.4	1011	OK
1038	     0	81.6	113.9	1018	OK
1039	     0	84.5	114.1	1008	OK
1040	     0	84.4	113.4	1028	OK
1041	     0	83.2	115.8	 998	OK
1042	     0	83.6	115.9	1022	OK
1043	     0	83.1	112.7	1010	OK
1044	     0	81.2	111.4	1018	OK
1045	     0	81.1	112.4	1005	OK
1046	     0	85.1	116.6	1011	OK
1047	     0	84.3	117.2	1025	OK
1048	     0	83.0	116.8	1024	OK
1049	     0	81.6	114.0	1003	OK
1050	     0	83.1	115.6	1033	OK
1051	     0	81.7	112.9	1045	OK
1052	     0	83.4	116.0	1042	OK
1053	     0	83.1	114.6	1017	OK
1054	     0	86.2	117.5	1011	OK
1055	     0	82.0	113.8	1034	OK
1056	     0	83.3	113.3	1013	OK
1057	     0	83.5	114.6	1008	OK
1058	     0	82.7	114.9	1029	OK
1059	     0	86.9	120.3	1031	OK
1060	     0	81.7	112.3	1007	OK
1061	     0	82.8	115.2	1023	OK
1062	     0	83.0	115.1	1010	OK
1063	     0	83.4	116.7	1038	OK
1064	     0	83.5	112.4	1010	OK
1065	     0	80.1	112.5	1024	OK
1066	     0	81.9	113.7	1024	OK
1067	     0	84.5	115.1	1004	OK
1068	     0	81.8	114.9	1036	OK
1069	     0	82.5	116.0	1019	OK
1070	     0	83.4	120.3	1048	OK
1071	     0	84.4	118.2	1040	OK
1072	     0	83.6	116.0	1021	OK
1073	     0	84.8	115.5	1044	OK
1074	     0	84.0	113.7	1039	OK
1075	     0	84.9	116.8	1033	OK
1076	     0	82.5	118.4	1013	OK
1077	     0	83.7	117.4	1062	OK
1078	     0	85.2	116.2	1027	OK
1079	     0	82.6	113.7	1036	OK
1080	     0	81.3	113.9	1017	OK
1081	     0	83.7	115.6	1027	OK
1082	     0	85.2	115.5	1052	OK
1083	     0	83.6	114.6	1033	OK
1084	     0	82.0	115.7	1036	OK
1085	     0	83.1	113.9	1023	OK
1086	     0	84.1	116.6	1016	OK
1087	     0	82.1	115.0	1034	OK
1088	     0	83.9	116.8	1037	OK
1089	     0	81.9	115.0	1022	OK
1090	     0	84.4	117.6	1023	OK
1091	     0	82.8	116.3	1012	OK
1092	     0	82.4	113.7	1050	OK
1093	     0	82.7	113.5	1009	OK
1094	     0	85.5	119.3	1046	OK
1095	     0	82.0	114.4	1051	OK
1096	     0	82.4	114.3	1041	OK
1097	     0	82.5	115.4	1022	OK
1098	     0	79.4	110.8	1031	OK
1099	     0	85.0	115.6	1021	OK
1100	     0	82.7	113.4	1025	OK
1101	     0	84.2	119.9	1015	OK
1102	     0	84.4	118.8	1030	OK
1103	     0	80.8	113.7	1034	OK
1104	     0	83.2	116.1	1024	OK
1105	     0	79.2	111.6	1024	OK
1106	     0	82.6	113.0	1016	OK
1107	     0	82.5	111.5	1030	OK
1108	     0	83.3	116.0	1041	OK
1109	     0	81.3	112.6	1030	OK
1110	     0	83.1	117.7	1027	OK
1111	     0	82.5	113.7	1019	OK
1112	     0	81.5	115.4	1029	OK
1113	     0	82.3	113.8	1008	OK
1114	     0	81.3	114.2	1041	OK
1115	     0	83.2	113.2	1011	OK
1116	     0	77.9	107.3	1013	OK
1117	     0	83.0	116.8	1048	OK
1118	     0	83.4	115.0	1036	OK
1119	     0	79.5	111.7	1012	OK
1120	     0	84.6	117.6	1021	OK
1121	     0	82.1	112.9	1029	OK
1122	     0	81.0	111.1	1021	OK
1123	     0	81.1	113.0	1036	OK
1124	     0	80.0	111.2	1010	OK
1125	     0	83.4	115.4	1050	OK
1126	     0	81.7	112.9	1015	OK
1127	     0	83.3	115.3	1016	OK
1128	     0	84.3	115.2	1033	OK
1129	     0	83.3	115.4	1029	OK
1130	     0	80.7	110.7	1024	OK
1131	     0	82.4	114.8	1037	OK
1132	     0	82.5	112.3	1000	OK
1133	     0	83.2	113.7	1020	OK
1134	     0	80.8	112.8	1005	OK
1135	     0	80.5	112.5	1031	OK
1136	     0	82.5	112.8	1010	OK
1137	     0	82.4	114.5	1012	OK
1138	     0	86.0	117.7	1020	OK
1139	     0	82.5	115.9	1026	OK
1140	     0	84.0	115.3	1030	OK
1141	     0	81.8	113.4	1011	OK
1142	     0	85.1	115.8	1030	OK
1143	     0	80.3	114.9	1029	OK
1144	     0	84.8	118.9	1006	OK
1145	     0	84.5	119.2	1025	OK
1146	     0	82.9	115.7	1021	OK
1147	     0	82.3	114.2	1009	OK
1148	     0	83.1	115.4	1018	OK
1149	     0	82.1	114.2	 992	OK
1150	     0	85.7	116.7	1024	OK
1151	     0	83.8	115.9	1034	OK
1152	     0	77.2	107.8	1035	OK
1153	     0	78.0	110.7	1027	OK
1154	     0	77.8	109.1	1023	OK
1155	     0	80.9	110.6	1037	OK
1156	     0	77.7	108.1	1026	OK
1157	     0	80.3	111.3	1041	OK
1158	     0	76.4	109.8	1034	OK
1159	     0	77.1	107.9	1052	OK
1160	     0	79.4	113.4	1035	OK
1161	     0	76.7	109.1	1017	OK
1162	     0	81.0	113.4	1040	OK
1163	     0	79.6	109.9	1026	OK
1164	     0	77.7	110.0	1045	OK
1165	     0	78.0	110.4	1050	OK
1166	     0	79.6	109.4	1042	OK
1167	     0	77.9	110.1	1030	OK
1168	     0	79.1	109.6	1050	OK
1169	     0	80.0	112.0	1052	OK
1170	     0	77.1	106.3	1025	OK
1171	     0	78.3	108.8	1032	OK
1172	     0	79.1	112.8	1035	OK
1173	     0	78.3	107.0	1027	OK
1174	     0	78.5	108.4	1025	OK
1175	     0	78.6	108.7	1032	OK
1176	     0	78.2	112.1	1045	OK
1177	     0	80.8	113.1	1036	OK
1178	     0	79.4	108.8	1046	OK
1179	     0	79.0	109.5	1031	OK
1180	     0	80.3	112.7	1051	OK
1181	     0	77.3	110.2	1029	OK
1182	     0	79.6	111.6	1023	OK
1183	     0	75.8	108.3	1048	OK
1184	     0	81.4	114.4	1039	OK
1185	     0	78.5	112.1	1035	OK
1186	     0	77.2	107.7	1038	OK
1187	     0	75.9	107.1	1039	OK
1188	     0	78.1	109.3	1055	OK
1189	     0	77.1	107.6	1031	OK
1190	     0	78.3	109.6	1030	OK
1191	     0	75.5	107.8	1017	OK
1192	     0	79.7	110.3	1034	OK
1193	     0	76.3	108.1	1056	OK
1194	     0	78.3	110.5	1035	OK
1195	     0	74.1	108.1	1037	OK
1196	     0	77.4	109.7	1047	OK
1197	     0	77.5	113.3	1031	OK
1198	     0	77.3	108.8	1053	OK
1199	     0	76.8	107.7	1050	OK
1200	     0	77.2	108.5	1034	OK
1201	     0	76.3	108.0	1039	OK
1202	     0	79.0	110.4	1062	OK
1203	     0	76.1	108.4	1032	OK
1204	     0	77.4	110.3	1056	OK
1205	     0	77.3	108.6	1051	OK
1206	     0	80.5	113.3	1029	OK
1207	     0	78.5	110.8	1045	OK
1208	     0	78.6	111.5	1032	OK
1209	     0	77.9	108.7	1035	OK
1210	     0	78.4	109.3	1043	OK
1211	     0	79.6	110.4	1039	OK
1212	     0	79.4	112.2	1063	OK
1213	     0	80.2	112.9	1053	OK
1214	     0	81.3	113.5	1059	OK
1215	     0	77.7	109.6	1060	OK
1216	     0	77.4	107.4	1014	OK
1217	     0	78.0	110.1	1035	OK
1218	     0	80.6	112.7	1037	OK
1219	     0	78.2	109.1	1063	OK
1220	     0	80.3	112.1	1054	OK
1221	     0	78.6	110.7	1040	OK
1222	     0	79.3	110.3	1047	OK
1223	     0	76.3	106.8	1058	OK
1224	     0	80.5	111.6	1037	OK
1225	     0	78.5	109.5	1036	OK
1226	     0	78.6	109.1	1060	OK
1227	     0	83.2	113.3	1031	OK
1228	     0	76.9	110.0	1034	OK
1229	     0	79.7	111.3	1041	OK
1230	     0	78.5	112.8	1041	OK
1231	     0	82.7	113.4	1047	OK
1232	     0	78.4	111.2	1036	OK
1233	     0	76.9	108.4	1039	OK
1234	     0	79.8	112.0	1034	OK
1235	     0	83.5	115.0	1016	OK
1236	     0	77.4	109.1	1026	OK
1237	     0	80.4	111.7	 999	OK
1238	     0	78.0	110.2	1022	OK
1239	     0	77.6	110.8	1017	OK
1240	     0	78.5	110.4	1023	OK
1241	     0	80.7	112.4	1017	OK
1242	     0	82.3	114.1	1017	OK
1243	     0	81.3	112.1	1009	OK
1244	     0	80.6	115.5	1014	OK
1245	     0	79.3	108.8	1017	OK
1246	     0	78.1	111.2	1006	OK
1247	     0	78.3	109.8	1023	OK
1248	     0	79.9	111.7	1027	OK
1249	     0	79.3	111.4	1013	OK
1250	     0	77.2	106.6	1013	OK
1251	     0	81.3	113.0	1013	OK
1252	     0	81.9	113.8	1000	OK
1253	     0	78.3	110.4	1018	OK
1254	     0	81.0	112.9	 994	OK
1255	     0	77.4	111.0	1026	OK
1256	     0	80.8	111.8	1017	OK
1257	     0	80.8	114.3	1032	OK
1258	     0	80.9	110.6	1020	OK
1259	     0	76.9	107.7	1009	OK
1260	     0	79.8	113.2	 996	OK
1261	     0	77.0	109.4	1002	OK
1262	     0	75.7	105.5	1022	OK
1263	     0	82.1	114.6	1009	OK
1264	     0	79.1	110.4	 998	OK
1265	     0	79.7	110.6	1022	OK
1266	     0	80.1	110.8	 998	OK
1267	     0	82.4	116.4	1026	OK
1268	     0	81.9	111.3	1008	OK
1269	     0	79.9	111.4	1013	OK
1270	     0	81.1	113.3	1008	OK
1271	     0	79.7	112.1	1005	OK
1272	     0	79.4	109.8	1002	OK
1273	     0	82.2	113.0	1011	OK
1274	     0	81.0	113.2	1002	OK
1275	     0	78.7	108.5	1002	OK
1276	     0	81.4	111.6	1021	OK
1277	     0	83.1	115.7	 999	OK
1278	     0	83.0	115.4	1018	OK
1279	     0	83.9	110.6	1054	OK
1280	  4000	82.1	107.6	1057	high noise
1281	     0	82.4	110.9	 989	OK
1282	     0	80.0	110.9	1009	OK
1283	     0	78.9	109.0	 990	OK
1284	     0	78.8	113.1	 980	OK
1285	     0	78.4	109.3	1004	OK
1286	     0	78.4	109.4	 959	OK
1287	     0	79.5	112.6	 994	OK
1288	     0	81.7	115.8	1001	OK
1289	     0	78.8	108.9	 991	OK
1290	     0	80.0	110.3	 982	OK
1291	     0	77.5	110.4	 976	OK
1292	     0	79.9	112.1	 984	OK
1293	     0	81.2	113.6	 984	OK
1294	     0	79.9	112.4	 979	OK
1295	     0	80.9	113.1	 985	OK
1296	     0	78.7	109.8	 968	OK
1297	     0	81.4	113.1	 974	OK
1298	     0	78.7	112.1	 988	OK
1299	     0	78.3	111.7	 975	OK
1300	     0	81.9	114.0	 996	OK
1301	     0	75.3	107.6	 989	OK
1302	     0	78.9	110.2	 999	OK
1303	     0	76.9	109.0	 985	OK
1304	     0	80.0	109.8	 963	OK
1305	     0	79.1	110.7	 998	OK
1306	     0	76.6	109.7	 992	OK
1307	     0	81.3	113.0	 959	OK
1308	     0	80.8	111.1	 967	OK
1309	     0	78.8	110.2	 985	OK
1310	     0	80.0	111.0	 978	OK
1311	     0	78.2	111.7	1007	OK
1312	     0	83.2	114.0	1003	OK
1313	     0	81.7	113.7	 975	OK
1314	     0	78.4	111.0	 978	OK
1315	     0	79.2	110.4	 980	OK
1316	     0	83.5	114.3	 998	OK
1317	     0	77.8	109.6	 981	OK
1318	     0	80.9	111.8	 992	OK
1319	     0	79.6	113.1	1000	OK
1320	     0	83.3	115.4	 960	OK
1321	     0	76.9	109.8	 973	OK
1322	     0	81.7	115.2	 988	OK
1323	     0	77.2	110.7	 977	OK
1324	     0	82.2	114.8	 987	OK
1325	     0	82.6	115.4	 982	OK
1326	     0	79.0	110.1	 992	OK
1327	     0	81.1	114.1	 988	OK
1328	     0	79.8	113.5	 985	OK
1329	     0	82.9	115.4	 976	OK
1330	     0	80.1	114.7	 979	OK
1331	     0	81.2	112.0	 987	OK
1332	     0	79.1	111.2	 995	OK
1333	     0	80.7	111.2	 983	OK
1334	     0	76.8	110.4	 990	OK
1335	     0	79.5	112.5	1010	OK
1336	     0	79.8	111.0	 990	OK
1337	     0	74.2	108.9	1004	OK
1338	     0	78.6	111.3	 976	OK
1339	     0	83.1	116.6	 986	OK
1340	     0	80.1	115.0	 995	OK
1341	     0	80.7	111.7	1014	OK
1342	     0	80.0	112.0	 995	OK
1343	     0	79.1	113.6	1000	OK
1344	     0	76.3	109.1	 975	OK
1345	     0	78.6	111.1	 994	OK
1346	     0	79.0	112.7	 970	OK
1347	     0	78.7	112.3	1012	OK
1348	     0	77.0	111.5	1007	OK
1349	     0	76.1	106.9	 986	OK
1350	     0	77.1	108.1	1003	OK
1351	     0	76.8	112.7	1000	OK
1352	     0	80.3	112.1	 988	OK
1353	     0	77.9	111.4	1004	OK
1354	     0	80.0	112.3	 988	OK
1355	     0	78.2	112.3	1021	OK
1356	     0	79.3	112.4	 996	OK
1357	     0	77.5	109.7	 988	OK
1358	     0	78.0	111.7	1007	OK
1359	     0	78.5	111.0	 984	OK
1360	     0	77.0	107.8	 981	OK
1361	     0	76.6	108.4	 995	OK
1362	     0	77.2	112.2	1008	OK
1363	     0	77.8	110.0	 975	OK
1364	     0	80.5	113.7	 977	OK
1365	     0	79.0	111.9	 978	OK
1366	     0	79.9	111.1	 984	OK
1367	     0	79.3	109.4	 973	OK
1368	     0	77.9	111.6	 977	OK
1369	     0	78.3	111.1	 983	OK
1370	     0	79.4	112.6	 998	OK
1371	     0	78.3	111.4	 988	OK
1372	     0	78.4	110.9	 989	OK
1373	     0	76.3	110.0	 993	OK
1374	     0	80.1	111.4	 987	OK
1375	     0	74.8	106.5	 978	OK
1376	     0	74.4	109.7	 997	OK
1377	     0	78.8	110.0	1001	OK
1378	     0	77.7	109.5	 970	OK
1379	     0	76.2	107.5	 994	OK
1380	     0	77.7	109.2	 969	OK
1381	     0	78.9	113.9	 994	OK
1382	     0	78.9	110.8	 988	OK
1383	     0	78.0	111.6	 969	OK
1384	     0	81.2	114.0	 969	OK
1385	     0	76.0	107.9	 985	OK
1386	     0	76.9	108.4	 993	OK
1387	     0	79.3	111.9	 996	OK
1388	     0	77.3	109.3	 966	OK
1389	     0	79.0	113.1	 986	OK
1390	     0	78.5	110.2	 978	OK
1391	     0	78.5	108.5	 989	OK
1392	     0	77.8	110.6	 990	OK
1393	     0	75.2	108.3	 989	OK
1394	     0	82.9	114.8	 981	OK
1395	     0	77.4	110.3	1005	OK
1396	     0	78.2	111.0	 978	OK
1397	     0	78.6	110.3	 995	OK
1398	     0	77.1	109.6	 969	OK
1399	     0	75.6	107.4	1007	OK
1400	     0	79.8	112.9	 975	OK
1401	     0	76.3	108.7	 982	OK
1402	     0	77.7	109.3	 985	OK
1403	     0	75.6	108.0	 988	OK
1404	     0	75.7	108.3	1008	OK
1405	     0	80.4	112.8	 991	OK
1406	     0	81.4	115.2	1011	OK
1407	     0	79.2	112.5	 974	OK
1408	     0	81.7	114.7	 998	OK
1409	     0	84.0	117.8	 975	OK
1410	     0	82.0	113.6	 951	OK
1411	     0	81.2	114.7	 977	OK
1412	     0	81.0	112.5	 952	OK
1413	     0	80.2	112.5	 980	OK
1414	     0	84.6	115.9	 967	OK
1415	     0	81.0	114.6	 950	OK
1416	     0	82.8	114.1	 961	OK
1417	     0	84.2	119.9	 981	OK
1418	     0	82.6	115.5	 968	OK
1419	     0	83.8	117.0	 977	OK
1420	     0	83.1	115.1	 950	OK
1421	     0	81.6	115.6	 963	OK
1422	     0	83.9	112.9	 980	OK
1423	     0	83.0	114.3	 957	OK
1424	     0	83.0	113.8	 965	OK
1425	     0	82.6	114.6	 962	OK
1426	     0	82.7	114.0	 971	OK
1427	     0	79.1	110.7	 978	OK
1428	     0	81.1	113.6	 945	OK
1429	     0	83.1	116.6	 987	OK
1430	     0	81.9	114.4	 966	OK
1431	     0	80.0	110.5	 964	OK
1432	     0	78.5	111.2	 952	OK
1433	     0	78.7	109.6	 963	OK
1434	     0	80.8	112.8	 975	OK
1435	     0	81.4	114.9	 942	OK
1436	     0	83.1	114.2	 970	OK
1437	     0	81.6	115.4	 976	OK
1438	     0	83.4	118.1	 991	OK
1439	     0	82.8	115.5	 961	OK
1440	     0	79.5	111.1	 973	OK
1441	     0	80.8	112.8	 968	OK
1442	     0	82.3	114.3	 983	OK
1443	     0	82.6	113.7	 957	OK
1444	     0	80.9	111.6	 967	OK
1445	     0	81.3	112.8	 983	OK
1446	     0	81.5	113.7	 949	OK
1447	     0	82.8	115.1	 961	OK
1448	     0	80.0	112.7	 959	OK
1449	     0	81.1	114.5	 974	OK
1450	     0	82.8	117.2	 963	OK
1451	     0	84.0	117.1	 964	OK
1452	     0	80.6	115.6	 939	OK
1453	     0	80.2	111.4	 984	OK
1454	     0	81.8	113.2	 980	OK
1455	     0	81.5	115.6	 959	OK
1456	     0	79.7	113.3	 973	OK
1457	     0	80.8	115.0	 964	OK
1458	     0	79.8	112.3	 965	OK
1459	     0	81.1	112.9	 951	OK
1460	     0	78.7	112.5	 978	OK
1461	     0	82.5	116.7	 984	OK
1462	     0	79.3	111.2	 970	OK
1463	     0	80.8	113.6	 979	OK
1464	     0	83.1	115.8	 966	OK
1465	     0	80.4	114.2	 961	OK
1466	     0	81.0	112.3	 965	OK
1467	     0	80.8	113.2	 996	OK
1468	     0	83.6	115.3	 968	OK
1469	     0	83.2	117.0	 964	OK
1470	     0	83.5	116.2	 953	OK
1471	     0	86.1	119.1	 982	OK
1472	     0	82.2	116.3	 951	OK
1473	     0	81.8	116.4	 958	OK
1474	     0	79.6	114.8	 949	OK
1475	     0	81.3	112.7	 967	OK
1476	     0	83.0	116.8	 975	OK
1477	     0	82.1	115.1	 971	OK
1478	     0	81.2	114.4	 936	OK
1479	     0	79.1	110.1	 949	OK
1480	     0	82.3	115.3	 956	OK
1481	     0	80.0	113.0	 958	OK
1482	     0	83.3	116.5	 968	OK
1483	     0	82.1	115.4	 964	OK
1484	     0	81.2	114.5	 947	OK
1485	     0	81.2	113.0	 970	OK
1486	     0	82.4	114.2	 945	OK
1487	     0	79.2	111.8	 946	OK
1488	     0	82.8	114.3	 950	OK
1489	     0	84.4	117.7	 961	OK
1490	     0	78.9	112.6	 959	OK
1491	     0	81.0	114.1	 959	OK
1492	     0	82.8	113.0	 964	OK
1493	     0	84.8	117.7	 949	OK
1494	     0	82.4	113.9	 942	OK
1495	     0	80.9	113.0	 945	OK
1496	     0	81.5	114.7	 963	OK
1497	     0	80.6	113.5	 929	OK
1498	     0	81.1	112.5	 934	OK
1499	     0	82.5	115.9	 956	OK
1500	     0	81.6	115.3	 947	OK
1501	     0	80.7	110.8	 964	OK
1502	     0	81.2	111.2	 944	OK
1503	     0	80.0	112.8	 934	OK
1504	     0	82.5	114.4	 964	OK
1505	     0	81.8	113.2	 935	OK
1506	     0	84.3	118.3	 934	OK
1507	     0	85.3	118.8	 967	OK
1508	     0	80.9	112.2	 946	OK
1509	     0	82.9	114.6	 967	OK
1510	     0	84.7	117.3	 938	OK
1511	     0	83.0	115.6	 955	OK
1512	     0	85.4	120.6	 959	OK
1513	     0	84.3	118.6	 967	OK
1514	     0	82.9	115.9	 935	OK
1515	     0	80.1	111.4	 943	OK
1516	     0	83.5	117.7	 949	OK
1517	     0	86.2	118.8	 930	OK
1518	     0	81.9	113.4	 927	OK
1519	     0	81.6	115.8	 943	OK
1520	     0	83.8	116.8	 959	OK
1521	     0	82.9	117.4	 949	OK
1522	     0	81.3	113.1	 951	OK
1523	     0	81.8	111.5	 945	OK
1524	     0	81.2	116.1	 959	OK
1525	     0	84.2	118.4	 955	OK
1526	     0	82.1	113.4	 958	OK
1527	     0	81.5	111.9	 945	OK
1528	     0	83.3	116.1	 959	OK
1529	     0	85.0	116.8	 949	OK
1530	     0	86.4	121.5	 976	OK
1531	     0	82.5	114.7	 938	OK
1532	     0	83.4	118.1	 960	OK
1533	     0	83.2	116.3	 932	OK
1534	     0	84.6	115.5	 952	OK
1535	     0	83.5	116.0	 961	OK
1536	     0	82.0	114.7	 962	OK
1537	     0	83.6	115.0	 974	OK
1538	     0	82.5	113.6	 968	OK
1539	     0	83.9	115.7	1002	OK
1540	     0	82.3	114.5	 978	OK
1541	     0	82.3	114.4	 983	OK
1542	     0	82.6	112.1	 952	OK
1543	     0	79.8	112.8	 967	OK
1544	     0	82.2	113.6	 966	OK
1545	     0	83.0	115.9	 977	OK
1546	     0	86.7	121.4	1002	OK
1547	     0	81.5	112.1	 962	OK
1548	     0	83.0	113.9	 982	OK
1549	     0	84.1	116.9	 965	OK
1550	     0	80.7	113.3	 985	OK
1551	     0	84.3	115.8	 986	OK
1552	     0	80.9	114.2	 974	OK
1553	     0	82.1	114.4	 998	OK
1554	     0	81.8	114.6	 981	OK
1555	     0	83.5	114.8	 992	OK
1556	     0	80.1	111.2	 990	OK
1557	     0	83.6	117.1	 989	OK
1558	     0	84.7	119.5	1007	OK
1559	     0	82.5	114.5	 988	OK
1560	     0	82.9	115.2	 969	OK
1561	     0	80.3	110.6	 981	OK
1562	     0	81.6	113.0	 974	OK
1563	     0	84.7	116.6	1002	OK
1564	     0	80.2	110.8	 974	OK
1565	     0	80.3	111.1	1000	OK
1566	     0	79.9	110.5	 972	OK
1567	     0	83.2	115.3	 983	OK
1568	     0	81.1	114.8	 984	OK
1569	     0	81.6	116.7	 982	OK
1570	     0	80.7	112.3	 988	OK
1571	     0	82.2	115.3	 993	OK
1572	     0	81.8	114.6	 971	OK
1573	     0	87.9	119.8	1006	OK
1574	     0	84.6	118.8	 997	OK
1575	     0	81.3	115.5	 983	OK
1576	     0	82.1	114.1	 972	OK
1577	     0	83.3	116.0	 986	OK
1578	     0	83.8	116.8	1003	OK
1579	     0	79.8	112.2	 983	OK
1580	     0	80.2	111.2	 963	OK
1581	     0	80.8	115.2	1000	OK
1582	     0	83.0	115.3	 979	OK
1583	     0	81.4	115.7	 973	OK
1584	     0	81.7	114.2	1002	OK
1585	     0	84.9	117.0	 986	OK
1586	     0	82.3	115.0	1007	OK
1587	     0	83.0	116.7	 985	OK
1588	     0	79.8	111.9	 982	OK
1589	     0	79.7	113.6	 995	OK
1590	     0	78.2	112.6	1000	OK
1591	     0	80.9	113.1	 973	OK
1592	     0	80.5	113.7	 991	OK
1593	     0	81.9	114.6	 977	OK
1594	     0	81.1	112.9	 989	OK
1595	     0	81.0	115.1	 993	OK
1596	     0	84.2	117.3	1010	OK
1597	     0	82.6	113.9	 980	OK
1598	     0	83.6	116.4	 977	OK
1599	     0	84.0	115.0	 988	OK
1600	     0	78.9	110.2	 973	OK
1601	     0	83.5	116.9	 994	OK
1602	     0	82.3	113.2	 981	OK
1603	     0	84.2	115.3	 991	OK
1604	     0	80.7	111.5	 979	OK
1605	     0	84.1	116.6	 996	OK
1606	     0	81.3	114.1	 971	OK
1607	     0	82.4	116.5	 985	OK
1608	     0	80.9	112.3	 995	OK
1609	     0	81.7	111.7	 977	OK
1610	     0	78.9	112.3	 975	OK
1611	     0	83.0	115.0	1001	OK
1612	     0	82.4	114.2	 968	OK
1613	     0	79.7	113.6	 982	OK
1614	     0	82.3	116.8	 987	OK
1615	     0	80.3	113.0	 986	OK
1616	     0	80.2	112.5	 992	OK
1617	     0	84.7	115.9	1005	OK
1618	     0	79.5	111.5	 986	OK
1619	     0	81.2	114.7	 980	OK
1620	     0	80.0	112.9	 976	OK
1621	     0	84.3	114.9	 981	OK
1622	     0	82.6	114.6	 985	OK
1623	     0	82.7	117.3	 971	OK
1624	     0	78.7	111.4	 992	OK
1625	     0	77.4	109.6	 975	OK
1626	     0	79.0	111.4	 988	OK
1627	     0	82.4	115.9	 987	OK
1628	     0	82.5	115.9	 982	OK
1629	     0	83.7	117.4	 993	OK
1630	     0	83.9	117.3	 986	OK
1631	     0	81.7	114.0	 997	OK
1632	     0	82.8	112.3	 967	OK
1633	     0	81.8	113.6	 990	OK
1634	     0	81.2	113.9	 983	OK
1635	     0	83.7	117.5	 977	OK
1636	     0	79.7	112.6	 981	OK
1637	     0	79.9	112.9	1000	OK
1638	     0	83.1	115.8	 993	OK
1639	     0	81.7	115.4	 973	OK
1640	     0	83.0	113.6	 976	OK
1641	     0	79.4	111.6	 978	OK
1642	     0	80.6	115.2	 987	OK
1643	     0	78.0	110.6	 966	OK
1644	     0	82.3	113.7	 957	OK
1645	     0	79.8	112.8	 973	OK
1646	     0	79.5	112.1	1007	OK
1647	     0	80.2	112.8	 984	OK
1648	     0	83.1	115.4	 985	OK
1649	     0	78.9	111.3	 978	OK
1650	     0	81.5	113.8	 983	OK
1651	     0	81.3	115.1	 996	OK
1652	     0	81.4	113.6	 969	OK
1653	     0	79.8	113.7	 990	OK
1654	     0	79.8	113.0	 992	OK
1655	     0	80.6	113.9	 974	OK
1656	     0	82.1	123.1	 983	OK
1657	     0	82.0	115.8	 967	OK
1658	     0	83.2	116.7	 991	OK
1659	     0	84.5	118.1	 990	OK
1660	     0	82.0	115.5	 983	OK
1661	     0	81.1	116.4	 986	OK
1662	     0	82.1	115.4	 984	OK
1663	     0	85.4	118.2	 977	OK
1664	     0	81.9	112.2	 983	OK
1665	     0	82.1	116.3	 994	OK
1666	     0	81.3	113.6	 974	OK
1667	     0	84.4	114.3	 974	OK
1668	     0	79.4	111.9	 975	OK
1669	     0	82.1	112.2	 977	OK
1670	     0	83.1	115.2	 977	OK
1671	     0	79.9	110.9	 961	OK
1672	     0	80.8	112.1	 966	OK
1673	     0	86.2	118.8	 997	OK
1674	     0	81.0	111.5	 966	OK
1675	     0	80.5	112.4	 981	OK
1676	     0	82.7	114.8	 968	OK
1677	     0	84.3	117.0	 991	OK
1678	     0	83.9	117.8	 961	OK
1679	     0	82.7	114.1	 970	OK
1680	     0	82.6	113.3	 972	OK
1681	     0	83.8	115.1	 985	OK
1682	     0	82.6	114.1	 968	OK
1683	     0	86.2	119.1	 986	OK
1684	     0	83.3	114.6	 987	OK
1685	     0	82.2	115.9	 970	OK
1686	     0	82.5	115.1	 991	OK
1687	     0	84.1	116.8	 976	OK
1688	     0	81.1	113.4	 968	OK
1689	     0	81.1	113.7	 995	OK
1690	     0	80.5	112.0	 992	OK
1691	     0	80.7	112.0	 956	OK
1692	     0	81.9	113.6	 963	OK
1693	     0	79.2	109.5	 966	OK
1694	     0	82.3	114.7	 995	OK
1695	     0	77.7	109.6	 965	OK
1696	     0	83.0	116.1	 979	OK
1697	     0	81.1	111.8	 987	OK
1698	     0	81.1	112.0	 965	OK
1699	     0	81.1	112.3	 966	OK
1700	     0	80.5	111.1	 974	OK
1701	     0	79.3	112.4	 974	OK
1702	     0	80.1	111.8	 968	OK
1703	     0	82.8	115.0	 986	OK
1704	     0	79.6	111.9	 962	OK
1705	     0	83.0	117.7	1005	OK
1706	     0	82.7	113.9	 987	OK
1707	     0	78.1	108.3	 971	OK
1708	     0	81.6	115.5	 966	OK
1709	     0	82.1	114.5	 973	OK
1710	     0	82.6	112.7	 971	OK
1711	     0	82.0	115.1	 986	OK
1712	     0	83.1	115.4	 974	OK
1713	     0	81.7	112.9	 972	OK
1714	     0	80.6	110.3	 951	OK
1715	     0	81.8	112.2	 947	OK
1716	     0	81.5	112.0	 989	OK
1717	     0	82.1	113.8	 972	OK
1718	     0	80.4	111.8	 978	OK
1719	     0	80.9	112.8	 975	OK
1720	     0	79.4	112.9	 990	OK
1721	     0	82.8	114.2	 984	OK
1722	     0	84.3	113.4	 956	OK
1723	     0	81.9	113.1	 974	OK
1724	     0	82.7	116.1	 957	OK
1725	     0	80.5	110.1	 966	OK
1726	     0	82.2	113.4	 968	OK
1727	     0	82.2	111.6	 940	OK
1728	     0	82.7	114.0	 976	OK
1729	     0	82.2	114.6	 962	OK
1730	     0	79.0	110.5	 980	OK
1731	     0	83.7	116.1	 971	OK
1732	     0	83.4	113.5	 976	OK
1733	     0	82.6	114.3	 982	OK
1734	     0	81.0	114.1	 963	OK
1735	     0	83.5	112.9	 978	OK
1736	     0	85.9	119.7	 981	OK
1737	     0	83.4	117.7	 980	OK
1738	     0	81.0	114.2	 970	OK
1739	     0	79.1	112.2	 970	OK
1740	     0	81.0	112.9	 956	OK
1741	     0	80.1	115.6	 966	OK
1742	     0	81.9	114.1	 977	OK
1743	     0	82.5	115.2	 985	OK
1744	     0	79.7	110.7	 963	OK
1745	     0	84.2	114.6	 969	OK
1746	     0	84.4	117.6	 974	OK
1747	     0	79.2	110.5	 949	OK
1748	     0	85.1	116.4	 978	OK
1749	     0	80.9	111.6	 983	OK
1750	     0	79.7	110.3	 953	OK
1751	     0	84.9	116.2	 974	OK
1752	     0	80.9	110.6	 951	OK
1753	     0	84.8	116.3	 956	OK
1754	     0	82.9	112.7	 951	OK
1755	     0	83.0	112.1	 963	OK
1756	     0	82.0	113.8	 975	OK
1757	     0	84.5	116.7	 967	OK
1758	     0	82.3	113.7	 968	OK
1759	     0	82.5	113.1	 960	OK
1760	     0	82.1	114.0	 948	OK
1761	     0	82.5	114.4	 945	OK
1762	     0	85.3	117.3	 992	OK
1763	     0	83.4	114.6	 963	OK
1764	     0	82.0	112.0	 956	OK
1765	     0	81.9	115.3	 982	OK
1766	     0	82.0	115.1	 955	OK
1767	     0	82.0	112.9	 970	OK
1768	     0	81.3	111.8	 960	OK
1769	     0	81.7	115.4	 978	OK
1770	     0	83.5	113.5	 975	OK
1771	     0	79.6	111.1	 964	OK
1772	     0	81.9	113.4	 963	OK
1773	     0	85.2	117.9	 979	OK
1774	     0	82.1	112.6	 957	OK
1775	     0	80.5	111.3	 960	OK
1776	     0	81.8	112.5	 975	OK
1777	     0	82.3	113.0	 945	OK
1778	     0	83.7	116.3	 942	OK
1779	     0	79.9	112.2	 954	OK
1780	     0	81.9	115.5	 958	OK
1781	     0	81.7	111.9	 957	OK
1782	     0	84.6	116.5	 969	OK
1783	     0	82.8	117.0	 969	OK
1784	     0	85.2	117.1	 962	OK
1785	     0	86.0	116.5	 967	OK
1786	     0	84.0	117.6	 958	OK
1787	     0	84.5	116.4	 951	OK
1788	     0	85.4	116.6	 953	OK
1789	     0	85.6	115.7	 958	OK
1790	     0	83.6	114.8	 975	OK
1791	     0	82.7	112.5	 938	OK
1792	     0	85.4	116.1	 952	OK
1793	     0	86.7	121.1	 975	OK
1794	     0	87.3	118.9	 973	OK
1795	     0	84.5	116.1	 952	OK
1796	     0	85.0	118.4	 958	OK
1797	     0	82.3	114.4	 935	OK
1798	     0	85.7	119.9	 960	OK
1799	     0	86.7	118.7	 977	OK
1800	     0	85.4	117.9	 954	OK
1801	     0	85.0	117.1	 957	OK
1802	     0	82.0	114.5	 954	OK
1803	     0	84.0	115.8	 971	OK
1804	     0	84.8	115.5	 958	OK
1805	     0	83.9	117.6	 948	OK
1806	     0	85.3	117.9	 969	OK
1807	     0	86.1	118.3	 935	OK
1808	     0	84.3	117.5	 975	OK
1809	     0	84.7	119.0	 961	OK
1810	     0	82.8	114.7	 931	OK
1811	     0	84.2	116.4	 956	OK
1812	     0	85.4	114.7	 969	OK
1813	     0	83.6	115.1	 945	OK
1814	     0	83.6	115.4	 960	OK
1815	     0	83.9	115.4	 963	OK
1816	     0	84.4	117.0	 948	OK
1817	     0	84.1	118.5	 976	OK
1818	     0	84.4	117.2	 960	OK
1819	     0	85.0	118.5	 961	OK
1820	     0	85.5	117.4	 954	OK
1821	     0	83.5	115.2	 946	OK
1822	     0	85.3	118.5	 961	OK
1823	     0	82.5	111.5	 946	OK
1824	     0	84.1	119.0	 980	OK
1825	     0	86.0	118.7	 963	OK
1826	     0	83.3	115.3	 949	OK
1827	     0	86.1	116.8	 968	OK
1828	     0	87.4	119.8	 958	OK
1829	     0	84.4	118.3	 999	OK
1830	     0	83.7	115.6	 970	OK
1831	     0	84.6	117.5	 981	OK
1832	     0	83.6	114.9	 951	OK
1833	     0	84.0	113.4	 952	OK
1834	     0	82.7	114.9	 953	OK
1835	     0	84.1	117.6	 958	OK
1836	     0	84.1	118.7	 968	OK
1837	     0	81.1	112.5	 975	OK
1838	     0	83.3	116.5	 963	OK
1839	     0	82.4	113.4	 942	OK
1840	     0	83.3	114.6	 973	OK
1841	     0	84.0	117.2	 947	OK
1842	     0	84.9	116.2	 967	OK
1843	     0	86.2	118.0	 969	OK
1844	     0	82.1	114.1	 972	OK
1845	     0	85.3	118.9	 975	OK
1846	     0	85.3	116.9	 989	OK
1847	     0	85.5	117.9	 965	OK
1848	     0	82.6	115.8	 968	OK
1849	     0	83.3	116.1	 952	OK
1850	     0	83.1	115.7	 955	OK
1851	     0	83.8	114.9	 953	OK
1852	     0	89.4	121.9	 979	OK
1853	     0	86.3	121.2	 975	OK
1854	     0	86.5	118.9	 957	OK
1855	     0	86.2	120.0	 972	OK
1856	     0	85.1	117.9	 960	OK
1857	     0	83.1	118.6	 953	OK
1858	     0	85.8	118.2	 981	OK
1859	     0	81.2	113.7	 940	OK
1860	     0	85.2	116.0	 985	OK
1861	     0	79.6	115.3	 956	OK
1862	     0	84.0	118.7	 972	OK
1863	     0	87.5	117.6	 943	OK
1864	     0	85.7	118.1	 963	OK
1865	     0	85.3	118.5	 972	OK
1866	     0	83.1	114.6	 961	OK
1867	     0	82.5	115.0	 931	OK
1868	     0	86.3	118.9	 955	OK
1869	     0	83.6	115.4	 973	OK
1870	     0	85.4	118.0	 955	OK
1871	     0	84.1	113.4	 948	OK
1872	     0	86.5	118.8	 979	OK
1873	     0	83.7	118.4	 967	OK
1874	     0	84.8	117.1	 968	OK
1875	     0	83.8	114.1	 960	OK
1876	     0	86.1	120.2	 981	OK
1877	     0	84.5	117.4	 957	OK
1878	     0	83.9	117.1	 973	OK
1879	     0	87.3	120.3	 955	OK
1880	     0	84.2	116.3	 963	OK
1881	     0	83.8	116.4	 975	OK
1882	     0	85.2	119.0	 978	OK
1883	   100	78.7	111.7	 969	low gain
1884	     0	85.7	118.5	 944	OK
1885	     0	83.3	116.5	 956	OK
1886	     0	81.6	113.3	 952	OK
1887	     0	84.3	117.3	 962	OK
1888	     0	84.8	118.3	 945	OK
1889	     0	83.8	117.1	 965	OK
1890	     0	84.5	115.8	 954	OK
1891	     0	85.7	119.1	 985	OK
1892	     0	84.1	116.2	 965	OK
1893	     0	82.9	115.4	 960	OK
1894	     0	84.4	117.9	 958	OK
1895	     0	86.5	118.8	 975	OK
1896	     0	83.9	116.4	 945	OK
1897	     0	80.9	114.3	 949	OK
1898	     0	84.6	117.7	 971	OK
1899	     0	82.4	114.8	 944	OK
1900	     0	84.4	115.7	 978	OK
1901	     0	85.4	119.2	 966	OK
1902	     0	82.9	115.5	 962	OK
1903	     0	82.9	117.6	 970	OK
1904	     0	82.3	114.9	 956	OK
1905	     0	82.5	112.2	 969	OK
1906	     0	83.1	114.6	 974	OK
1907	     0	84.3	114.6	 969	OK
1908	     0	84.1	118.8	 983	OK
1909	     0	82.9	116.7	 945	OK
1910	     0	85.8	120.4	 975	OK
1911	     0	84.4	116.3	 957	OK
1912	     0	84.2	114.6	 944	OK
1913	     0	83.1	115.6	 966	OK
1914	     0	84.9	116.9	 969	OK
1915	     0	84.4	116.6	 978	OK
1916	     0	84.3	115.0	 948	OK
1917	     0	85.1	115.5	 953	OK
1918	     0	85.1	116.2	 963	OK
1919	     0	82.9	115.0	 945	OK
1920	     0	80.4	112.5	 984	OK
1921	     0	84.5	119.2	 992	OK
1922	     0	82.4	113.0	1005	OK
1923	     0	81.9	113.9	 969	OK
1924	     0	81.7	113.1	 985	OK
1925	     0	84.0	117.0	1015	OK
1926	     0	81.9	113.2	1014	OK
1927	  4000	80.7	113.5	1045	high noise
1928	  4000	78.3	108.8	1122	high noise
1929	  4000	77.6	106.8	1151	high noise
1930	  4000	77.8	107.3	1038	high noise
1931	     0	81.6	113.4	 978	OK
1932	     0	80.1	110.1	 990	OK
1933	     0	81.4	111.8	 991	OK
1934	     0	79.8	110.8	 988	OK
1935	     0	81.0	113.4	1015	OK
1936	     0	82.9	114.3	 977	OK
1937	     0	79.0	110.9	 988	OK
1938	     0	82.7	113.4	 989	OK
1939	     0	81.2	116.1	 998	OK
1940	     0	79.6	113.7	1007	OK
1941	     0	82.6	113.4	 972	OK
1942	     0	80.5	114.6	 990	OK
1943	     0	79.2	109.2	1005	OK
1944	     0	76.8	109.7	 987	OK
1945	     0	82.2	112.3	 998	OK
1946	     0	80.4	110.6	1001	OK
1947	     0	82.1	113.0	1001	OK
1948	     0	81.5	112.3	 983	OK
1949	     0	80.2	111.8	 973	OK
1950	     0	79.0	111.3	 996	OK
1951	     0	80.0	109.6	 968	OK
1952	     0	79.1	110.3	1004	OK
1953	     0	80.1	114.6	 982	OK
1954	     0	82.2	112.3	 983	OK
1955	     0	79.6	113.0	 991	OK
1956	     0	80.4	112.2	1006	OK
1957	     0	79.2	112.1	 987	OK
1958	     0	80.2	111.1	1002	OK
1959	     0	80.6	111.6	1006	OK
1960	  4000	82.2	115.4	1040	high noise
1961	  4000	77.6	109.9	1041	high noise
1962	     0	82.8	114.8	1006	OK
1963	     0	79.9	111.3	 991	OK
1964	     0	80.1	111.4	 980	OK
1965	     0	80.3	113.1	 963	OK
1966	     0	79.7	113.7	 995	OK
1967	     0	81.9	111.4	 971	OK
1968	     0	80.8	113.9	 989	OK
1969	     0	82.9	113.4	 989	OK
1970	     0	81.5	113.0	 998	OK
1971	     0	79.5	110.2	 978	OK
1972	     0	82.9	116.0	 996	OK
1973	     0	85.0	115.2	 989	OK
1974	     0	78.1	108.1	 979	OK
1975	     0	82.5	114.8	 986	OK
1976	     0	78.4	111.0	 983	OK
1977	     0	79.3	112.5	1004	OK
1978	     0	80.7	112.9	 987	OK
1979	     0	77.2	109.7	 984	OK
1980	     0	81.6	114.3	 985	OK
1981	     0	82.5	114.3	 987	OK
1982	     0	80.8	112.1	 982	OK
1983	     0	83.2	113.5	 978	OK
1984	     0	82.8	113.5	1000	OK
1985	     0	78.7	110.5	 972	OK
1986	     0	81.3	114.0	 989	OK
1987	     0	84.3	116.4	 997	OK
1988	     0	82.3	114.8	 993	OK
1989	     0	83.1	113.3	1011	OK
1990	     0	79.8	111.8	 984	OK
1991	     0	79.5	109.1	 972	OK
1992	     0	82.4	115.5	 982	OK
1993	     0	81.5	112.7	 971	OK
1994	     0	80.1	112.0	 970	OK
1995	     0	80.7	114.2	 985	OK
1996	     0	82.1	114.2	 971	OK
1997	     0	79.5	110.1	 977	OK
1998	     0	81.6	112.1	 963	OK
1999	     0	83.6	114.2	 978	OK
2000	     0	79.8	112.6	 970	OK
2001	     0	80.4	112.0	 969	OK
2002	     0	81.8	114.1	 974	OK
2003	     0	83.1	114.0	 978	OK
2004	     0	80.1	110.4	 990	OK
2005	     0	84.4	115.9	 979	OK
2006	     0	82.4	116.3	 988	OK
2007	     0	82.8	112.5	 973	OK
2008	     0	82.4	114.2	 981	OK
2009	     0	83.9	115.9	 986	OK
2010	     0	80.8	110.2	 964	OK
2011	     0	83.9	116.1	 980	OK
2012	     0	79.5	112.5	 974	OK
2013	     0	81.8	113.3	 974	OK
2014	     0	83.5	113.2	 985	OK
2015	     0	78.9	111.5	 984	OK
2016	     0	83.3	113.1	 992	OK
2017	     0	80.1	115.5	 977	OK
2018	     0	82.9	117.4	 993	OK
2019	     0	81.2	115.5	 992	OK
2020	     0	83.8	113.8	 964	OK
2021	     0	80.4	112.0	 964	OK
2022	     0	81.8	113.3	 985	OK
2023	     0	83.8	114.1	 955	OK
2024	     0	80.5	112.3	 953	OK
2025	     0	80.6	115.0	 967	OK
2026	     0	81.0	114.5	 973	OK
2027	     0	81.9	112.5	 964	OK
2028	     0	82.2	115.2	 982	OK
2029	     0	83.2	115.3	 980	OK
2030	     0	80.5	111.7	 957	OK
2031	     0	80.5	109.7	 960	OK
2032	     0	81.2	113.5	 978	OK
2033	     0	82.7	114.9	 969	OK
2034	     0	81.9	113.9	 971	OK
2035	     0	83.1	114.8	 993	OK
2036	     0	82.7	114.2	 973	OK
2037	     0	83.4	114.3	 969	OK
2038	     0	81.9	114.5	 967	OK
2039	     0	82.1	112.3	 958	OK
2040	     0	81.5	114.8	 969	OK
2041	     0	83.2	116.6	 991	OK
2042	     0	81.5	112.5	 962	OK
2043	     0	80.9	114.1	 965	OK
2044	     0	83.6	114.6	 977	OK
2045	     0	83.8	114.8	 986	OK
2046	     0	79.6	111.7	 972	OK
2047	     0	80.5	113.7	 986	OK
2048	   200	87.5	122.2	 994	high gain
2049	     0	84.5	116.9	 974	OK
2050	     0	81.3	114.2	 994	OK
2051	     0	83.2	116.1	1003	OK
2052	     0	79.7	111.2	 975	OK
2053	     0	82.5	114.1	 996	OK
2054	     0	81.1	115.2	 993	OK
2055	     0	82.7	116.5	1008	OK
2056	     0	82.7	117.1	 990	OK
2057	     0	83.3	118.7	 994	OK
2058	     0	84.1	115.3	 993	OK
2059	     0	82.9	117.5	 992	OK
2060	     0	82.9	115.6	 982	OK
2061	     0	80.6	114.2	 980	OK
2062	     0	80.2	114.3	1005	OK
2063	     0	83.2	117.3	1012	OK
2064	     0	81.1	114.9	 987	OK
2065	     0	81.3	112.3	 984	OK
2066	     0	81.8	113.6	1004	OK
2067	     0	79.8	113.0	 990	OK
2068	     0	83.7	117.9	1004	OK
2069	     0	82.1	113.0	 973	OK
2070	     0	80.8	113.7	 989	OK
2071	     0	80.7	114.1	1012	OK
2072	     0	82.6	115.0	1009	OK
2073	     0	81.1	112.7	1004	OK
2074	     0	80.1	110.3	 986	OK
2075	     0	82.2	115.8	1000	OK
2076	     0	80.2	111.8	1010	OK
2077	     0	82.4	115.8	1007	OK
2078	     0	80.7	111.9	 978	OK
2079	     0	79.8	112.5	1009	OK
2080	     0	79.5	111.4	 981	OK
2081	     0	82.3	116.6	1005	OK
2082	     0	84.7	117.7	 992	OK
2083	     0	81.6	113.7	 984	OK
2084	     0	81.2	109.9	 990	OK
2085	     0	80.2	113.1	1002	OK
2086	     0	82.1	113.2	1001	OK
2087	     0	81.5	117.4	 992	OK
2088	     0	79.0	110.8	 999	OK
2089	     0	82.2	118.5	1015	OK
2090	     0	81.5	114.6	1017	OK
2091	     0	76.9	110.7	 995	OK
2092	     0	81.2	113.4	 997	OK
2093	     0	82.9	114.5	1007	OK
2094	     0	84.5	118.7	1014	OK
2095	     0	80.8	110.1	 997	OK
2096	     0	80.9	113.8	1010	OK
2097	     0	80.4	112.7	 977	OK
2098	     0	80.9	113.9	1014	OK
2099	     0	83.7	116.3	 983	OK
2100	     0	82.0	114.2	1007	OK
2101	     0	82.0	112.9	 996	OK
2102	     0	82.1	119.1	1030	OK
2103	     0	81.9	116.8	 997	OK
2104	     0	82.2	112.6	 975	OK
2105	     0	82.7	116.2	1025	OK
2106	     0	83.1	118.5	1001	OK
2107	     0	83.3	115.0	 999	OK
2108	     0	82.3	114.6	1014	OK
2109	     0	80.2	110.5	 986	OK
2110	     0	81.5	113.0	1004	OK
2111	     0	81.0	115.7	1004	OK
2112	     0	80.5	112.9	1024	OK
2113	     0	78.6	111.4	 999	OK
2114	     0	81.0	112.6	1002	OK
2115	     0	79.2	114.3	 991	OK
2116	     0	81.4	117.5	 995	OK
2117	     0	82.3	117.0	1001	OK
2118	     0	78.8	111.1	 992	OK
2119	     0	81.7	114.1	1023	OK
2120	     0	81.2	111.7	 994	OK
2121	     0	80.0	112.8	 998	OK
2122	     0	83.1	117.0	 994	OK
2123	     0	80.4	114.1	 981	OK
2124	     0	78.6	111.7	 982	OK
2125	     0	82.9	115.6	1002	OK
2126	     0	79.7	111.6	1018	OK
2127	     0	80.5	113.7	 997	OK
2128	     0	79.8	112.8	 996	OK
2129	     0	78.2	110.5	1013	OK
2130	     0	81.2	110.7	 996	OK
2131	     0	78.6	113.3	 980	OK
2132	     0	81.4	110.9	 991	OK
2133	     0	77.3	110.1	 977	OK
2134	     0	82.7	115.5	 997	OK
2135	     0	82.8	117.2	1015	OK
2136	     0	78.9	111.0	 995	OK
2137	     0	82.0	114.3	1009	OK
2138	     0	80.8	112.2	1015	OK
2139	     0	80.9	112.4	 995	OK
2140	     0	79.1	112.4	 999	OK
2141	     0	79.9	113.3	 988	OK
2142	     0	81.0	113.8	1008	OK
2143	     0	81.3	115.8	 996	OK
2144	     0	80.5	113.7	 997	OK
2145	     0	83.0	114.8	1013	OK
2146	     0	79.0	110.8	 997	OK
2147	     0	80.8	115.7	1018	OK
2148	     0	80.4	113.3	1012	OK
2149	     0	78.0	110.2	1008	OK
2150	     0	81.8	116.5	1014	OK
2151	     0	82.7	114.2	 993	OK
2152	     0	80.7	114.5	1008	OK
2153	     0	80.5	114.2	1003	OK
2154	     0	77.1	112.1	1011	OK
2155	     0	80.3	114.0	1006	OK
2156	     0	80.3	114.7	1014	OK
2157	     0	80.3	111.1	 996	OK
2158	     0	80.0	111.5	 993	OK
2159	     0	80.1	116.3	1003	OK
2160	     0	77.9	109.7	1006	OK
2161	     0	79.5	111.9	 978	OK
2162	     0	79.8	111.7	1004	OK
2163	     0	82.7	115.4	1008	OK
2164	     0	79.1	112.2	1018	OK
2165	     0	80.0	112.8	1003	OK
2166	     0	77.4	111.6	 997	OK
2167	     0	80.3	112.4	1009	OK
2168	     0	82.4	115.2	1031	OK
2169	     0	79.5	115.1	 982	OK
2170	     0	82.0	112.0	1008	OK
2171	     0	80.5	112.8	 997	OK
2172	     0	82.2	112.5	1000	OK
2173	     0	83.2	115.3	1015	OK
2174	     0	81.8	114.4	 999	OK
2175	     0	82.6	116.1	 991	OK
2176	     0	79.8	113.8	1026	OK
2177	     0	78.8	111.1	1003	OK
2178	     0	79.9	112.2	1046	OK
2179	     0	81.4	112.6	1021	OK
2180	     0	78.5	110.5	1009	OK
2181	     0	78.2	109.4	1002	OK
2182	     0	75.9	108.0	1004	OK
2183	     0	79.4	110.7	1008	OK
2184	     0	78.9	108.9	1017	OK
2185	     0	77.8	110.2	1021	OK
2186	     0	77.2	108.9	1008	OK
2187	     0	77.5	108.4	1010	OK
2188	     0	75.6	108.3	1018	OK
2189	     0	79.5	111.2	 997	OK
2190	     0	75.4	108.1	1008	OK
2191	     0	78.7	110.2	1023	OK
2192	     0	78.1	110.1	1027	OK
2193	     0	77.6	109.0	1000	OK
2194	     0	76.8	110.2	1010	OK
2195	     0	75.8	110.1	1015	OK
2196	     0	75.9	108.3	1015	OK
2197	     0	79.2	112.3	 995	OK
2198	     0	80.4	114.3	1027	OK
2199	     0	76.9	109.2	 998	OK
2200	     0	79.9	113.0	1021	OK
2201	     0	77.7	110.8	 998	OK
2202	     0	78.9	111.8	 995	OK
2203	     0	78.6	110.9	1013	OK
2204	     0	79.6	110.4	1013	OK
2205	     0	78.1	112.3	1016	OK
2206	     0	80.2	111.6	1015	OK
2207	     0	79.1	111.2	1014	OK
2208	     0	75.6	109.8	1019	OK
2209	     0	76.9	110.6	 997	OK
2210	     0	79.0	111.5	1029	OK
2211	     0	77.7	109.0	1012	OK
2212	     0	79.3	109.2	1025	OK
2213	     0	80.4	113.6	1016	OK
2214	     0	77.0	107.4	1024	OK
2215	     0	77.2	108.2	1003	OK
2216	     0	77.6	110.2	1016	OK
2217	     0	78.8	111.6	1008	OK
2218	     0	80.2	112.4	1010	OK
2219	     0	77.2	109.2	1003	OK
2220	     0	79.8	111.1	 999	OK
2221	     0	77.5	110.3	1008	OK
2222	     0	77.9	111.8	1036	OK
2223	     0	78.1	107.6	1010	OK
2224	     0	79.9	110.9	 989	OK
2225	     0	79.3	112.0	1009	OK
2226	     0	77.7	110.4	1007	OK
2227	     0	77.2	112.3	1016	OK
2228	     0	76.1	107.9	1019	OK
2229	     0	79.2	110.3	1017	OK
2230	     0	79.7	111.9	1025	OK
2231	     0	80.0	110.5	1032	OK
2232	     0	77.4	109.7	1011	OK
2233	     0	77.5	110.9	1022	OK
2234	     0	81.8	111.2	1003	OK
2235	     0	81.2	111.3	1011	OK
2236	     0	76.7	108.6	1020	OK
2237	     0	79.1	111.3	1014	OK
2238	     0	80.9	111.4	 993	OK
2239	     0	79.8	111.2	1005	OK
2240	     0	79.9	111.9	1018	OK
2241	     0	78.8	109.3	1024	OK
2242	     0	79.4	111.5	1013	OK
2243	     0	78.4	110.7	1017	OK
2244	     0	78.0	109.1	1015	OK
2245	     0	76.9	107.9	 997	OK
2246	     0	80.0	112.1	 996	OK
2247	     0	79.8	111.4	 996	OK
2248	     0	78.5	111.5	1017	OK
2249	     0	77.2	110.2	 976	OK
2250	     0	77.6	109.5	1028	OK
2251	     0	81.5	114.8	1009	OK
2252	     0	79.9	112.0	1006	OK
2253	     0	78.0	110.7	1013	OK
2254	     0	78.5	111.0	1018	OK
2255	     0	81.3	115.0	1005	OK
2256	     0	78.6	112.4	1028	OK
2257	     0	78.3	109.5	 999	OK
2258	     0	78.1	111.1	1004	OK
2259	     0	76.5	109.5	1022	OK
2260	     0	83.2	113.5	1002	OK
2261	     0	77.6	108.0	1009	OK
2262	     0	79.6	110.1	1004	OK
2263	     0	80.4	113.7	 996	OK
2264	     0	78.3	109.3	1005	OK
2265	     0	80.3	112.6	 983	OK
2266	     0	80.8	114.2	 998	OK
2267	     0	80.6	112.3	1014	OK
2268	     0	79.0	111.2	1001	OK
2269	     0	78.3	108.8	 986	OK
2270	     0	78.4	111.0	1007	OK
2271	     0	80.8	113.1	 991	OK
2272	     0	80.0	109.9	 994	OK
2273	     0	81.3	113.6	 996	OK
2274	     0	79.5	113.4	1023	OK
2275	     0	80.5	112.6	 975	OK
2276	     0	79.0	110.2	1011	OK
2277	     0	76.8	108.2	 990	OK
2278	     0	77.8	113.5	1016	OK
2279	     0	82.2	113.7	1018	OK
2280	     0	77.5	110.9	1009	OK
2281	     0	76.8	106.9	 998	OK
2282	     0	79.5	110.4	1004	OK
2283	     0	78.8	112.3	 983	OK
2284	     0	78.2	110.6	 993	OK
2285	     0	80.2	114.8	 995	OK
2286	     0	82.2	112.0	1001	OK
2287	     0	81.0	111.2	1005	OK
2288	     0	79.4	110.4	1006	OK
2289	     0	81.1	115.5	 995	OK
2290	     0	80.6	112.1	 994	OK
2291	     0	83.1	114.6	1008	OK
2292	     0	81.2	113.3	1014	OK
2293	     0	80.0	112.1	 994	OK
2294	     0	82.8	114.2	1004	OK
2295	     0	78.1	110.6	1001	OK
2296	     0	79.0	107.8	 981	OK
2297	     0	79.5	110.5	 997	OK
2298	     0	79.9	111.8	 982	OK
2299	     0	80.5	111.8	 980	OK
2300	     0	81.2	111.7	 990	OK
2301	     0	80.8	114.0	 993	OK
2302	     0	80.8	110.5	 982	OK
2303	     0	81.7	115.4	 994	OK
2304	     0	85.7	116.1	 989	OK
2305	     0	87.0	117.4	 982	OK
2306	     0	82.1	113.7	 997	OK
2307	     0	83.8	117.2	 982	OK
2308	     0	84.6	114.8	 982	OK
2309	     0	84.1	116.8	 989	OK
2310	     0	86.1	118.0	 996	OK
2311	     0	83.3	114.3	 985	OK
2312	     0	82.2	112.4	 979	OK
2313	     0	83.5	113.5	 981	OK
2314	     0	84.1	117.4	 992	OK
2315	     0	86.1	119.0	 991	OK
2316	     0	84.5	116.0	 979	OK
2317	     0	82.0	115.3	 988	OK
2318	     0	83.8	115.6	 993	OK
2319	     0	83.0	113.8	1004	OK
2320	     0	84.3	116.9	 981	OK
2321	     0	82.7	115.8	 984	OK
2322	     0	83.1	117.3	 985	OK
2323	     0	82.9	114.4	 987	OK
2324	     0	83.6	115.7	 991	OK
2325	     0	82.7	114.5	 990	OK
2326	     0	83.8	116.3	 998	OK
2327	     0	84.2	116.6	 990	OK
2328	     0	82.1	112.4	 994	OK
2329	     0	83.0	115.3	 972	OK
2330	     0	83.3	117.8	1001	OK
2331	     0	83.2	115.2	 997	OK
2332	     0	82.9	116.6	 977	OK
2333	     0	84.1	117.6	 999	OK
2334	     0	83.8	116.0	1001	OK
2335	     0	84.8	118.3	 991	OK
2336	     0	83.7	113.4	 992	OK
2337	     0	84.6	115.7	1004	OK
2338	     0	77.5	110.4	 995	OK
2339	     0	83.5	112.3	 978	OK
2340	     0	83.9	117.0	1001	OK
2341	     0	78.9	110.1	1008	OK
2342	     0	82.7	113.0	1011	OK
2343	     0	82.3	116.6	 981	OK
2344	     0	81.0	114.5	1005	OK
2345	     0	85.8	117.5	 993	OK
2346	     0	83.5	113.6	 987	OK
2347	     0	83.5	114.0	1012	OK
2348	     0	83.1	113.5	 996	OK
2349	     0	80.8	113.5	 999	OK
2350	     0	83.5	117.4	1006	OK
2351	     0	80.8	113.4	 994	OK
2352	     0	84.1	117.5	1015	OK
2353	     0	83.7	115.0	 995	OK
2354	     0	81.9	114.4	 985	OK
2355	     0	82.8	113.9	 966	OK
2356	     0	82.8	116.0	 984	OK
2357	     0	85.8	120.1	1005	OK
2358	     0	79.9	112.4	 986	OK
2359	     0	82.0	113.9	 990	OK
2360	     0	83.1	116.2	1018	OK
2361	     0	85.0	118.0	1013	OK
2362	     0	81.6	114.7	1000	OK
2363	     0	82.8	114.5	1018	OK
2364	     0	83.2	117.3	1007	OK
2365	     0	83.3	117.0	 999	OK
2366	     0	84.2	118.3	1005	OK
2367	     0	82.5	111.2	 974	OK
2368	     0	83.1	116.6	1006	OK
2369	     0	83.4	113.5	1005	OK
2370	     0	81.9	112.1	 993	OK
2371	     0	84.1	116.9	1014	OK
2372	     0	81.1	114.4	 997	OK
2373	     0	83.1	116.1	1003	OK
2374	     0	83.8	116.5	 996	OK
2375	     0	82.7	114.9	 996	OK
2376	     0	82.7	116.8	1015	OK
2377	     0	83.4	115.4	 999	OK
2378	     0	82.7	114.3	 986	OK
2379	     0	85.6	117.9	1001	OK
2380	     0	81.8	113.7	 993	OK
2381	     0	79.3	110.4	1002	OK
2382	     0	82.8	114.3	1022	OK
2383	     0	79.5	112.2	 982	OK
2384	     0	78.9	110.5	1003	OK
2385	     0	83.0	115.6	1009	OK
2386	     0	83.2	117.7	1027	OK
2387	     0	83.9	115.3	 995	OK
2388	     0	81.0	113.2	 985	OK
2389	     0	81.1	111.7	 996	OK
2390	     0	82.8	115.7	 995	OK
2391	     0	81.4	112.8	 996	OK
2392	     0	82.8	116.2	1020	OK
2393	     0	81.8	115.2	 996	OK
2394	     0	80.3	113.6	 984	OK
2395	     0	81.3	114.1	 977	OK
2396	     0	83.4	114.5	1000	OK
2397	     0	80.4	112.1	 996	OK
2398	     0	83.9	116.1	 995	OK
2399	     0	80.5	113.3	1012	OK
2400	     0	84.2	115.6	 981	OK
2401	     0	85.4	119.4	1002	OK
2402	     0	80.3	111.9	1002	OK
2403	     0	81.0	112.6	 995	OK
2404	     0	82.4	114.8	 994	OK
2405	     0	81.4	114.7	 984	OK
2406	     0	85.6	117.8	1020	OK
2407	     0	83.0	114.4	1008	OK
2408	     0	83.9	115.9	1003	OK
2409	     0	82.6	115.0	 995	OK
2410	     0	84.2	116.7	1006	OK
2411	     0	80.8	109.8	 978	OK
2412	     0	83.1	112.5	1014	OK
2413	     0	78.7	110.9	1004	OK
2414	     0	81.6	115.1	1006	OK
2415	     0	84.1	115.8	 977	OK
2416	     0	84.3	115.7	 998	OK
2417	     0	85.3	116.8	 995	OK
2418	     0	82.3	113.3	 975	OK
2419	     0	83.4	114.8	 977	OK
2420	     0	81.6	112.1	 991	OK
2421	     0	78.8	110.7	1006	OK
2422	     0	79.9	111.8	 996	OK
2423	     0	79.7	111.9	 997	OK
2424	     0	81.4	113.4	1005	OK
2425	     0	82.5	111.0	1011	OK
2426	     0	81.1	113.8	 995	OK
2427	     0	85.4	115.8	 998	OK
2428	     0	84.5	117.0	1004	OK
2429	     0	83.0	113.7	1003	OK
2430	     0	85.7	114.6	 992	OK
2431	     0	84.7	118.2	1004	OK
2432	     0	78.9	111.1	1021	OK
2433	     0	79.5	108.6	1003	OK
2434	     0	80.4	109.8	1012	OK
2435	     0	78.3	108.2	1026	OK
2436	     0	80.8	112.4	1008	OK
2437	     0	76.8	109.4	1000	OK
2438	     0	80.1	111.8	1006	OK
2439	     0	75.8	108.7	1033	OK
2440	     0	79.7	111.0	1023	OK
2441	     0	77.0	109.4	1040	OK
2442	     0	76.2	106.3	1003	OK
2443	     0	79.9	112.0	1020	OK
2444	     0	79.2	111.3	 998	OK
2445	     0	78.3	108.2	1017	OK
2446	     0	76.2	109.0	1016	OK
2447	     0	80.3	111.9	1029	OK
2448	     0	77.5	108.9	1010	OK
2449	     0	79.6	114.1	1023	OK
2450	     0	81.0	111.3	1011	OK
2451	     0	77.3	107.5	1012	OK
2452	     0	79.8	112.5	 988	OK
2453	     0	80.9	110.7	1002	OK
2454	     0	77.4	111.2	1032	OK
2455	     0	76.4	110.2	1005	OK
2456	     0	79.2	112.8	1017	OK
2457	     0	77.3	110.7	1004	OK
2458	     0	76.4	109.7	1014	OK
2459	     0	76.7	108.5	1015	OK
2460	     0	78.3	109.1	1066	OK
2461	     0	76.7	107.8	1007	OK
2462	     0	79.8	111.3	1014	OK
2463	     0	81.2	115.0	1021	OK
2464	     0	75.9	109.3	1045	OK
2465	     0	76.9	109.9	1034	OK
2466	     0	75.9	109.0	1000	OK
2467	     0	77.7	109.7	1023	OK
2468	     0	77.8	109.7	1007	OK
2469	     0	78.3	112.2	1012	OK
2470	     0	77.4	112.8	1047	OK
2471	     0	79.8	111.6	 999	OK
2472	     0	77.1	107.8	1035	OK
2473	     0	78.9	112.2	1022	OK
2474	     0	78.3	112.3	1020	OK
2475	     0	77.3	108.4	1016	OK
2476	     0	78.6	108.6	1018	OK
2477	     0	77.5	107.1	1014	OK
2478	     0	77.7	109.0	1035	OK
2479	     0	78.5	110.3	1034	OK
2480	     0	76.7	109.9	1044	OK
2481	     0	77.5	108.2	1016	OK
2482	     0	77.2	109.2	1036	OK
2483	     0	77.6	107.1	1020	OK
2484	     0	77.5	110.5	1018	OK
2485	     0	76.2	107.9	1036	OK
2486	     0	77.0	108.3	1027	OK
2487	     0	76.6	109.2	1020	OK
2488	     0	77.1	108.2	1028	OK
2489	     0	76.9	109.2	1022	OK
2490	     0	74.0	105.2	1043	OK
2491	     0	78.0	110.1	1021	OK
2492	     0	80.2	111.3	1023	OK
2493	     0	79.7	112.3	1004	OK
2494	     0	78.6	111.6	1027	OK
2495	     0	79.7	110.9	1018	OK
2496	     0	78.0	109.5	1010	OK
2497	     0	79.7	112.3	1015	OK
2498	     0	75.5	105.6	1037	OK
2499	     0	78.9	108.7	1032	OK
2500	     0	75.9	107.2	1010	OK
2501	     0	77.5	108.2	 997	OK
2502	     0	80.5	111.0	1010	OK
2503	     0	81.6	111.3	1035	OK
2504	     0	80.8	113.2	1017	OK
2505	     0	78.7	109.0	 999	OK
2506	     0	79.3	112.3	1010	OK
2507	     0	79.6	111.0	1010	OK
2508	     0	76.7	108.5	1014	OK
2509	     0	78.9	112.4	1001	OK
2510	     0	81.5	112.8	 995	OK
2511	     0	75.9	107.9	1006	OK
2512	     0	80.3	111.6	1007	OK
2513	     0	79.0	111.9	1009	OK
2514	     0	81.3	112.8	1012	OK
2515	     0	81.2	115.1	1023	OK
2516	     0	80.2	113.1	1022	OK
2517	     0	77.1	107.7	1008	OK
2518	     0	76.6	110.3	1003	OK
2519	     0	81.0	113.0	1002	OK
2520	     0	80.1	111.7	 997	OK
2521	     0	76.2	106.3	 995	OK
2522	     0	80.4	112.4	 996	OK
2523	     0	79.8	112.8	1005	OK
2524	     0	77.6	108.0	1018	OK
2525	     0	77.9	109.8	1005	OK
2526	     0	79.4	111.0	 986	OK
2527	     0	81.5	112.7	 993	OK
2528	     0	81.3	113.1	1020	OK
2529	     0	78.9	110.4	 990	OK
2530	     0	77.2	108.7	 989	OK
2531	     0	78.5	111.3	 984	OK
2532	     0	76.7	111.5	 998	OK
2533	     0	76.9	109.0	1013	OK
2534	     0	78.3	108.4	1001	OK
2535	     0	81.2	112.5	1002	OK
2536	     0	79.9	111.7	1012	OK
2537	     0	78.4	109.0	 969	OK
2538	     0	79.5	111.3	 996	OK
2539	     0	81.3	112.5	 985	OK
2540	     0	80.4	111.6	1005	OK
2541	     0	79.2	109.9	 973	OK
2542	     0	79.0	110.5	1007	OK
2543	     0	78.1	109.1	 985	OK
2544	     0	78.9	110.5	 993	OK
2545	     0	76.9	110.3	 999	OK
2546	     0	80.3	113.3	1007	OK
2547	     0	78.5	110.1	1001	OK
2548	     0	75.7	106.1	1002	OK
2549	     0	79.8	112.3	1003	OK
2550	     0	77.9	110.5	1010	OK
2551	     0	80.4	111.3	1003	OK
2552	     0	79.9	111.4	 997	OK
2553	     0	81.6	112.7	1010	OK
2554	     0	78.6	108.3	 976	OK
2555	     0	79.3	109.5	 995	OK
2556	     0	79.4	109.8	 998	OK
2557	     0	82.8	114.3	 991	OK
2558	     0	80.8	110.8	 999	OK
2559	   200	85.6	117.5	1049	high gain
