#chan	code	gain	vt50	innse	comment
   0	     0	83.7	154.2	1111	OK
   1	     0	83.6	156.7	1082	OK
   2	     0	76.7	146.9	1077	OK
   3	     0	84.2	158.8	1071	OK
   4	     0	81.0	151.3	1070	OK
   5	     0	80.2	153.6	1066	OK
   6	     0	80.6	150.6	1060	OK
   7	     0	79.6	151.1	1074	OK
   8	     0	80.5	152.4	1065	OK
   9	     0	80.2	153.0	1066	OK
  10	     0	81.3	154.9	1069	OK
  11	     0	79.1	148.5	1046	OK
  12	     0	79.3	151.9	1060	OK
  13	     0	80.3	154.8	1078	OK
  14	     0	79.5	151.1	1067	OK
  15	     0	78.8	149.5	1061	OK
  16	     0	79.4	149.2	1051	OK
  17	     0	78.4	149.5	1081	OK
  18	     0	82.6	155.5	1086	OK
  19	     0	81.9	153.9	1057	OK
  20	     0	79.6	151.7	1056	OK
  21	     0	81.6	153.7	1062	OK
  22	     0	79.0	149.5	1077	OK
  23	     0	79.7	151.1	1062	OK
  24	     0	81.8	155.9	1053	OK
  25	     0	78.1	146.5	1057	OK
  26	     0	80.3	152.3	1081	OK
  27	     0	81.5	151.7	1069	OK
  28	     0	79.4	150.1	1076	OK
  29	     0	83.0	154.8	1064	OK
  30	     0	78.5	150.2	1072	OK
  31	     0	80.1	151.9	1060	OK
  32	     0	82.7	156.0	1076	OK
  33	     0	80.8	152.6	1062	OK
  34	     0	81.4	154.4	1059	OK
  35	     0	79.7	149.6	1064	OK
  36	     0	79.5	148.2	1084	OK
  37	     0	80.6	151.6	1072	OK
  38	     0	80.5	153.7	1087	OK
  39	     0	80.3	150.6	1070	OK
  40	     0	82.5	153.8	1071	OK
  41	     0	79.1	151.6	1062	OK
  42	     0	82.6	156.6	1079	OK
  43	     0	81.3	155.4	1079	OK
  44	     0	82.4	158.1	1077	OK
  45	     0	82.2	156.3	1088	OK
  46	     0	80.6	153.6	1101	OK
  47	     0	82.6	155.5	1080	OK
  48	     0	80.4	150.8	1096	OK
  49	     0	79.8	150.9	1081	OK
  50	     0	78.3	147.3	1094	OK
  51	     0	80.4	153.8	1066	OK
  52	     0	80.3	151.1	1081	OK
  53	     0	80.2	151.2	1080	OK
  54	     0	82.7	155.6	1073	OK
  55	     0	81.5	154.2	1104	OK
  56	     0	79.6	151.3	1078	OK
  57	     0	82.0	152.8	1093	OK
  58	     0	77.8	148.0	1090	OK
  59	     0	79.7	150.4	1072	OK
  60	     0	80.2	150.7	1077	OK
  61	     0	80.5	150.6	1098	OK
  62	     0	81.6	154.3	1075	OK
  63	     0	81.4	154.8	1093	OK
  64	     0	79.8	150.7	1104	OK
  65	     0	80.3	153.8	1085	OK
  66	     0	79.2	150.8	1074	OK
  67	     0	80.5	151.2	1075	OK
  68	     0	78.4	148.7	1084	OK
  69	     0	79.2	151.9	1075	OK
  70	     0	76.9	146.5	1079	OK
  71	     0	76.0	146.2	1071	OK
  72	     0	78.5	148.1	1074	OK
  73	     0	77.7	150.3	1072	OK
  74	     0	77.6	149.2	1070	OK
  75	     0	77.0	147.4	1087	OK
  76	     0	78.9	151.5	1100	OK
  77	     0	79.2	147.5	1069	OK
  78	     0	78.9	149.4	1101	OK
  79	     0	78.8	150.2	1061	OK
  80	     0	78.4	147.8	1095	OK
  81	     0	79.4	149.4	1078	OK
  82	     0	77.5	148.8	1078	OK
  83	     0	79.3	150.0	1060	OK
  84	     0	79.3	152.5	1099	OK
  85	     0	79.8	151.4	1099	OK
  86	     0	77.0	146.5	1067	OK
  87	     0	77.7	150.4	1085	OK
  88	     0	81.0	153.5	1081	OK
  89	     0	77.6	148.1	1081	OK
  90	     0	78.5	148.9	1097	OK
  91	     0	78.9	151.3	1087	OK
  92	     0	78.3	147.1	1077	OK
  93	     0	79.5	151.2	1088	OK
  94	     0	78.2	151.1	1078	OK
  95	     0	76.4	145.6	1060	OK
  96	     0	78.3	149.4	1082	OK
  97	     0	78.4	150.0	1068	OK
  98	     0	78.8	150.3	1084	OK
  99	     0	77.9	148.2	1087	OK
 100	     0	78.7	149.2	1094	OK
 101	     0	79.5	152.3	1068	OK
 102	     0	79.3	151.0	1075	OK
 103	     0	78.5	147.8	1076	OK
 104	     0	80.0	152.8	1107	OK
 105	     0	79.7	151.9	1082	OK
 106	     0	79.6	152.0	1084	OK
 107	     0	79.2	146.9	1079	OK
 108	     0	80.8	153.7	1076	OK
 109	     0	78.0	147.9	1078	OK
 110	     0	77.4	147.2	1078	OK
 111	     0	80.3	151.6	1095	OK
 112	     0	78.5	148.1	1074	OK
 113	     0	79.6	151.3	1076	OK
 114	     0	78.8	151.0	1089	OK
 115	     0	78.5	147.8	1058	OK
 116	     0	79.3	150.4	1063	OK
 117	     0	78.5	152.9	1085	OK
 118	     0	80.1	150.1	1102	OK
 119	     0	77.9	148.1	1055	OK
 120	     0	79.6	152.3	1085	OK
 121	     0	77.9	145.4	1067	OK
 122	     0	79.7	152.1	1104	OK
 123	     0	77.5	149.3	1079	OK
 124	     0	82.3	153.7	1086	OK
 125	     0	79.8	148.6	1046	OK
 126	     0	81.4	154.8	1091	OK
 127	     0	85.1	160.4	1091	OK
 128	     0	84.9	160.3	1105	OK
 129	     0	81.1	152.3	1061	OK
 130	     0	83.3	157.4	1089	OK
 131	     0	80.7	153.0	1065	OK
 132	     0	80.2	149.8	1053	OK
 133	     0	81.1	153.8	1077	OK
 134	     0	84.4	157.3	1080	OK
 135	     0	82.0	156.5	1070	OK
 136	     0	84.3	158.5	1088	OK
 137	     0	80.6	153.5	1086	OK
 138	     0	82.0	155.0	1068	OK
 139	     0	83.0	157.0	1060	OK
 140	     0	81.6	153.1	1067	OK
 141	     0	84.4	156.5	1057	OK
 142	     0	81.6	155.3	1049	OK
 143	     0	82.1	154.7	1051	OK
 144	     0	83.3	157.7	1079	OK
 145	     0	82.3	155.4	1061	OK
 146	     0	83.4	155.6	1057	OK
 147	     0	82.8	155.0	1068	OK
 148	     0	79.7	150.8	1050	OK
 149	     0	81.3	154.2	1065	OK
 150	     0	82.3	154.8	1054	OK
 151	     0	80.7	154.4	1054	OK
 152	     0	81.9	155.6	1088	OK
 153	     0	81.1	153.4	1067	OK
 154	     0	78.5	147.9	1059	OK
 155	     0	81.8	154.9	1058	OK
 156	     0	83.6	157.1	1068	OK
 157	     0	80.3	149.8	1066	OK
 158	     0	81.5	153.0	1058	OK
 159	     0	82.2	154.4	1069	OK
 160	     0	83.0	158.8	1058	OK
 161	     0	81.8	153.6	1072	OK
 162	     0	83.2	157.9	1084	OK
 163	     0	81.5	153.7	1067	OK
 164	     0	80.9	154.6	1068	OK
 165	     0	80.6	153.7	1069	OK
 166	     0	81.1	154.0	1064	OK
 167	     0	82.4	155.5	1083	OK
 168	     0	82.6	155.3	1086	OK
 169	     0	80.7	154.8	1050	OK
 170	     0	81.5	153.6	1061	OK
 171	     0	82.1	153.3	1071	OK
 172	     0	80.4	150.9	1062	OK
 173	     0	80.5	149.3	1050	OK
 174	     0	81.9	152.8	1074	OK
 175	     0	81.8	155.4	1058	OK
 176	     0	83.7	156.0	1068	OK
 177	     0	82.9	155.2	1064	OK
 178	     0	80.3	150.8	1040	OK
 179	     0	82.4	155.3	1061	OK
 180	     0	84.9	161.7	1086	OK
 181	     0	81.5	155.0	1081	OK
 182	     0	80.4	150.7	1071	OK
 183	     0	80.8	151.8	1060	OK
 184	     0	83.0	157.0	1062	OK
 185	     0	81.4	154.7	1051	OK
 186	     0	82.6	156.7	1080	OK
 187	     0	79.1	151.8	1061	OK
 188	     0	81.5	153.7	1042	OK
 189	     0	82.7	154.5	1054	OK
 190	     0	80.8	153.4	1062	OK
 191	     0	82.3	156.7	1061	OK
 192	     0	82.1	155.3	1048	OK
 193	     0	81.9	155.8	1053	OK
 194	     0	83.5	160.9	1070	OK
 195	     0	79.9	153.2	1054	OK
 196	     0	81.7	157.6	1052	OK
 197	     0	82.1	157.2	1053	OK
 198	     0	83.5	156.9	1039	OK
 199	     0	83.3	159.1	1055	OK
 200	     0	84.6	156.7	1059	OK
 201	     0	83.0	155.4	1053	OK
 202	     0	83.3	156.4	1055	OK
 203	     0	81.8	156.1	1038	OK
 204	     0	81.4	156.1	1062	OK
 205	     0	83.2	157.5	1026	OK
 206	     0	82.3	155.8	1035	OK
 207	     0	83.1	157.4	1058	OK
 208	     0	81.7	155.2	1034	OK
 209	     0	82.3	155.0	1048	OK
 210	     0	84.0	160.1	1057	OK
 211	     0	81.1	155.5	1050	OK
 212	     0	82.9	155.9	1022	OK
 213	     0	81.7	155.1	1031	OK
 214	     0	78.4	147.6	1026	OK
 215	     0	81.7	153.7	1029	OK
 216	     0	83.3	155.5	1042	OK
 217	     0	83.9	158.5	1046	OK
 218	     0	81.7	155.6	1029	OK
 219	     0	82.0	156.1	1047	OK
 220	     0	82.3	154.5	1034	OK
 221	     0	82.3	156.5	1040	OK
 222	     0	82.2	154.8	1041	OK
 223	     0	82.1	153.5	1038	OK
 224	     0	81.0	155.3	1033	OK
 225	     0	82.8	159.3	1044	OK
 226	     0	82.1	153.9	1041	OK
 227	     0	80.9	154.8	1025	OK
 228	     0	83.9	156.6	1025	OK
 229	     0	83.9	157.0	1047	OK
 230	     0	84.2	159.8	1044	OK
 231	     0	84.1	155.4	1030	OK
 232	     0	82.1	153.6	1019	OK
 233	     0	80.7	152.8	1040	OK
 234	     0	84.7	159.0	1041	OK
 235	     0	85.5	163.7	1072	OK
 236	     0	83.6	158.6	1034	OK
 237	     0	85.0	157.1	1035	OK
 238	     0	84.5	157.3	1040	OK
 239	     0	85.0	159.2	1047	OK
 240	     0	84.5	159.0	1028	OK
 241	     0	84.0	160.6	1061	OK
 242	     0	84.2	158.8	1027	OK
 243	     0	82.4	155.6	1041	OK
 244	     0	81.7	153.0	1046	OK
 245	     0	83.8	158.7	1053	OK
 246	     0	83.8	158.9	1057	OK
 247	     0	84.9	158.4	1033	OK
 248	     0	82.6	157.4	1026	OK
 249	     0	82.4	155.9	1039	OK
 250	     0	84.3	158.8	1054	OK
 251	     0	83.7	159.0	1049	OK
 252	     0	85.5	157.3	1061	OK
 253	     0	85.3	159.9	1037	OK
 254	     0	82.4	154.8	1029	OK
 255	     0	81.1	153.4	1029	OK
 256	     0	83.5	153.6	1090	OK
 257	     0	82.4	154.9	1064	OK
 258	     0	84.1	156.3	1089	OK
 259	     0	82.4	155.9	1101	OK
 260	     0	82.5	157.8	1074	OK
 261	     0	83.3	154.5	1084	OK
 262	     0	83.0	157.2	1065	OK
 263	     0	83.6	155.1	1094	OK
 264	     0	84.7	160.2	1105	OK
 265	     0	85.3	159.3	1079	OK
 266	     0	84.0	156.9	1077	OK
 267	     0	84.0	158.6	1079	OK
 268	     0	80.7	152.5	1071	OK
 269	     0	83.3	156.1	1075	OK
 270	     0	84.4	156.1	1064	OK
 271	     0	82.0	153.3	1068	OK
 272	     0	83.8	157.0	1069	OK
 273	     0	84.6	161.7	1069	OK
 274	     0	83.8	158.2	1070	OK
 275	     0	82.8	153.3	1067	OK
 276	     0	82.2	152.4	1092	OK
 277	     0	83.3	156.9	1082	OK
 278	     0	84.6	157.5	1100	OK
 279	     0	84.0	158.8	1074	OK
 280	     0	83.3	157.8	1074	OK
 281	     0	82.5	154.5	1097	OK
 282	     0	85.5	160.3	1099	OK
 283	     0	84.4	156.8	1091	OK
 284	     0	81.3	156.0	1102	OK
 285	     0	82.7	155.1	1069	OK
 286	     0	85.5	160.2	1095	OK
 287	     0	84.9	158.7	1076	OK
 288	     0	83.6	155.9	1078	OK
 289	     0	81.9	154.3	1076	OK
 290	     0	83.0	156.0	1072	OK
 291	     0	84.8	161.2	1102	OK
 292	     0	82.3	153.2	1062	OK
 293	     0	81.2	156.0	1080	OK
 294	     0	81.3	155.9	1074	OK
 295	     0	82.9	155.8	1089	OK
 296	     0	84.6	157.5	1078	OK
 297	     0	85.4	160.8	1101	OK
 298	     0	82.5	156.1	1080	OK
 299	     0	84.3	159.1	1108	OK
 300	     0	80.2	152.4	1072	OK
 301	     0	83.0	156.5	1075	OK
 302	     0	83.2	157.1	1083	OK
 303	     0	83.0	155.4	1077	OK
 304	     0	83.2	156.3	1092	OK
 305	     0	84.1	158.4	1103	OK
 306	     0	82.4	156.6	1089	OK
 307	     0	83.9	158.8	1086	OK
 308	     0	82.9	155.8	1070	OK
 309	     0	84.1	159.7	1092	OK
 310	     0	83.0	154.7	1101	OK
 311	     0	81.9	154.0	1079	OK
 312	     0	82.3	154.7	1082	OK
 313	     0	81.7	152.9	1079	OK
 314	     0	83.2	158.9	1081	OK
 315	     0	84.0	157.1	1087	OK
 316	     0	83.6	161.7	1099	OK
 317	     0	85.7	159.1	1089	OK
 318	     0	85.5	160.3	1100	OK
 319	     0	82.4	156.6	1075	OK
 320	     0	81.8	153.7	1071	OK
 321	     0	83.6	156.6	1066	OK
 322	     0	81.0	153.4	1073	OK
 323	     0	82.8	154.9	1077	OK
 324	     0	82.7	154.6	1084	OK
 325	     0	81.3	152.3	1080	OK
 326	     0	83.1	153.9	1095	OK
 327	     0	83.8	157.0	1075	OK
 328	     0	84.1	157.9	1083	OK
 329	     0	83.4	158.6	1073	OK
 330	     0	80.9	152.9	1077	OK
 331	     0	81.6	153.2	1052	OK
 332	     0	81.9	154.2	1066	OK
 333	     0	83.3	156.2	1080	OK
 334	     0	82.2	155.7	1075	OK
 335	     0	78.5	146.3	1071	OK
 336	     0	82.9	156.3	1063	OK
 337	     0	80.9	151.5	1070	OK
 338	     0	80.3	152.7	1067	OK
 339	     0	80.3	151.3	1062	OK
 340	     0	83.0	154.7	1081	OK
 341	     0	81.0	152.7	1057	OK
 342	     0	83.8	159.6	1104	OK
 343	     0	81.7	153.0	1084	OK
 344	     0	80.9	152.5	1082	OK
 345	     0	83.8	156.4	1071	OK
 346	     0	82.7	157.5	1075	OK
 347	     0	81.4	153.8	1080	OK
 348	     0	83.2	156.7	1091	OK
 349	     0	80.5	151.2	1079	OK
 350	     0	84.1	157.3	1075	OK
 351	     0	79.3	149.0	1041	OK
 352	     0	81.1	152.1	1069	OK
 353	     0	83.3	154.6	1078	OK
 354	     0	81.6	153.4	1073	OK
 355	     0	78.4	148.9	1069	OK
 356	     0	81.3	151.4	1074	OK
 357	     0	84.9	158.7	1083	OK
 358	     0	78.8	148.3	1067	OK
 359	     0	82.9	155.4	1068	OK
 360	     0	80.1	151.2	1061	OK
 361	     0	83.1	156.7	1057	OK
 362	     0	85.9	162.2	1093	OK
 363	     0	79.8	148.9	1059	OK
 364	     0	82.5	157.7	1056	OK
 365	     0	83.3	159.8	1073	OK
 366	     0	80.3	151.7	1080	OK
 367	     0	80.0	152.5	1066	OK
 368	     0	83.2	153.2	1065	OK
 369	     0	81.9	153.9	1070	OK
 370	     0	83.1	155.7	1082	OK
 371	     0	81.3	154.3	1062	OK
 372	     0	81.2	151.8	1073	OK
 373	     0	84.9	160.6	1101	OK
 374	     0	81.4	152.2	1089	OK
 375	     0	83.5	156.5	1073	OK
 376	     0	82.1	155.8	1075	OK
 377	     0	83.0	157.3	1080	OK
 378	     0	82.5	155.4	1050	OK
 379	     0	82.9	153.4	1080	OK
 380	     0	83.4	158.7	1079	OK
 381	     0	82.3	155.4	1072	OK
 382	     0	83.4	156.7	1077	OK
 383	     0	80.6	150.5	1057	OK
 384	     0	81.8	153.5	1072	OK
 385	     0	82.3	153.4	1055	OK
 386	     0	82.9	152.8	1052	OK
 387	     0	85.0	161.4	1071	OK
 388	     0	83.7	156.2	1056	OK
 389	     0	82.8	154.6	1048	OK
 390	     0	83.6	156.2	1072	OK
 391	     0	84.6	156.3	1048	OK
 392	     0	82.9	155.5	1069	OK
 393	     0	82.2	153.7	1046	OK
 394	     0	85.9	159.6	1060	OK
 395	     0	82.3	150.9	1054	OK
 396	     0	81.5	153.6	1052	OK
 397	     0	85.0	158.4	1068	OK
 398	     0	85.6	160.4	1065	OK
 399	     0	82.4	154.7	1059	OK
 400	     0	84.3	153.3	1059	OK
 401	     0	82.6	152.0	1050	OK
 402	     0	82.1	151.5	1065	OK
 403	     0	82.1	150.8	1051	OK
 404	     0	81.9	150.0	1048	OK
 405	     0	82.8	153.2	1055	OK
 406	     0	81.9	151.4	1038	OK
 407	     0	81.2	149.6	1066	OK
 408	     0	82.1	151.5	1052	OK
 409	     0	81.6	150.5	1049	OK
 410	     0	82.1	154.1	1046	OK
 411	     0	79.0	148.0	1053	OK
 412	     0	80.7	150.0	1041	OK
 413	     0	81.0	150.2	1052	OK
 414	     0	82.9	153.2	1058	OK
 415	     0	82.5	153.2	1051	OK
 416	     0	83.2	155.8	1042	OK
 417	     0	81.7	152.6	1061	OK
 418	     0	84.6	155.9	1059	OK
 419	     0	81.2	149.5	1057	OK
 420	     0	82.5	154.0	1043	OK
 421	     0	86.8	160.4	1069	OK
 422	     0	80.6	149.0	1065	OK
 423	     0	82.8	155.0	1058	OK
 424	     0	82.4	152.0	1055	OK
 425	     0	83.9	156.1	1048	OK
 426	     0	80.9	149.8	1047	OK
 427	     0	83.4	154.0	1044	OK
 428	     0	81.9	153.3	1053	OK
 429	     0	83.2	153.0	1061	OK
 430	     0	84.6	159.6	1062	OK
 431	     0	84.2	156.4	1075	OK
 432	     0	84.3	158.4	1054	OK
 433	     0	82.3	156.6	1044	OK
 434	     0	81.9	152.9	1052	OK
 435	     0	81.8	151.5	1050	OK
 436	     0	84.8	158.9	1056	OK
 437	     0	82.6	153.6	1060	OK
 438	     0	82.8	156.4	1064	OK
 439	     0	83.5	156.2	1054	OK
 440	     0	82.2	155.3	1074	OK
 441	     0	81.8	151.9	1062	OK
 442	     0	81.9	151.8	1035	OK
 443	     0	82.5	154.0	1060	OK
 444	     0	85.4	158.3	1063	OK
 445	     0	82.3	155.2	1059	OK
 446	     0	83.6	156.4	1053	OK
 447	     0	83.0	154.7	1071	OK
 448	     0	83.4	156.2	1076	OK
 449	     0	85.1	160.3	1066	OK
 450	     0	82.0	153.8	1046	OK
 451	     0	85.1	159.5	1045	OK
 452	     0	83.9	153.5	1058	OK
 453	     0	83.3	153.9	1061	OK
 454	     0	83.4	154.9	1045	OK
 455	     0	83.1	153.7	1040	OK
 456	     0	84.2	157.3	1058	OK
 457	     0	85.0	158.6	1074	OK
 458	     0	82.9	154.0	1032	OK
 459	     0	82.8	153.6	1064	OK
 460	     0	81.5	153.1	1028	OK
 461	     0	80.6	151.8	1044	OK
 462	     0	86.1	159.7	1040	OK
 463	     0	81.8	153.3	1059	OK
 464	     0	81.6	153.8	1040	OK
 465	     0	84.0	156.0	1045	OK
 466	     0	84.6	155.9	1057	OK
 467	     0	85.4	155.9	1050	OK
 468	     0	83.3	157.7	1032	OK
 469	     0	83.8	152.8	1046	OK
 470	     0	84.7	156.8	1056	OK
 471	     0	84.8	157.0	1038	OK
 472	     0	83.0	153.0	1037	OK
 473	     0	86.0	159.5	1046	OK
 474	     0	83.0	152.1	1055	OK
 475	     0	83.7	156.4	1044	OK
 476	     0	83.5	156.5	1044	OK
 477	     0	85.9	159.3	1061	OK
 478	     0	85.5	160.7	1044	OK
 479	     0	85.1	155.8	1039	OK
 480	     0	83.2	154.3	1028	OK
 481	     0	83.5	155.4	1038	OK
 482	     0	84.2	159.7	1074	OK
 483	     0	82.6	154.2	1022	OK
 484	     0	83.3	155.3	1047	OK
 485	     0	81.9	153.7	1055	OK
 486	     0	84.4	156.6	1019	OK
 487	     0	82.8	153.1	1025	OK
 488	     0	84.5	156.0	1039	OK
 489	     0	83.5	153.2	1024	OK
 490	     0	85.8	160.5	1047	OK
 491	     0	83.1	152.8	1052	OK
 492	     0	84.6	158.7	1039	OK
 493	     0	83.4	155.7	1032	OK
 494	     0	82.4	156.4	1048	OK
 495	     0	84.3	159.5	1036	OK
 496	     0	82.7	154.7	1042	OK
 497	     0	84.4	155.4	1006	OK
 498	     0	82.4	152.6	1043	OK
 499	     0	84.8	160.0	1045	OK
 500	     0	82.9	153.1	1033	OK
 501	     0	85.0	158.8	1037	OK
 502	     0	85.2	158.0	1038	OK
 503	     0	81.4	154.3	1039	OK
 504	     0	86.5	159.9	1036	OK
 505	     0	84.9	160.0	1043	OK
 506	     0	83.0	153.7	1032	OK
 507	     0	85.0	157.3	1039	OK
 508	     0	84.7	158.9	1026	OK
 509	     0	84.6	157.2	1003	OK
 510	     0	84.4	157.7	1031	OK
 511	     0	84.7	156.8	1008	OK
 512	     0	87.4	163.5	1047	OK
 513	   200	90.1	168.7	1054	high gain
 514	     0	86.1	163.0	1038	OK
 515	     0	87.6	166.3	1062	OK
 516	     0	87.5	165.9	1046	OK
 517	     0	86.8	163.5	1035	OK
 518	     0	84.2	158.5	1015	OK
 519	     0	83.6	156.5	1014	OK
 520	     0	83.9	157.8	1029	OK
 521	     0	84.2	157.8	1017	OK
 522	     0	89.3	168.4	1042	OK
 523	     0	87.8	163.5	1023	OK
 524	     0	87.2	163.9	1038	OK
 525	     0	86.3	159.5	1023	OK
 526	     0	85.3	162.5	1034	OK
 527	     0	85.8	159.6	1020	OK
 528	     0	85.5	159.4	1032	OK
 529	     0	85.4	162.4	1032	OK
 530	     0	86.2	162.5	1045	OK
 531	     0	86.3	163.8	1058	OK
 532	     0	84.6	157.6	1008	OK
 533	     0	85.4	160.9	1040	OK
 534	     0	84.5	159.8	1037	OK
 535	     0	84.0	156.7	1025	OK
 536	     0	86.5	162.0	1029	OK
 537	     0	85.2	158.9	1040	OK
 538	     0	86.8	163.4	1024	OK
 539	     0	84.2	160.9	1058	OK
 540	     0	83.9	157.0	1021	OK
 541	     0	84.8	156.7	1021	OK
 542	     0	85.9	161.4	1019	OK
 543	     0	84.6	159.0	1031	OK
 544	     0	86.0	161.0	1008	OK
 545	     0	85.0	160.4	1046	OK
 546	     0	84.2	159.6	1021	OK
 547	     0	84.8	157.8	1019	OK
 548	     0	83.8	157.9	1022	OK
 549	     0	84.8	160.1	 989	OK
 550	     0	86.0	160.6	1051	OK
 551	     0	83.2	156.9	1025	OK
 552	     0	83.7	154.2	1032	OK
 553	     0	86.2	161.4	1040	OK
 554	     0	85.7	160.6	1024	OK
 555	     0	84.5	157.1	1025	OK
 556	     0	84.8	159.7	1027	OK
 557	     0	84.6	159.5	1031	OK
 558	     0	84.6	157.9	1025	OK
 559	     0	84.6	159.9	1018	OK
 560	     0	83.3	156.0	1022	OK
 561	     0	87.4	162.4	1035	OK
 562	     0	81.3	153.6	1007	OK
 563	     0	85.8	162.6	1044	OK
 564	     0	83.8	158.7	1046	OK
 565	     0	84.3	159.4	1012	OK
 566	     0	85.1	156.6	1042	OK
 567	     0	84.1	159.0	1011	OK
 568	     0	86.0	159.0	1022	OK
 569	     0	86.4	162.6	1045	OK
 570	     0	86.8	164.2	1051	OK
 571	     0	85.1	161.1	1032	OK
 572	     0	86.2	162.7	1034	OK
 573	     0	83.7	158.2	1058	OK
 574	     0	84.6	160.5	1053	OK
 575	     0	84.5	159.4	1054	OK
 576	     0	84.3	161.0	1030	OK
 577	     0	83.7	158.0	1028	OK
 578	     0	84.1	160.0	1012	OK
 579	     0	84.6	160.1	1033	OK
 580	     0	82.2	153.2	1012	OK
 581	     0	84.9	160.2	1028	OK
 582	     0	84.8	158.8	1020	OK
 583	     0	83.9	159.2	1034	OK
 584	     0	84.0	157.2	1034	OK
 585	     0	85.2	159.8	1038	OK
 586	     0	86.2	162.7	1057	OK
 587	     0	84.6	159.9	1042	OK
 588	     0	86.4	163.0	1051	OK
 589	     0	84.2	157.3	1011	OK
 590	     0	86.8	161.5	1037	OK
 591	     0	83.8	158.2	1022	OK
 592	     0	86.3	161.7	1056	OK
 593	     0	83.5	158.0	1036	OK
 594	     0	83.0	154.3	1047	OK
 595	     0	84.4	159.3	1052	OK
 596	     0	84.5	157.8	1033	OK
 597	     0	85.2	161.3	1054	OK
 598	     0	84.4	157.2	1029	OK
 599	     0	82.8	155.3	1034	OK
 600	     0	84.3	159.7	1035	OK
 601	     0	82.2	152.6	1055	OK
 602	     0	86.1	159.8	1065	OK
 603	     0	86.2	161.0	1040	OK
 604	     0	85.0	161.7	1078	OK
 605	     0	85.1	159.0	1033	OK
 606	     0	83.9	155.9	1054	OK
 607	     0	86.8	161.7	1072	OK
 608	     0	85.4	161.7	1061	OK
 609	     0	86.8	163.5	1056	OK
 610	     0	85.2	160.0	1042	OK
 611	     0	84.3	156.6	1050	OK
 612	     0	84.1	156.4	1049	OK
 613	     0	86.1	160.0	1055	OK
 614	     0	88.2	166.6	1085	OK
 615	     0	84.1	160.3	1056	OK
 616	     0	83.9	158.5	1048	OK
 617	     0	83.1	157.7	1045	OK
 618	     0	85.3	159.7	1067	OK
 619	     0	86.1	161.5	1057	OK
 620	     0	87.8	161.7	1082	OK
 621	     0	85.8	163.4	1074	OK
 622	     0	85.1	155.3	1037	OK
 623	     0	85.8	161.1	1078	OK
 624	     0	82.7	158.9	1051	OK
 625	     0	85.5	162.1	1063	OK
 626	     0	82.6	155.0	1061	OK
 627	     0	84.7	159.9	1083	OK
 628	     0	83.8	159.0	1050	OK
 629	     0	83.3	155.1	1069	OK
 630	     0	86.0	160.1	1073	OK
 631	     0	84.8	156.9	1055	OK
 632	     0	86.4	165.1	1092	OK
 633	     0	86.9	162.7	1070	OK
 634	     0	84.2	158.6	1061	OK
 635	     0	85.7	160.9	1064	OK
 636	     0	85.4	161.6	1076	OK
 637	     0	85.6	159.8	1072	OK
 638	     0	87.1	163.9	1084	OK
 639	     0	86.2	161.5	1109	OK
 640	     0	81.9	153.1	1085	OK
 641	     0	84.3	156.9	1095	OK
 642	     0	81.0	154.9	1119	OK
 643	     0	83.0	157.4	1124	OK
 644	     0	84.3	156.3	1083	OK
 645	     0	81.0	150.1	1109	OK
 646	     0	82.5	153.9	1106	OK
 647	     0	82.8	153.6	1071	OK
 648	     0	80.9	151.5	1103	OK
 649	     0	80.1	150.6	1084	OK
 650	     0	81.6	151.5	1073	OK
 651	     0	84.1	156.0	1112	OK
 652	     0	83.7	157.4	1097	OK
 653	     0	81.5	153.3	1099	OK
 654	     0	81.4	150.9	1114	OK
 655	     0	84.3	155.7	1085	OK
 656	     0	80.9	151.5	1118	OK
 657	     0	84.7	157.1	1086	OK
 658	     0	82.0	153.8	1088	OK
 659	     0	81.3	151.4	1086	OK
 660	     0	83.3	155.0	1125	OK
 661	     0	81.9	150.4	1083	OK
 662	     0	81.1	149.5	1094	OK
 663	     0	82.2	150.3	1070	OK
 664	     0	83.8	155.1	1091	OK
 665	     0	83.3	154.6	1073	OK
 666	     0	82.6	150.3	1086	OK
 667	     0	82.6	152.1	1083	OK
 668	     0	81.6	150.7	1098	OK
 669	     0	82.2	155.9	1084	OK
 670	     0	83.4	155.9	1087	OK
 671	     0	80.3	149.2	1074	OK
 672	     0	82.6	151.7	1073	OK
 673	     0	81.1	149.2	1089	OK
 674	     0	82.0	153.6	1078	OK
 675	     0	82.8	154.9	1102	OK
 676	     0	83.7	156.1	1103	OK
 677	     0	82.8	156.2	1095	OK
 678	     0	82.6	154.1	1106	OK
 679	     0	82.2	154.8	1082	OK
 680	     0	80.9	149.8	1085	OK
 681	     0	83.2	153.3	1100	OK
 682	     0	81.6	151.4	1091	OK
 683	     0	81.3	152.2	1077	OK
 684	     0	84.0	155.5	1080	OK
 685	     0	81.7	151.3	1102	OK
 686	     0	80.0	149.8	1081	OK
 687	     0	83.9	158.5	1098	OK
 688	     0	81.5	150.5	1086	OK
 689	     0	83.3	152.9	1110	OK
 690	     0	81.4	151.9	1061	OK
 691	     0	82.7	154.3	1087	OK
 692	     0	80.8	151.4	1058	OK
 693	     0	82.6	155.3	1077	OK
 694	     0	83.1	154.0	1091	OK
 695	     0	83.4	156.4	1079	OK
 696	     0	82.8	156.7	1085	OK
 697	     0	82.9	154.2	1065	OK
 698	     0	82.3	152.7	1062	OK
 699	     0	83.6	152.6	1070	OK
 700	     0	81.9	152.4	1085	OK
 701	     0	83.3	154.9	1066	OK
 702	     0	80.1	148.1	1057	OK
 703	     0	84.2	156.8	1062	OK
 704	     0	83.4	154.2	1051	OK
 705	     0	80.8	152.6	1047	OK
 706	     0	81.2	149.4	1062	OK
 707	     0	83.7	156.3	1075	OK
 708	     0	80.8	153.4	1051	OK
 709	     0	83.0	155.1	1064	OK
 710	     0	80.8	150.2	1070	OK
 711	     0	83.7	156.2	1059	OK
 712	     0	82.8	154.9	1029	OK
 713	     0	80.8	150.6	1036	OK
 714	     0	81.5	152.5	1038	OK
 715	     0	82.7	154.6	1062	OK
 716	     0	81.6	152.5	1062	OK
 717	     0	81.7	152.3	1059	OK
 718	     0	84.1	156.1	1052	OK
 719	     0	82.4	151.8	1066	OK
 720	     0	83.5	157.8	1054	OK
 721	     0	80.4	149.0	1015	OK
 722	     0	80.3	150.3	1056	OK
 723	     0	82.8	156.2	1054	OK
 724	     0	81.0	152.7	1028	OK
 725	     0	83.2	155.0	1052	OK
 726	     0	82.2	150.5	1041	OK
 727	     0	80.6	148.9	1026	OK
 728	     0	83.6	158.5	1049	OK
 729	     0	81.4	152.0	1039	OK
 730	     0	83.1	155.0	1042	OK
 731	     0	81.7	153.8	1059	OK
 732	     0	85.5	156.4	1055	OK
 733	     0	83.8	158.7	1038	OK
 734	     0	85.6	160.0	1069	OK
 735	     0	83.4	153.5	1037	OK
 736	     0	82.6	154.4	1047	OK
 737	     0	81.9	150.3	1059	OK
 738	     0	82.4	157.4	1056	OK
 739	     0	82.4	151.7	1028	OK
 740	     0	84.8	155.3	1045	OK
 741	     0	82.6	156.0	1061	OK
 742	     0	81.3	152.9	1061	OK
 743	     0	80.3	151.3	1044	OK
 744	     0	82.2	155.8	1063	OK
 745	     0	82.2	152.3	1048	OK
 746	     0	83.4	155.3	1040	OK
 747	     0	81.7	152.2	1060	OK
 748	     0	81.2	150.9	1055	OK
 749	     0	84.7	156.7	1064	OK
 750	     0	86.6	162.4	1100	OK
 751	     0	82.0	153.1	1062	OK
 752	     0	82.8	152.4	1061	OK
 753	     0	83.3	153.6	1058	OK
 754	     0	83.5	156.3	1073	OK
 755	     0	80.6	150.5	1033	OK
 756	     0	82.1	153.3	1062	OK
 757	     0	81.8	151.1	1045	OK
 758	     0	81.2	151.8	1057	OK
 759	     0	82.6	155.5	1066	OK
 760	     0	84.3	157.8	1071	OK
 761	     0	84.8	161.0	1085	OK
 762	     0	85.6	159.4	1060	OK
 763	     0	82.9	155.1	1087	OK
 764	     0	84.1	156.5	1075	OK
 765	     0	84.1	156.9	1076	OK
 766	     0	82.7	155.8	1088	OK
 767	     0	83.6	155.2	1088	OK
 768	     0	84.7	158.9	1121	OK
 769	     0	83.4	159.2	1118	OK
 770	     0	80.1	154.6	1102	OK
 771	     0	82.8	156.3	1099	OK
 772	     0	84.9	159.3	1141	OK
 773	     0	85.1	164.2	1127	OK
 774	     0	82.5	155.9	1113	OK
 775	     0	81.6	155.0	1119	OK
 776	     0	80.7	153.2	1103	OK
 777	     0	82.0	153.3	1121	OK
 778	     0	81.5	155.0	1112	OK
 779	     0	82.8	155.5	1130	OK
 780	     0	83.3	156.5	1129	OK
 781	     0	83.4	159.4	1153	OK
 782	     0	81.9	155.3	1130	OK
 783	     0	82.7	157.2	1138	OK
 784	     0	83.2	157.1	1144	OK
 785	     0	81.4	154.4	1109	OK
 786	     0	82.0	153.9	1105	OK
 787	     0	81.6	157.3	1116	OK
 788	     0	81.7	153.9	1112	OK
 789	     0	83.5	158.7	1119	OK
 790	     0	83.6	157.6	1130	OK
 791	     0	80.4	154.2	1117	OK
 792	     0	84.6	160.5	1141	OK
 793	     0	81.9	153.6	1123	OK
 794	     0	81.1	153.9	1111	OK
 795	     0	82.5	154.9	1118	OK
 796	     0	79.4	149.7	1111	OK
 797	     0	82.4	157.7	1123	OK
 798	     0	83.8	157.7	1123	OK
 799	     0	79.9	151.2	1117	OK
 800	     0	83.9	157.3	1112	OK
 801	     0	81.7	154.1	1120	OK
 802	     0	80.9	153.3	1094	OK
 803	     0	80.9	155.5	1116	OK
 804	     0	82.5	156.5	1131	OK
 805	     0	83.4	158.1	1127	OK
 806	     0	81.4	153.2	1108	OK
 807	     0	82.9	156.2	1115	OK
 808	     0	82.7	154.9	1131	OK
 809	     0	82.8	158.2	1121	OK
 810	     0	84.4	158.9	1110	OK
 811	     0	82.9	163.1	1163	OK
 812	     0	82.3	156.6	1123	OK
 813	     0	83.7	158.0	1139	OK
 814	     0	82.0	153.5	1112	OK
 815	     0	81.5	153.8	1123	OK
 816	     0	82.4	157.3	1140	OK
 817	     0	83.4	156.2	1124	OK
 818	     0	81.1	152.6	1133	OK
 819	     0	82.1	156.0	1151	OK
 820	     0	83.5	155.9	1135	OK
 821	     0	80.8	155.7	1131	OK
 822	     0	83.2	155.7	1136	OK
 823	     0	84.1	159.9	1154	OK
 824	     0	80.7	155.6	1132	OK
 825	     0	81.2	153.8	1140	OK
 826	     0	82.8	157.2	1138	OK
 827	     0	80.7	153.6	1119	OK
 828	     0	82.0	167.0	1152	OK
 829	     0	81.2	153.2	1126	OK
 830	     0	80.2	152.7	1116	OK
 831	     0	81.5	155.5	1127	OK
 832	     0	82.0	155.5	1089	OK
 833	     0	81.1	153.8	1107	OK
 834	     0	83.5	155.9	1119	OK
 835	     0	80.8	156.6	1113	OK
 836	     0	78.2	147.4	1115	OK
 837	     0	77.5	149.6	1090	OK
 838	     0	80.8	152.8	1100	OK
 839	     0	81.7	157.5	1109	OK
 840	     0	81.2	154.4	1100	OK
 841	     0	82.3	157.8	1101	OK
 842	     0	79.9	151.7	1112	OK
 843	     0	80.2	152.4	1115	OK
 844	     0	81.4	153.5	1108	OK
 845	     0	78.5	150.2	1099	OK
 846	     0	79.1	148.9	1099	OK
 847	     0	81.4	153.4	1104	OK
 848	     0	79.9	149.9	1122	OK
 849	     0	80.5	155.2	1100	OK
 850	     0	79.7	155.5	1126	OK
 851	     0	80.1	151.1	1088	OK
 852	     0	81.1	153.3	1103	OK
 853	     0	81.1	154.4	1100	OK
 854	     0	83.6	155.7	1099	OK
 855	     0	80.7	151.9	1082	OK
 856	     0	81.0	152.0	1100	OK
 857	     0	80.0	151.3	1116	OK
 858	     0	83.0	156.3	1100	OK
 859	     0	83.3	156.8	1103	OK
 860	     0	78.8	150.0	1106	OK
 861	     0	80.9	155.4	1102	OK
 862	     0	81.8	156.5	1095	OK
 863	     0	81.2	155.3	1098	OK
 864	     0	83.0	159.1	1105	OK
 865	     0	80.4	154.1	1102	OK
 866	     0	81.6	155.8	1093	OK
 867	     0	79.8	152.3	1072	OK
 868	     0	84.2	160.9	1109	OK
 869	     0	80.9	154.0	1082	OK
 870	     0	81.2	154.5	1091	OK
 871	     0	81.1	154.6	1082	OK
 872	     0	80.7	150.4	1079	OK
 873	     0	82.4	156.6	1078	OK
 874	     0	82.8	157.0	1093	OK
 875	     0	81.9	154.7	1058	OK
 876	     0	80.6	152.6	1085	OK
 877	     0	80.4	150.8	1067	OK
 878	     0	81.6	154.9	1097	OK
 879	     0	79.5	148.5	1067	OK
 880	     0	79.3	149.4	1071	OK
 881	     0	81.8	155.3	1103	OK
 882	     0	84.4	159.0	1079	OK
 883	     0	81.9	157.3	1099	OK
 884	     0	83.1	157.2	1107	OK
 885	     0	78.4	150.5	1080	OK
 886	     0	80.2	152.8	1088	OK
 887	     0	82.3	154.9	1088	OK
 888	     0	80.3	152.6	1072	OK
 889	     0	81.4	155.2	1079	OK
 890	     0	79.7	151.0	1074	OK
 891	     0	81.5	153.2	1080	OK
 892	     0	82.4	153.3	1076	OK
 893	     0	80.0	154.6	1078	OK
 894	     0	83.8	156.5	1075	OK
 895	     0	83.7	158.3	1054	OK
 896	     0	78.6	149.4	1092	OK
 897	     0	80.0	152.1	1082	OK
 898	     0	80.3	148.4	1083	OK
 899	     0	81.4	151.2	1093	OK
 900	     0	82.0	152.7	1087	OK
 901	     0	77.6	142.7	1086	OK
 902	     0	81.0	151.1	1090	OK
 903	     0	80.3	151.0	1090	OK
 904	     0	79.1	150.3	1085	OK
 905	     0	79.3	147.5	1109	OK
 906	     0	80.0	146.1	1102	OK
 907	     0	76.4	146.5	1112	OK
 908	     0	78.7	146.8	1098	OK
 909	     0	79.4	148.8	1079	OK
 910	     0	78.9	149.3	1110	OK
 911	     0	79.7	151.1	1098	OK
 912	     0	79.0	144.3	1089	OK
 913	     0	80.1	150.3	1098	OK
 914	     0	79.0	147.4	1098	OK
 915	     0	80.5	151.2	1115	OK
 916	     0	76.6	144.1	1076	OK
 917	     0	79.2	149.4	1105	OK
 918	     0	81.8	153.4	1087	OK
 919	     0	81.2	149.6	1088	OK
 920	     0	80.7	151.5	1095	OK
 921	     0	82.9	152.2	1080	OK
 922	     0	82.7	155.4	1114	OK
 923	     0	78.8	145.6	1098	OK
 924	     0	80.9	152.8	1106	OK
 925	     0	79.2	147.5	1075	OK
 926	     0	81.6	152.7	1089	OK
 927	     0	78.1	145.1	1087	OK
 928	     0	80.8	148.3	1102	OK
 929	     0	81.4	150.4	1101	OK
 930	     0	79.6	148.8	1082	OK
 931	     0	80.1	150.9	1090	OK
 932	     0	79.3	148.2	1081	OK
 933	     0	80.8	152.4	1106	OK
 934	     0	81.8	153.5	1086	OK
 935	     0	80.2	148.2	1086	OK
 936	     0	81.8	152.3	1108	OK
 937	     0	81.1	150.4	1115	OK
 938	     0	80.4	149.2	1117	OK
 939	     0	80.2	149.5	1095	OK
 940	     0	80.5	151.8	1105	OK
 941	     0	79.8	152.0	1097	OK
 942	     0	82.1	154.2	1116	OK
 943	     0	79.4	151.0	1101	OK
 944	     0	78.6	146.7	1107	OK
 945	     0	82.1	152.1	1111	OK
 946	     0	81.1	150.3	1125	OK
 947	     0	80.5	150.0	1086	OK
 948	     0	80.3	150.3	1098	OK
 949	     0	80.2	149.5	1069	OK
 950	     0	82.3	155.7	1086	OK
 951	     0	79.5	148.6	1057	OK
 952	     0	78.4	147.2	1072	OK
 953	     0	78.9	149.8	1079	OK
 954	     0	79.9	151.7	1101	OK
 955	     0	79.1	149.5	1086	OK
 956	     0	79.3	150.7	1081	OK
 957	     0	81.0	151.5	1077	OK
 958	     0	79.9	149.2	1065	OK
 959	     0	81.3	154.4	1078	OK
 960	     0	80.1	151.1	1075	OK
 961	     0	79.6	149.9	1088	OK
 962	     0	78.7	147.9	1053	OK
 963	     0	79.3	148.5	1072	OK
 964	     0	83.4	155.9	1063	OK
 965	     0	79.5	151.6	1050	OK
 966	     0	80.1	150.2	1094	OK
 967	     0	80.7	152.3	1067	OK
 968	     0	78.7	146.6	1052	OK
 969	     0	81.8	153.8	1087	OK
 970	     0	79.9	150.5	1067	OK
 971	     0	79.4	150.4	1069	OK
 972	     0	80.3	153.0	1064	OK
 973	     0	79.1	149.2	1047	OK
 974	     0	80.4	150.7	1070	OK
 975	     0	80.4	149.6	1085	OK
 976	     0	78.1	146.8	1077	OK
 977	     0	79.5	150.7	1063	OK
 978	     0	79.1	148.5	1061	OK
 979	     0	77.3	147.0	1068	OK
 980	     0	80.9	152.8	1064	OK
 981	     0	81.8	151.9	1069	OK
 982	     0	81.4	152.5	1068	OK
 983	     0	79.6	150.0	1086	OK
 984	     0	81.2	152.0	1058	OK
 985	     0	79.3	149.5	1062	OK
 986	     0	80.2	149.5	1073	OK
 987	     0	80.8	152.2	1052	OK
 988	     0	79.3	150.4	1074	OK
 989	     0	80.7	151.7	1084	OK
 990	     0	80.9	153.5	1071	OK
 991	     0	80.1	149.2	1056	OK
 992	     0	79.8	150.3	1058	OK
 993	     0	80.1	150.8	1056	OK
 994	     0	81.2	151.8	1069	OK
 995	     0	80.4	149.4	1066	OK
 996	     0	80.3	150.4	1052	OK
 997	     0	83.0	156.7	1066	OK
 998	     0	83.1	153.7	1042	OK
 999	     0	81.5	153.1	1059	OK
1000	     0	80.9	150.5	1066	OK
1001	     0	79.9	150.7	1047	OK
1002	     0	80.8	152.0	1078	OK
1003	     0	81.8	151.3	1065	OK
1004	     0	81.0	152.6	1072	OK
1005	     0	82.6	156.7	1058	OK
1006	     0	83.9	155.8	1062	OK
1007	     0	81.0	153.0	1067	OK
1008	     0	83.8	155.4	1072	OK
1009	     0	81.1	153.5	1050	OK
1010	     0	82.5	154.2	1053	OK
1011	     0	82.7	154.9	1070	OK
1012	     0	83.3	154.0	1052	OK
1013	     0	80.2	151.2	1069	OK
1014	     0	80.4	148.1	1061	OK
1015	     0	82.9	152.9	1057	OK
1016	     0	80.3	149.5	1062	OK
1017	     0	78.6	149.0	1044	OK
1018	     0	81.4	153.0	1062	OK
1019	     0	84.1	156.3	1080	OK
1020	     0	80.6	151.2	1076	OK
1021	     0	81.9	154.5	1050	OK
1022	     0	84.0	157.4	1050	OK
1023	     0	84.7	158.6	1045	OK
1024	     0	84.4	156.5	1071	OK
1025	     0	85.2	156.3	1026	OK
1026	     0	85.3	159.2	1067	OK
1027	     0	84.9	155.2	1042	OK
1028	     0	84.3	155.3	1045	OK
1029	     0	82.0	153.7	1057	OK
1030	     0	85.1	160.1	1056	OK
1031	     0	84.1	158.2	1053	OK
1032	     0	86.4	158.8	1052	OK
1033	     0	85.2	158.6	1052	OK
1034	     0	83.8	156.5	1031	OK
1035	     0	84.9	158.8	1031	OK
1036	     0	83.0	153.7	1051	OK
1037	     0	85.0	159.3	1059	OK
1038	     0	83.0	155.1	1059	OK
1039	     0	85.4	156.9	1038	OK
1040	     0	84.9	155.8	1039	OK
1041	     0	84.3	157.5	1033	OK
1042	     0	85.0	158.3	1055	OK
1043	     0	84.1	154.6	1056	OK
1044	     0	82.9	152.4	1031	OK
1045	     0	82.4	153.5	1059	OK
1046	     0	85.7	159.3	1070	OK
1047	     0	85.5	159.5	1071	OK
1048	     0	84.0	158.3	1048	OK
1049	     0	83.2	155.5	1066	OK
1050	     0	83.6	157.1	1067	OK
1051	     0	82.5	154.6	1062	OK
1052	     0	84.4	157.8	1058	OK
1053	     0	84.0	156.1	1053	OK
1054	     0	86.5	160.8	1065	OK
1055	     0	83.3	155.4	1053	OK
1056	     0	84.3	155.3	1056	OK
1057	     0	84.1	156.5	1039	OK
1058	     0	83.5	156.2	1066	OK
1059	     0	87.1	163.9	1082	OK
1060	     0	82.9	153.7	1050	OK
1061	     0	83.9	156.7	1035	OK
1062	     0	84.2	157.6	1061	OK
1063	     0	84.4	158.4	1058	OK
1064	     0	84.6	154.2	1048	OK
1065	     0	81.4	153.3	1051	OK
1066	     0	82.7	154.3	1047	OK
1067	     0	84.8	157.5	1053	OK
1068	     0	83.5	156.3	1055	OK
1069	     0	83.9	158.0	1064	OK
1070	     0	84.6	162.6	1078	OK
1071	     0	85.4	160.5	1078	OK
1072	     0	84.5	158.2	1059	OK
1073	     0	84.8	158.2	1056	OK
1074	     0	84.6	155.9	1047	OK
1075	     0	85.7	159.8	1071	OK
1076	     0	83.9	160.2	1077	OK
1077	     0	84.4	159.3	1080	OK
1078	     0	85.2	158.9	1071	OK
1079	     0	83.4	155.1	1059	OK
1080	     0	82.7	154.8	1062	OK
1081	     0	84.1	157.8	1046	OK
1082	     0	86.0	158.4	1065	OK
1083	     0	83.9	156.6	1069	OK
1084	     0	82.9	156.9	1061	OK
1085	     0	83.5	155.9	1036	OK
1086	     0	84.4	159.3	1090	OK
1087	     0	82.9	156.1	1054	OK
1088	     0	85.0	159.0	1080	OK
1089	     0	82.4	156.3	1045	OK
1090	     0	84.6	159.6	1050	OK
1091	     0	83.2	157.4	1052	OK
1092	     0	83.7	155.5	1052	OK
1093	     0	83.2	155.0	1076	OK
1094	     0	86.2	162.1	1082	OK
1095	     0	83.4	156.2	1069	OK
1096	     0	83.2	155.5	1083	OK
1097	     0	83.3	156.8	1048	OK
1098	     0	81.2	151.2	1080	OK
1099	     0	85.2	158.2	1095	OK
1100	     0	83.1	155.5	1053	OK
1101	     0	85.0	162.0	1076	OK
1102	     0	84.7	161.4	1069	OK
1103	     0	82.0	154.6	1068	OK
1104	     0	83.7	157.6	1060	OK
1105	     0	80.4	152.0	1050	OK
1106	     0	83.7	154.6	1074	OK
1107	     0	83.0	152.9	1063	OK
1108	     0	84.0	157.9	1066	OK
1109	     0	82.8	153.9	1063	OK
1110	     0	83.5	158.9	1063	OK
1111	     0	83.5	155.8	1064	OK
1112	     0	83.0	156.7	1050	OK
1113	     0	82.6	155.1	1072	OK
1114	     0	82.4	154.8	1055	OK
1115	     0	84.1	155.1	1039	OK
1116	     0	79.5	146.4	1054	OK
1117	     0	84.0	158.5	1068	OK
1118	     0	83.7	157.0	1060	OK
1119	     0	80.6	151.8	1046	OK
1120	     0	85.2	160.1	1084	OK
1121	     0	83.2	154.5	1074	OK
1122	     0	81.6	151.9	1057	OK
1123	     0	81.7	153.8	1072	OK
1124	     0	81.4	151.8	1044	OK
1125	     0	84.4	157.1	1072	OK
1126	     0	82.6	154.0	1069	OK
1127	     0	84.0	157.4	1070	OK
1128	     0	84.5	157.2	1064	OK
1129	     0	84.2	157.3	1063	OK
1130	     0	82.4	151.6	1064	OK
1131	     0	82.9	156.2	1074	OK
1132	     0	83.7	153.9	1054	OK
1133	     0	84.1	156.1	1067	OK
1134	     0	81.6	153.4	1052	OK
1135	     0	81.4	153.6	1071	OK
1136	     0	82.8	154.6	1056	OK
1137	     0	83.5	155.7	1064	OK
1138	     0	86.3	161.2	1091	OK
1139	     0	83.2	157.6	1074	OK
1140	     0	84.1	157.3	1060	OK
1141	     0	82.7	154.5	1047	OK
1142	     0	85.6	158.5	1070	OK
1143	     0	82.1	155.5	1043	OK
1144	     0	85.6	161.6	1058	OK
1145	     0	84.8	161.6	1082	OK
1146	     0	84.2	157.5	1062	OK
1147	     0	82.5	155.5	1066	OK
1148	     0	83.4	157.0	1050	OK
1149	     0	83.5	155.2	1078	OK
1150	     0	86.2	159.6	1074	OK
1151	     0	83.8	157.6	1049	OK
1152	     0	78.7	147.4	1059	OK
1153	     0	79.4	150.9	1076	OK
1154	     0	79.3	149.0	1076	OK
1155	     0	81.6	151.7	1078	OK
1156	     0	78.7	147.6	1066	OK
1157	     0	81.0	152.0	1080	OK
1158	     0	78.1	148.7	1059	OK
1159	     0	78.2	147.2	1069	OK
1160	     0	80.8	154.1	1053	OK
1161	     0	78.1	148.0	1073	OK
1162	     0	81.4	154.1	1081	OK
1163	     0	80.1	150.2	1075	OK
1164	     0	79.4	149.8	1076	OK
1165	     0	79.2	149.9	1060	OK
1166	     0	80.5	149.8	1060	OK
1167	     0	79.1	150.1	1097	OK
1168	     0	79.9	149.7	1075	OK
1169	     0	81.1	152.9	1067	OK
1170	     0	78.2	145.2	1061	OK
1171	     0	79.3	148.6	1074	OK
1172	     0	80.4	153.4	1063	OK
1173	     0	80.1	147.2	1065	OK
1174	     0	79.4	147.8	1069	OK
1175	     0	80.0	148.4	1053	OK
1176	     0	79.3	151.7	1060	OK
1177	     0	81.8	153.8	1094	OK
1178	     0	80.0	149.0	1056	OK
1179	     0	80.0	149.2	1059	OK
1180	     0	81.3	153.5	1054	OK
1181	     0	78.6	149.6	1060	OK
1182	     0	80.4	151.8	1067	OK
1183	     0	77.5	146.8	1064	OK
1184	     0	82.0	155.6	1077	OK
1185	     0	79.2	151.5	1058	OK
1186	     0	79.6	147.5	1093	OK
1187	     0	77.5	145.7	1065	OK
1188	     0	79.6	149.3	1062	OK
1189	     0	78.8	146.8	1062	OK
1190	     0	80.0	149.9	1057	OK
1191	     0	77.1	146.3	1068	OK
1192	     0	80.7	150.9	1067	OK
1193	     0	78.2	147.0	1090	OK
1194	     0	79.2	150.1	1040	OK
1195	     0	76.4	146.1	1083	OK
1196	     0	79.1	149.2	1052	OK
1197	     0	78.6	152.5	1068	OK
1198	     0	78.7	148.6	1055	OK
1199	     0	78.0	146.8	1080	OK
1200	     0	78.7	147.8	1043	OK
1201	     0	78.2	146.6	1060	OK
1202	     0	80.4	150.4	1081	OK
1203	     0	78.1	147.8	1055	OK
1204	     0	78.8	149.6	1070	OK
1205	     0	78.8	148.0	1075	OK
1206	     0	81.1	153.7	1091	OK
1207	     0	80.0	150.7	1080	OK
1208	     0	80.1	151.1	1082	OK
1209	     0	79.1	148.3	1055	OK
1210	     0	79.8	149.5	1061	OK
1211	     0	80.6	150.7	1078	OK
1212	     0	80.4	152.4	1091	OK
1213	     0	81.4	153.7	1071	OK
1214	     0	82.0	154.7	1085	OK
1215	     0	79.2	149.2	1050	OK
1216	     0	78.6	146.4	1044	OK
1217	     0	79.3	149.9	1083	OK
1218	     0	81.0	153.6	1064	OK
1219	     0	79.6	149.2	1087	OK
1220	     0	80.9	152.7	1052	OK
1221	     0	79.7	150.5	1066	OK
1222	     0	80.6	150.7	1061	OK
1223	     0	78.0	145.8	1050	OK
1224	     0	81.5	151.9	1073	OK
1225	     0	79.6	149.2	1069	OK
1226	     0	79.6	149.2	1059	OK
1227	     0	83.5	155.4	1083	OK
1228	     0	78.4	149.3	1058	OK
1229	     0	81.1	152.0	1053	OK
1230	     0	79.9	152.7	1076	OK
1231	     0	83.3	155.0	1088	OK
1232	     0	79.2	150.6	1071	OK
1233	     0	78.3	147.6	1070	OK
1234	     0	80.4	152.2	1044	OK
1235	     0	83.5	157.0	1071	OK
1236	     0	79.2	148.8	1048	OK
1237	     0	80.9	152.5	1062	OK
1238	     0	79.6	150.5	1058	OK
1239	     0	79.0	150.7	1051	OK
1240	     0	79.8	150.3	1048	OK
1241	     0	81.4	152.9	1058	OK
1242	     0	83.0	155.5	1069	OK
1243	     0	82.1	153.3	1050	OK
1244	     0	81.5	156.0	1062	OK
1245	     0	80.2	148.9	1055	OK
1246	     0	79.3	151.0	1050	OK
1247	     0	79.5	149.1	1045	OK
1248	     0	81.3	152.5	1045	OK
1249	     0	81.2	151.9	1069	OK
1250	     0	79.2	146.2	1047	OK
1251	     0	82.5	154.2	1054	OK
1252	     0	82.3	155.2	1067	OK
1253	     0	79.4	150.0	1048	OK
1254	     0	81.8	153.8	1060	OK
1255	     0	78.7	150.4	1041	OK
1256	     0	81.2	152.5	1058	OK
1257	     0	81.8	154.9	1045	OK
1258	     0	81.7	151.8	1060	OK
1259	     0	78.6	147.0	1033	OK
1260	     0	80.4	153.2	1039	OK
1261	     0	78.5	148.4	1051	OK
1262	     0	77.8	144.1	1031	OK
1263	     0	82.8	155.5	1040	OK
1264	     0	80.1	150.7	1048	OK
1265	     0	80.9	151.1	1052	OK
1266	     0	81.8	152.0	1039	OK
1267	     0	83.0	157.9	1053	OK
1268	     0	82.3	152.8	1053	OK
1269	     0	80.9	151.5	1032	OK
1270	     0	81.8	154.8	1054	OK
1271	     0	80.7	152.9	1053	OK
1272	     0	80.6	150.2	1051	OK
1273	     0	82.3	154.8	1048	OK
1274	     0	81.5	154.2	1029	OK
1275	     0	79.9	148.7	1058	OK
1276	     0	82.1	152.7	1052	OK
1277	     0	84.0	157.7	1047	OK
1278	     0	83.7	157.5	1054	OK
1279	     0	83.4	152.7	1079	OK
1280	  4000	81.6	149.4	1083	high noise
1281	     0	82.2	152.7	1073	OK
1282	     0	80.9	151.5	1036	OK
1283	     0	79.7	148.7	1042	OK
1284	     0	79.6	153.0	1032	OK
1285	     0	79.3	148.7	1035	OK
1286	     0	79.5	148.6	1026	OK
1287	     0	80.5	152.9	1037	OK
1288	     0	82.0	156.8	1026	OK
1289	     0	79.6	148.9	1028	OK
1290	     0	80.8	151.1	1017	OK
1291	     0	79.0	150.3	1002	OK
1292	     0	80.7	152.7	1035	OK
1293	     0	81.3	154.0	1021	OK
1294	     0	80.4	152.8	1027	OK
1295	     0	81.0	153.7	1008	OK
1296	     0	79.2	149.5	1032	OK
1297	     0	81.2	153.8	1035	OK
1298	     0	79.6	151.7	1048	OK
1299	     0	79.2	151.3	1022	OK
1300	     0	81.9	155.4	1040	OK
1301	     0	76.1	145.9	1014	OK
1302	     0	79.6	150.4	1015	OK
1303	     0	78.0	148.1	1042	OK
1304	     0	80.1	149.9	1047	OK
1305	     0	79.9	150.7	1007	OK
1306	     0	77.9	149.0	1020	OK
1307	     0	81.7	154.1	1025	OK
1308	     0	80.9	151.2	1019	OK
1309	     0	79.9	149.9	1037	OK
1310	     0	80.6	151.6	1033	OK
1311	     0	79.3	152.1	1024	OK
1312	     0	83.3	155.5	1022	OK
1313	     0	81.8	154.6	1027	OK
1314	     0	79.3	150.9	1033	OK
1315	     0	79.8	150.2	1023	OK
1316	     0	83.3	156.3	1066	OK
1317	     0	79.3	149.0	1012	OK
1318	     0	81.2	152.3	1023	OK
1319	     0	80.4	153.5	1041	OK
1320	     0	82.6	156.7	1015	OK
1321	     0	77.8	148.8	1014	OK
1322	     0	82.0	156.0	1038	OK
1323	     0	78.2	150.0	1032	OK
1324	     0	82.4	156.0	1038	OK
1325	     0	83.0	157.5	1041	OK
1326	     0	80.2	150.5	1038	OK
1327	     0	81.1	154.6	1038	OK
1328	     0	80.7	153.7	1061	OK
1329	     0	82.7	156.9	1043	OK
1330	     0	81.0	154.7	1037	OK
1331	     0	81.4	153.2	1031	OK
1332	     0	79.3	150.9	1028	OK
1333	     0	81.1	152.0	1027	OK
1334	     0	77.8	149.7	1019	OK
1335	     0	80.3	152.5	1037	OK
1336	     0	80.1	151.2	1035	OK
1337	     0	75.7	146.8	1015	OK
1338	     0	79.4	151.2	1047	OK
1339	     0	82.6	158.1	1031	OK
1340	     0	80.6	155.3	1044	OK
1341	     0	80.6	152.2	1034	OK
1342	     0	80.8	152.7	1064	OK
1343	     0	79.4	153.1	1039	OK
1344	     0	77.5	148.5	1001	OK
1345	     0	79.0	150.6	1033	OK
1346	     0	79.0	152.6	1034	OK
1347	     0	78.8	152.3	1049	OK
1348	     0	78.0	150.1	1028	OK
1349	     0	76.8	145.7	1045	OK
1350	     0	77.9	147.0	1030	OK
1351	     0	77.7	151.6	1017	OK
1352	     0	80.0	152.5	1018	OK
1353	     0	78.5	150.7	1038	OK
1354	     0	80.5	152.8	1026	OK
1355	     0	78.6	151.6	1050	OK
1356	     0	79.6	152.5	1024	OK
1357	     0	78.0	148.3	1021	OK
1358	     0	78.9	151.4	1029	OK
1359	     0	79.0	150.4	1044	OK
1360	     0	78.0	146.7	1036	OK
1361	     0	77.1	146.8	1021	OK
1362	     0	78.1	151.4	1020	OK
1363	     0	78.4	149.5	 997	OK
1364	     0	80.9	154.3	1034	OK
1365	     0	79.4	151.6	1010	OK
1366	     0	80.2	151.2	1021	OK
1367	     0	80.3	149.8	1033	OK
1368	     0	78.6	150.6	1020	OK
1369	     0	79.0	150.5	1027	OK
1370	     0	79.8	152.3	1049	OK
1371	     0	78.6	151.0	1023	OK
1372	     0	79.4	150.5	1044	OK
1373	     0	77.4	149.3	1023	OK
1374	     0	80.4	151.4	1025	OK
1375	     0	76.0	144.4	1007	OK
1376	     0	75.8	147.7	1036	OK
1377	     0	79.8	150.1	1035	OK
1378	     0	78.3	148.6	1031	OK
1379	     0	77.1	146.6	1017	OK
1380	     0	78.0	148.6	1045	OK
1381	     0	79.4	153.6	1029	OK
1382	     0	79.5	150.8	1017	OK
1383	     0	78.5	151.3	1024	OK
1384	     0	81.2	154.7	1054	OK
1385	     0	77.4	146.9	1017	OK
1386	     0	78.0	147.7	1036	OK
1387	     0	79.8	152.1	1039	OK
1388	     0	77.6	148.5	1020	OK
1389	     0	79.8	152.7	1032	OK
1390	     0	79.3	150.1	1039	OK
1391	     0	79.4	148.9	1004	OK
1392	     0	78.3	149.8	1026	OK
1393	     0	76.4	146.8	1014	OK
1394	     0	82.4	156.4	1026	OK
1395	     0	78.7	149.2	1003	OK
1396	     0	78.7	150.8	1031	OK
1397	     0	79.1	150.0	1038	OK
1398	     0	78.1	148.8	1017	OK
1399	     0	76.4	145.7	1016	OK
1400	     0	80.3	152.8	1042	OK
1401	     0	76.7	147.3	1017	OK
1402	     0	78.8	149.2	1028	OK
1403	     0	76.9	147.1	1004	OK
1404	     0	76.9	146.8	1030	OK
1405	     0	80.7	153.2	1027	OK
1406	     0	82.1	156.2	1052	OK
1407	     0	80.1	152.8	1020	OK
1408	     0	82.0	155.6	1029	OK
1409	     0	83.9	160.0	1014	OK
1410	     0	82.1	154.9	1017	OK
1411	     0	81.8	155.8	1001	OK
1412	     0	81.4	153.3	1003	OK
1413	     0	81.1	153.0	1015	OK
1414	     0	83.6	158.0	1019	OK
1415	     0	81.2	155.4	1015	OK
1416	     0	82.6	156.0	1018	OK
1417	     0	84.0	161.6	1019	OK
1418	     0	82.6	157.0	1025	OK
1419	     0	84.3	159.1	1012	OK
1420	     0	82.9	156.6	 999	OK
1421	     0	81.5	156.2	1014	OK
1422	     0	83.6	154.6	1019	OK
1423	     0	82.7	155.8	1010	OK
1424	     0	82.6	155.3	1022	OK
1425	     0	82.8	156.1	 999	OK
1426	     0	82.8	155.5	1006	OK
1427	     0	79.7	150.7	1009	OK
1428	     0	81.3	154.5	1025	OK
1429	     0	83.0	158.3	1034	OK
1430	     0	82.7	155.7	1011	OK
1431	     0	80.5	150.4	1017	OK
1432	     0	79.4	150.4	1001	OK
1433	     0	79.4	149.5	1000	OK
1434	     0	81.1	153.6	1019	OK
1435	     0	82.0	155.5	1020	OK
1436	     0	82.7	155.8	1004	OK
1437	     0	82.4	156.6	1019	OK
1438	     0	83.3	159.8	1017	OK
1439	     0	83.1	156.9	 997	OK
1440	     0	80.4	151.0	 992	OK
1441	     0	81.6	153.8	 995	OK
1442	     0	82.4	155.7	1000	OK
1443	     0	82.6	155.2	1015	OK
1444	     0	81.9	152.7	1024	OK
1445	     0	82.0	153.5	1012	OK
1446	     0	81.7	154.5	1011	OK
1447	     0	83.0	156.8	1022	OK
1448	     0	80.5	153.1	1012	OK
1449	     0	81.9	155.5	1024	OK
1450	     0	82.3	158.4	1021	OK
1451	     0	83.6	159.4	1033	OK
1452	     0	81.2	156.4	1015	OK
1453	     0	80.7	151.9	1020	OK
1454	     0	82.1	154.0	1010	OK
1455	     0	81.7	156.6	1020	OK
1456	     0	80.1	153.6	1017	OK
1457	     0	81.1	155.3	1020	OK
1458	     0	80.7	152.7	1017	OK
1459	     0	81.6	154.0	1004	OK
1460	     0	79.1	152.0	1018	OK
1461	     0	82.4	157.8	1012	OK
1462	     0	79.7	151.2	 999	OK
1463	     0	81.3	154.0	1043	OK
1464	     0	83.0	157.3	1009	OK
1465	     0	81.1	154.4	1014	OK
1466	     0	81.4	153.3	1019	OK
1467	     0	81.4	154.1	1019	OK
1468	     0	83.4	156.9	1017	OK
1469	     0	82.9	158.8	1020	OK
1470	     0	83.5	158.1	 999	OK
1471	     0	85.9	162.6	1018	OK
1472	     0	82.1	157.5	1005	OK
1473	     0	81.4	157.0	 992	OK
1474	     0	80.1	154.7	1013	OK
1475	     0	82.1	153.8	1004	OK
1476	     0	83.1	158.6	1022	OK
1477	     0	82.0	156.0	 997	OK
1478	     0	81.4	154.6	1009	OK
1479	     0	80.5	150.3	 998	OK
1480	     0	82.9	156.6	1008	OK
1481	     0	80.4	153.0	 984	OK
1482	     0	83.4	158.3	1026	OK
1483	     0	82.3	156.6	1022	OK
1484	     0	81.7	155.4	1014	OK
1485	     0	82.1	154.2	 999	OK
1486	     0	82.1	155.4	1022	OK
1487	     0	80.0	151.4	1000	OK
1488	     0	83.0	155.7	 996	OK
1489	     0	84.1	160.1	1002	OK
1490	     0	79.6	152.5	 993	OK
1491	     0	81.8	154.7	1032	OK
1492	     0	83.0	154.5	1016	OK
1493	     0	84.8	159.8	 989	OK
1494	     0	83.0	155.4	1001	OK
1495	     0	81.2	153.5	1008	OK
1496	     0	82.2	155.7	 989	OK
1497	     0	81.1	154.4	 989	OK
1498	     0	81.5	153.2	 994	OK
1499	     0	82.5	157.0	 996	OK
1500	     0	81.6	155.9	1003	OK
1501	     0	81.5	151.6	1009	OK
1502	     0	81.0	152.0	 990	OK
1503	     0	80.7	153.1	 982	OK
1504	     0	82.7	156.2	1001	OK
1505	     0	81.3	153.8	 990	OK
1506	     0	84.3	160.5	 997	OK
1507	     0	84.1	160.8	1005	OK
1508	     0	81.3	153.2	 994	OK
1509	     0	82.7	156.5	1003	OK
1510	     0	84.3	159.8	1013	OK
1511	     0	83.3	157.6	 990	OK
1512	     0	85.1	163.1	1035	OK
1513	     0	84.2	160.3	1009	OK
1514	     0	82.5	157.5	 991	OK
1515	     0	80.0	151.4	 994	OK
1516	     0	83.2	159.1	1006	OK
1517	     0	85.8	161.9	1008	OK
1518	     0	82.0	155.1	 987	OK
1519	     0	81.3	156.4	1001	OK
1520	     0	83.6	158.7	 997	OK
1521	     0	83.1	158.9	 998	OK
1522	     0	81.9	153.9	 997	OK
1523	     0	82.6	152.9	 988	OK
1524	     0	81.1	156.5	1003	OK
1525	     0	84.0	160.4	 984	OK
1526	     0	81.9	154.4	 985	OK
1527	     0	81.6	153.1	1014	OK
1528	     0	83.3	157.7	 997	OK
1529	     0	84.9	158.9	1002	OK
1530	     0	86.0	164.9	1027	OK
1531	     0	82.7	156.2	 995	OK
1532	     0	83.5	159.9	 984	OK
1533	     0	83.0	157.8	1002	OK
1534	     0	84.0	157.3	 976	OK
1535	     0	83.5	157.9	1015	OK
1536	     0	82.1	155.9	1037	OK
1537	     0	83.6	156.3	1018	OK
1538	     0	83.3	154.9	1020	OK
1539	     0	84.0	157.6	1049	OK
1540	     0	83.0	156.1	1034	OK
1541	     0	82.6	155.4	1020	OK
1542	     0	83.5	153.3	1026	OK
1543	     0	80.9	153.2	1025	OK
1544	     0	82.6	154.7	1047	OK
1545	     0	83.5	157.3	1033	OK
1546	     0	86.6	165.5	1068	OK
1547	     0	81.8	152.7	1032	OK
1548	     0	83.2	155.2	1037	OK
1549	     0	84.2	158.7	1040	OK
1550	     0	82.2	154.0	1027	OK
1551	     0	84.3	157.3	1029	OK
1552	     0	81.9	155.1	1032	OK
1553	     0	82.7	155.9	1032	OK
1554	     0	82.4	155.2	1030	OK
1555	     0	83.4	156.6	1025	OK
1556	     0	81.2	151.9	1025	OK
1557	     0	84.1	159.0	1040	OK
1558	     0	84.9	161.5	1036	OK
1559	     0	82.8	155.6	1044	OK
1560	     0	83.0	156.3	1048	OK
1561	     0	81.0	151.5	1028	OK
1562	     0	82.4	153.8	1044	OK
1563	     0	84.7	159.3	1036	OK
1564	     0	81.4	151.7	1043	OK
1565	     0	81.7	151.6	1014	OK
1566	     0	80.6	150.5	1025	OK
1567	     0	83.2	156.6	1039	OK
1568	     0	81.3	155.1	1035	OK
1569	     0	82.3	157.6	1045	OK
1570	     0	81.4	152.8	1030	OK
1571	     0	82.8	156.7	1014	OK
1572	     0	82.3	155.5	1028	OK
1573	     0	87.5	164.3	1071	OK
1574	     0	84.9	161.3	1061	OK
1575	     0	82.0	156.6	1039	OK
1576	     0	82.7	155.4	1036	OK
1577	     0	83.3	157.6	1056	OK
1578	     0	83.6	158.1	1034	OK
1579	     0	80.8	152.3	1035	OK
1580	     0	81.1	151.6	1035	OK
1581	     0	81.9	156.0	1040	OK
1582	     0	82.7	156.4	1035	OK
1583	     0	82.2	157.0	1035	OK
1584	     0	82.4	155.5	1032	OK
1585	     0	85.0	159.5	1049	OK
1586	     0	82.6	156.5	1033	OK
1587	     0	83.0	158.2	1051	OK
1588	     0	80.8	152.4	1033	OK
1589	     0	80.6	153.7	1048	OK
1590	     0	79.6	152.3	1037	OK
1591	     0	81.6	153.7	1035	OK
1592	     0	81.3	153.9	1049	OK
1593	     0	82.2	155.8	1053	OK
1594	     0	81.0	153.6	1035	OK
1595	     0	81.5	155.4	1033	OK
1596	     0	84.0	159.4	1060	OK
1597	     0	83.4	155.2	1041	OK
1598	     0	83.7	158.1	1042	OK
1599	     0	84.0	156.6	1033	OK
1600	     0	80.0	150.0	1019	OK
1601	     0	82.8	158.1	1041	OK
1602	     0	82.8	154.8	1030	OK
1603	     0	84.4	157.6	1039	OK
1604	     0	81.1	151.8	1018	OK
1605	     0	84.3	158.5	1043	OK
1606	     0	81.6	154.7	1041	OK
1607	     0	82.7	157.9	1035	OK
1608	     0	81.6	152.8	1025	OK
1609	     0	81.9	153.2	1038	OK
1610	     0	79.6	152.0	1018	OK
1611	     0	82.8	156.2	1047	OK
1612	     0	82.4	155.5	1031	OK
1613	     0	80.5	153.4	1033	OK
1614	     0	82.9	158.3	1035	OK
1615	     0	80.7	153.2	1033	OK
1616	     0	80.5	153.0	1039	OK
1617	     0	85.0	158.2	1057	OK
1618	     0	80.4	152.1	1053	OK
1619	     0	81.3	154.9	1036	OK
1620	     0	80.5	153.0	1023	OK
1621	     0	84.3	157.1	1043	OK
1622	     0	83.0	156.0	1026	OK
1623	     0	83.1	158.2	1046	OK
1624	     0	79.3	150.8	1044	OK
1625	     0	78.5	149.2	1025	OK
1626	     0	80.0	151.3	1057	OK
1627	     0	82.5	157.2	1032	OK
1628	     0	82.3	157.3	1024	OK
1629	     0	83.7	159.3	1036	OK
1630	     0	84.1	159.3	1059	OK
1631	     0	81.9	154.8	1051	OK
1632	     0	83.0	154.1	1037	OK
1633	     0	82.0	154.6	1040	OK
1634	     0	81.7	154.4	1042	OK
1635	     0	83.8	159.1	1050	OK
1636	     0	80.8	152.8	1016	OK
1637	     0	80.8	152.6	1057	OK
1638	     0	83.4	157.3	1036	OK
1639	     0	81.9	156.7	1044	OK
1640	     0	83.2	155.5	1050	OK
1641	     0	80.9	151.9	1027	OK
1642	     0	81.4	155.9	1027	OK
1643	     0	78.9	150.2	1021	OK
1644	     0	82.7	155.1	1030	OK
1645	     0	80.7	152.8	1034	OK
1646	     0	80.5	152.2	1036	OK
1647	     0	80.9	153.6	1042	OK
1648	     0	83.4	156.7	1033	OK
1649	     0	79.8	151.0	1019	OK
1650	     0	82.3	155.0	1049	OK
1651	     0	82.2	156.4	1053	OK
1652	     0	81.6	154.1	1039	OK
1653	     0	80.7	154.0	1008	OK
1654	     0	80.7	153.3	1030	OK
1655	     0	81.2	154.2	1038	OK
1656	     0	82.7	164.6	1075	OK
1657	     0	82.3	156.8	1046	OK
1658	     0	83.7	158.4	1054	OK
1659	     0	84.3	159.6	1033	OK
1660	     0	82.2	156.3	1046	OK
1661	     0	81.0	156.8	1053	OK
1662	     0	82.4	156.3	1067	OK
1663	     0	85.1	160.7	1050	OK
1664	     0	82.6	153.5	1014	OK
1665	     0	83.2	157.8	1013	OK
1666	     0	82.5	154.6	1018	OK
1667	     0	85.1	156.8	1011	OK
1668	     0	81.0	152.1	1025	OK
1669	     0	83.3	153.5	 995	OK
1670	     0	83.9	157.4	1048	OK
1671	     0	81.2	151.4	1006	OK
1672	     0	82.0	152.8	1008	OK
1673	     0	86.9	161.9	1057	OK
1674	     0	82.3	152.5	1020	OK
1675	     0	81.9	153.6	1045	OK
1676	     0	83.7	156.5	1025	OK
1677	     0	85.1	159.1	1032	OK
1678	     0	85.2	160.1	1006	OK
1679	     0	83.4	155.8	1018	OK
1680	     0	82.9	154.6	1025	OK
1681	     0	84.2	157.1	1031	OK
1682	     0	83.5	155.4	1026	OK
1683	     0	86.5	162.6	1055	OK
1684	     0	84.4	156.8	1026	OK
1685	     0	83.8	157.4	1014	OK
1686	     0	83.2	156.4	1031	OK
1687	     0	84.5	159.3	1021	OK
1688	     0	82.0	154.2	1018	OK
1689	     0	82.4	154.8	1012	OK
1690	     0	82.1	152.8	1010	OK
1691	     0	81.7	152.7	1008	OK
1692	     0	82.3	155.0	1020	OK
1693	     0	80.6	149.5	 983	OK
1694	     0	83.3	155.8	1028	OK
1695	     0	79.7	149.4	 983	OK
1696	     0	83.5	157.8	1023	OK
1697	     0	82.4	152.9	1008	OK
1698	     0	82.4	153.0	1027	OK
1699	     0	81.7	152.9	1014	OK
1700	     0	81.7	151.9	1029	OK
1701	     0	80.9	152.6	1006	OK
1702	     0	81.6	152.4	1011	OK
1703	     0	83.8	156.6	1032	OK
1704	     0	81.5	152.4	1011	OK
1705	     0	83.8	159.4	 995	OK
1706	     0	83.7	155.9	1006	OK
1707	     0	80.0	148.0	1007	OK
1708	     0	82.5	156.9	1026	OK
1709	     0	82.9	155.7	1027	OK
1710	     0	83.5	154.4	1028	OK
1711	     0	83.7	156.8	1029	OK
1712	     0	84.0	157.2	1022	OK
1713	     0	82.8	154.2	1021	OK
1714	     0	81.6	151.2	1009	OK
1715	     0	82.9	153.5	1010	OK
1716	     0	82.2	153.1	1008	OK
1717	     0	83.4	155.5	1039	OK
1718	     0	82.1	152.9	1009	OK
1719	     0	82.0	153.2	1029	OK
1720	     0	80.6	153.4	1019	OK
1721	     0	84.2	156.1	1017	OK
1722	     0	84.6	155.6	1009	OK
1723	     0	83.2	154.5	1015	OK
1724	     0	83.1	157.7	1033	OK
1725	     0	82.0	151.1	1019	OK
1726	     0	82.9	155.0	1011	OK
1727	     0	83.1	153.3	1026	OK
1728	     0	83.4	155.7	1022	OK
1729	     0	83.0	156.3	1025	OK
1730	     0	80.8	150.7	1016	OK
1731	     0	84.8	158.1	1029	OK
1732	     0	84.5	155.5	1013	OK
1733	     0	83.8	156.0	1025	OK
1734	     0	82.2	155.0	1014	OK
1735	     0	83.7	154.8	1010	OK
1736	     0	86.6	163.2	1004	OK
1737	     0	84.3	159.5	1016	OK
1738	     0	82.1	155.0	1005	OK
1739	     0	80.2	152.1	1027	OK
1740	     0	82.3	153.9	1012	OK
1741	     0	81.7	156.2	 989	OK
1742	     0	83.1	155.7	1001	OK
1743	     0	83.8	156.6	1018	OK
1744	     0	81.6	151.2	 994	OK
1745	     0	85.6	157.7	1016	OK
1746	     0	85.0	160.2	 999	OK
1747	     0	80.5	150.7	 996	OK
1748	     0	85.4	159.1	1026	OK
1749	     0	82.4	152.8	1019	OK
1750	     0	81.1	150.1	1004	OK
1751	     0	85.0	158.6	1024	OK
1752	     0	82.1	151.3	1007	OK
1753	     0	85.3	158.9	1010	OK
1754	     0	83.8	154.1	1000	OK
1755	     0	83.4	153.9	1000	OK
1756	     0	83.5	155.1	1009	OK
1757	     0	85.7	159.2	1021	OK
1758	     0	83.5	155.4	1013	OK
1759	     0	83.3	154.7	1013	OK
1760	     0	82.8	155.0	1011	OK
1761	     0	83.9	156.4	1004	OK
1762	     0	85.7	160.1	1018	OK
1763	     0	83.7	156.6	1010	OK
1764	     0	83.3	153.8	1010	OK
1765	     0	82.5	156.2	1005	OK
1766	     0	83.5	156.5	 994	OK
1767	     0	83.0	154.3	1032	OK
1768	     0	82.8	153.4	1016	OK
1769	     0	83.0	156.6	1017	OK
1770	     0	84.4	155.6	1002	OK
1771	     0	81.2	151.4	 995	OK
1772	     0	82.6	154.6	 997	OK
1773	     0	85.7	160.8	1014	OK
1774	     0	83.0	154.3	 998	OK
1775	     0	82.0	151.9	 994	OK
1776	     0	82.7	154.0	1031	OK
1777	     0	83.1	154.5	1007	OK
1778	     0	84.2	158.1	1009	OK
1779	     0	81.7	153.0	 999	OK
1780	     0	83.0	156.8	 996	OK
1781	     0	82.8	153.8	1005	OK
1782	     0	85.4	159.2	1012	OK
1783	     0	83.8	158.5	1020	OK
1784	     0	85.4	159.8	 996	OK
1785	     0	86.7	160.1	1004	OK
1786	     0	85.0	159.8	1022	OK
1787	     0	85.0	158.7	1011	OK
1788	     0	85.5	159.9	1007	OK
1789	     0	86.1	158.9	1020	OK
1790	     0	83.6	156.3	 989	OK
1791	     0	84.2	154.6	1003	OK
1792	     0	85.5	158.3	 985	OK
1793	     0	87.1	165.7	1037	OK
1794	     0	86.8	163.0	1021	OK
1795	     0	85.2	158.7	1000	OK
1796	     0	85.5	161.2	1002	OK
1797	     0	82.8	155.9	1015	OK
1798	     0	85.6	163.1	1015	OK
1799	     0	86.8	162.7	1015	OK
1800	     0	85.5	160.7	1023	OK
1801	     0	85.4	160.3	1017	OK
1802	     0	83.3	156.3	 987	OK
1803	     0	83.9	158.1	 993	OK
1804	     0	84.6	158.1	1002	OK
1805	     0	84.3	159.8	 986	OK
1806	     0	85.9	160.8	1016	OK
1807	     0	86.1	161.7	1026	OK
1808	     0	84.8	159.7	 996	OK
1809	     0	84.9	161.4	 996	OK
1810	     0	83.7	156.7	1014	OK
1811	     0	84.7	158.8	 988	OK
1812	     0	85.6	157.8	1012	OK
1813	     0	84.3	157.0	1002	OK
1814	     0	83.5	157.3	 983	OK
1815	     0	84.6	157.7	1005	OK
1816	     0	85.0	159.6	 988	OK
1817	     0	84.4	160.6	1016	OK
1818	     0	85.2	159.4	1009	OK
1819	     0	85.3	161.1	1018	OK
1820	     0	85.6	160.4	1005	OK
1821	     0	83.7	157.0	 986	OK
1822	     0	85.8	161.3	 998	OK
1823	     0	83.6	153.6	 999	OK
1824	     0	84.4	161.1	 989	OK
1825	     0	85.6	161.3	1026	OK
1826	     0	84.3	157.7	1021	OK
1827	     0	86.3	160.2	 991	OK
1828	     0	87.2	164.0	1061	OK
1829	     0	85.3	160.7	1006	OK
1830	     0	84.2	158.1	1020	OK
1831	     0	84.4	159.7	1020	OK
1832	     0	84.5	157.1	1017	OK
1833	     0	84.2	155.4	 981	OK
1834	     0	83.8	157.1	1006	OK
1835	     0	84.5	159.9	 994	OK
1836	     0	84.8	161.1	1018	OK
1837	     0	82.2	153.7	 993	OK
1838	     0	83.9	158.3	1026	OK
1839	     0	83.5	155.1	 987	OK
1840	     0	83.7	156.6	1025	OK
1841	     0	84.3	159.1	1010	OK
1842	     0	85.0	158.9	1003	OK
1843	     0	85.8	161.1	1017	OK
1844	     0	82.8	155.0	1002	OK
1845	     0	85.4	162.1	1049	OK
1846	     0	85.7	159.5	 991	OK
1847	     0	85.4	161.1	1018	OK
1848	     0	83.2	157.3	1007	OK
1849	     0	83.4	157.6	 997	OK
1850	     0	83.6	157.6	 993	OK
1851	     0	84.5	157.0	1014	OK
1852	     0	88.9	167.2	1051	OK
1853	     0	86.8	165.2	1040	OK
1854	     0	86.6	162.3	1043	OK
1855	     0	86.4	163.5	1011	OK
1856	     0	85.1	160.6	1011	OK
1857	     0	82.9	160.2	1022	OK
1858	     0	85.9	161.7	1014	OK
1859	     0	81.9	154.4	1007	OK
1860	     0	85.3	158.6	1011	OK
1861	     0	80.6	155.7	1009	OK
1862	     0	84.2	160.7	1023	OK
1863	     0	86.8	161.6	1018	OK
1864	     0	85.6	160.8	1009	OK
1865	     0	85.2	161.1	1024	OK
1866	     0	83.6	156.9	 998	OK
1867	     0	83.2	156.3	 998	OK
1868	     0	86.3	162.3	1019	OK
1869	     0	84.5	157.7	1005	OK
1870	     0	86.2	161.0	1007	OK
1871	     0	84.2	155.4	1005	OK
1872	     0	86.4	162.6	1030	OK
1873	     0	84.2	160.4	1016	OK
1874	     0	84.9	159.6	 994	OK
1875	     0	83.9	156.2	 997	OK
1876	     0	86.6	163.7	1011	OK
1877	     0	85.0	159.7	 990	OK
1878	     0	84.5	159.5	 999	OK
1879	     0	87.3	163.8	1021	OK
1880	     0	84.2	158.6	1015	OK
1881	     0	84.6	158.7	1018	OK
1882	     0	86.1	162.2	1049	OK
1883	     0	80.0	151.7	 991	OK
1884	     0	85.7	161.9	1000	OK
1885	     0	83.5	158.6	1035	OK
1886	     0	82.0	154.1	 995	OK
1887	     0	84.4	159.4	1009	OK
1888	     0	85.2	160.7	1007	OK
1889	     0	84.1	159.5	1006	OK
1890	     0	84.7	158.2	 999	OK
1891	     0	85.7	162.5	1013	OK
1892	     0	84.1	158.7	1010	OK
1893	     0	83.3	157.4	1005	OK
1894	     0	84.5	160.1	1020	OK
1895	     0	86.1	162.0	1019	OK
1896	     0	83.9	158.3	 989	OK
1897	     0	81.9	155.0	 977	OK
1898	     0	84.9	160.0	1017	OK
1899	     0	82.9	156.2	1001	OK
1900	     0	84.2	157.6	1004	OK
1901	     0	85.9	162.3	1022	OK
1902	     0	83.7	157.4	1002	OK
1903	     0	83.5	159.1	1001	OK
1904	     0	82.7	156.5	 998	OK
1905	     0	82.8	154.0	 999	OK
1906	     0	83.7	156.5	1002	OK
1907	     0	84.4	157.0	 992	OK
1908	     0	84.6	161.0	1017	OK
1909	     0	83.2	158.0	 999	OK
1910	     0	86.4	163.9	1022	OK
1911	     0	84.4	158.4	1012	OK
1912	     0	84.1	156.6	 996	OK
1913	     0	83.4	157.5	1017	OK
1914	     0	85.5	159.9	1014	OK
1915	     0	84.9	158.5	1000	OK
1916	     0	84.9	157.7	 998	OK
1917	     0	85.1	158.3	1010	OK
1918	     0	85.3	159.2	1026	OK
1919	     0	83.3	156.9	1004	OK
1920	     0	81.8	153.4	1018	OK
1921	     0	85.3	162.3	1044	OK
1922	     0	83.5	154.8	1024	OK
1923	     0	82.9	155.4	1016	OK
1924	     0	82.7	154.7	1047	OK
1925	     0	84.2	159.5	1049	OK
1926	     0	82.7	154.2	1054	OK
1927	     0	82.0	154.6	1062	OK
1928	  4000	80.0	148.7	1135	high noise
1929	  4000	80.0	146.6	1133	high noise
1930	     0	79.8	146.9	1066	OK
1931	     0	83.0	154.6	1038	OK
1932	     0	82.0	150.7	1053	OK
1933	     0	82.4	153.3	1024	OK
1934	     0	81.2	151.5	1012	OK
1935	     0	81.9	154.0	1028	OK
1936	     0	83.7	155.9	1031	OK
1937	     0	80.4	151.0	1010	OK
1938	     0	83.5	155.5	1030	OK
1939	     0	82.2	157.0	1031	OK
1940	     0	81.0	154.1	1050	OK
1941	     0	83.3	155.0	1032	OK
1942	     0	81.4	154.8	1036	OK
1943	     0	81.2	150.0	1020	OK
1944	     0	78.7	148.8	1009	OK
1945	     0	83.2	153.7	1032	OK
1946	     0	82.1	151.5	1022	OK
1947	     0	83.2	154.6	1028	OK
1948	     0	82.9	153.5	1027	OK
1949	     0	82.1	152.9	1028	OK
1950	     0	80.2	151.4	1015	OK
1951	     0	81.4	150.8	1015	OK
1952	     0	80.9	150.9	1020	OK
1953	     0	81.7	155.6	1031	OK
1954	     0	83.0	153.8	1054	OK
1955	     0	80.4	153.1	1014	OK
1956	     0	81.8	153.3	1028	OK
1957	     0	81.0	152.6	1036	OK
1958	     0	81.7	151.9	1047	OK
1959	     0	81.9	152.9	1040	OK
1960	     0	83.6	157.5	1077	OK
1961	     0	79.2	149.7	1035	OK
1962	     0	84.1	157.1	1057	OK
1963	     0	81.2	152.1	1002	OK
1964	     0	81.3	151.4	1031	OK
1965	     0	81.4	153.7	1022	OK
1966	     0	81.0	154.4	1033	OK
1967	     0	82.6	152.9	1020	OK
1968	     0	82.1	155.1	1038	OK
1969	     0	84.1	155.5	1021	OK
1970	     0	82.5	154.1	1021	OK
1971	     0	81.2	150.6	1008	OK
1972	     0	83.6	157.3	1029	OK
1973	     0	85.2	158.2	1020	OK
1974	     0	79.8	147.6	1017	OK
1975	     0	83.5	156.6	1034	OK
1976	     0	79.6	151.0	1049	OK
1977	     0	81.0	153.2	1042	OK
1978	     0	81.9	154.0	1035	OK
1979	     0	79.4	149.1	1002	OK
1980	     0	82.8	155.7	1036	OK
1981	     0	83.6	155.9	1022	OK
1982	     0	82.2	153.6	1022	OK
1983	     0	83.7	155.4	1005	OK
1984	     0	83.9	155.1	1012	OK
1985	     0	80.2	150.4	1013	OK
1986	     0	82.2	154.9	1001	OK
1987	     0	84.6	158.8	1020	OK
1988	     0	83.9	156.5	1027	OK
1989	     0	84.2	155.5	1059	OK
1990	     0	81.0	152.5	1004	OK
1991	     0	80.9	149.5	1007	OK
1992	     0	83.3	157.2	1016	OK
1993	     0	82.7	154.1	1022	OK
1994	     0	82.0	152.6	1021	OK
1995	     0	82.0	155.1	1016	OK
1996	     0	83.2	156.0	1013	OK
1997	     0	80.8	150.5	1010	OK
1998	     0	82.7	153.8	1001	OK
1999	     0	84.1	156.3	1009	OK
2000	     0	80.8	152.7	1017	OK
2001	     0	81.8	153.1	1022	OK
2002	     0	82.9	155.3	1002	OK
2003	     0	83.6	156.2	1010	OK
2004	     0	82.0	151.3	1002	OK
2005	     0	84.8	158.2	1040	OK
2006	     0	83.4	157.9	1029	OK
2007	     0	83.5	154.3	1013	OK
2008	     0	83.3	156.0	1037	OK
2009	     0	84.8	158.0	1010	OK
2010	     0	82.5	151.8	1008	OK
2011	     0	85.0	158.5	1008	OK
2012	     0	81.1	152.8	1001	OK
2013	     0	83.2	154.2	1027	OK
2014	     0	84.4	156.2	1011	OK
2015	     0	81.1	151.7	1015	OK
2016	     0	84.5	155.2	1029	OK
2017	     0	81.3	156.5	1019	OK
2018	     0	84.0	159.1	1005	OK
2019	     0	82.4	156.4	1014	OK
2020	     0	84.2	156.1	1026	OK
2021	     0	82.1	153.2	1024	OK
2022	     0	82.5	155.1	1011	OK
2023	     0	84.4	156.0	1018	OK
2024	     0	82.3	153.6	 987	OK
2025	     0	81.9	155.6	1019	OK
2026	     0	82.4	155.4	1011	OK
2027	     0	82.7	153.7	1021	OK
2028	     0	82.8	156.4	1025	OK
2029	     0	84.1	157.3	1008	OK
2030	     0	82.1	153.1	1002	OK
2031	     0	81.8	150.6	 990	OK
2032	     0	82.3	154.7	1031	OK
2033	     0	83.6	156.6	1002	OK
2034	     0	83.0	155.4	1012	OK
2035	     0	84.2	157.0	1044	OK
2036	     0	83.4	155.8	1021	OK
2037	     0	84.2	156.3	1021	OK
2038	     0	82.7	155.8	1020	OK
2039	     0	82.9	153.8	1006	OK
2040	     0	82.6	156.4	1015	OK
2041	     0	84.3	158.8	1008	OK
2042	     0	82.9	154.1	1011	OK
2043	     0	82.7	155.0	1013	OK
2044	     0	84.8	157.3	 999	OK
2045	     0	84.4	156.6	1006	OK
2046	     0	81.2	152.2	1015	OK
2047	     0	81.6	154.4	1034	OK
2048	   200	86.9	166.8	1055	high gain
2049	     0	84.6	159.2	1029	OK
2050	     0	81.9	155.3	1019	OK
2051	     0	83.1	157.6	1039	OK
2052	     0	80.3	151.6	1038	OK
2053	     0	82.5	155.1	1022	OK
2054	     0	81.8	156.3	1036	OK
2055	     0	83.0	157.4	1021	OK
2056	     0	82.7	158.5	1034	OK
2057	     0	83.8	160.3	1037	OK
2058	     0	83.7	157.2	1039	OK
2059	     0	83.0	158.7	1045	OK
2060	     0	83.1	156.8	1032	OK
2061	     0	81.7	154.8	1004	OK
2062	     0	80.2	154.7	1039	OK
2063	     0	83.5	158.7	1036	OK
2064	     0	81.5	155.5	1011	OK
2065	     0	81.2	153.1	1022	OK
2066	     0	82.3	154.6	1052	OK
2067	     0	80.2	152.6	1012	OK
2068	     0	83.7	159.9	1050	OK
2069	     0	82.5	154.7	1031	OK
2070	     0	81.8	154.2	1019	OK
2071	     0	81.3	154.6	1026	OK
2072	     0	82.8	156.2	1033	OK
2073	     0	81.6	152.9	1020	OK
2074	     0	80.7	150.5	1024	OK
2075	     0	82.7	157.6	1040	OK
2076	     0	80.7	152.0	1024	OK
2077	     0	82.5	157.2	1023	OK
2078	     0	81.2	152.9	1042	OK
2079	     0	80.1	152.7	1018	OK
2080	     0	80.1	151.4	1034	OK
2081	     0	82.7	157.7	1047	OK
2082	     0	84.5	159.6	1049	OK
2083	     0	82.0	154.8	1029	OK
2084	     0	81.7	150.9	1021	OK
2085	     0	80.8	154.2	1036	OK
2086	     0	82.2	154.4	1028	OK
2087	     0	81.9	157.9	1038	OK
2088	     0	79.6	150.9	1035	OK
2089	     0	81.9	159.2	1031	OK
2090	     0	81.7	155.5	1036	OK
2091	     0	77.8	149.3	1040	OK
2092	     0	81.8	154.5	1045	OK
2093	     0	82.6	155.7	1047	OK
2094	     0	84.4	161.0	1053	OK
2095	     0	81.4	150.7	1029	OK
2096	     0	80.9	154.3	1025	OK
2097	     0	80.5	152.8	1028	OK
2098	     0	81.3	154.7	1046	OK
2099	     0	83.3	157.8	1028	OK
2100	     0	82.1	155.2	1059	OK
2101	     0	81.9	154.2	1040	OK
2102	     0	82.6	160.8	1061	OK
2103	     0	81.4	157.4	1038	OK
2104	     0	81.6	153.5	1040	OK
2105	     0	82.4	157.2	1040	OK
2106	     0	83.2	160.3	1032	OK
2107	     0	83.0	156.1	1053	OK
2108	     0	82.3	155.7	1046	OK
2109	     0	80.7	150.9	1019	OK
2110	     0	81.6	153.8	1050	OK
2111	     0	80.6	155.7	1029	OK
2112	     0	80.4	153.1	1060	OK
2113	     0	79.0	151.1	1034	OK
2114	     0	80.8	152.9	1040	OK
2115	     0	79.9	154.2	1033	OK
2116	     0	81.7	158.5	1023	OK
2117	     0	82.4	158.1	1054	OK
2118	     0	79.0	150.2	1050	OK
2119	     0	82.0	155.3	1050	OK
2120	     0	81.3	152.2	1036	OK
2121	     0	80.5	153.4	1017	OK
2122	     0	83.0	158.5	1056	OK
2123	     0	80.5	154.4	1029	OK
2124	     0	79.0	151.3	1030	OK
2125	     0	82.7	157.4	1061	OK
2126	     0	80.0	151.4	1025	OK
2127	     0	81.1	154.5	1038	OK
2128	     0	80.2	152.8	1053	OK
2129	     0	79.0	150.2	1031	OK
2130	     0	81.6	151.6	1038	OK
2131	     0	78.9	152.5	1039	OK
2132	     0	82.1	152.0	1046	OK
2133	     0	77.9	149.2	1025	OK
2134	     0	82.4	156.9	1035	OK
2135	     0	82.8	158.7	1055	OK
2136	     0	79.2	150.8	1044	OK
2137	     0	81.9	155.4	1049	OK
2138	     0	81.0	152.8	1040	OK
2139	     0	81.2	152.9	1046	OK
2140	     0	80.1	152.4	1044	OK
2141	     0	79.9	153.6	1042	OK
2142	     0	81.0	154.5	1034	OK
2143	     0	81.4	156.3	1022	OK
2144	     0	80.7	154.1	1038	OK
2145	     0	83.0	156.4	1017	OK
2146	     0	79.1	149.9	1043	OK
2147	     0	80.6	156.3	1025	OK
2148	     0	80.5	153.7	1023	OK
2149	     0	78.6	149.5	1045	OK
2150	     0	82.0	157.3	1046	OK
2151	     0	82.6	155.3	1053	OK
2152	     0	81.1	154.8	1009	OK
2153	     0	80.6	154.0	1024	OK
2154	     0	78.8	151.6	1033	OK
2155	     0	80.9	154.6	1041	OK
2156	     0	80.7	154.9	1023	OK
2157	     0	81.2	151.6	1035	OK
2158	     0	80.5	152.1	1027	OK
2159	     0	80.5	156.5	1047	OK
2160	     0	78.8	149.4	1026	OK
2161	     0	79.8	151.6	1041	OK
2162	     0	80.3	152.4	1021	OK
2163	     0	82.5	156.3	1036	OK
2164	     0	79.7	152.0	1044	OK
2165	     0	80.0	152.9	1044	OK
2166	     0	78.6	151.0	1045	OK
2167	     0	80.5	152.8	1048	OK
2168	     0	82.7	156.1	1028	OK
2169	     0	79.3	154.6	1036	OK
2170	     0	82.3	153.7	1047	OK
2171	     0	80.3	152.8	1038	OK
2172	     0	81.9	153.7	1047	OK
2173	     0	83.1	156.5	1052	OK
2174	     0	81.6	154.9	1021	OK
2175	     0	82.8	157.1	1030	OK
2176	     0	80.8	154.0	1056	OK
2177	     0	80.5	151.3	1050	OK
2178	     0	81.5	153.3	1058	OK
2179	     0	82.4	153.4	1029	OK
2180	     0	79.9	150.5	1054	OK
2181	     0	79.3	148.9	1038	OK
2182	     0	77.7	146.3	1063	OK
2183	     0	80.4	150.9	1042	OK
2184	     0	80.7	149.2	1046	OK
2185	     0	78.8	149.4	1032	OK
2186	     0	79.2	148.2	1039	OK
2187	     0	79.3	147.8	1036	OK
2188	     0	77.3	146.2	1064	OK
2189	     0	81.3	151.6	1039	OK
2190	     0	77.9	146.7	1043	OK
2191	     0	80.5	150.0	1042	OK
2192	     0	79.4	150.1	1056	OK
2193	     0	79.4	148.5	1037	OK
2194	     0	78.7	149.4	1047	OK
2195	     0	78.1	148.6	1038	OK
2196	     0	77.4	147.0	1032	OK
2197	     0	80.7	152.6	1042	OK
2198	     0	81.6	155.0	1073	OK
2199	     0	78.6	148.0	1034	OK
2200	     0	80.8	153.5	1075	OK
2201	     0	79.0	150.4	1040	OK
2202	     0	80.2	151.9	1036	OK
2203	     0	80.5	150.6	1035	OK
2204	     0	81.2	151.2	1041	OK
2205	     0	79.8	152.3	1034	OK
2206	     0	81.4	152.1	1048	OK
2207	     0	80.6	151.8	1053	OK
2208	     0	77.8	148.5	1045	OK
2209	     0	78.6	149.9	1040	OK
2210	     0	80.3	151.6	1066	OK
2211	     0	79.5	148.6	1026	OK
2212	     0	80.4	149.2	1059	OK
2213	     0	81.4	154.1	1043	OK
2214	     0	79.2	146.9	1023	OK
2215	     0	79.1	147.8	1048	OK
2216	     0	79.5	149.8	1044	OK
2217	     0	80.0	151.7	1041	OK
2218	     0	81.4	153.1	1063	OK
2219	     0	78.3	148.0	1047	OK
2220	     0	80.8	151.2	1051	OK
2221	     0	79.1	149.3	1035	OK
2222	     0	79.5	151.4	1059	OK
2223	     0	80.0	147.7	1051	OK
2224	     0	80.9	151.0	1031	OK
2225	     0	80.0	151.9	1044	OK
2226	     0	78.8	149.9	1062	OK
2227	     0	79.1	151.4	1037	OK
2228	     0	77.9	146.6	1050	OK
2229	     0	80.6	150.6	1050	OK
2230	     0	80.4	152.1	1029	OK
2231	     0	81.2	151.1	1073	OK
2232	     0	78.6	149.0	1054	OK
2233	     0	79.7	150.8	1058	OK
2234	     0	82.2	152.2	1052	OK
2235	     0	82.2	152.3	1043	OK
2236	     0	78.3	147.3	1040	OK
2237	     0	80.5	151.6	1041	OK
2238	     0	81.9	152.5	1060	OK
2239	     0	81.0	151.3	1054	OK
2240	     0	81.2	152.4	1041	OK
2241	     0	80.0	149.6	1035	OK
2242	     0	81.1	151.4	1045	OK
2243	     0	79.7	150.4	1042	OK
2244	     0	79.5	148.7	1044	OK
2245	     0	78.4	146.8	1034	OK
2246	     0	80.7	152.0	1039	OK
2247	     0	81.0	152.0	1042	OK
2248	     0	79.4	151.4	1038	OK
2249	     0	78.8	149.7	1059	OK
2250	     0	78.9	149.2	1051	OK
2251	     0	82.3	155.9	1045	OK
2252	     0	81.0	152.3	1055	OK
2253	     0	79.7	150.4	1043	OK
2254	     0	80.0	151.1	1040	OK
2255	     0	82.3	156.2	1059	OK
2256	     0	80.1	152.5	1043	OK
2257	     0	79.6	149.5	1046	OK
2258	     0	79.6	150.6	1047	OK
2259	     0	78.7	148.9	1029	OK
2260	     0	83.8	155.4	1068	OK
2261	     0	79.6	147.8	1047	OK
2262	     0	80.9	150.6	1030	OK
2263	     0	81.3	153.9	1044	OK
2264	     0	80.0	149.0	1026	OK
2265	     0	81.0	153.5	1047	OK
2266	     0	82.6	154.8	1054	OK
2267	     0	81.5	153.0	1036	OK
2268	     0	80.5	151.7	1052	OK
2269	     0	79.3	148.6	1044	OK
2270	     0	79.5	150.6	1021	OK
2271	     0	82.1	154.1	1040	OK
2272	     0	81.5	150.9	1037	OK
2273	     0	82.0	154.3	1026	OK
2274	     0	80.5	153.8	1024	OK
2275	     0	81.4	153.4	1025	OK
2276	     0	80.2	149.9	1035	OK
2277	     0	78.7	147.1	1049	OK
2278	     0	79.6	153.1	1062	OK
2279	     0	82.6	154.7	1027	OK
2280	     0	79.3	150.4	1027	OK
2281	     0	78.6	146.1	1025	OK
2282	     0	80.6	150.7	1040	OK
2283	     0	80.5	152.6	1048	OK
2284	     0	79.5	150.2	1047	OK
2285	     0	81.2	154.8	1041	OK
2286	     0	83.2	153.8	1040	OK
2287	     0	82.3	152.1	1037	OK
2288	     0	80.3	150.5	1033	OK
2289	     0	82.3	156.5	1036	OK
2290	     0	81.7	153.2	1039	OK
2291	     0	83.7	156.4	1046	OK
2292	     0	82.4	154.3	1048	OK
2293	     0	81.2	152.6	1045	OK
2294	     0	83.5	156.1	1044	OK
2295	     0	79.8	150.0	1010	OK
2296	     0	80.4	147.9	1035	OK
2297	     0	81.2	151.2	1036	OK
2298	     0	81.1	151.9	1037	OK
2299	     0	81.7	152.5	1023	OK
2300	     0	81.8	152.9	1046	OK
2301	     0	81.8	154.7	1025	OK
2302	     0	81.5	151.3	1035	OK
2303	     0	82.8	156.3	1027	OK
2304	     0	85.7	158.5	1036	OK
2305	     0	86.9	160.8	1039	OK
2306	     0	83.8	155.4	1024	OK
2307	     0	84.6	159.1	1022	OK
2308	     0	84.8	157.2	1036	OK
2309	     0	84.7	159.3	1048	OK
2310	     0	87.0	161.5	1039	OK
2311	     0	84.2	156.5	1027	OK
2312	     0	83.4	153.9	1025	OK
2313	     0	84.4	155.6	1019	OK
2314	     0	84.7	159.6	1048	OK
2315	     0	86.6	162.4	1051	OK
2316	     0	85.4	158.3	1018	OK
2317	     0	82.5	156.6	1034	OK
2318	     0	84.3	157.5	1037	OK
2319	     0	84.4	155.6	1003	OK
2320	     0	84.5	158.8	1026	OK
2321	     0	84.3	157.4	1018	OK
2322	     0	83.7	159.1	1049	OK
2323	     0	83.4	155.8	1019	OK
2324	     0	84.4	157.5	1015	OK
2325	     0	83.6	156.2	1033	OK
2326	     0	84.7	158.4	1039	OK
2327	     0	84.3	159.2	1032	OK
2328	     0	83.1	153.4	1036	OK
2329	     0	84.0	157.0	1037	OK
2330	     0	84.8	159.9	1044	OK
2331	     0	84.0	156.9	1027	OK
2332	     0	83.9	157.9	1016	OK
2333	     0	84.8	159.3	1044	OK
2334	     0	84.9	157.8	1023	OK
2335	     0	85.3	160.7	1042	OK
2336	     0	84.3	155.3	1018	OK
2337	     0	86.1	158.5	1044	OK
2338	     0	79.2	149.6	1006	OK
2339	     0	84.6	154.2	1012	OK
2340	     0	84.6	159.1	1040	OK
2341	     0	80.3	150.2	1005	OK
2342	     0	84.1	154.6	1045	OK
2343	     0	82.8	158.0	1031	OK
2344	     0	82.7	155.3	1042	OK
2345	     0	86.3	160.3	1045	OK
2346	     0	84.2	155.5	1039	OK
2347	     0	84.0	156.0	1040	OK
2348	     0	83.8	154.9	1023	OK
2349	     0	82.5	154.4	1032	OK
2350	     0	84.3	159.2	1048	OK
2351	     0	82.1	154.3	1037	OK
2352	     0	84.6	159.5	1056	OK
2353	     0	84.1	157.3	1032	OK
2354	     0	83.1	155.8	1043	OK
2355	     0	83.3	155.8	1004	OK
2356	     0	83.4	157.1	1062	OK
2357	     0	86.2	163.2	1047	OK
2358	     0	80.9	153.1	1041	OK
2359	     0	82.8	155.1	1050	OK
2360	     0	83.5	158.1	1052	OK
2361	     0	85.5	160.5	1031	OK
2362	     0	82.2	155.6	1047	OK
2363	     0	83.5	156.2	1024	OK
2364	     0	84.0	159.2	1043	OK
2365	     0	83.9	158.8	1028	OK
2366	     0	84.9	160.4	1058	OK
2367	     0	82.9	152.7	1035	OK
2368	     0	83.4	158.2	1046	OK
2369	     0	83.4	154.8	1039	OK
2370	     0	82.9	153.4	1029	OK
2371	     0	85.1	159.4	1056	OK
2372	     0	82.2	155.0	1042	OK
2373	     0	83.9	157.5	1033	OK
2374	     0	84.0	158.3	1029	OK
2375	     0	83.3	156.3	1037	OK
2376	     0	83.3	158.5	1029	OK
2377	     0	84.2	157.3	1037	OK
2378	     0	83.5	156.1	1058	OK
2379	     0	86.1	160.6	1039	OK
2380	     0	82.7	155.3	1039	OK
2381	     0	80.7	150.4	1034	OK
2382	     0	84.0	156.9	1042	OK
2383	     0	80.7	152.4	1048	OK
2384	     0	80.7	150.2	1031	OK
2385	     0	83.9	157.3	1031	OK
2386	     0	83.8	159.2	1059	OK
2387	     0	84.4	157.4	1044	OK
2388	     0	82.1	154.0	1041	OK
2389	     0	82.4	152.8	1028	OK
2390	     0	83.7	157.1	1047	OK
2391	     0	82.7	154.6	1031	OK
2392	     0	82.9	157.4	1047	OK
2393	     0	82.8	155.9	1028	OK
2394	     0	81.6	154.4	1039	OK
2395	     0	82.0	155.0	1046	OK
2396	     0	83.8	156.1	1069	OK
2397	     0	81.8	152.8	1013	OK
2398	     0	84.0	157.5	1039	OK
2399	     0	81.5	153.8	1048	OK
2400	     0	84.8	157.5	1048	OK
2401	     0	86.3	162.7	1072	OK
2402	     0	81.4	152.5	1032	OK
2403	     0	82.5	153.7	1034	OK
2404	     0	82.9	155.7	1049	OK
2405	     0	82.0	156.1	1038	OK
2406	     0	85.8	160.7	1040	OK
2407	     0	83.9	156.2	1043	OK
2408	     0	84.2	158.0	1059	OK
2409	     0	83.1	156.3	1034	OK
2410	     0	84.7	158.3	1043	OK
2411	     0	82.1	150.6	1023	OK
2412	     0	83.9	154.2	1065	OK
2413	     0	80.5	150.9	1026	OK
2414	     0	82.9	156.3	1051	OK
2415	     0	84.4	157.8	1026	OK
2416	     0	84.6	158.2	1019	OK
2417	     0	85.5	159.6	1054	OK
2418	     0	82.9	154.2	1044	OK
2419	     0	83.9	156.7	1045	OK
2420	     0	82.3	153.1	1033	OK
2421	     0	80.1	150.7	1017	OK
2422	     0	80.8	152.0	1046	OK
2423	     0	81.3	152.4	1027	OK
2424	     0	82.9	154.8	1038	OK
2425	     0	83.3	152.3	1038	OK
2426	     0	82.1	155.0	1039	OK
2427	     0	85.2	158.4	1067	OK
2428	     0	84.4	158.8	1052	OK
2429	     0	84.2	155.8	1030	OK
2430	     0	85.4	157.6	1043	OK
2431	     0	84.7	160.0	1052	OK
2432	     0	79.9	151.1	1050	OK
2433	     0	80.5	149.2	1048	OK
2434	     0	81.3	151.0	1045	OK
2435	     0	80.0	148.2	1052	OK
2436	     0	81.1	153.0	1063	OK
2437	     0	78.4	148.6	1041	OK
2438	     0	80.5	152.1	1054	OK
2439	     0	77.6	147.4	1044	OK
2440	     0	81.2	151.3	1069	OK
2441	     0	77.9	148.4	1037	OK
2442	     0	77.8	145.6	1042	OK
2443	     0	80.8	152.1	1039	OK
2444	     0	80.3	151.4	1061	OK
2445	     0	79.7	147.3	1054	OK
2446	     0	78.0	148.1	1055	OK
2447	     0	81.4	152.7	1048	OK
2448	     0	79.0	148.6	1048	OK
2449	     0	80.8	154.4	1062	OK
2450	     0	82.3	152.3	1043	OK
2451	     0	79.0	147.1	1037	OK
2452	     0	81.2	153.2	1047	OK
2453	     0	81.2	151.5	1047	OK
2454	     0	79.3	150.6	1065	OK
2455	     0	78.3	149.3	1031	OK
2456	     0	79.9	152.6	1050	OK
2457	     0	78.5	150.3	1034	OK
2458	     0	78.3	148.9	1059	OK
2459	     0	78.3	147.5	1040	OK
2460	  4000	79.0	148.8	1113	high noise
2461	     0	78.2	147.0	1039	OK
2462	     0	80.6	151.9	1039	OK
2463	     0	82.1	156.1	1067	OK
2464	     0	77.9	147.9	1019	OK
2465	     0	78.4	149.0	1072	OK
2466	     0	77.3	147.6	1042	OK
2467	     0	79.4	149.5	1060	OK
2468	     0	79.2	149.0	1046	OK
2469	     0	79.4	152.1	1041	OK
2470	     0	79.3	152.4	1052	OK
2471	     0	80.9	152.2	1068	OK
2472	     0	78.9	147.1	1032	OK
2473	     0	80.3	152.0	1060	OK
2474	     0	79.4	152.1	1047	OK
2475	     0	78.7	147.6	1072	OK
2476	     0	79.6	148.7	1059	OK
2477	     0	78.9	146.3	1030	OK
2478	     0	79.4	148.9	1052	OK
2479	     0	79.8	150.5	1033	OK
2480	     0	78.4	148.9	1043	OK
2481	     0	78.4	147.4	1036	OK
2482	     0	79.1	149.2	1038	OK
2483	     0	79.1	146.3	1048	OK
2484	     0	78.6	149.7	1054	OK
2485	     0	78.3	146.9	1048	OK
2486	     0	78.8	147.3	1053	OK
2487	     0	78.6	148.0	1065	OK
2488	     0	78.5	147.2	1057	OK
2489	     0	79.1	148.8	1061	OK
2490	     0	75.9	143.4	1064	OK
2491	     0	79.1	149.2	1062	OK
2492	     0	81.4	152.0	1073	OK
2493	     0	80.9	152.6	1046	OK
2494	     0	79.6	151.8	1046	OK
2495	     0	80.7	151.4	1041	OK
2496	     0	79.1	149.2	1037	OK
2497	     0	81.0	153.1	1049	OK
2498	     0	77.0	144.1	1058	OK
2499	     0	79.4	148.3	1052	OK
2500	     0	78.1	146.2	1025	OK
2501	     0	78.9	147.5	1047	OK
2502	     0	81.2	151.8	1047	OK
2503	     0	82.0	152.2	1065	OK
2504	     0	81.7	154.3	1075	OK
2505	     0	79.9	148.6	1035	OK
2506	     0	80.0	152.1	1052	OK
2507	     0	80.3	151.0	1021	OK
2508	     0	78.1	147.3	1056	OK
2509	     0	80.1	152.5	1055	OK
2510	     0	81.5	153.8	1052	OK
2511	     0	77.7	146.6	1034	OK
2512	     0	81.3	152.2	1044	OK
2513	     0	80.1	151.7	1063	OK
2514	     0	82.0	154.2	1047	OK
2515	     0	82.2	156.2	1059	OK
2516	     0	81.1	153.4	1047	OK
2517	     0	78.5	146.9	1037	OK
2518	     0	77.7	149.2	1027	OK
2519	     0	81.2	153.7	1046	OK
2520	     0	81.2	152.3	1024	OK
2521	     0	77.7	145.2	1017	OK
2522	     0	81.0	152.9	1042	OK
2523	     0	80.9	153.3	1037	OK
2524	     0	78.8	147.4	1050	OK
2525	     0	79.4	149.6	1044	OK
2526	     0	79.6	151.2	1034	OK
2527	     0	81.8	153.7	1026	OK
2528	     0	82.2	153.9	1045	OK
2529	     0	79.9	150.6	1059	OK
2530	     0	78.7	148.1	1043	OK
2531	     0	79.2	151.4	1034	OK
2532	     0	78.1	150.9	1017	OK
2533	     0	78.2	148.2	1033	OK
2534	     0	79.9	148.4	1026	OK
2535	     0	81.6	153.4	1037	OK
2536	     0	80.6	152.4	1052	OK
2537	     0	80.1	148.5	1009	OK
2538	     0	80.2	151.7	1048	OK
2539	     0	82.4	153.5	1048	OK
2540	     0	81.0	152.4	1036	OK
2541	     0	80.3	150.1	1028	OK
2542	     0	80.3	150.5	1032	OK
2543	     0	79.3	148.8	1038	OK
2544	     0	80.0	150.6	1028	OK
2545	     0	78.4	149.5	1013	OK
2546	     0	81.2	153.9	1030	OK
2547	     0	80.4	149.8	1011	OK
2548	     0	77.4	144.8	1033	OK
2549	     0	81.4	153.1	1071	OK
2550	     0	79.4	150.0	1013	OK
2551	     0	81.8	152.2	1038	OK
2552	     0	81.1	151.9	1049	OK
2553	     0	82.5	154.0	1022	OK
2554	     0	79.6	148.1	1026	OK
2555	     0	79.9	150.2	1048	OK
2556	     0	80.9	150.2	1032	OK
2557	     0	83.4	156.4	1045	OK
2558	     0	81.5	151.7	1066	OK
2559	   200	85.5	160.6	1084	high gain
