#chan	code	gain	vt50	innse	comment
   0	  4200	79.9	105.1	1675	high gain
   1	  4000	75.3	104.6	1243	high noise
   2	     0	74.2	100.4	1087	OK
   3	     0	73.6	103.3	1055	OK
   4	     0	73.4	102.2	1052	OK
   5	     0	73.4	100.2	1027	OK
   6	     0	73.1	101.1	1060	OK
   7	     0	72.9	102.7	1049	OK
   8	     0	71.7	98.9	1052	OK
   9	     0	72.2	100.7	1055	OK
  10	     0	73.0	101.2	1053	OK
  11	     0	71.5	101.8	1050	OK
  12	     0	71.9	100.9	1041	OK
  13	     0	71.9	98.6	1057	OK
  14	     0	72.9	101.9	1057	OK
  15	     0	73.7	103.1	1050	OK
  16	     0	71.0	101.5	1050	OK
  17	     0	73.4	100.2	1070	OK
  18	     0	74.9	103.0	1047	OK
  19	     0	70.7	100.5	1045	OK
  20	     0	71.6	100.8	1050	OK
  21	     0	72.2	100.9	1049	OK
  22	     0	73.3	101.3	1071	OK
  23	     0	74.2	102.9	1042	OK
  24	     0	73.1	99.7	1057	OK
  25	     0	74.1	102.3	1052	OK
  26	     0	72.1	100.0	1073	OK
  27	     0	73.4	102.4	1079	OK
  28	     0	73.9	100.6	1073	OK
  29	     0	74.1	104.9	1052	OK
  30	     0	71.3	100.9	1066	OK
  31	     0	72.1	101.9	1044	OK
  32	     0	70.6	99.4	1080	OK
  33	     0	70.5	99.0	1088	OK
  34	     0	71.4	98.6	1076	OK
  35	     0	73.3	101.9	1053	OK
  36	     0	72.4	100.7	1069	OK
  37	     0	74.9	104.4	1082	OK
  38	     0	72.1	100.7	1081	OK
  39	     0	73.3	101.7	1079	OK
  40	     0	72.9	102.4	1078	OK
  41	     0	71.9	101.9	1081	OK
  42	     0	70.9	98.3	1072	OK
  43	     0	71.8	99.7	1085	OK
  44	     0	71.5	98.9	1081	OK
  45	     0	71.3	98.9	1073	OK
  46	     0	71.6	99.1	1084	OK
  47	     0	73.0	101.4	1083	OK
  48	     0	75.0	101.5	1060	OK
  49	     0	73.1	101.8	1094	OK
  50	     0	72.4	102.1	1071	OK
  51	     0	75.0	103.5	1086	OK
  52	     0	71.6	100.2	1086	OK
  53	     0	73.4	100.7	1095	OK
  54	     0	72.1	100.2	1094	OK
  55	     0	72.2	98.8	1099	OK
  56	     0	73.0	101.1	1109	OK
  57	     0	73.5	103.9	1067	OK
  58	     0	71.2	99.4	1084	OK
  59	     0	73.2	102.8	1069	OK
  60	     0	71.0	100.7	1089	OK
  61	     0	73.4	102.3	1097	OK
  62	     0	73.0	101.0	1089	OK
  63	     0	71.8	102.4	1113	OK
  64	     0	72.2	100.6	1086	OK
  65	     0	73.4	101.4	1109	OK
  66	     0	72.8	101.0	1093	OK
  67	     0	69.9	98.1	1090	OK
  68	     0	70.1	100.0	1095	OK
  69	     0	72.4	100.7	1085	OK
  70	     0	70.5	96.7	1079	OK
  71	     0	73.9	101.9	1093	OK
  72	     0	70.6	100.7	1104	OK
  73	     0	73.6	101.2	1088	OK
  74	     0	73.8	103.3	1091	OK
  75	     0	72.4	100.1	1090	OK
  76	     0	74.0	102.5	1122	OK
  77	     0	74.6	103.6	1093	OK
  78	     0	73.4	102.7	1111	OK
  79	     0	71.9	102.7	1083	OK
  80	     0	70.9	102.1	1091	OK
  81	     0	72.0	99.9	1067	OK
  82	     0	72.7	102.9	1096	OK
  83	     0	72.6	101.8	1084	OK
  84	     0	73.3	103.1	1064	OK
  85	     0	70.4	97.4	1087	OK
  86	     0	69.4	97.2	1091	OK
  87	     0	70.7	101.3	1082	OK
  88	     0	71.4	100.6	1105	OK
  89	     0	70.8	98.3	1103	OK
  90	     0	73.2	99.6	1068	OK
  91	     0	72.2	102.5	1075	OK
  92	     0	73.4	100.7	1093	OK
  93	     0	70.9	99.5	1084	OK
  94	     0	72.5	103.1	1110	OK
  95	     0	72.4	101.0	1078	OK
  96	     0	70.9	100.2	1088	OK
  97	     0	71.3	101.4	1088	OK
  98	     0	71.0	100.7	1085	OK
  99	     0	72.7	101.9	1082	OK
 100	     0	69.3	99.6	1090	OK
 101	     0	72.0	101.0	1086	OK
 102	     0	72.2	102.2	1090	OK
 103	     0	72.3	103.3	1091	OK
 104	     0	73.0	99.2	1113	OK
 105	     0	71.9	100.2	1062	OK
 106	     0	73.5	104.0	1088	OK
 107	     0	72.5	99.5	1067	OK
 108	     0	72.4	100.9	1097	OK
 109	     0	70.7	101.0	1065	OK
 110	     0	70.8	99.6	1071	OK
 111	     0	70.4	100.4	1089	OK
 112	     0	74.0	104.4	1097	OK
 113	     0	72.4	101.8	1082	OK
 114	     0	74.9	104.4	1085	OK
 115	     0	70.4	98.2	1100	OK
 116	     0	68.5	97.7	1112	OK
 117	     0	71.2	101.3	1080	OK
 118	     0	71.5	98.4	1114	OK
 119	     0	70.4	97.6	1100	OK
 120	     0	74.1	102.4	1089	OK
 121	     0	72.4	103.1	1096	OK
 122	     0	73.2	103.0	1075	OK
 123	     0	72.4	102.0	1071	OK
 124	     0	75.1	104.8	1085	OK
 125	     0	73.6	104.0	1105	OK
 126	     0	73.0	100.6	1081	OK
 127	     0	72.6	101.5	1077	OK
 128	     0	73.4	99.6	1085	OK
 129	     0	71.6	100.9	1081	OK
 130	     0	72.2	98.8	1095	OK
 131	     0	69.5	97.5	1097	OK
 132	     0	71.9	101.6	1062	OK
 133	     0	71.2	100.5	1108	OK
 134	     0	72.6	103.1	1099	OK
 135	     0	70.8	102.7	1095	OK
 136	     0	71.1	101.4	1095	OK
 137	     0	72.1	102.5	1067	OK
 138	     0	71.9	101.6	1075	OK
 139	     0	70.3	98.7	1091	OK
 140	     0	73.9	100.6	1070	OK
 141	     0	69.3	98.8	1095	OK
 142	     0	72.1	103.9	1099	OK
 143	     0	69.9	99.4	1081	OK
 144	     0	72.0	100.9	1095	OK
 145	     0	73.4	101.6	1065	OK
 146	     0	69.6	100.7	1107	OK
 147	     0	68.3	98.3	1090	OK
 148	     0	71.5	102.0	1071	OK
 149	     0	72.6	102.3	1070	OK
 150	     0	70.3	99.1	1084	OK
 151	     0	71.1	99.2	1086	OK
 152	     0	70.0	97.4	1112	OK
 153	     0	71.6	100.3	1081	OK
 154	     0	70.1	99.0	1087	OK
 155	     0	70.1	101.2	1098	OK
 156	     0	72.6	98.6	1102	OK
 157	     0	70.1	98.1	1082	OK
 158	     0	70.6	97.8	1095	OK
 159	     0	71.1	99.9	1086	OK
 160	     0	72.9	101.5	1078	OK
 161	     0	72.8	99.0	1080	OK
 162	     0	71.8	101.3	1125	OK
 163	     0	69.7	96.9	1095	OK
 164	     0	69.6	98.1	1083	OK
 165	     0	70.3	98.9	1085	OK
 166	     0	69.6	99.7	1102	OK
 167	     0	71.1	101.1	1085	OK
 168	     0	73.3	101.7	1081	OK
 169	     0	71.4	99.3	1097	OK
 170	     0	71.9	99.5	1099	OK
 171	     0	69.1	97.4	1102	OK
 172	     0	71.4	98.7	1089	OK
 173	     0	74.2	101.1	1099	OK
 174	     0	71.0	100.7	1099	OK
 175	     0	70.3	97.5	1080	OK
 176	     0	70.2	99.5	1099	OK
 177	     0	72.1	101.6	1087	OK
 178	     0	68.8	96.6	1102	OK
 179	     0	68.2	96.5	1089	OK
 180	     0	71.1	98.9	1085	OK
 181	     0	71.4	100.1	1091	OK
 182	     0	73.2	100.0	1120	OK
 183	     0	71.4	97.5	1092	OK
 184	     0	70.6	100.4	1096	OK
 185	     0	71.1	100.7	1113	OK
 186	     0	71.6	101.2	1066	OK
 187	     0	73.3	101.3	1112	OK
 188	     0	71.8	99.4	1095	OK
 189	     0	70.2	99.7	1094	OK
 190	     0	71.7	99.7	1107	OK
 191	     0	72.2	98.8	1124	OK
 192	     0	72.1	100.3	1084	OK
 193	     0	73.1	102.4	1069	OK
 194	     0	71.3	98.8	1090	OK
 195	     0	72.0	101.1	1088	OK
 196	     0	72.9	102.8	1090	OK
 197	     0	70.4	100.2	1081	OK
 198	     0	72.1	103.5	1091	OK
 199	     0	71.8	99.7	1081	OK
 200	     0	74.2	101.6	1063	OK
 201	     0	71.8	100.3	1096	OK
 202	     0	68.2	97.4	1084	OK
 203	     0	73.7	101.6	1081	OK
 204	     0	72.1	102.2	1090	OK
 205	     0	72.0	99.1	1089	OK
 206	     0	72.6	101.4	1085	OK
 207	     0	70.8	101.0	1098	OK
 208	     0	70.7	98.5	1106	OK
 209	     0	70.9	101.4	1084	OK
 210	     0	73.0	100.4	1074	OK
 211	     0	72.1	100.2	1060	OK
 212	     0	72.8	100.0	1078	OK
 213	     0	72.8	102.9	1063	OK
 214	     0	72.3	100.4	1083	OK
 215	     0	69.4	98.4	1081	OK
 216	     0	73.9	103.3	1072	OK
 217	     0	72.1	102.0	1092	OK
 218	     0	73.3	102.0	1089	OK
 219	     0	71.8	99.3	1091	OK
 220	     0	73.4	101.6	1068	OK
 221	     0	69.7	98.9	1087	OK
 222	     0	73.6	103.3	1056	OK
 223	     0	71.4	99.5	1077	OK
 224	     0	71.5	100.1	1057	OK
 225	     0	71.8	99.6	1072	OK
 226	     0	70.8	101.8	1080	OK
 227	     0	69.7	100.0	1087	OK
 228	     0	73.0	102.5	1073	OK
 229	     0	70.4	97.4	1104	OK
 230	     0	71.8	100.0	1101	OK
 231	     0	69.5	97.5	1073	OK
 232	     0	71.1	101.2	1097	OK
 233	     0	70.1	101.4	1100	OK
 234	     0	72.3	100.2	1076	OK
 235	     0	71.7	99.8	1070	OK
 236	     0	72.7	99.8	1082	OK
 237	     0	72.8	102.8	1045	OK
 238	     0	71.9	100.6	1089	OK
 239	     0	71.0	98.4	1073	OK
 240	     0	75.2	104.1	1052	OK
 241	     0	71.9	99.4	1080	OK
 242	     0	72.0	99.2	1072	OK
 243	     0	72.1	101.4	1078	OK
 244	     0	71.9	99.9	1053	OK
 245	     0	71.6	99.6	1087	OK
 246	     0	72.6	101.1	1085	OK
 247	     0	73.4	100.2	1072	OK
 248	     0	75.8	104.0	1071	OK
 249	     0	71.9	100.8	1089	OK
 250	     0	72.5	101.2	1064	OK
 251	     0	73.5	100.4	1075	OK
 252	     0	74.3	100.9	1065	OK
 253	     0	75.6	104.5	1076	OK
 254	     0	72.0	100.0	1073	OK
 255	     0	72.3	100.0	1085	OK
 256	     0	73.9	104.8	1057	OK
 257	     0	74.2	103.9	1072	OK
 258	     0	73.7	104.6	1066	OK
 259	     0	76.1	103.9	1076	OK
 260	     0	71.8	101.8	1070	OK
 261	     0	76.8	105.8	1073	OK
 262	     0	71.2	101.6	1083	OK
 263	     0	73.7	101.7	1073	OK
 264	     0	73.7	103.9	1064	OK
 265	     0	71.7	99.9	1063	OK
 266	     0	72.6	99.8	1094	OK
 267	     0	72.4	102.7	1080	OK
 268	     0	73.5	104.3	1066	OK
 269	     0	74.3	102.4	1057	OK
 270	     0	73.5	102.0	1052	OK
 271	     0	72.3	100.6	1086	OK
 272	     0	73.7	103.9	1077	OK
 273	     0	73.6	103.6	1062	OK
 274	     0	73.0	100.8	1062	OK
 275	     0	70.8	99.9	1072	OK
 276	     0	74.5	104.8	1068	OK
 277	     0	75.1	104.3	1056	OK
 278	     0	72.9	101.9	1091	OK
 279	     0	71.5	99.6	1087	OK
 280	     0	73.0	102.6	1067	OK
 281	     0	74.1	104.0	1069	OK
 282	     0	74.2	102.9	1075	OK
 283	     0	73.7	103.2	1060	OK
 284	     0	74.1	104.5	1076	OK
 285	     0	72.8	100.9	1103	OK
 286	     0	73.2	102.5	1096	OK
 287	     0	71.7	101.4	1068	OK
 288	     0	71.7	100.4	1077	OK
 289	     0	74.4	104.8	1087	OK
 290	     0	73.2	101.4	1075	OK
 291	     0	71.7	101.3	1058	OK
 292	     0	73.3	102.9	1077	OK
 293	     0	73.5	101.7	1072	OK
 294	     0	69.4	100.4	1080	OK
 295	     0	71.3	101.8	1076	OK
 296	     0	72.5	101.5	1080	OK
 297	     0	71.2	99.7	1084	OK
 298	     0	75.1	104.3	1064	OK
 299	     0	74.1	103.0	1071	OK
 300	     0	73.3	101.3	1080	OK
 301	     0	72.1	102.4	1080	OK
 302	     0	71.7	100.9	1104	OK
 303	     0	74.1	102.0	1076	OK
 304	     0	72.9	102.2	1062	OK
 305	     0	75.0	104.9	1092	OK
 306	   100	66.0	97.4	1092	low gain
 307	     0	72.7	99.8	1066	OK
 308	     0	73.1	102.7	1072	OK
 309	     0	74.6	102.1	1050	OK
 310	     0	73.2	101.8	1081	OK
 311	     0	73.7	101.5	1066	OK
 312	     0	73.2	101.2	1075	OK
 313	     0	70.7	101.3	1052	OK
 314	     0	71.2	99.6	1075	OK
 315	     0	75.2	104.9	1078	OK
 316	     0	73.6	102.1	1084	OK
 317	     0	72.6	100.8	1105	OK
 318	     0	72.8	102.8	1043	OK
 319	     0	75.7	105.8	1066	OK
 320	     0	73.9	102.3	1078	OK
 321	     0	73.6	102.8	1063	OK
 322	     0	73.0	103.1	1067	OK
 323	     0	71.7	100.2	1084	OK
 324	     0	73.3	100.2	1100	OK
 325	     0	71.8	102.0	1099	OK
 326	     0	75.8	105.6	1088	OK
 327	     0	72.0	102.1	1064	OK
 328	     0	73.5	104.6	1067	OK
 329	     0	74.2	105.6	1073	OK
 330	     0	71.6	98.6	1114	OK
 331	     0	71.1	102.1	1058	OK
 332	     0	71.6	98.5	1075	OK
 333	     0	70.0	99.1	1051	OK
 334	     0	73.8	103.0	1079	OK
 335	     0	71.9	102.3	1060	OK
 336	     0	70.4	99.9	1076	OK
 337	     0	69.4	100.4	1091	OK
 338	     0	75.1	108.4	1077	OK
 339	     0	71.6	99.6	1066	OK
 340	     0	73.9	103.8	1063	OK
 341	     0	72.8	100.8	1059	OK
 342	     0	73.6	103.0	1075	OK
 343	     0	72.5	102.9	1084	OK
 344	     0	72.3	100.9	1074	OK
 345	     0	75.6	101.7	1065	OK
 346	     0	71.0	101.0	1086	OK
 347	     0	73.9	103.7	1058	OK
 348	     0	75.0	103.2	1063	OK
 349	     0	71.5	101.0	1054	OK
 350	     0	72.3	103.4	1057	OK
 351	     0	75.1	103.0	1072	OK
 352	     0	72.0	100.1	1076	OK
 353	     0	71.9	103.3	1044	OK
 354	     0	71.2	101.1	1094	OK
 355	     0	71.0	100.8	1068	OK
 356	     0	72.4	100.6	1068	OK
 357	     0	72.4	100.1	1078	OK
 358	     0	73.7	102.8	1064	OK
 359	     0	71.5	101.3	1086	OK
 360	     0	73.1	101.9	1067	OK
 361	     0	74.5	105.4	1062	OK
 362	     0	70.2	98.7	1039	OK
 363	     0	73.3	103.6	1068	OK
 364	     0	71.6	102.5	1073	OK
 365	     0	72.2	100.6	1062	OK
 366	     0	72.3	101.9	1060	OK
 367	     0	71.8	99.7	1045	OK
 368	     0	72.5	102.5	1081	OK
 369	     0	71.8	103.5	1062	OK
 370	     0	71.5	100.3	1062	OK
 371	     0	72.8	103.8	1063	OK
 372	     0	71.5	100.9	1061	OK
 373	     0	71.3	101.0	1049	OK
 374	     0	69.7	100.7	1071	OK
 375	     0	73.6	102.3	1080	OK
 376	     0	72.9	101.1	1066	OK
 377	     0	72.4	101.7	1071	OK
 378	     0	74.4	102.4	1063	OK
 379	     0	72.0	103.2	1071	OK
 380	     0	72.8	100.6	1079	OK
 381	     0	73.1	104.0	1066	OK
 382	     0	73.8	101.7	1081	OK
 383	     0	71.8	102.9	1041	OK
 384	     0	74.3	105.2	1041	OK
 385	     0	73.6	100.7	1048	OK
 386	     0	73.0	101.9	1021	OK
 387	     0	70.8	99.3	1059	OK
 388	     0	72.2	102.2	1065	OK
 389	     0	72.1	101.2	1046	OK
 390	     0	70.8	98.1	1044	OK
 391	     0	71.8	99.8	1053	OK
 392	     0	71.8	100.6	1051	OK
 393	     0	72.2	101.8	1064	OK
 394	     0	70.8	101.4	1048	OK
 395	     0	70.8	101.9	1047	OK
 396	     0	73.0	101.6	1063	OK
 397	     0	71.4	99.4	1051	OK
 398	     0	71.3	100.8	1069	OK
 399	     0	73.0	99.8	1051	OK
 400	     0	72.5	103.1	1072	OK
 401	     0	70.2	99.8	1050	OK
 402	     0	70.5	101.3	1055	OK
 403	     0	73.4	102.5	1069	OK
 404	     0	73.2	100.0	1071	OK
 405	     0	73.0	101.4	1077	OK
 406	     0	74.7	104.7	1061	OK
 407	     0	73.5	101.6	1049	OK
 408	     0	69.8	98.6	1062	OK
 409	     0	70.2	98.0	1045	OK
 410	     0	72.1	102.2	1052	OK
 411	     0	74.0	103.5	1034	OK
 412	     0	74.3	103.1	1057	OK
 413	     0	71.8	99.7	1061	OK
 414	     0	73.1	103.0	1045	OK
 415	     0	72.2	100.4	1074	OK
 416	     0	72.4	98.8	1063	OK
 417	     0	73.6	102.3	1041	OK
 418	     0	72.6	98.7	1040	OK
 419	     0	73.2	100.5	1067	OK
 420	     0	72.8	103.3	1039	OK
 421	     0	73.4	100.8	1061	OK
 422	     0	72.9	102.1	1032	OK
 423	     0	72.2	102.1	1068	OK
 424	     0	70.6	99.3	1066	OK
 425	     0	72.1	99.4	1054	OK
 426	     0	73.3	101.0	1064	OK
 427	     0	72.8	102.2	1048	OK
 428	     0	71.0	99.5	1078	OK
 429	     0	72.0	99.5	1055	OK
 430	     0	70.5	100.3	1036	OK
 431	     0	71.8	99.8	1041	OK
 432	     0	71.5	99.1	1061	OK
 433	     0	70.2	99.9	1070	OK
 434	     0	73.3	100.9	1057	OK
 435	     0	71.3	101.6	1022	OK
 436	     0	70.5	96.7	1058	OK
 437	     0	71.3	99.0	1060	OK
 438	     0	70.8	101.1	1042	OK
 439	     0	73.9	100.8	1077	OK
 440	     0	72.2	99.9	1071	OK
 441	     0	73.6	101.9	1057	OK
 442	     0	75.0	104.0	1032	OK
 443	     0	72.3	100.4	1061	OK
 444	     0	73.3	101.2	1046	OK
 445	     0	73.2	102.3	1047	OK
 446	     0	73.0	101.4	1055	OK
 447	     0	70.8	99.9	1047	OK
 448	     0	71.8	103.2	1040	OK
 449	     0	72.1	100.7	1050	OK
 450	     0	72.7	101.5	1068	OK
 451	     0	71.3	100.6	1083	OK
 452	     0	71.6	98.1	1059	OK
 453	     0	73.7	100.7	1056	OK
 454	     0	72.7	100.0	1048	OK
 455	     0	73.5	102.0	1039	OK
 456	     0	70.3	97.3	1048	OK
 457	     0	69.4	98.1	1047	OK
 458	     0	72.8	101.0	1035	OK
 459	     0	70.7	98.2	1046	OK
 460	     0	71.7	101.7	1042	OK
 461	     0	73.2	102.3	1035	OK
 462	     0	75.1	102.3	1044	OK
 463	     0	71.9	99.9	1036	OK
 464	     0	72.0	101.0	1044	OK
 465	     0	71.5	101.4	1018	OK
 466	     0	73.0	102.5	1060	OK
 467	     0	71.0	100.6	1038	OK
 468	     0	73.3	100.9	1051	OK
 469	     0	72.9	102.7	1051	OK
 470	     0	72.0	99.0	1037	OK
 471	     0	73.9	101.6	1039	OK
 472	     0	70.9	98.5	1054	OK
 473	     0	72.7	100.7	1035	OK
 474	     0	70.6	98.2	1010	OK
 475	     0	71.6	100.9	1050	OK
 476	     0	73.2	102.2	1045	OK
 477	     0	72.9	100.7	1058	OK
 478	     0	71.1	100.3	1026	OK
 479	     0	76.7	106.0	1054	OK
 480	     0	70.3	99.3	1035	OK
 481	     0	76.0	104.7	1037	OK
 482	     0	73.4	101.7	1047	OK
 483	     0	72.9	103.9	1037	OK
 484	     0	72.4	102.3	1066	OK
 485	     0	74.4	102.8	1045	OK
 486	     0	71.5	99.1	1042	OK
 487	     0	73.2	100.0	1030	OK
 488	     0	76.6	104.9	1036	OK
 489	     0	71.8	100.0	1036	OK
 490	     0	75.1	103.1	1028	OK
 491	     0	73.8	100.6	1032	OK
 492	     0	72.2	101.6	1055	OK
 493	     0	73.3	99.6	1024	OK
 494	     0	71.6	101.4	1021	OK
 495	     0	72.0	101.0	1027	OK
 496	     0	73.3	102.5	1022	OK
 497	     0	74.1	104.1	1016	OK
 498	     0	73.5	102.0	1032	OK
 499	     0	72.1	100.9	1037	OK
 500	     0	72.5	102.2	1043	OK
 501	     0	74.3	103.0	1060	OK
 502	     0	73.0	102.3	1047	OK
 503	     0	74.1	102.5	1013	OK
 504	     0	74.8	101.0	1040	OK
 505	     0	72.8	100.7	1012	OK
 506	     0	75.1	104.7	1032	OK
 507	     0	77.6	104.5	1019	OK
 508	     0	73.5	102.6	1016	OK
 509	     0	77.3	106.9	1014	OK
 510	     0	72.4	100.9	1051	OK
 511	     0	74.5	101.6	1012	OK
 512	     0	74.8	104.6	1019	OK
 513	     0	74.4	103.2	1033	OK
 514	     0	73.6	101.8	1029	OK
 515	     0	75.2	104.0	1004	OK
 516	     0	73.1	101.0	1046	OK
 517	     0	71.0	99.0	1036	OK
 518	     0	76.5	106.1	1036	OK
 519	     0	74.3	104.1	1041	OK
 520	     0	71.6	100.5	1041	OK
 521	     0	75.6	106.5	1053	OK
 522	     0	75.8	106.6	1023	OK
 523	     0	71.8	101.1	1057	OK
 524	     0	72.6	100.2	1045	OK
 525	     0	73.1	101.8	1038	OK
 526	     0	74.0	101.7	1011	OK
 527	     0	72.0	101.4	1032	OK
 528	     0	74.0	104.9	1015	OK
 529	     0	73.3	102.2	1038	OK
 530	     0	74.6	104.4	1009	OK
 531	     0	73.3	100.8	1052	OK
 532	     0	72.7	103.1	1039	OK
 533	     0	73.5	100.5	1013	OK
 534	     0	71.8	103.2	1051	OK
 535	     0	70.8	102.3	1026	OK
 536	     0	72.9	100.5	1014	OK
 537	     0	74.6	104.6	1034	OK
 538	     0	73.1	101.0	1024	OK
 539	     0	75.3	103.9	1020	OK
 540	     0	73.5	101.5	1036	OK
 541	     0	70.8	101.8	1024	OK
 542	     0	73.1	103.9	1025	OK
 543	     0	72.8	101.8	1049	OK
 544	     0	71.5	99.4	1034	OK
 545	     0	72.1	102.3	1017	OK
 546	     0	75.4	103.8	1025	OK
 547	     0	71.5	102.2	1022	OK
 548	     0	73.2	102.1	1036	OK
 549	     0	73.6	102.9	1053	OK
 550	     0	70.9	100.2	1029	OK
 551	     0	72.5	102.9	1030	OK
 552	     0	71.1	99.2	1042	OK
 553	     0	70.5	99.6	1039	OK
 554	     0	72.9	101.8	1024	OK
 555	     0	71.0	99.0	1034	OK
 556	     0	72.5	101.9	1046	OK
 557	     0	71.1	99.8	1029	OK
 558	     0	69.1	98.8	1038	OK
 559	     0	73.5	104.0	1018	OK
 560	     0	71.7	100.3	1015	OK
 561	     0	75.6	103.9	1039	OK
 562	     0	73.0	102.2	1044	OK
 563	     0	71.5	101.0	1019	OK
 564	     0	69.4	98.3	1032	OK
 565	     0	71.3	99.9	1032	OK
 566	     0	72.8	100.9	1033	OK
 567	     0	72.0	102.8	1015	OK
 568	     0	72.3	101.0	1038	OK
 569	     0	72.4	102.0	1035	OK
 570	     0	70.3	99.5	1037	OK
 571	     0	71.0	99.2	1050	OK
 572	     0	72.6	104.6	1043	OK
 573	     0	70.3	99.0	1005	OK
 574	     0	72.5	102.9	1021	OK
 575	     0	72.0	101.0	1070	OK
 576	     0	75.3	103.9	1040	OK
 577	     0	72.3	104.2	1043	OK
 578	     0	73.1	105.2	1037	OK
 579	     0	73.4	102.5	1034	OK
 580	     0	69.5	98.1	1044	OK
 581	     0	72.0	100.6	1052	OK
 582	     0	73.0	103.4	1044	OK
 583	     0	70.1	100.4	1042	OK
 584	     0	72.2	101.0	1052	OK
 585	     0	70.4	99.5	1031	OK
 586	     0	70.6	101.1	1058	OK
 587	     0	71.7	98.6	1047	OK
 588	     0	70.1	98.2	1034	OK
 589	     0	70.5	101.3	1057	OK
 590	     0	71.4	98.9	1061	OK
 591	     0	72.5	102.6	1064	OK
 592	     0	70.7	98.5	1060	OK
 593	     0	69.1	99.6	1061	OK
 594	     0	71.6	101.7	1067	OK
 595	     0	73.2	103.6	1059	OK
 596	     0	72.6	100.5	1041	OK
 597	     0	71.5	101.0	1068	OK
 598	     0	72.3	100.9	1057	OK
 599	     0	70.4	99.1	1072	OK
 600	     0	72.4	102.2	1030	OK
 601	     0	71.6	101.4	1043	OK
 602	     0	72.1	102.2	1063	OK
 603	     0	74.4	101.9	1079	OK
 604	     0	71.8	100.0	1094	OK
 605	     0	72.7	99.9	1064	OK
 606	     0	72.3	100.9	1059	OK
 607	     0	72.2	101.6	1074	OK
 608	     0	71.1	102.9	1088	OK
 609	     0	71.5	98.1	1090	OK
 610	     0	71.4	101.3	1067	OK
 611	     0	73.6	101.8	1087	OK
 612	     0	72.3	100.6	1070	OK
 613	     0	73.1	102.7	1078	OK
 614	     0	70.1	102.5	1085	OK
 615	     0	71.2	100.5	1092	OK
 616	     0	72.8	101.2	1086	OK
 617	     0	74.5	106.9	1098	OK
 618	     0	72.1	100.5	1094	OK
 619	     0	72.1	99.8	1073	OK
 620	     0	72.2	99.6	1097	OK
 621	     0	73.0	100.5	1078	OK
 622	     0	71.3	100.3	1095	OK
 623	     0	71.9	99.7	1072	OK
 624	     0	72.8	101.8	1089	OK
 625	     0	72.2	103.1	1078	OK
 626	     0	72.5	100.1	1090	OK
 627	     0	71.9	99.0	1068	OK
 628	     0	73.7	102.1	1079	OK
 629	     0	71.7	100.5	1083	OK
 630	     0	71.2	99.5	1089	OK
 631	     0	74.2	102.5	1058	OK
 632	     0	72.2	98.3	1096	OK
 633	     0	73.6	101.7	1099	OK
 634	  4000	72.7	99.8	1112	high noise
 635	     0	71.0	99.9	1084	OK
 636	     0	74.7	103.9	1082	OK
 637	  4000	71.6	100.8	1108	high noise
 638	     0	74.3	103.6	1103	OK
 639	     0	73.6	101.3	1088	OK
 640	     0	74.3	103.3	1070	OK
 641	     0	73.9	102.7	1097	OK
 642	     0	72.1	102.1	1094	OK
 643	     0	72.3	104.3	1076	OK
 644	     0	72.8	103.9	1085	OK
 645	     0	72.8	104.1	1059	OK
 646	     0	72.7	102.5	1086	OK
 647	     0	71.9	102.5	1078	OK
 648	     0	72.8	102.2	1061	OK
 649	     0	72.1	103.2	1056	OK
 650	     0	73.1	101.2	1095	OK
 651	     0	72.0	101.8	1071	OK
 652	     0	69.6	99.1	1095	OK
 653	     0	72.5	101.4	1072	OK
 654	     0	72.4	103.6	1081	OK
 655	     0	74.1	101.9	1080	OK
 656	     0	71.5	101.0	1066	OK
 657	     0	74.0	102.5	1052	OK
 658	     0	72.3	102.2	1057	OK
 659	     0	69.7	100.2	1080	OK
 660	     0	73.5	102.4	1070	OK
 661	     0	74.0	101.9	1051	OK
 662	     0	71.4	101.3	1077	OK
 663	     0	73.3	102.0	1068	OK
 664	     0	74.9	103.3	1057	OK
 665	     0	70.5	99.9	1061	OK
 666	     0	71.5	101.7	1072	OK
 667	     0	72.9	104.0	1055	OK
 668	     0	71.3	100.9	1076	OK
 669	     0	71.5	101.0	1066	OK
 670	     0	71.4	103.5	1069	OK
 671	     0	70.6	99.9	1071	OK
 672	     0	72.9	102.4	1039	OK
 673	     0	72.7	102.8	1076	OK
 674	     0	72.7	103.9	1042	OK
 675	     0	74.0	102.6	1056	OK
 676	     0	74.6	105.5	1042	OK
 677	     0	74.3	105.9	1067	OK
 678	     0	71.5	99.5	1057	OK
 679	     0	72.4	103.6	1039	OK
 680	     0	72.9	103.4	1079	OK
 681	     0	71.3	100.1	1054	OK
 682	     0	72.3	101.4	1057	OK
 683	     0	71.6	102.5	1047	OK
 684	     0	71.8	103.7	1083	OK
 685	     0	75.0	103.8	1055	OK
 686	     0	72.5	101.3	1064	OK
 687	     0	72.6	103.4	1041	OK
 688	     0	71.4	102.5	1047	OK
 689	     0	71.1	101.8	1041	OK
 690	     0	70.9	99.9	1068	OK
 691	     0	72.2	101.5	1055	OK
 692	     0	72.4	103.0	1058	OK
 693	     0	71.6	99.1	1068	OK
 694	     0	71.4	99.9	1074	OK
 695	     0	69.6	98.6	1053	OK
 696	     0	71.3	101.8	1060	OK
 697	     0	72.9	103.6	1071	OK
 698	     0	70.9	99.7	1044	OK
 699	     0	72.2	100.7	1045	OK
 700	     0	72.0	99.8	1042	OK
 701	     0	73.4	101.1	1078	OK
 702	     0	73.0	101.6	1030	OK
 703	     0	71.5	98.9	1048	OK
 704	     0	72.8	100.6	1038	OK
 705	     0	72.6	104.0	1045	OK
 706	     0	69.5	99.5	1063	OK
 707	     0	71.6	102.7	1061	OK
 708	     0	73.1	105.1	1049	OK
 709	     0	72.7	100.8	1026	OK
 710	     0	71.7	100.7	1066	OK
 711	     0	73.5	100.8	1039	OK
 712	     0	72.6	100.1	1062	OK
 713	     0	71.7	103.2	1060	OK
 714	     0	73.6	104.4	1056	OK
 715	     0	73.3	101.8	1037	OK
 716	     0	73.4	102.5	1056	OK
 717	     0	73.5	103.0	1049	OK
 718	     0	71.4	100.1	1033	OK
 719	     0	73.2	103.3	1038	OK
 720	     0	75.5	105.9	1072	OK
 721	     0	71.0	98.9	1051	OK
 722	     0	74.4	104.3	1033	OK
 723	     0	72.4	99.3	1043	OK
 724	     0	74.5	104.0	1067	OK
 725	     0	73.3	100.4	1050	OK
 726	     0	71.6	101.2	1054	OK
 727	     0	72.5	104.0	1042	OK
 728	     0	72.9	100.7	1036	OK
 729	     0	70.3	97.4	1033	OK
 730	     0	72.6	102.3	1064	OK
 731	     0	73.3	102.9	1028	OK
 732	     0	71.6	100.4	1032	OK
 733	     0	70.4	98.6	1041	OK
 734	     0	71.5	101.2	1035	OK
 735	     0	73.0	101.1	1029	OK
 736	     0	73.8	102.1	1066	OK
 737	     0	71.4	102.2	1038	OK
 738	     0	74.4	102.9	1042	OK
 739	     0	73.4	101.7	1046	OK
 740	     0	73.0	102.9	1050	OK
 741	     0	72.1	100.2	1055	OK
 742	     0	71.3	99.7	1056	OK
 743	     0	72.3	100.2	1034	OK
 744	     0	74.0	103.4	1051	OK
 745	     0	72.6	103.0	1045	OK
 746	     0	72.8	102.7	1065	OK
 747	     0	73.2	102.7	1052	OK
 748	     0	74.7	103.2	1076	OK
 749	     0	73.1	103.0	1048	OK
 750	     0	74.1	103.0	1044	OK
 751	     0	71.5	99.1	1063	OK
 752	     0	74.5	104.0	1027	OK
 753	     0	74.3	105.2	1058	OK
 754	     0	75.2	105.6	1040	OK
 755	     0	74.7	102.0	1046	OK
 756	     0	70.0	100.2	1060	OK
 757	     0	75.2	104.7	1039	OK
 758	     0	72.6	102.7	1044	OK
 759	     0	72.9	100.7	1072	OK
 760	     0	74.7	102.6	1080	OK
 761	     0	73.0	101.9	1068	OK
 762	     0	73.4	104.9	1059	OK
 763	     0	74.6	103.3	1077	OK
 764	     0	73.1	102.2	1068	OK
 765	     0	72.3	101.6	1100	OK
 766	     0	74.8	103.1	1066	OK
 767	     0	73.4	104.5	1062	OK
 768	     0	73.0	101.9	1145	OK
 769	     0	75.1	104.1	1151	OK
 770	     0	72.9	104.4	1103	OK
 771	     0	70.6	98.8	1140	OK
 772	     0	70.8	100.0	1155	OK
 773	     0	72.4	100.1	1150	OK
 774	     0	72.2	100.6	1141	OK
 775	     0	71.5	100.7	1127	OK
 776	     0	73.3	100.0	1135	OK
 777	     0	71.9	101.6	1108	OK
 778	     0	70.7	99.6	1117	OK
 779	     0	71.8	101.7	1122	OK
 780	     0	72.1	101.6	1133	OK
 781	     0	72.2	97.9	1102	OK
 782	     0	68.4	100.1	1100	OK
 783	     0	70.4	98.9	1107	OK
 784	     0	68.4	99.0	1121	OK
 785	     0	70.6	101.0	1122	OK
 786	     0	74.1	102.6	1108	OK
 787	     0	72.1	98.8	1113	OK
 788	     0	69.3	99.3	1115	OK
 789	     0	71.8	100.0	1120	OK
 790	     0	71.6	99.1	1136	OK
 791	     0	69.1	99.7	1114	OK
 792	     0	72.6	101.1	1122	OK
 793	     0	71.6	101.7	1117	OK
 794	     0	71.6	100.2	1120	OK
 795	     0	70.5	100.9	1119	OK
 796	     0	74.1	105.4	1131	OK
 797	     0	71.9	99.1	1110	OK
 798	     0	71.5	99.7	1094	OK
 799	     0	70.0	100.1	1138	OK
 800	     0	71.6	101.2	1105	OK
 801	     0	73.5	100.7	1088	OK
 802	     0	71.7	101.8	1120	OK
 803	     0	70.8	99.5	1106	OK
 804	     0	70.4	99.1	1108	OK
 805	     0	70.5	99.3	1081	OK
 806	     0	70.7	101.2	1108	OK
 807	     0	70.0	98.8	1119	OK
 808	     0	69.1	99.6	1130	OK
 809	     0	69.0	97.2	1102	OK
 810	     0	70.5	99.9	1125	OK
 811	     0	70.4	100.1	1116	OK
 812	     0	70.6	101.3	1123	OK
 813	     0	67.4	99.3	1116	OK
 814	     0	69.2	98.6	1138	OK
 815	     0	68.5	97.2	1120	OK
 816	     0	69.9	97.9	1126	OK
 817	     0	69.6	97.7	1125	OK
 818	     0	69.5	100.0	1128	OK
 819	     0	69.7	100.9	1131	OK
 820	     0	68.8	100.6	1146	OK
 821	     0	68.5	96.6	1128	OK
 822	     0	72.9	102.3	1134	OK
 823	     0	69.6	99.3	1109	OK
 824	     0	71.0	99.9	1123	OK
 825	     0	70.5	99.1	1118	OK
 826	     0	71.3	101.1	1140	OK
 827	     0	71.2	101.1	1157	OK
 828	     0	72.7	101.1	1135	OK
 829	     0	70.7	97.9	1100	OK
 830	     0	72.3	101.3	1120	OK
 831	     0	70.0	99.0	1110	OK
 832	     0	72.0	100.6	1117	OK
 833	     0	69.7	98.8	1103	OK
 834	     0	71.7	100.0	1104	OK
 835	     0	70.7	100.7	1105	OK
 836	     0	71.3	102.2	1119	OK
 837	     0	69.6	98.1	1120	OK
 838	     0	71.8	99.0	1122	OK
 839	     0	71.1	101.2	1107	OK
 840	     0	71.9	98.9	1113	OK
 841	     0	73.0	98.9	1115	OK
 842	     0	70.1	99.2	1131	OK
 843	     0	72.4	102.3	1112	OK
 844	     0	68.6	98.5	1114	OK
 845	     0	73.1	102.9	1142	OK
 846	     0	71.6	98.9	1124	OK
 847	     0	71.8	101.1	1116	OK
 848	     0	71.2	100.7	1120	OK
 849	     0	69.5	99.8	1141	OK
 850	     0	72.4	104.2	1115	OK
 851	     0	71.7	101.4	1130	OK
 852	     0	70.0	97.7	1129	OK
 853	     0	72.9	100.1	1136	OK
 854	     0	73.1	99.8	1142	OK
 855	     0	70.9	104.8	1108	OK
 856	     0	73.8	103.1	1113	OK
 857	     0	70.1	99.3	1132	OK
 858	     0	69.6	99.7	1147	OK
 859	     0	71.8	99.8	1096	OK
 860	     0	69.6	97.6	1119	OK
 861	     0	71.0	100.6	1131	OK
 862	     0	72.9	102.7	1107	OK
 863	     0	70.6	100.3	1119	OK
 864	     0	72.3	104.0	1097	OK
 865	     0	72.3	101.0	1100	OK
 866	     0	71.7	101.5	1109	OK
 867	     0	70.7	100.8	1096	OK
 868	     0	71.9	98.3	1105	OK
 869	     0	69.8	96.8	1135	OK
 870	     0	69.9	99.5	1089	OK
 871	     0	71.6	99.7	1109	OK
 872	     0	70.1	99.1	1104	OK
 873	     0	72.0	97.8	1102	OK
 874	     0	70.3	97.9	1102	OK
 875	     0	70.4	98.1	1102	OK
 876	     0	72.0	101.0	1098	OK
 877	     0	70.7	99.1	1107	OK
 878	     0	71.6	98.7	1099	OK
 879	     0	69.7	97.4	1130	OK
 880	     0	69.4	98.2	1098	OK
 881	     0	70.9	98.4	1097	OK
 882	     0	71.8	98.9	1092	OK
 883	     0	70.4	97.7	1107	OK
 884	     0	70.9	98.7	1116	OK
 885	     0	69.4	99.8	1090	OK
 886	     0	71.7	101.0	1107	OK
 887	     0	71.9	102.6	1103	OK
 888	     0	70.6	100.0	1099	OK
 889	     0	71.4	102.1	1122	OK
 890	     0	73.1	100.8	1117	OK
 891	     0	71.5	101.1	1120	OK
 892	     0	70.4	99.5	1142	OK
 893	     0	70.1	101.1	1123	OK
 894	     0	71.7	101.1	1117	OK
 895	     0	72.7	99.3	1127	OK
 896	     0	71.8	99.7	1126	OK
 897	     0	74.2	103.1	1136	OK
 898	     0	71.2	99.6	1130	OK
 899	     0	72.5	101.3	1127	OK
 900	     0	70.4	99.8	1125	OK
 901	     0	71.9	102.8	1120	OK
 902	     0	73.2	102.6	1107	OK
 903	     0	71.6	102.6	1116	OK
 904	  4000	69.9	99.5	1159	high noise
 905	  4000	71.7	100.5	1143	high noise
 906	     0	70.6	100.7	1135	OK
 907	     0	72.4	103.1	1139	OK
 908	  4000	71.0	99.3	1142	high noise
 909	  4000	69.7	97.8	1156	high noise
 910	  4000	69.8	97.0	1148	high noise
 911	  4000	71.5	101.1	1146	high noise
 912	     0	69.4	97.1	1116	OK
 913	  4000	72.8	103.0	1163	high noise
 914	  4000	70.3	99.3	1160	high noise
 915	     0	73.3	101.2	1120	OK
 916	     0	71.7	102.9	1113	OK
 917	     0	69.1	99.4	1122	OK
 918	     0	71.5	99.4	1113	OK
 919	     0	71.1	101.0	1138	OK
 920	     0	69.4	99.8	1123	OK
 921	     0	69.6	99.8	1102	OK
 922	     0	71.9	97.8	1119	OK
 923	     0	72.6	101.5	1096	OK
 924	     0	73.0	101.8	1115	OK
 925	     0	72.3	102.6	1102	OK
 926	     0	72.8	101.3	1111	OK
 927	     0	73.4	104.0	1109	OK
 928	     0	69.6	98.5	1103	OK
 929	     0	70.1	99.9	1118	OK
 930	     0	73.5	102.2	1093	OK
 931	     0	68.5	97.4	1113	OK
 932	     0	71.5	99.3	1113	OK
 933	     0	71.0	97.2	1121	OK
 934	     0	71.5	98.3	1097	OK
 935	     0	73.6	103.3	1097	OK
 936	     0	71.3	102.9	1086	OK
 937	     0	70.9	101.1	1095	OK
 938	     0	71.2	101.4	1106	OK
 939	     0	73.7	103.5	1090	OK
 940	     0	70.8	101.9	1120	OK
 941	     0	70.6	98.6	1107	OK
 942	     0	68.8	96.7	1114	OK
 943	     0	70.9	100.2	1101	OK
 944	     0	70.0	99.1	1120	OK
 945	     0	70.2	97.5	1074	OK
 946	     0	69.6	99.1	1104	OK
 947	     0	70.3	99.6	1075	OK
 948	     0	71.9	100.4	1077	OK
 949	     0	69.6	100.8	1088	OK
 950	     0	72.9	103.5	1090	OK
 951	     0	71.7	102.0	1073	OK
 952	     0	71.9	100.9	1063	OK
 953	     0	71.9	100.7	1082	OK
 954	     0	69.8	100.1	1070	OK
 955	     0	71.6	100.4	1062	OK
 956	     0	70.8	97.5	1066	OK
 957	     0	69.8	98.1	1067	OK
 958	     0	73.1	102.5	1074	OK
 959	     0	72.4	100.4	1078	OK
 960	     0	73.5	102.0	1014	OK
 961	     0	73.8	103.6	1062	OK
 962	     0	72.5	100.8	1044	OK
 963	     0	74.7	104.5	1052	OK
 964	     0	71.7	99.2	1042	OK
 965	     0	70.6	99.4	1068	OK
 966	     0	71.9	103.0	1050	OK
 967	     0	70.6	101.1	1054	OK
 968	     0	72.9	101.9	1053	OK
 969	     0	72.3	101.8	1046	OK
 970	     0	70.9	100.2	1057	OK
 971	     0	72.1	104.3	1049	OK
 972	     0	71.8	103.7	1042	OK
 973	     0	71.2	99.6	1058	OK
 974	     0	70.8	98.9	1046	OK
 975	     0	72.3	101.2	1052	OK
 976	     0	73.0	101.5	1076	OK
 977	     0	71.2	101.8	1061	OK
 978	     0	69.5	99.4	1073	OK
 979	     0	70.7	100.7	1071	OK
 980	     0	72.3	103.0	1064	OK
 981	     0	70.1	100.5	1055	OK
 982	     0	72.4	100.4	1045	OK
 983	     0	70.9	98.8	1054	OK
 984	     0	72.9	102.9	1062	OK
 985	     0	70.2	101.0	1031	OK
 986	     0	69.4	101.2	1052	OK
 987	     0	72.4	100.5	1038	OK
 988	     0	70.4	99.0	1055	OK
 989	     0	70.4	100.1	 996	OK
 990	     0	71.3	102.6	1055	OK
 991	     0	72.4	102.2	1071	OK
 992	     0	71.0	99.2	1060	OK
 993	     0	71.3	100.5	1043	OK
 994	     0	70.4	99.1	1046	OK
 995	     0	71.9	101.4	1035	OK
 996	     0	74.3	101.8	1024	OK
 997	     0	73.1	103.0	1036	OK
 998	     0	72.0	99.4	1041	OK
 999	     0	69.2	99.6	1056	OK
1000	     0	73.0	100.6	1025	OK
1001	     0	75.2	102.9	1033	OK
1002	     0	72.0	101.0	1030	OK
1003	     0	72.3	100.2	1054	OK
1004	     0	72.6	100.3	1033	OK
1005	     0	72.7	102.9	1023	OK
1006	     0	72.2	99.8	1029	OK
1007	     0	73.0	100.4	1038	OK
1008	     0	72.3	101.8	1041	OK
1009	     0	70.8	102.2	1031	OK
1010	     0	72.8	101.1	1053	OK
1011	     0	74.4	101.7	1012	OK
1012	     0	72.8	103.1	1041	OK
1013	     0	72.6	100.4	1049	OK
1014	     0	74.9	105.0	1042	OK
1015	     0	73.8	101.0	1042	OK
1016	     0	76.1	104.5	1026	OK
1017	     0	71.9	102.1	1024	OK
1018	     0	73.4	102.3	1054	OK
1019	     0	74.7	103.8	1021	OK
1020	     0	74.0	105.0	1045	OK
1021	     0	74.8	104.3	1011	OK
1022	     0	76.0	103.6	1022	OK
1023	     0	72.9	102.6	1044	OK
1024	     0	72.0	104.3	1047	OK
1025	     0	74.3	105.7	1030	OK
1026	     0	74.4	104.8	1048	OK
1027	     0	73.8	103.5	1054	OK
1028	     0	73.0	101.9	1046	OK
1029	     0	74.4	107.1	1041	OK
1030	     0	74.4	106.0	1035	OK
1031	     0	75.4	106.0	1034	OK
1032	     0	73.9	104.2	1013	OK
1033	     0	70.5	99.2	1025	OK
1034	     0	72.3	101.2	1024	OK
1035	     0	73.4	105.1	1025	OK
1036	     0	74.1	104.8	1032	OK
1037	     0	74.6	105.6	1028	OK
1038	     0	75.8	105.0	1028	OK
1039	     0	74.2	101.9	1030	OK
1040	     0	73.3	102.5	1028	OK
1041	     0	71.4	100.4	1036	OK
1042	     0	71.5	101.9	1027	OK
1043	     0	74.9	106.3	1023	OK
1044	     0	74.0	103.8	1038	OK
1045	     0	73.7	104.7	1013	OK
1046	     0	74.7	106.4	1025	OK
1047	     0	70.7	100.5	1043	OK
1048	     0	74.3	104.0	1031	OK
1049	     0	72.1	102.4	1010	OK
1050	     0	72.9	103.1	1040	OK
1051	     0	69.9	99.5	1031	OK
1052	     0	72.1	103.0	1041	OK
1053	     0	74.5	101.9	1034	OK
1054	     0	74.1	104.6	1039	OK
1055	     0	72.4	102.0	1048	OK
1056	     0	73.8	104.8	1013	OK
1057	     0	74.0	103.4	1025	OK
1058	     0	72.9	104.0	1042	OK
1059	     0	74.5	106.9	1016	OK
1060	     0	72.7	103.5	1043	OK
1061	     0	72.2	103.5	1034	OK
1062	     0	72.5	102.2	1040	OK
1063	     0	71.9	100.2	1033	OK
1064	     0	69.0	98.1	1047	OK
1065	     0	71.4	100.2	1044	OK
1066	     0	74.0	103.0	1036	OK
1067	     0	73.1	102.7	1052	OK
1068	     0	69.9	100.5	1027	OK
1069	     0	73.8	102.3	1047	OK
1070	     0	72.9	103.9	1056	OK
1071	     0	72.8	101.5	1019	OK
1072	     0	71.9	102.1	1017	OK
1073	     0	71.1	102.8	1042	OK
1074	     0	74.2	103.2	1030	OK
1075	     0	72.2	102.4	1043	OK
1076	     0	69.0	97.7	1052	OK
1077	     0	71.0	99.7	1041	OK
1078	     0	72.0	102.9	1046	OK
1079	     0	71.3	100.9	1042	OK
1080	     0	69.0	99.3	1058	OK
1081	     0	72.1	102.6	1065	OK
1082	     0	72.8	101.2	1038	OK
1083	     0	71.8	99.6	1039	OK
1084	     0	71.3	104.7	1045	OK
1085	     0	69.4	100.6	1042	OK
1086	     0	70.9	101.3	1040	OK
1087	     0	73.4	101.4	1045	OK
1088	     0	72.8	102.1	1033	OK
1089	     0	74.1	104.0	1025	OK
1090	     0	70.0	99.1	1055	OK
1091	     0	71.6	101.2	1044	OK
1092	     0	70.4	100.5	1057	OK
1093	     0	71.3	99.1	1040	OK
1094	     0	70.7	98.2	1040	OK
1095	     0	69.6	97.6	1049	OK
1096	     0	66.3	96.8	1072	OK
1097	     0	70.5	100.5	1030	OK
1098	     0	71.0	101.0	1025	OK
1099	     0	72.6	104.0	1053	OK
1100	     0	71.5	102.8	1023	OK
1101	     0	73.8	103.7	1033	OK
1102	     0	69.7	102.2	1066	OK
1103	     0	71.5	105.0	1055	OK
1104	     0	72.1	101.2	1060	OK
1105	     0	71.6	101.9	1025	OK
1106	     0	73.3	103.2	1031	OK
1107	     0	71.0	100.0	1042	OK
1108	     0	71.3	100.7	1051	OK
1109	     0	69.8	98.5	1052	OK
1110	     0	68.2	97.6	1043	OK
1111	     0	68.9	96.2	1042	OK
1112	     0	72.0	100.0	1055	OK
1113	     0	71.5	98.9	1047	OK
1114	     0	70.2	99.0	1047	OK
1115	     0	72.4	101.0	1048	OK
1116	     0	70.1	99.0	1045	OK
1117	     0	69.4	100.4	1044	OK
1118	     0	70.3	101.0	1045	OK
1119	     0	70.5	98.2	1050	OK
1120	     0	71.4	102.6	1063	OK
1121	     0	71.3	104.0	1045	OK
1122	     0	70.2	101.1	1053	OK
1123	     0	68.2	98.9	1064	OK
1124	     0	69.9	103.2	1017	OK
1125	     0	70.2	101.5	1041	OK
1126	     0	71.0	100.9	1043	OK
1127	     0	71.5	99.5	1033	OK
1128	     0	70.9	101.3	1048	OK
1129	     0	72.4	100.3	1027	OK
1130	     0	70.9	100.5	1031	OK
1131	     0	70.8	101.0	1028	OK
1132	     0	69.8	100.1	1031	OK
1133	     0	71.1	103.2	1049	OK
1134	     0	70.6	99.2	1061	OK
1135	     0	72.3	101.6	1031	OK
1136	     0	72.1	100.9	1078	OK
1137	     0	71.0	102.1	1051	OK
1138	     0	72.6	101.6	1042	OK
1139	     0	72.0	102.6	1060	OK
1140	     0	71.6	100.9	1057	OK
1141	     0	72.7	102.9	1028	OK
1142	     0	72.5	100.2	1081	OK
1143	     0	72.7	100.9	1027	OK
1144	     0	70.0	99.8	1048	OK
1145	     0	71.6	102.3	1039	OK
1146	     0	71.1	101.3	1019	OK
1147	     0	70.4	99.2	1037	OK
1148	     0	71.9	101.0	1028	OK
1149	     0	69.5	99.1	1028	OK
1150	     0	74.7	103.6	1059	OK
1151	     0	71.0	100.1	1044	OK
1152	     0	71.9	100.9	1025	OK
1153	     0	71.9	104.0	1012	OK
1154	     0	66.4	96.9	1052	OK
1155	     0	69.5	98.4	1037	OK
1156	     0	71.4	104.9	1056	OK
1157	     0	68.9	98.6	1047	OK
1158	     0	69.6	99.1	1045	OK
1159	     0	68.4	98.9	1044	OK
1160	     0	70.9	101.6	1022	OK
1161	     0	69.6	98.0	1039	OK
1162	     0	70.7	100.8	1026	OK
1163	     0	70.5	101.4	1006	OK
1164	     0	70.5	101.7	1037	OK
1165	     0	73.0	100.8	1040	OK
1166	     0	67.1	96.1	1047	OK
1167	     0	68.8	99.3	1046	OK
1168	     0	71.0	100.0	1038	OK
1169	     0	69.2	96.7	1036	OK
1170	     0	68.8	99.0	1052	OK
1171	     0	69.9	99.8	1039	OK
1172	     0	70.9	99.8	1054	OK
1173	     0	71.5	101.9	1035	OK
1174	     0	70.6	101.0	1036	OK
1175	     0	68.9	97.9	1055	OK
1176	     0	70.1	100.1	1007	OK
1177	     0	70.3	101.8	1039	OK
1178	     0	69.3	99.1	1050	OK
1179	     0	72.0	102.3	1044	OK
1180	     0	68.1	100.2	1016	OK
1181	     0	70.5	100.9	1035	OK
1182	     0	69.1	100.5	1013	OK
1183	     0	70.8	102.1	1025	OK
1184	     0	66.8	95.7	1042	OK
1185	     0	68.4	97.8	1047	OK
1186	     0	71.5	100.7	1023	OK
1187	     0	69.6	98.9	1045	OK
1188	     0	70.4	101.9	1039	OK
1189	     0	69.3	101.1	1031	OK
1190	     0	69.9	100.8	1021	OK
1191	     0	70.7	100.6	1032	OK
1192	     0	71.1	103.0	1031	OK
1193	     0	70.5	102.0	1054	OK
1194	     0	71.1	102.4	1052	OK
1195	     0	70.3	99.1	1042	OK
1196	     0	70.7	100.3	1039	OK
1197	     0	69.5	101.8	1036	OK
1198	     0	69.9	99.3	1030	OK
1199	     0	69.6	97.4	1006	OK
1200	     0	68.0	99.5	1036	OK
1201	     0	69.8	100.5	1033	OK
1202	     0	68.4	100.5	1033	OK
1203	     0	71.8	101.4	1009	OK
1204	     0	72.4	102.8	1039	OK
1205	     0	69.5	97.6	1050	OK
1206	     0	69.5	98.3	1058	OK
1207	     0	70.8	101.1	1005	OK
1208	     0	70.6	98.3	1052	OK
1209	     0	69.8	98.5	1028	OK
1210	     0	69.0	99.7	1027	OK
1211	     0	70.9	101.3	1029	OK
1212	     0	69.0	99.5	1024	OK
1213	     0	70.4	99.0	1025	OK
1214	     0	70.8	101.5	1030	OK
1215	     0	71.6	102.3	1036	OK
1216	     0	70.2	101.4	1008	OK
1217	     0	68.1	98.8	1029	OK
1218	     0	71.9	102.7	1035	OK
1219	     0	70.0	100.8	1026	OK
1220	     0	71.2	102.2	1025	OK
1221	     0	70.5	102.4	1039	OK
1222	     0	69.7	97.2	1019	OK
1223	     0	73.4	101.7	1008	OK
1224	     0	70.6	100.1	1030	OK
1225	     0	71.7	101.5	1027	OK
1226	     0	70.6	102.0	1014	OK
1227	     0	73.3	100.0	1013	OK
1228	     0	70.3	98.6	1032	OK
1229	     0	69.1	97.5	1017	OK
1230	     0	70.4	100.5	1024	OK
1231	     0	70.6	100.6	1006	OK
1232	     0	72.4	102.6	1010	OK
1233	     0	70.6	98.6	1023	OK
1234	     0	69.2	98.8	1029	OK
1235	     0	71.0	99.2	1014	OK
1236	     0	70.6	100.0	1019	OK
1237	     0	68.4	98.7	1010	OK
1238	     0	69.6	98.1	1015	OK
1239	     0	71.0	99.3	1011	OK
1240	     0	67.6	96.5	1010	OK
1241	     0	73.9	103.5	1002	OK
1242	     0	72.3	101.1	1025	OK
1243	     0	71.2	101.0	1011	OK
1244	     0	73.4	103.5	 989	OK
1245	     0	72.3	101.9	1007	OK
1246	     0	70.1	100.3	1013	OK
1247	     0	70.4	100.0	 990	OK
1248	     0	70.3	100.3	1018	OK
1249	     0	69.8	99.9	 990	OK
1250	     0	69.3	97.1	1014	OK
1251	     0	71.2	102.5	1023	OK
1252	     0	71.4	101.7	1002	OK
1253	     0	68.9	96.1	1029	OK
1254	     0	68.4	98.8	 980	OK
1255	     0	70.0	101.0	 973	OK
1256	     0	70.0	98.9	1006	OK
1257	     0	71.8	99.2	1005	OK
1258	     0	67.6	96.3	1008	OK
1259	     0	70.7	100.7	 992	OK
1260	     0	70.1	99.4	1004	OK
1261	     0	70.9	99.0	 991	OK
1262	     0	69.7	98.4	1020	OK
1263	     0	70.3	100.1	1006	OK
1264	     0	71.4	99.8	1005	OK
1265	     0	69.0	98.7	1007	OK
1266	     0	72.2	101.4	 985	OK
1267	     0	68.2	99.6	 987	OK
1268	     0	71.3	99.8	 988	OK
1269	     0	69.2	99.5	 986	OK
1270	     0	71.0	100.7	1005	OK
1271	     0	72.3	101.7	 972	OK
1272	     0	73.0	101.7	 995	OK
1273	     0	70.8	100.7	1002	OK
1274	     0	70.1	98.0	1023	OK
1275	     0	72.1	101.0	 997	OK
1276	     0	73.8	103.1	 992	OK
1277	     0	73.7	100.4	1027	OK
1278	     0	71.5	97.7	1011	OK
1279	   200	77.3	102.8	1049	high gain
1280	  4200	77.8	101.1	1064	high gain
1281	   200	78.5	106.2	1012	high gain
1282	     0	72.9	103.0	1000	OK
1283	     0	72.5	101.4	1015	OK
1284	     0	73.5	104.4	1017	OK
1285	     0	75.6	104.3	 980	OK
1286	     0	72.4	101.5	 995	OK
1287	     0	73.6	103.9	 998	OK
1288	     0	72.6	100.8	 991	OK
1289	     0	71.4	99.0	 996	OK
1290	     0	75.2	105.5	 976	OK
1291	     0	75.0	103.8	 995	OK
1292	     0	72.6	99.8	 996	OK
1293	     0	72.7	99.9	 998	OK
1294	     0	72.7	99.1	 976	OK
1295	     0	71.1	100.6	 990	OK
1296	     0	72.5	101.5	 989	OK
1297	     0	72.4	101.2	 993	OK
1298	     0	71.2	101.3	 987	OK
1299	     0	72.9	101.2	1010	OK
1300	     0	72.5	100.5	 985	OK
1301	     0	72.6	103.3	 995	OK
1302	     0	72.2	99.8	 982	OK
1303	     0	71.1	98.3	1024	OK
1304	     0	72.8	103.2	 984	OK
1305	     0	70.9	102.9	 987	OK
1306	     0	69.2	99.4	1014	OK
1307	     0	72.3	100.8	1001	OK
1308	     0	71.1	98.4	1014	OK
1309	     0	72.7	101.5	 974	OK
1310	     0	74.8	102.5	1020	OK
1311	     0	72.3	100.3	 997	OK
1312	     0	69.8	98.7	1006	OK
1313	     0	72.6	102.0	 971	OK
1314	     0	73.8	103.6	1013	OK
1315	     0	71.0	100.0	 977	OK
1316	     0	71.8	102.0	 995	OK
1317	     0	70.8	99.6	 988	OK
1318	     0	70.6	98.0	 996	OK
1319	     0	72.5	103.1	1002	OK
1320	     0	71.2	101.7	 999	OK
1321	     0	75.8	104.8	 989	OK
1322	     0	72.8	101.2	1003	OK
1323	     0	73.7	104.0	 981	OK
1324	     0	71.3	99.9	1004	OK
1325	     0	70.8	101.3	 980	OK
1326	     0	72.0	101.7	 986	OK
1327	     0	71.3	102.5	 991	OK
1328	     0	71.7	100.8	1006	OK
1329	     0	73.5	101.4	1003	OK
1330	     0	72.3	103.8	 985	OK
1331	     0	71.9	100.9	 999	OK
1332	     0	73.0	103.9	1007	OK
1333	     0	72.9	101.9	1009	OK
1334	     0	70.5	100.1	 990	OK
1335	     0	72.6	101.6	1028	OK
1336	     0	72.3	103.0	1004	OK
1337	     0	73.1	103.2	 989	OK
1338	     0	71.2	103.1	1009	OK
1339	     0	71.8	99.8	1023	OK
1340	     0	71.2	100.1	 999	OK
1341	     0	70.3	100.7	1010	OK
1342	     0	72.3	103.3	1003	OK
1343	     0	73.6	102.3	 998	OK
1344	     0	71.3	101.0	1002	OK
1345	     0	72.9	101.7	1002	OK
1346	     0	72.0	102.1	 992	OK
1347	     0	73.3	101.9	1028	OK
1348	     0	71.3	100.6	1026	OK
1349	     0	73.3	103.0	 999	OK
1350	     0	74.2	103.8	1011	OK
1351	     0	70.9	101.3	 987	OK
1352	     0	73.0	102.4	 997	OK
1353	     0	72.8	104.7	 990	OK
1354	     0	73.7	102.3	1002	OK
1355	     0	70.2	99.8	 999	OK
1356	     0	70.6	100.5	 978	OK
1357	     0	72.0	100.8	1030	OK
1358	     0	71.1	98.6	 979	OK
1359	     0	72.6	101.0	1002	OK
1360	     0	72.7	100.7	1035	OK
1361	     0	69.8	99.9	1015	OK
1362	     0	73.0	103.5	1015	OK
1363	     0	72.5	99.4	1019	OK
1364	     0	73.4	101.3	1004	OK
1365	     0	72.7	100.6	1001	OK
1366	     0	72.1	102.7	 992	OK
1367	     0	71.3	102.6	1028	OK
1368	     0	68.7	97.6	1004	OK
1369	     0	73.7	104.9	1014	OK
1370	     0	73.3	101.2	1018	OK
1371	     0	74.1	103.1	 998	OK
1372	     0	71.0	100.9	 998	OK
1373	     0	72.4	101.5	1012	OK
1374	     0	71.8	101.7	 975	OK
1375	     0	71.0	98.2	1007	OK
1376	     0	72.1	102.1	1008	OK
1377	     0	71.1	101.9	1000	OK
1378	     0	72.2	100.8	1006	OK
1379	     0	71.5	100.7	 995	OK
1380	     0	70.4	101.6	1013	OK
1381	     0	73.6	103.2	1005	OK
1382	     0	74.1	103.1	1005	OK
1383	     0	74.2	102.1	 986	OK
1384	     0	72.5	100.6	1024	OK
1385	     0	73.9	102.7	 996	OK
1386	     0	73.7	102.5	1003	OK
1387	     0	69.8	99.2	1008	OK
1388	     0	73.9	100.8	 994	OK
1389	     0	73.2	102.0	1012	OK
1390	     0	71.2	97.9	1003	OK
1391	     0	74.0	102.8	 980	OK
1392	     0	72.4	100.0	 990	OK
1393	     0	72.2	101.5	1024	OK
1394	     0	72.3	101.6	 984	OK
1395	     0	71.6	100.8	 988	OK
1396	     0	71.8	102.0	 991	OK
1397	     0	71.3	101.5	1011	OK
1398	     0	72.0	100.6	1016	OK
1399	     0	71.0	102.1	1010	OK
1400	     0	72.4	104.0	 999	OK
1401	     0	75.4	104.8	 991	OK
1402	     0	73.4	103.8	 998	OK
1403	     0	72.1	102.2	1001	OK
1404	     0	72.0	103.0	1000	OK
1405	     0	71.9	102.4	 977	OK
1406	     0	75.1	104.1	 987	OK
1407	     0	73.3	102.8	 981	OK
1408	     0	70.7	99.2	1024	OK
1409	     0	72.5	100.4	 989	OK
1410	     0	72.8	101.3	1022	OK
1411	     0	71.4	100.0	 996	OK
1412	     0	71.3	99.8	1002	OK
1413	     0	71.0	100.7	 976	OK
1414	     0	70.4	100.1	1005	OK
1415	     0	71.5	102.2	 955	OK
1416	     0	71.4	100.2	 978	OK
1417	     0	71.9	99.4	1000	OK
1418	     0	72.1	102.1	 995	OK
1419	     0	71.1	101.5	 989	OK
1420	     0	71.6	100.5	 999	OK
1421	     0	71.9	101.5	1008	OK
1422	     0	70.2	98.6	1022	OK
1423	     0	71.8	101.2	 982	OK
1424	     0	70.4	98.4	 994	OK
1425	     0	70.4	101.4	 977	OK
1426	     0	70.4	99.3	 982	OK
1427	     0	70.2	98.7	 990	OK
1428	     0	69.4	98.9	1018	OK
1429	     0	70.3	101.9	 995	OK
1430	     0	70.1	100.8	1001	OK
1431	     0	70.4	99.9	1006	OK
1432	     0	70.4	101.8	 980	OK
1433	     0	69.9	97.6	 999	OK
1434	     0	73.0	102.6	 998	OK
1435	     0	70.2	100.4	 978	OK
1436	     0	71.7	101.2	 993	OK
1437	     0	70.1	100.4	 974	OK
1438	     0	70.1	100.2	1012	OK
1439	     0	70.5	100.5	 996	OK
1440	     0	70.4	99.2	1004	OK
1441	     0	72.6	101.3	 978	OK
1442	     0	71.6	99.1	1007	OK
1443	     0	68.8	98.8	 989	OK
1444	     0	70.8	99.1	1008	OK
1445	     0	72.8	102.9	 987	OK
1446	     0	72.4	103.6	1014	OK
1447	     0	71.1	100.6	1009	OK
1448	     0	72.1	102.6	1013	OK
1449	     0	70.2	98.3	 989	OK
1450	     0	69.3	100.2	 965	OK
1451	     0	70.4	97.6	 999	OK
1452	     0	70.0	101.1	 988	OK
1453	     0	68.9	99.9	1017	OK
1454	     0	68.6	97.8	 992	OK
1455	     0	68.8	98.5	1000	OK
1456	     0	69.7	100.9	 993	OK
1457	     0	71.3	100.9	1010	OK
1458	     0	69.7	101.3	1010	OK
1459	     0	71.4	101.0	1001	OK
1460	     0	70.9	101.6	1019	OK
1461	     0	72.8	103.2	 982	OK
1462	     0	70.5	101.7	 985	OK
1463	     0	70.6	98.6	1020	OK
1464	     0	68.4	99.4	 972	OK
1465	     0	70.2	98.4	 992	OK
1466	     0	70.4	98.2	1018	OK
1467	     0	69.2	98.4	1017	OK
1468	     0	72.4	102.5	 995	OK
1469	     0	70.8	100.3	 996	OK
1470	     0	71.9	100.6	 974	OK
1471	     0	71.5	103.3	1003	OK
1472	     0	73.0	103.3	 977	OK
1473	     0	69.5	97.8	 990	OK
1474	     0	70.2	100.0	1021	OK
1475	     0	70.8	101.0	1007	OK
1476	     0	69.1	99.2	 998	OK
1477	     0	72.0	100.1	1014	OK
1478	     0	73.1	102.3	1010	OK
1479	     0	71.6	100.4	 990	OK
1480	     0	73.5	102.3	 990	OK
1481	     0	72.3	100.9	1009	OK
1482	     0	71.4	100.2	 988	OK
1483	     0	69.7	100.5	 994	OK
1484	     0	72.5	100.9	1001	OK
1485	     0	72.6	103.0	1007	OK
1486	     0	71.1	100.0	 980	OK
1487	     0	68.7	99.2	1015	OK
1488	     0	73.0	101.7	1010	OK
1489	     0	71.5	100.6	1002	OK
1490	     0	74.1	104.2	 974	OK
1491	     0	72.6	99.3	1025	OK
1492	     0	72.2	101.0	 979	OK
1493	     0	70.3	101.0	 979	OK
1494	     0	73.7	102.0	 984	OK
1495	     0	72.3	101.1	 983	OK
1496	     0	70.1	99.0	 981	OK
1497	     0	69.7	97.0	 995	OK
1498	     0	71.9	101.6	1015	OK
1499	     0	71.2	101.1	1008	OK
1500	     0	72.2	101.3	 998	OK
1501	     0	72.1	100.4	 999	OK
1502	     0	69.9	101.2	 992	OK
1503	     0	69.0	99.9	 946	OK
1504	     0	71.9	98.7	 996	OK
1505	     0	70.7	98.2	 982	OK
1506	     0	71.8	100.7	1001	OK
1507	     0	75.8	104.9	 976	OK
1508	     0	70.1	100.7	 987	OK
1509	     0	68.2	97.6	 993	OK
1510	     0	71.2	102.4	 996	OK
1511	     0	72.1	100.7	 987	OK
1512	     0	72.7	101.3	 974	OK
1513	     0	73.9	102.5	1007	OK
1514	     0	74.9	102.6	 981	OK
1515	     0	73.2	102.7	 956	OK
1516	     0	73.7	104.5	 974	OK
1517	     0	69.7	97.9	1015	OK
1518	     0	72.4	101.8	 979	OK
1519	     0	72.3	100.5	 983	OK
1520	     0	71.0	102.1	1000	OK
1521	     0	73.1	102.7	 994	OK
1522	     0	70.3	101.9	 973	OK
1523	     0	71.2	98.5	 976	OK
1524	     0	73.0	101.4	 993	OK
1525	     0	72.1	102.8	1005	OK
1526	     0	72.5	100.1	 996	OK
1527	     0	75.1	104.7	 982	OK
1528	     0	71.2	102.5	 989	OK
1529	     0	75.6	105.2	 972	OK
1530	     0	72.1	102.1	 994	OK
1531	     0	73.3	102.0	 965	OK
1532	     0	72.6	102.5	 984	OK
1533	     0	71.4	100.1	 987	OK
1534	     0	71.5	101.5	 972	OK
1535	     0	72.2	102.6	 995	OK
1536	     0	75.5	104.8	 997	OK
1537	     0	73.1	104.0	 994	OK
1538	     0	74.1	104.3	 998	OK
1539	     0	74.3	105.3	 977	OK
1540	     0	73.7	105.0	 980	OK
1541	     0	73.4	103.2	 981	OK
1542	     0	75.3	103.3	 984	OK
1543	     0	72.3	101.9	1004	OK
1544	     0	73.8	103.1	1002	OK
1545	     0	72.4	100.4	 976	OK
1546	     0	72.1	102.6	 973	OK
1547	     0	74.3	103.3	 982	OK
1548	     0	75.3	103.8	 994	OK
1549	     0	73.6	103.6	 972	OK
1550	     0	75.1	105.5	 978	OK
1551	     0	72.6	103.2	 956	OK
1552	     0	72.8	104.3	 993	OK
1553	     0	74.0	105.6	 966	OK
1554	     0	75.3	105.5	 982	OK
1555	     0	73.9	103.0	 982	OK
1556	     0	71.8	104.6	 994	OK
1557	     0	72.1	101.7	1001	OK
1558	     0	76.3	108.2	 984	OK
1559	     0	72.8	100.3	 987	OK
1560	     0	74.8	105.8	 981	OK
1561	     0	71.5	102.6	 972	OK
1562	     0	73.9	102.4	 978	OK
1563	     0	74.2	106.3	 980	OK
1564	     0	71.6	100.9	 969	OK
1565	     0	73.8	104.4	 975	OK
1566	     0	71.3	100.3	 988	OK
1567	     0	73.7	102.3	 986	OK
1568	     0	70.5	101.5	 995	OK
1569	     0	74.0	106.5	 989	OK
1570	     0	72.1	103.6	 974	OK
1571	     0	71.9	102.7	1002	OK
1572	     0	73.7	103.5	 993	OK
1573	     0	73.4	103.2	 988	OK
1574	     0	71.2	102.1	 984	OK
1575	     0	75.2	102.9	 982	OK
1576	     0	71.8	100.5	 994	OK
1577	     0	73.9	102.7	 997	OK
1578	     0	73.8	104.6	1000	OK
1579	     0	72.8	102.1	 990	OK
1580	     0	70.1	100.5	 974	OK
1581	     0	74.4	104.9	1011	OK
1582	     0	72.7	103.0	 995	OK
1583	     0	72.6	100.1	1007	OK
1584	     0	73.2	104.0	1023	OK
1585	     0	73.1	103.8	 985	OK
1586	     0	71.9	103.1	 997	OK
1587	     0	75.2	105.8	 994	OK
1588	     0	72.6	105.3	 996	OK
1589	     0	75.3	104.1	1010	OK
1590	     0	72.0	102.3	 975	OK
1591	     0	74.9	105.3	 987	OK
1592	     0	73.2	101.3	1014	OK
1593	     0	74.6	103.4	 992	OK
1594	     0	73.3	103.6	 998	OK
1595	     0	74.0	104.4	 983	OK
1596	     0	71.2	100.8	 994	OK
1597	     0	72.4	102.7	1007	OK
1598	     0	73.8	103.3	 984	OK
1599	     0	73.6	104.8	1004	OK
1600	     0	73.5	104.4	 995	OK
1601	     0	72.5	102.0	1012	OK
1602	     0	71.5	101.5	1003	OK
1603	     0	73.2	102.5	 995	OK
1604	     0	71.0	101.1	 998	OK
1605	     0	75.3	103.6	1000	OK
1606	     0	70.3	99.9	 998	OK
1607	     0	71.7	102.8	 978	OK
1608	     0	71.9	102.3	1004	OK
1609	     0	71.5	101.9	 995	OK
1610	     0	71.8	103.5	 994	OK
1611	     0	70.5	100.7	1011	OK
1612	     0	72.4	99.7	1012	OK
1613	     0	70.6	101.9	1006	OK
1614	     0	71.9	103.6	 976	OK
1615	     0	72.3	102.9	 993	OK
1616	     0	73.9	103.3	 993	OK
1617	     0	72.0	102.1	 977	OK
1618	     0	73.8	103.2	 978	OK
1619	     0	70.3	101.9	 995	OK
1620	     0	73.0	102.7	 991	OK
1621	     0	71.6	101.1	 984	OK
1622	     0	73.7	105.5	1006	OK
1623	     0	74.6	103.6	 968	OK
1624	     0	74.2	104.9	 989	OK
1625	     0	73.0	104.3	 993	OK
1626	     0	71.8	100.4	1000	OK
1627	     0	73.4	102.5	 994	OK
1628	     0	74.2	105.5	 983	OK
1629	     0	71.2	102.5	 988	OK
1630	     0	71.4	101.8	 984	OK
1631	     0	73.0	103.5	 992	OK
1632	     0	70.8	100.2	 974	OK
1633	     0	73.0	101.6	1010	OK
1634	     0	73.4	102.5	1022	OK
1635	     0	73.1	101.1	 986	OK
1636	     0	72.4	102.5	 968	OK
1637	     0	72.8	103.3	 987	OK
1638	     0	72.1	100.6	 993	OK
1639	     0	69.7	98.2	1001	OK
1640	     0	71.9	101.8	 992	OK
1641	     0	72.8	103.2	 959	OK
1642	     0	72.2	102.1	 980	OK
1643	     0	71.2	101.4	 975	OK
1644	     0	71.3	100.8	1000	OK
1645	     0	69.4	100.3	 997	OK
1646	     0	72.3	104.3	 982	OK
1647	     0	71.9	101.4	 968	OK
1648	     0	71.3	100.3	1004	OK
1649	     0	71.5	101.6	 994	OK
1650	     0	71.1	101.7	 987	OK
1651	     0	72.4	103.0	1004	OK
1652	     0	70.9	103.7	 988	OK
1653	     0	72.0	102.9	1004	OK
1654	     0	71.4	100.0	 994	OK
1655	     0	71.6	103.0	1003	OK
1656	     0	70.9	102.2	 968	OK
1657	     0	74.0	104.7	 991	OK
1658	     0	71.3	104.2	1000	OK
1659	     0	71.6	101.1	1001	OK
1660	     0	73.8	104.5	1004	OK
1661	     0	72.1	100.7	 972	OK
1662	     0	71.5	101.1	 987	OK
1663	     0	74.0	103.2	 996	OK
1664	     0	73.7	103.3	 978	OK
1665	     0	75.4	104.6	 984	OK
1666	     0	74.7	106.7	 956	OK
1667	     0	74.2	104.2	 964	OK
1668	     0	73.7	103.4	 999	OK
1669	     0	72.9	103.9	 958	OK
1670	     0	72.2	100.6	 970	OK
1671	     0	72.8	101.3	 964	OK
1672	     0	70.5	98.5	 989	OK
1673	     0	69.1	97.3	 989	OK
1674	     0	72.1	99.8	 973	OK
1675	     0	72.3	98.6	 971	OK
1676	     0	70.6	100.1	 982	OK
1677	     0	71.0	101.7	 982	OK
1678	     0	73.1	101.4	 970	OK
1679	     0	70.1	100.1	 970	OK
1680	     0	71.3	98.8	1001	OK
1681	     0	72.0	102.2	 977	OK
1682	     0	72.2	100.7	 964	OK
1683	     0	69.9	101.5	 971	OK
1684	     0	71.4	100.7	 972	OK
1685	     0	71.8	101.4	 961	OK
1686	     0	74.6	103.4	 969	OK
1687	     0	71.4	99.5	 997	OK
1688	     0	73.9	103.4	 959	OK
1689	     0	74.8	103.3	 962	OK
1690	     0	71.8	102.0	 985	OK
1691	     0	72.6	102.7	 974	OK
1692	     0	73.8	100.6	 973	OK
1693	     0	72.7	102.7	 978	OK
1694	     0	73.2	101.1	 975	OK
1695	     0	70.8	99.0	 975	OK
1696	     0	71.8	101.0	1010	OK
1697	     0	68.8	99.1	 973	OK
1698	     0	72.2	103.1	 966	OK
1699	     0	72.0	102.2	1005	OK
1700	     0	71.5	99.3	 968	OK
1701	     0	71.3	100.5	 955	OK
1702	     0	71.6	100.5	 998	OK
1703	     0	72.7	99.2	 989	OK
1704	     0	69.9	98.4	 976	OK
1705	     0	72.5	101.6	 986	OK
1706	     0	72.6	100.7	1001	OK
1707	     0	70.9	102.4	 987	OK
1708	     0	71.3	99.3	 968	OK
1709	     0	70.2	97.5	 988	OK
1710	     0	70.7	100.5	 974	OK
1711	     0	72.3	102.7	 975	OK
1712	     0	71.6	102.0	1002	OK
1713	     0	72.9	103.5	 985	OK
1714	     0	72.1	102.3	 974	OK
1715	     0	72.7	101.4	 989	OK
1716	     0	73.0	101.2	 960	OK
1717	     0	73.0	100.8	 999	OK
1718	     0	72.6	104.1	1019	OK
1719	     0	75.0	103.4	 955	OK
1720	     0	73.7	101.7	 983	OK
1721	     0	71.3	102.7	1002	OK
1722	     0	72.8	101.4	 985	OK
1723	     0	72.0	102.1	 978	OK
1724	     0	73.4	101.3	 983	OK
1725	     0	74.1	103.6	 949	OK
1726	     0	71.6	102.7	 989	OK
1727	     0	73.1	103.5	 974	OK
1728	     0	70.0	97.8	 965	OK
1729	     0	73.3	104.2	 967	OK
1730	     0	73.8	101.5	 991	OK
1731	     0	74.0	102.2	 984	OK
1732	     0	72.7	102.2	 993	OK
1733	     0	74.4	105.6	 976	OK
1734	     0	72.3	102.4	 958	OK
1735	     0	72.4	101.7	 969	OK
1736	     0	72.7	103.2	 964	OK
1737	     0	72.1	102.8	 977	OK
1738	     0	71.5	98.5	 995	OK
1739	     0	72.3	101.7	 973	OK
1740	     0	70.1	99.4	 971	OK
1741	     0	72.8	103.2	 982	OK
1742	     0	72.0	100.9	 958	OK
1743	     0	71.7	100.9	 970	OK
1744	     0	73.6	100.5	 972	OK
1745	     0	72.1	99.5	 955	OK
1746	     0	71.3	99.8	 972	OK
1747	     0	70.6	100.7	 969	OK
1748	     0	74.1	102.3	 983	OK
1749	     0	72.5	101.2	 952	OK
1750	     0	72.0	99.9	 982	OK
1751	     0	72.4	101.4	 968	OK
1752	     0	71.8	102.5	 956	OK
1753	     0	74.0	103.4	 951	OK
1754	     0	72.3	101.2	 992	OK
1755	     0	72.6	102.0	 983	OK
1756	     0	73.1	101.9	 979	OK
1757	     0	73.6	100.7	 975	OK
1758	     0	71.5	98.5	 991	OK
1759	     0	73.9	100.0	 987	OK
1760	     0	72.7	101.7	 991	OK
1761	     0	72.7	101.0	 965	OK
1762	     0	73.1	101.0	 947	OK
1763	     0	70.7	99.7	 966	OK
1764	     0	73.8	103.1	 968	OK
1765	     0	74.9	103.6	 971	OK
1766	     0	76.2	103.3	 953	OK
1767	     0	73.0	100.3	 960	OK
1768	     0	73.2	104.1	 987	OK
1769	     0	73.9	101.4	 951	OK
1770	     0	72.4	101.2	 968	OK
1771	     0	71.8	99.8	 968	OK
1772	     0	74.8	102.4	 961	OK
1773	     0	74.9	105.8	 978	OK
1774	     0	73.0	100.5	 942	OK
1775	     0	72.1	99.9	 972	OK
1776	     0	71.4	99.6	 942	OK
1777	     0	73.3	104.3	 960	OK
1778	     0	75.5	103.8	 970	OK
1779	     0	70.8	99.6	 968	OK
1780	     0	72.1	101.5	 968	OK
1781	     0	73.2	104.0	 957	OK
1782	     0	74.5	103.5	 957	OK
1783	     0	72.3	99.6	 960	OK
1784	     0	74.9	106.4	 925	OK
1785	     0	74.7	105.5	 962	OK
1786	     0	74.5	102.7	 942	OK
1787	     0	73.8	100.5	 969	OK
1788	     0	75.4	106.6	 970	OK
1789	     0	76.5	106.2	 937	OK
1790	     0	77.8	103.6	 956	OK
1791	     0	73.2	102.9	 985	OK
1792	     0	74.9	105.2	 969	OK
1793	     0	74.7	103.7	 979	OK
1794	     0	74.1	104.4	 971	OK
1795	     0	77.2	106.6	 972	OK
1796	     0	74.1	105.1	 971	OK
1797	     0	74.9	104.0	 961	OK
1798	     0	73.7	104.4	 989	OK
1799	     0	75.1	105.2	 976	OK
1800	     0	73.4	104.6	 986	OK
1801	     0	74.3	104.7	 963	OK
1802	     0	70.5	102.1	 981	OK
1803	     0	73.7	102.6	 966	OK
1804	     0	74.5	104.8	 966	OK
1805	     0	71.7	100.0	 982	OK
1806	     0	73.8	103.7	 959	OK
1807	     0	71.3	99.5	 984	OK
1808	     0	71.6	102.8	 966	OK
1809	     0	72.6	102.7	 977	OK
1810	     0	73.9	102.3	 974	OK
1811	     0	72.2	101.7	 963	OK
1812	     0	73.9	104.8	 962	OK
1813	     0	73.1	102.6	 983	OK
1814	     0	72.0	101.6	 965	OK
1815	     0	71.5	101.9	 959	OK
1816	     0	74.9	103.5	 934	OK
1817	     0	71.4	101.3	 974	OK
1818	     0	72.3	102.8	 972	OK
1819	     0	74.1	104.8	 971	OK
1820	     0	72.7	102.2	 973	OK
1821	     0	72.8	103.7	 947	OK
1822	     0	73.9	101.6	 978	OK
1823	     0	70.7	101.7	 986	OK
1824	     0	70.6	99.6	 985	OK
1825	     0	70.6	102.1	 999	OK
1826	     0	71.5	101.2	 982	OK
1827	     0	72.2	101.2	 960	OK
1828	     0	73.7	102.0	 988	OK
1829	     0	75.3	105.8	 988	OK
1830	     0	70.6	100.3	 989	OK
1831	     0	73.0	104.5	 983	OK
1832	     0	72.2	103.4	 972	OK
1833	     0	70.5	100.5	 952	OK
1834	     0	72.0	100.6	 979	OK
1835	     0	71.6	102.8	 974	OK
1836	     0	71.0	100.0	 972	OK
1837	     0	69.8	100.5	 990	OK
1838	     0	71.9	102.2	 975	OK
1839	     0	73.3	100.9	 987	OK
1840	     0	72.4	102.9	 998	OK
1841	     0	72.6	101.1	 964	OK
1842	     0	70.3	101.2	 991	OK
1843	     0	72.8	101.3	1002	OK
1844	     0	71.3	102.8	 989	OK
1845	     0	72.4	102.7	 976	OK
1846	     0	71.4	99.8	 981	OK
1847	     0	71.7	100.6	 985	OK
1848	     0	72.2	103.7	1003	OK
1849	     0	70.3	99.0	 993	OK
1850	     0	70.1	99.2	 993	OK
1851	     0	72.1	102.2	 977	OK
1852	     0	72.3	101.1	 997	OK
1853	     0	71.3	100.0	1015	OK
1854	     0	73.1	103.3	 991	OK
1855	     0	72.6	102.2	 982	OK
1856	     0	69.0	98.5	 989	OK
1857	     0	71.8	102.9	 983	OK
1858	     0	72.0	100.3	 980	OK
1859	     0	71.9	103.0	1001	OK
1860	     0	70.8	100.9	 976	OK
1861	     0	72.9	103.8	 994	OK
1862	     0	71.3	100.1	 997	OK
1863	     0	68.3	98.4	 992	OK
1864	     0	71.8	104.1	 992	OK
1865	     0	70.7	99.1	 981	OK
1866	     0	71.7	101.8	 972	OK
1867	     0	72.5	102.6	 993	OK
1868	     0	68.8	97.6	 990	OK
1869	     0	72.0	101.8	 971	OK
1870	     0	73.4	103.4	 985	OK
1871	     0	69.3	97.4	1018	OK
1872	     0	71.7	101.3	 992	OK
1873	     0	70.2	99.5	 986	OK
1874	     0	71.2	99.4	 981	OK
1875	     0	71.5	101.8	 971	OK
1876	     0	72.4	101.6	 998	OK
1877	     0	72.8	103.0	 989	OK
1878	     0	72.9	103.0	 991	OK
1879	     0	75.7	105.4	 980	OK
1880	     0	70.1	101.3	 990	OK
1881	     0	75.1	103.5	 980	OK
1882	     0	73.4	103.8	 991	OK
1883	     0	72.9	102.2	1003	OK
1884	     0	72.9	100.6	 963	OK
1885	     0	71.2	101.3	 958	OK
1886	     0	70.2	98.1	 981	OK
1887	     0	72.8	102.4	 978	OK
1888	     0	70.3	98.2	 996	OK
1889	     0	70.8	101.6	 971	OK
1890	     0	71.3	98.5	 993	OK
1891	     0	73.6	103.5	1003	OK
1892	     0	71.5	100.5	 986	OK
1893	     0	73.6	104.6	 990	OK
1894	     0	73.1	99.9	 990	OK
1895	     0	70.9	99.8	 998	OK
1896	     0	74.6	103.0	1003	OK
1897	     0	69.9	99.7	 987	OK
1898	     0	73.7	102.7	 995	OK
1899	     0	72.4	104.0	 983	OK
1900	     0	72.1	101.0	 995	OK
1901	     0	70.9	102.5	 977	OK
1902	     0	72.1	101.0	 991	OK
1903	     0	73.5	105.3	 976	OK
1904	     0	70.6	101.1	 981	OK
1905	     0	71.1	99.6	1009	OK
1906	     0	73.7	103.5	 992	OK
1907	     0	71.4	101.7	 987	OK
1908	     0	70.7	98.1	 997	OK
1909	     0	72.0	100.6	 977	OK
1910	     0	71.7	102.0	 974	OK
1911	     0	72.7	101.1	 997	OK
1912	     0	73.7	103.1	 991	OK
1913	     0	71.9	102.1	 985	OK
1914	     0	73.3	103.0	 999	OK
1915	     0	73.9	104.2	 997	OK
1916	     0	72.1	103.3	 989	OK
1917	     0	71.0	98.2	 998	OK
1918	     0	71.8	101.3	 993	OK
1919	     0	72.7	103.3	 987	OK
1920	     0	71.6	101.9	 970	OK
1921	     0	71.5	101.1	 954	OK
1922	     0	73.7	102.9	 960	OK
1923	     0	72.6	102.8	 955	OK
1924	     0	71.4	102.8	 954	OK
1925	     0	71.1	101.1	 960	OK
1926	     0	72.4	103.2	 948	OK
1927	     0	70.0	99.5	 962	OK
1928	     0	71.6	100.6	 953	OK
1929	     0	71.7	103.1	 952	OK
1930	     0	70.7	101.3	 985	OK
1931	     0	73.5	104.3	 959	OK
1932	     0	69.4	98.0	 969	OK
1933	     0	71.1	100.1	 955	OK
1934	     0	70.1	100.9	 975	OK
1935	     0	72.2	100.9	 955	OK
1936	     0	71.2	103.7	 956	OK
1937	     0	71.3	100.1	 952	OK
1938	     0	71.6	101.7	 969	OK
1939	     0	72.1	103.7	 976	OK
1940	     0	72.2	102.7	 955	OK
1941	     0	71.1	98.8	 978	OK
1942	     0	70.0	98.4	 976	OK
1943	     0	70.9	97.8	 955	OK
1944	     0	73.3	102.0	 944	OK
1945	     0	70.5	102.6	 950	OK
1946	     0	73.6	103.5	 971	OK
1947	     0	70.0	98.4	 967	OK
1948	     0	73.1	104.5	 965	OK
1949	     0	73.5	104.2	 986	OK
1950	     0	73.8	104.5	 958	OK
1951	     0	70.8	100.6	 960	OK
1952	     0	72.9	101.7	 979	OK
1953	     0	72.0	101.3	 970	OK
1954	     0	73.2	103.5	 972	OK
1955	     0	74.0	104.9	 965	OK
1956	     0	69.9	100.5	 970	OK
1957	     0	70.4	99.1	 960	OK
1958	     0	72.6	102.6	 976	OK
1959	     0	71.2	102.1	 999	OK
1960	     0	71.4	99.5	 980	OK
1961	     0	70.8	100.0	 972	OK
1962	     0	72.9	101.7	 962	OK
1963	     0	71.2	101.0	 956	OK
1964	     0	71.5	101.0	 999	OK
1965	     0	70.4	99.9	 961	OK
1966	     0	68.5	99.3	 981	OK
1967	     0	74.3	105.8	 994	OK
1968	     0	71.5	100.4	 957	OK
1969	     0	71.3	100.1	1004	OK
1970	     0	72.7	103.7	 992	OK
1971	     0	70.9	103.9	 968	OK
1972	     0	69.4	100.7	 947	OK
1973	     0	70.3	99.8	 969	OK
1974	     0	71.2	101.7	 974	OK
1975	     0	71.0	99.8	 974	OK
1976	     0	72.4	102.2	 983	OK
1977	     0	75.9	105.3	 974	OK
1978	     0	71.7	101.1	 974	OK
1979	     0	72.2	102.1	 970	OK
1980	     0	72.6	101.2	 984	OK
1981	     0	71.1	100.7	 963	OK
1982	     0	72.1	104.0	 966	OK
1983	     0	76.8	106.1	 973	OK
1984	     0	70.0	98.1	 967	OK
1985	     0	71.7	102.8	 984	OK
1986	     0	71.7	101.3	 956	OK
1987	     0	74.0	102.3	 971	OK
1988	     0	73.0	104.5	 982	OK
1989	     0	74.9	104.2	 956	OK
1990	     0	72.0	103.2	 981	OK
1991	     0	74.1	102.5	 962	OK
1992	     0	73.9	102.8	 969	OK
1993	     0	72.6	100.7	 975	OK
1994	     0	72.5	100.8	 970	OK
1995	     0	71.1	100.6	 952	OK
1996	     0	71.5	102.5	 971	OK
1997	     0	73.4	102.4	 985	OK
1998	     0	70.3	99.5	 964	OK
1999	     0	74.8	104.6	 962	OK
2000	     0	72.2	100.0	 963	OK
2001	     0	71.1	100.0	 985	OK
2002	     0	70.4	103.1	 973	OK
2003	     0	72.2	100.2	 940	OK
2004	     0	73.7	105.2	 963	OK
2005	     0	72.1	104.0	 974	OK
2006	     0	72.9	104.5	 964	OK
2007	     0	69.7	99.4	 967	OK
2008	     0	72.6	102.2	 963	OK
2009	     0	72.5	101.3	 953	OK
2010	     0	71.8	102.4	 971	OK
2011	     0	72.2	102.0	 972	OK
2012	     0	70.6	99.8	 943	OK
2013	     0	72.9	101.3	 954	OK
2014	     0	71.7	103.0	 978	OK
2015	     0	73.2	103.8	 956	OK
2016	     0	71.0	101.0	 955	OK
2017	     0	72.5	103.3	 971	OK
2018	     0	72.4	100.5	 988	OK
2019	     0	73.6	103.7	 978	OK
2020	     0	72.8	101.6	 959	OK
2021	     0	71.9	101.9	 963	OK
2022	     0	72.6	104.7	 953	OK
2023	     0	71.8	102.8	 974	OK
2024	     0	75.0	103.6	 976	OK
2025	     0	73.6	103.7	 966	OK
2026	     0	73.9	104.5	 950	OK
2027	     0	72.0	102.1	 978	OK
2028	     0	74.4	105.0	 976	OK
2029	     0	70.8	101.3	 951	OK
2030	     0	71.8	102.1	 953	OK
2031	     0	72.6	103.0	 966	OK
2032	     0	73.1	101.7	 969	OK
2033	     0	73.0	103.2	 947	OK
2034	     0	72.9	103.4	 969	OK
2035	     0	71.2	100.3	 967	OK
2036	     0	74.3	102.2	 971	OK
2037	     0	73.7	104.4	 956	OK
2038	     0	71.5	102.6	 953	OK
2039	     0	72.6	102.0	 955	OK
2040	     0	72.4	101.8	 968	OK
2041	     0	72.9	104.4	 972	OK
2042	     0	71.7	102.3	 959	OK
2043	     0	75.1	103.9	 970	OK
2044	     0	71.5	102.5	 978	OK
2045	     0	73.5	104.6	 954	OK
2046	     0	74.5	104.9	 980	OK
2047	   200	77.6	106.7	 944	high gain
2048	     0	72.8	102.9	 989	OK
2049	     0	70.9	101.4	 982	OK
2050	     0	72.6	103.2	1005	OK
2051	     0	72.0	100.6	 985	OK
2052	     0	70.8	100.8	 980	OK
2053	     0	71.7	100.3	 980	OK
2054	     0	72.0	101.9	 993	OK
2055	     0	72.5	103.1	 990	OK
2056	     0	71.6	100.9	1014	OK
2057	     0	69.7	99.3	1004	OK
2058	     0	70.8	99.3	 981	OK
2059	     0	71.8	99.6	 967	OK
2060	     0	70.2	98.1	1002	OK
2061	     0	70.4	97.4	 996	OK
2062	     0	70.4	99.1	 995	OK
2063	     0	69.3	99.1	 995	OK
2064	     0	73.2	101.0	 993	OK
2065	     0	71.9	101.8	1001	OK
2066	     0	70.3	97.6	 976	OK
2067	     0	72.1	99.9	 996	OK
2068	     0	71.6	99.3	1000	OK
2069	     0	68.7	98.7	 979	OK
2070	     0	71.4	100.3	 994	OK
2071	     0	70.0	100.7	 972	OK
2072	     0	72.6	102.2	 985	OK
2073	     0	71.3	100.1	 994	OK
2074	     0	71.0	100.9	 987	OK
2075	     0	70.1	100.7	1000	OK
2076	     0	71.3	102.7	 989	OK
2077	     0	70.9	100.8	 990	OK
2078	     0	69.1	100.8	1004	OK
2079	     0	72.8	101.3	 976	OK
2080	     0	71.1	98.5	 977	OK
2081	     0	70.7	97.1	 988	OK
2082	     0	72.2	101.9	1022	OK
2083	     0	69.7	101.3	1003	OK
2084	     0	71.4	102.0	1013	OK
2085	     0	75.3	103.1	 994	OK
2086	     0	68.8	98.3	1009	OK
2087	     0	71.8	100.7	 994	OK
2088	     0	71.4	100.3	1000	OK
2089	     0	71.7	100.9	 979	OK
2090	     0	70.3	99.1	 992	OK
2091	     0	69.9	99.1	1005	OK
2092	     0	70.7	100.4	1010	OK
2093	     0	69.8	99.0	1001	OK
2094	     0	69.6	100.2	1012	OK
2095	     0	71.2	100.6	1008	OK
2096	     0	70.8	101.3	1015	OK
2097	     0	70.0	99.3	1009	OK
2098	     0	67.9	97.0	1016	OK
2099	     0	68.8	96.5	1003	OK
2100	     0	70.5	98.2	1010	OK
2101	     0	70.4	101.2	 975	OK
2102	     0	70.9	98.8	 983	OK
2103	     0	72.3	100.7	 988	OK
2104	     0	70.4	98.7	1008	OK
2105	     0	73.3	103.2	 979	OK
2106	     0	73.7	103.1	 990	OK
2107	     0	68.9	98.1	 995	OK
2108	     0	73.2	102.7	1029	OK
2109	     0	71.7	98.6	1021	OK
2110	     0	70.4	98.6	 997	OK
2111	     0	71.7	100.4	1004	OK
2112	     0	71.8	101.9	1028	OK
2113	     0	72.7	101.1	1015	OK
2114	     0	73.7	102.8	1017	OK
2115	     0	70.7	100.3	1001	OK
2116	     0	71.0	101.2	 969	OK
2117	     0	71.7	100.2	 990	OK
2118	     0	69.9	98.5	1021	OK
2119	     0	72.7	103.4	1001	OK
2120	     0	67.4	96.4	1011	OK
2121	     0	73.3	100.8	 995	OK
2122	     0	71.7	101.8	1007	OK
2123	     0	71.7	101.6	1005	OK
2124	     0	72.4	101.0	1020	OK
2125	     0	70.4	99.3	1009	OK
2126	     0	71.5	98.1	 999	OK
2127	     0	68.7	98.9	1012	OK
2128	     0	71.1	97.7	1016	OK
2129	     0	69.6	99.6	1001	OK
2130	     0	71.4	99.7	1011	OK
2131	     0	69.4	99.9	1009	OK
2132	     0	73.0	103.0	1003	OK
2133	     0	74.0	104.6	 997	OK
2134	     0	72.8	100.6	1018	OK
2135	     0	70.4	98.4	 990	OK
2136	     0	68.9	99.4	1025	OK
2137	     0	70.8	99.1	1017	OK
2138	     0	70.5	100.3	 994	OK
2139	     0	71.3	98.9	1024	OK
2140	     0	71.0	101.4	 995	OK
2141	     0	71.5	103.5	1009	OK
2142	     0	68.4	97.8	 994	OK
2143	     0	71.7	101.7	 997	OK
2144	     0	69.7	99.4	 989	OK
2145	     0	70.6	100.1	1002	OK
2146	     0	72.1	101.5	 994	OK
2147	     0	69.5	98.8	1014	OK
2148	     0	70.5	100.0	1016	OK
2149	     0	69.6	98.8	1025	OK
2150	     0	69.8	100.4	1035	OK
2151	     0	72.5	102.5	 992	OK
2152	     0	69.3	98.2	1002	OK
2153	     0	70.7	98.7	1003	OK
2154	     0	71.5	103.8	 994	OK
2155	     0	72.2	101.0	 997	OK
2156	     0	72.2	102.1	1003	OK
2157	     0	71.6	102.8	 988	OK
2158	     0	70.7	99.8	 995	OK
2159	     0	71.2	101.3	1011	OK
2160	     0	72.1	100.9	1001	OK
2161	     0	70.4	100.2	1006	OK
2162	     0	70.6	101.8	 999	OK
2163	     0	70.1	98.4	1005	OK
2164	     0	72.0	104.9	 981	OK
2165	     0	69.6	99.2	 988	OK
2166	     0	70.9	99.9	1000	OK
2167	     0	70.7	101.7	1003	OK
2168	     0	69.5	100.2	 986	OK
2169	     0	71.6	100.6	 984	OK
2170	     0	71.8	98.7	1004	OK
2171	     0	72.5	103.3	 997	OK
2172	     0	70.4	97.7	 988	OK
2173	     0	69.9	101.1	1005	OK
2174	     0	73.0	103.8	1009	OK
2175	     0	70.0	101.4	 978	OK
2176	     0	72.1	101.4	1022	OK
2177	     0	69.0	99.0	1026	OK
2178	     0	68.9	99.2	1019	OK
2179	     0	70.3	100.6	1014	OK
2180	     0	71.5	102.0	1000	OK
2181	     0	71.7	100.3	 995	OK
2182	     0	70.0	99.8	1005	OK
2183	     0	71.8	102.8	 997	OK
2184	     0	70.0	101.5	 983	OK
2185	     0	68.6	100.5	 991	OK
2186	     0	70.4	100.0	1024	OK
2187	     0	69.5	102.4	1000	OK
2188	     0	72.4	101.4	1009	OK
2189	     0	72.0	103.2	1009	OK
2190	     0	71.0	99.8	 979	OK
2191	     0	72.5	102.9	1012	OK
2192	     0	71.3	100.1	1025	OK
2193	     0	69.4	99.7	1001	OK
2194	     0	70.7	102.1	 977	OK
2195	     0	71.5	100.0	1001	OK
2196	     0	69.6	99.7	1011	OK
2197	     0	72.2	102.7	 997	OK
2198	     0	70.7	99.8	1016	OK
2199	     0	68.9	99.9	 992	OK
2200	     0	69.7	100.1	1011	OK
2201	     0	71.6	102.7	1002	OK
2202	     0	70.0	100.1	1001	OK
2203	     0	70.9	100.0	 987	OK
2204	     0	70.1	102.2	 978	OK
2205	     0	68.8	97.4	1005	OK
2206	     0	70.0	101.4	 975	OK
2207	     0	70.6	100.7	 997	OK
2208	     0	71.2	99.1	1033	OK
2209	     0	68.8	100.0	 987	OK
2210	     0	68.9	96.8	1029	OK
2211	     0	70.5	100.0	 991	OK
2212	     0	69.6	99.9	1013	OK
2213	     0	68.6	97.3	1002	OK
2214	     0	69.8	97.7	 992	OK
2215	     0	70.0	101.4	1022	OK
2216	     0	73.1	103.9	 998	OK
2217	     0	71.1	102.8	1016	OK
2218	     0	71.6	102.2	1014	OK
2219	     0	74.7	102.3	1007	OK
2220	     0	72.1	101.2	1002	OK
2221	     0	70.9	101.9	1005	OK
2222	     0	70.4	100.5	1008	OK
2223	     0	68.3	99.3	1012	OK
2224	     0	70.7	100.8	 992	OK
2225	     0	70.7	98.8	 998	OK
2226	     0	69.9	100.0	1002	OK
2227	     0	70.4	101.0	1027	OK
2228	     0	71.0	101.4	1002	OK
2229	     0	69.3	99.5	 997	OK
2230	     0	71.8	102.9	 994	OK
2231	     0	71.8	100.6	 996	OK
2232	     0	70.3	101.5	1015	OK
2233	     0	71.3	99.9	1018	OK
2234	     0	75.1	104.8	 997	OK
2235	     0	71.9	100.2	 986	OK
2236	     0	69.8	98.6	1030	OK
2237	     0	72.1	100.6	 992	OK
2238	     0	74.8	103.8	1001	OK
2239	     0	73.8	104.1	 998	OK
2240	     0	73.1	100.9	1007	OK
2241	     0	71.8	101.7	1008	OK
2242	     0	71.5	102.2	 993	OK
2243	     0	73.0	101.5	 994	OK
2244	     0	71.0	100.8	1009	OK
2245	     0	71.5	101.6	 984	OK
2246	     0	73.1	104.1	 987	OK
2247	     0	73.5	102.9	 989	OK
2248	     0	70.9	99.7	1024	OK
2249	     0	71.6	101.4	 998	OK
2250	     0	73.1	104.2	 985	OK
2251	     0	71.9	103.6	 987	OK
2252	     0	72.5	100.4	1020	OK
2253	     0	71.1	101.3	1000	OK
2254	     0	69.3	97.7	1011	OK
2255	     0	70.0	102.1	 988	OK
2256	     0	71.5	100.9	 981	OK
2257	     0	69.7	98.5	1022	OK
2258	     0	71.3	101.6	1001	OK
2259	     0	73.6	103.1	 989	OK
2260	     0	71.0	102.2	 991	OK
2261	     0	71.6	101.3	 980	OK
2262	     0	70.6	102.2	 994	OK
2263	     0	71.9	101.5	 964	OK
2264	     0	71.6	99.9	1010	OK
2265	     0	72.0	100.4	 984	OK
2266	     0	72.3	103.9	 985	OK
2267	     0	72.9	103.1	 995	OK
2268	     0	72.2	102.3	 991	OK
2269	     0	70.4	99.9	 983	OK
2270	     0	72.6	102.2	1002	OK
2271	     0	71.9	98.9	 987	OK
2272	     0	74.1	102.2	 994	OK
2273	     0	70.7	101.7	1008	OK
2274	     0	74.5	105.0	 997	OK
2275	     0	70.1	98.7	 996	OK
2276	     0	71.3	100.8	 976	OK
2277	     0	70.3	100.5	1004	OK
2278	     0	74.1	105.1	 983	OK
2279	     0	72.2	100.6	1005	OK
2280	     0	69.9	99.6	1001	OK
2281	     0	72.6	103.1	 989	OK
2282	     0	72.3	101.7	 979	OK
2283	     0	70.3	102.0	 994	OK
2284	     0	72.5	101.2	1009	OK
2285	     0	71.9	100.6	 992	OK
2286	     0	72.1	102.5	 982	OK
2287	     0	74.3	103.3	 992	OK
2288	     0	72.7	101.8	 969	OK
2289	     0	69.9	99.7	 994	OK
2290	     0	72.2	101.9	 984	OK
2291	     0	71.5	102.3	 986	OK
2292	     0	70.2	101.8	 981	OK
2293	     0	71.2	99.5	 996	OK
2294	     0	73.2	102.3	 987	OK
2295	     0	73.6	102.7	 978	OK
2296	     0	71.2	101.7	1003	OK
2297	     0	72.1	100.8	1008	OK
2298	     0	73.8	103.8	 989	OK
2299	     0	72.7	102.8	1005	OK
2300	     0	72.3	103.0	 994	OK
2301	     0	74.1	102.3	1015	OK
2302	     0	72.5	103.2	 995	OK
2303	     0	75.2	105.6	 983	OK
2304	     0	74.5	105.2	1007	OK
2305	     0	74.3	103.8	 986	OK
2306	     0	73.4	103.6	1005	OK
2307	     0	77.1	106.7	 983	OK
2308	     0	77.8	109.0	1013	OK
2309	     0	74.6	104.6	 983	OK
2310	     0	72.2	104.9	 986	OK
2311	     0	73.7	103.8	 999	OK
2312	     0	75.3	104.7	 958	OK
2313	     0	72.8	103.5	1006	OK
2314	     0	72.8	103.8	 979	OK
2315	     0	72.2	103.4	 994	OK
2316	     0	72.0	100.6	1000	OK
2317	     0	70.8	104.2	 997	OK
2318	     0	75.2	104.5	1002	OK
2319	     0	73.2	102.8	 980	OK
2320	     0	72.7	104.1	 981	OK
2321	     0	72.7	103.6	 981	OK
2322	     0	74.5	105.3	 997	OK
2323	     0	71.7	103.5	 994	OK
2324	     0	72.1	102.5	 999	OK
2325	     0	72.2	103.2	 994	OK
2326	     0	72.1	101.2	 990	OK
2327	     0	73.3	102.4	 978	OK
2328	     0	75.1	105.0	 993	OK
2329	     0	71.7	102.0	 979	OK
2330	     0	74.7	104.2	 989	OK
2331	     0	72.5	100.4	 992	OK
2332	     0	72.9	105.3	 994	OK
2333	     0	72.0	103.0	 982	OK
2334	     0	72.4	100.8	 984	OK
2335	     0	71.2	101.3	1000	OK
2336	     0	70.5	101.7	 994	OK
2337	     0	74.5	103.4	 978	OK
2338	     0	71.1	101.1	1009	OK
2339	     0	71.6	100.8	1009	OK
2340	     0	72.0	101.8	 990	OK
2341	     0	68.9	100.6	1002	OK
2342	     0	70.9	101.8	 990	OK
2343	     0	71.4	101.6	 987	OK
2344	     0	71.2	101.8	 987	OK
2345	     0	72.1	103.7	1007	OK
2346	     0	70.2	100.3	1013	OK
2347	     0	73.1	104.0	 982	OK
2348	     0	71.9	103.9	 991	OK
2349	     0	71.0	99.7	 992	OK
2350	     0	72.2	104.0	 993	OK
2351	     0	71.3	101.0	1006	OK
2352	     0	70.7	100.9	 994	OK
2353	     0	73.2	101.0	1002	OK
2354	     0	72.1	104.7	1012	OK
2355	     0	70.0	98.7	1004	OK
2356	     0	73.1	103.3	1000	OK
2357	     0	72.2	102.9	 993	OK
2358	     0	72.7	103.6	1002	OK
2359	     0	70.3	100.9	 986	OK
2360	     0	73.6	101.7	 990	OK
2361	     0	71.9	103.0	 982	OK
2362	     0	71.4	99.3	1010	OK
2363	     0	72.6	102.0	 974	OK
2364	     0	72.6	104.4	 977	OK
2365	     0	71.9	102.1	 989	OK
2366	     0	69.1	100.0	 971	OK
2367	     0	71.3	102.1	1011	OK
2368	     0	73.0	102.7	 993	OK
2369	     0	68.9	99.4	1005	OK
2370	     0	70.2	99.6	 984	OK
2371	     0	69.5	99.8	 996	OK
2372	     0	72.5	104.1	 985	OK
2373	     0	73.3	103.7	 991	OK
2374	     0	69.0	99.4	1004	OK
2375	     0	71.4	102.6	1027	OK
2376	     0	71.1	100.1	1013	OK
2377	     0	69.9	100.6	1010	OK
2378	     0	73.2	102.3	1008	OK
2379	     0	70.9	100.3	 995	OK
2380	     0	71.9	100.6	 980	OK
2381	     0	69.4	99.6	1014	OK
2382	     0	71.4	100.9	1004	OK
2383	     0	69.7	101.5	1015	OK
2384	     0	72.9	102.6	 988	OK
2385	     0	71.4	102.2	 975	OK
2386	     0	72.2	102.5	1007	OK
2387	     0	72.3	102.1	1011	OK
2388	     0	69.3	101.2	 976	OK
2389	     0	68.9	97.9	1007	OK
2390	     0	72.6	104.5	1003	OK
2391	     0	69.7	97.2	 977	OK
2392	     0	70.4	102.7	1009	OK
2393	     0	70.1	99.3	 994	OK
2394	     0	69.7	101.5	1008	OK
2395	     0	69.2	99.5	 966	OK
2396	     0	69.6	100.5	1003	OK
2397	     0	66.8	96.7	 992	OK
2398	     0	70.0	101.6	 998	OK
2399	     0	69.5	100.1	1001	OK
2400	     0	71.6	102.0	 998	OK
2401	     0	72.1	102.1	 967	OK
2402	     0	70.7	98.8	 994	OK
2403	  4000	69.2	100.2	1045	high noise
2404	     0	71.2	102.2	 998	OK
2405	     0	69.3	100.3	 998	OK
2406	     0	71.0	99.8	 988	OK
2407	     0	69.8	99.9	 987	OK
2408	     0	70.9	100.1	 999	OK
2409	     0	72.6	101.4	1008	OK
2410	     0	71.7	102.3	1001	OK
2411	     0	67.4	96.7	1002	OK
2412	     0	73.5	104.8	 979	OK
2413	     0	71.8	101.6	 988	OK
2414	     0	70.1	101.2	 987	OK
2415	     0	72.2	101.9	1005	OK
2416	     0	70.1	98.7	1031	OK
2417	     0	69.9	100.6	 999	OK
2418	     0	72.7	102.8	1007	OK
2419	     0	68.4	100.4	1005	OK
2420	     0	71.4	99.3	1013	OK
2421	     0	70.3	101.8	1004	OK
2422	     0	71.1	101.8	1007	OK
2423	     0	70.9	100.7	1000	OK
2424	     0	73.3	100.0	1011	OK
2425	     0	69.7	100.2	1004	OK
2426	     0	70.8	99.4	 982	OK
2427	     0	71.4	103.0	 988	OK
2428	     0	71.2	98.5	 986	OK
2429	     0	71.8	103.3	 996	OK
2430	     0	73.4	102.1	1012	OK
2431	     0	71.7	103.4	 990	OK
2432	     0	69.2	99.1	 980	OK
2433	     0	69.2	98.4	1024	OK
2434	     0	69.6	100.7	1013	OK
2435	     0	69.1	98.8	1012	OK
2436	     0	67.8	97.3	1001	OK
2437	     0	70.6	102.7	 997	OK
2438	     0	73.0	101.9	 981	OK
2439	     0	70.9	102.9	 982	OK
2440	     0	68.7	100.1	1008	OK
2441	     0	71.2	101.3	1004	OK
2442	     0	69.9	98.6	1018	OK
2443	     0	70.5	104.8	 988	OK
2444	     0	69.3	98.9	1002	OK
2445	     0	69.4	100.8	 984	OK
2446	     0	68.6	99.1	1012	OK
2447	     0	68.2	97.8	1000	OK
2448	     0	72.2	103.6	 993	OK
2449	     0	68.3	99.3	 988	OK
2450	     0	71.9	102.4	 988	OK
2451	     0	69.8	99.6	1005	OK
2452	     0	68.8	99.9	 997	OK
2453	     0	70.8	102.0	 985	OK
2454	     0	68.3	98.4	1000	OK
2455	     0	68.3	97.4	1004	OK
2456	     0	71.2	100.7	 992	OK
2457	     0	69.0	100.7	1006	OK
2458	     0	69.4	100.2	 989	OK
2459	     0	68.6	100.7	1006	OK
2460	     0	70.4	100.5	 990	OK
2461	     0	70.5	102.4	 988	OK
2462	     0	71.2	100.2	1001	OK
2463	     0	70.9	100.4	 990	OK
2464	     0	67.8	98.3	 978	OK
2465	     0	69.8	101.8	 986	OK
2466	     0	68.9	100.3	 952	OK
2467	     0	70.4	100.6	 984	OK
2468	     0	69.1	99.1	 998	OK
2469	     0	69.0	99.0	1002	OK
2470	     0	70.8	99.5	 982	OK
2471	     0	71.6	102.2	 991	OK
2472	     0	69.8	98.5	1022	OK
2473	     0	70.3	101.6	 999	OK
2474	     0	70.2	100.0	 984	OK
2475	     0	69.7	98.9	1004	OK
2476	     0	71.3	101.7	 993	OK
2477	     0	69.9	102.3	1032	OK
2478	     0	69.5	101.1	 969	OK
2479	     0	69.9	99.2	1001	OK
2480	     0	68.2	97.7	1011	OK
2481	     0	69.2	99.5	1007	OK
2482	     0	72.8	104.3	1013	OK
2483	     0	71.4	103.3	 982	OK
2484	     0	69.5	99.9	1001	OK
2485	     0	69.1	100.1	1020	OK
2486	     0	71.2	101.1	1004	OK
2487	     0	71.1	103.3	 996	OK
2488	     0	70.1	100.2	1003	OK
2489	     0	70.6	99.7	1008	OK
2490	     0	70.7	98.6	1007	OK
2491	     0	69.9	100.1	 983	OK
2492	     0	71.2	100.3	 994	OK
2493	     0	72.1	101.9	1001	OK
2494	     0	72.0	101.7	 979	OK
2495	     0	70.2	102.5	 984	OK
2496	     0	69.6	98.1	1005	OK
2497	     0	70.0	101.0	 978	OK
2498	     0	69.5	99.0	 985	OK
2499	     0	70.5	102.1	 981	OK
2500	     0	70.8	101.4	 991	OK
2501	     0	70.3	100.3	 943	OK
2502	     0	69.9	101.1	 990	OK
2503	     0	70.9	101.2	 990	OK
2504	     0	70.2	100.5	 981	OK
2505	     0	70.5	100.7	 971	OK
2506	     0	68.3	99.3	 993	OK
2507	     0	72.2	103.3	 991	OK
2508	     0	70.5	98.0	 976	OK
2509	     0	68.0	99.1	 990	OK
2510	     0	68.8	98.4	 987	OK
2511	     0	68.4	97.6	1008	OK
2512	     0	69.9	100.6	 991	OK
2513	     0	69.2	100.1	 970	OK
2514	     0	69.6	99.4	 993	OK
2515	     0	70.1	98.8	1004	OK
2516	     0	70.6	99.0	 981	OK
2517	     0	69.2	100.3	 989	OK
2518	     0	70.7	99.1	 983	OK
2519	     0	71.7	101.6	1002	OK
2520	     0	73.6	103.9	1004	OK
2521	     0	69.9	100.8	 985	OK
2522	     0	70.1	100.1	 995	OK
2523	     0	67.2	96.8	1006	OK
2524	     0	70.1	101.4	 969	OK
2525	     0	69.5	98.6	 986	OK
2526	     0	70.4	100.1	 978	OK
2527	     0	69.5	100.3	 973	OK
2528	     0	72.8	104.2	 984	OK
2529	     0	70.7	99.4	 982	OK
2530	     0	70.1	101.4	1014	OK
2531	     0	71.7	102.7	 982	OK
2532	     0	69.0	99.0	 975	OK
2533	     0	70.3	101.6	 975	OK
2534	     0	71.1	100.0	 978	OK
2535	     0	73.0	103.1	 968	OK
2536	     0	70.9	101.4	 992	OK
2537	     0	68.5	100.5	 989	OK
2538	     0	70.2	99.6	 977	OK
2539	     0	68.0	97.5	 976	OK
2540	     0	71.6	99.9	 986	OK
2541	     0	70.9	99.3	 958	OK
2542	     0	69.4	100.7	 980	OK
2543	     0	70.1	99.7	 976	OK
2544	     0	68.1	96.5	1000	OK
2545	     0	70.0	99.8	 974	OK
2546	     0	69.2	99.3	 975	OK
2547	     0	70.3	98.9	 991	OK
2548	     0	73.6	101.5	 955	OK
2549	     0	71.7	99.4	 972	OK
2550	     0	71.1	99.6	 971	OK
2551	     0	70.9	100.3	 978	OK
2552	     0	70.5	99.4	 976	OK
2553	     0	70.2	100.2	 976	OK
2554	     0	70.2	99.9	 966	OK
2555	     0	71.9	101.0	 969	OK
2556	     0	70.2	98.5	 995	OK
2557	     0	73.3	101.1	 998	OK
2558	   200	75.2	103.1	 981	high gain
2559	   200	76.8	102.0	1034	high gain
