#chan	code	gain	vt50	innse	comment
   0	     0	79.0	145.5	1229	OK
   1	  4000	78.8	150.1	1260	high noise
   2	     0	72.2	140.2	1169	OK
   3	  4000	78.7	153.2	1258	high noise
   4	     0	76.4	143.4	1169	OK
   5	     0	75.3	146.2	1191	OK
   6	     0	75.8	143.6	1168	OK
   7	     0	74.7	144.3	1182	OK
   8	     0	75.9	144.5	1155	OK
   9	     0	75.0	144.0	1191	OK
  10	     0	76.6	147.5	1178	OK
  11	     0	74.0	143.0	1145	OK
  12	     0	74.6	145.3	1169	OK
  13	     0	75.1	144.9	1178	OK
  14	     0	74.7	145.3	1136	OK
  15	     0	74.0	143.0	1159	OK
  16	     0	74.6	142.9	1166	OK
  17	     0	73.4	143.8	1150	OK
  18	     0	77.9	148.9	1212	OK
  19	     0	76.7	144.6	1140	OK
  20	     0	74.7	144.6	1150	OK
  21	     0	76.4	146.9	1192	OK
  22	     0	73.9	141.1	1151	OK
  23	     0	74.7	141.5	1147	OK
  24	     0	76.3	146.8	1193	OK
  25	     0	73.2	141.0	1191	OK
  26	     0	75.3	143.4	1135	OK
  27	     0	76.2	143.6	1171	OK
  28	     0	74.6	141.6	1170	OK
  29	     0	77.4	145.8	1178	OK
  30	     0	73.5	141.2	1183	OK
  31	     0	74.7	144.4	1161	OK
  32	     0	77.3	148.5	1208	OK
  33	     0	75.5	143.4	1162	OK
  34	     0	76.2	146.5	1178	OK
  35	     0	74.6	145.0	1164	OK
  36	     0	74.3	141.2	1181	OK
  37	     0	75.4	145.9	1173	OK
  38	     0	75.0	141.6	1178	OK
  39	     0	75.2	142.5	1183	OK
  40	     0	77.1	147.9	1214	OK
  41	     0	73.9	143.0	1173	OK
  42	     0	77.1	147.0	1203	OK
  43	     0	76.2	146.7	1210	OK
  44	  4000	76.9	148.3	1247	high noise
  45	     0	76.7	147.6	1203	OK
  46	     0	75.7	147.0	1199	OK
  47	     0	77.0	146.0	1207	OK
  48	     0	75.1	142.2	1164	OK
  49	     0	74.4	142.4	1181	OK
  50	     0	73.1	140.0	1177	OK
  51	     0	75.0	144.3	1184	OK
  52	     0	74.9	144.9	1195	OK
  53	     0	75.4	145.5	1197	OK
  54	     0	77.5	146.8	1212	OK
  55	     0	76.3	142.9	1223	OK
  56	     0	74.6	143.6	1202	OK
  57	     0	76.7	144.6	1199	OK
  58	     0	72.6	138.7	1171	OK
  59	     0	74.2	140.6	1201	OK
  60	     0	75.0	141.6	1189	OK
  61	     0	75.3	143.1	1174	OK
  62	     0	75.9	143.5	1181	OK
  63	     0	76.7	145.7	1209	OK
  64	     0	75.4	147.2	1192	OK
  65	     0	75.3	146.1	1224	OK
  66	     0	74.4	145.5	1182	OK
  67	     0	75.3	142.9	1177	OK
  68	     0	73.3	144.6	1168	OK
  69	     0	74.4	144.7	1174	OK
  70	     0	72.5	140.6	1207	OK
  71	     0	71.4	139.2	1179	OK
  72	     0	73.6	142.3	1183	OK
  73	     0	72.8	139.9	1188	OK
  74	     0	73.1	142.3	1186	OK
  75	     0	72.5	139.1	1148	OK
  76	     0	74.0	143.1	1192	OK
  77	     0	74.3	139.1	1176	OK
  78	     0	73.9	142.0	1167	OK
  79	     0	74.0	141.8	1193	OK
  80	     0	73.4	143.3	1170	OK
  81	     0	74.6	144.6	1171	OK
  82	     0	73.2	141.1	1198	OK
  83	     0	74.1	141.4	1195	OK
  84	     0	74.4	143.8	1186	OK
  85	     0	74.7	143.6	1189	OK
  86	     0	72.4	139.4	1180	OK
  87	     0	72.7	139.9	1182	OK
  88	     0	76.2	146.3	1178	OK
  89	     0	72.6	138.5	1186	OK
  90	     0	73.6	141.4	1182	OK
  91	     0	74.1	141.7	1167	OK
  92	     0	73.6	139.3	1176	OK
  93	     0	74.3	143.0	1201	OK
  94	     0	73.1	141.3	1181	OK
  95	     0	71.8	138.9	1166	OK
  96	     0	73.5	142.2	1178	OK
  97	     0	73.7	140.9	1168	OK
  98	     0	73.9	142.4	1159	OK
  99	     0	73.1	142.4	1183	OK
 100	     0	73.6	140.1	1196	OK
 101	     0	74.7	142.4	1178	OK
 102	     0	74.3	144.1	1177	OK
 103	     0	73.7	143.0	1189	OK
 104	     0	75.0	142.3	1190	OK
 105	     0	74.7	144.0	1187	OK
 106	     0	74.5	144.3	1165	OK
 107	     0	74.5	142.5	1189	OK
 108	     0	75.7	146.6	1179	OK
 109	     0	73.2	142.5	1187	OK
 110	     0	72.7	140.8	1156	OK
 111	     0	74.9	143.0	1171	OK
 112	     0	73.5	142.5	1177	OK
 113	     0	74.5	143.5	1156	OK
 114	     0	73.9	142.0	1159	OK
 115	     0	73.3	141.3	1170	OK
 116	     0	74.2	141.1	1168	OK
 117	     0	73.3	143.3	1171	OK
 118	     0	74.7	141.6	1183	OK
 119	     0	72.7	137.6	1172	OK
 120	     0	74.1	141.1	1177	OK
 121	     0	72.8	137.1	1179	OK
 122	     0	74.3	141.8	1188	OK
 123	     0	72.3	139.5	1176	OK
 124	     0	76.7	145.6	1207	OK
 125	     0	74.2	143.9	1198	OK
 126	     0	75.7	142.9	1173	OK
 127	  4000	78.4	148.7	1268	high noise
 128	  4000	80.1	151.9	1236	high noise
 129	     0	76.0	147.2	1152	OK
 130	  4000	78.0	150.5	1226	high noise
 131	     0	75.3	147.8	1169	OK
 132	     0	75.0	144.0	1158	OK
 133	     0	75.7	147.3	1166	OK
 134	  4000	79.1	151.6	1215	high noise
 135	     0	76.3	144.8	1137	OK
 136	  4000	78.7	148.9	1207	high noise
 137	     0	75.3	145.1	1140	OK
 138	     0	76.7	148.8	1169	OK
 139	  4000	77.7	151.7	1226	high noise
 140	     0	76.6	147.1	1131	OK
 141	  4000	78.8	148.6	1186	high noise
 142	     0	76.3	146.5	1143	OK
 143	     0	76.7	148.6	1170	OK
 144	     0	77.8	147.9	1162	OK
 145	     0	77.0	147.5	1162	OK
 146	  4000	78.1	151.1	1257	high noise
 147	  4000	77.6	151.9	1197	high noise
 148	     0	74.7	144.1	1140	OK
 149	     0	76.1	148.7	1153	OK
 150	     0	77.2	147.7	1154	OK
 151	     0	75.4	144.7	1145	OK
 152	  4000	76.7	149.3	1205	high noise
 153	     0	76.1	146.9	1170	OK
 154	     0	73.5	140.5	1131	OK
 155	     0	76.4	146.0	1164	OK
 156	  4000	78.4	152.8	1209	high noise
 157	     0	75.3	143.7	1155	OK
 158	     0	76.3	145.7	1131	OK
 159	     0	77.0	148.8	1142	OK
 160	  4000	78.0	151.9	1203	high noise
 161	     0	76.7	147.8	1166	OK
 162	     0	78.0	149.5	1163	OK
 163	     0	76.3	146.0	1157	OK
 164	     0	76.1	145.7	1150	OK
 165	     0	75.7	150.3	1166	OK
 166	     0	75.8	144.7	1139	OK
 167	     0	77.3	148.1	1163	OK
 168	  4000	77.5	150.6	1194	high noise
 169	     0	75.8	145.5	1140	OK
 170	     0	76.3	148.4	1147	OK
 171	     0	77.2	147.9	1160	OK
 172	     0	75.5	145.1	1150	OK
 173	     0	75.6	146.3	1147	OK
 174	     0	76.8	147.3	1140	OK
 175	     0	76.7	146.0	1159	OK
 176	  4000	78.2	153.9	1232	high noise
 177	     0	77.7	149.3	1156	OK
 178	     0	75.0	142.4	1162	OK
 179	  4000	77.0	150.2	1192	high noise
 180	  4000	79.2	154.2	1248	high noise
 181	     0	76.2	146.5	1154	OK
 182	     0	75.3	144.5	1148	OK
 183	     0	75.8	147.4	1141	OK
 184	  4000	77.8	149.6	1201	high noise
 185	     0	76.4	147.0	1183	OK
 186	     0	77.5	147.7	1153	OK
 187	     0	74.2	144.4	1141	OK
 188	     0	76.4	146.8	1162	OK
 189	     0	77.6	147.8	1154	OK
 190	     0	75.9	146.9	1156	OK
 191	     0	77.3	147.6	1161	OK
 192	     0	76.9	146.4	1146	OK
 193	     0	76.7	145.3	1124	OK
 194	  4000	77.7	153.6	1246	high noise
 195	     0	74.6	144.9	1133	OK
 196	     0	76.6	145.8	1113	OK
 197	  4000	76.6	151.0	1185	high noise
 198	  4000	78.1	152.6	1196	high noise
 199	  4000	78.0	152.4	1196	high noise
 200	  4000	78.9	155.6	1248	high noise
 201	     0	77.2	149.3	1127	OK
 202	     0	77.8	146.8	1129	OK
 203	     0	76.6	146.5	1123	OK
 204	     0	76.6	149.0	1132	OK
 205	  4000	77.8	150.9	1193	high noise
 206	     0	77.1	149.9	1165	OK
 207	     0	77.5	147.4	1136	OK
 208	     0	76.4	145.3	1115	OK
 209	     0	77.0	148.0	1133	OK
 210	  4000	78.7	153.9	1237	high noise
 211	     0	75.9	147.2	1120	OK
 212	     0	77.5	147.4	1098	OK
 213	     0	76.3	145.6	1126	OK
 214	     0	73.4	140.4	1124	OK
 215	     0	76.2	145.6	1106	OK
 216	     0	78.0	146.8	1102	OK
 217	     0	78.2	147.6	1144	OK
 218	     0	76.3	150.0	1142	OK
 219	     0	76.7	147.7	1111	OK
 220	     0	77.1	147.3	1144	OK
 221	     0	77.1	146.1	1120	OK
 222	     0	77.0	149.0	1164	OK
 223	     0	76.9	147.3	1113	OK
 224	     0	75.9	148.1	1114	OK
 225	     0	77.8	149.4	1147	OK
 226	     0	76.6	146.6	1107	OK
 227	     0	75.7	144.3	1097	OK
 228	     0	78.4	152.7	1178	OK
 229	     0	78.4	149.3	1173	OK
 230	     0	78.5	149.9	1138	OK
 231	     0	78.6	150.5	1162	OK
 232	     0	76.6	148.2	1115	OK
 233	     0	75.7	145.3	1084	OK
 234	     0	79.2	152.4	1168	OK
 235	  4000	79.7	155.2	1217	high noise
 236	     0	78.2	152.0	1183	OK
 237	  4000	79.5	154.4	1221	high noise
 238	  4000	78.7	154.1	1216	high noise
 239	  4000	79.2	154.4	1203	high noise
 240	  4000	78.9	153.0	1196	high noise
 241	     0	78.6	150.7	1163	OK
 242	  4000	78.7	153.1	1204	high noise
 243	     0	77.0	145.9	1120	OK
 244	     0	76.2	146.2	1119	OK
 245	  4000	78.2	154.8	1233	high noise
 246	     0	78.3	149.2	1139	OK
 247	  4000	79.3	154.4	1203	high noise
 248	     0	77.3	148.7	1163	OK
 249	     0	77.1	146.8	1120	OK
 250	     0	78.4	150.2	1164	OK
 251	     0	77.9	148.8	1111	OK
 252	  4000	79.5	152.3	1208	high noise
 253	  4000	79.3	152.9	1202	high noise
 254	     0	77.0	146.2	1114	OK
 255	     0	76.2	148.2	1134	OK
 256	     0	77.9	145.7	1179	OK
 257	     0	77.4	149.1	1230	OK
 258	     0	78.6	151.7	1271	OK
 259	     0	76.9	149.5	1217	OK
 260	     0	77.0	150.2	1239	OK
 261	     0	78.0	147.0	1195	OK
 262	     0	77.8	148.7	1214	OK
 263	     0	78.1	151.2	1276	OK
 264	     0	79.1	153.5	1258	OK
 265	  4000	79.6	152.7	1293	high noise
 266	     0	78.5	150.0	1204	OK
 267	     0	78.4	148.0	1222	OK
 268	     0	75.6	145.8	1175	OK
 269	     0	78.2	148.9	1203	OK
 270	     0	78.9	152.6	1260	OK
 271	     0	76.8	146.6	1184	OK
 272	     0	78.6	148.4	1200	OK
 273	  4000	78.9	154.7	1295	high noise
 274	     0	78.2	150.4	1278	OK
 275	     0	77.2	149.0	1204	OK
 276	     0	77.0	150.0	1232	OK
 277	     0	78.1	148.1	1196	OK
 278	     0	79.4	152.0	1268	OK
 279	     0	78.4	152.2	1265	OK
 280	     0	78.2	148.5	1229	OK
 281	     0	77.4	148.8	1206	OK
 282	     0	80.3	154.7	1263	OK
 283	     0	79.1	150.9	1284	OK
 284	     0	76.2	145.8	1177	OK
 285	     0	77.3	148.3	1186	OK
 286	     0	80.0	156.6	1281	OK
 287	     0	79.6	152.0	1274	OK
 288	     0	78.1	149.5	1254	OK
 289	     0	76.8	147.7	1192	OK
 290	     0	77.8	147.7	1190	OK
 291	     0	79.6	152.7	1269	OK
 292	     0	77.0	146.6	1180	OK
 293	     0	76.5	145.3	1187	OK
 294	     0	76.2	148.2	1208	OK
 295	     0	77.6	146.2	1165	OK
 296	     0	78.8	149.8	1236	OK
 297	     0	79.9	156.3	1283	OK
 298	     0	77.4	149.1	1228	OK
 299	     0	78.8	154.5	1273	OK
 300	     0	75.1	142.8	1177	OK
 301	     0	77.8	147.5	1207	OK
 302	     0	77.6	149.5	1252	OK
 303	     0	77.5	147.4	1168	OK
 304	     0	78.1	148.9	1210	OK
 305	     0	78.6	149.0	1227	OK
 306	     0	77.3	152.1	1273	OK
 307	     0	78.7	152.5	1268	OK
 308	     0	77.5	148.1	1233	OK
 309	     0	78.4	152.5	1278	OK
 310	     0	77.9	149.6	1239	OK
 311	     0	76.7	146.3	1169	OK
 312	     0	77.3	148.0	1218	OK
 313	     0	76.8	147.4	1198	OK
 314	     0	77.7	151.0	1240	OK
 315	     0	78.5	148.9	1228	OK
 316	     0	78.5	150.8	1278	OK
 317	     0	79.9	152.0	1276	OK
 318	     0	80.0	151.3	1273	OK
 319	     0	77.0	150.7	1248	OK
 320	     0	76.6	145.1	1194	OK
 321	     0	78.1	149.5	1232	OK
 322	     0	75.6	143.2	1203	OK
 323	     0	77.3	150.3	1256	OK
 324	     0	77.4	150.3	1253	OK
 325	     0	75.9	142.8	1203	OK
 326	     0	77.7	148.4	1207	OK
 327	     0	77.9	149.0	1231	OK
 328	     0	78.6	148.4	1233	OK
 329	     0	77.7	149.7	1238	OK
 330	     0	75.8	145.5	1175	OK
 331	     0	76.3	144.4	1169	OK
 332	     0	76.5	146.5	1193	OK
 333	     0	78.1	150.0	1250	OK
 334	     0	76.7	145.6	1184	OK
 335	     0	73.3	139.4	1159	OK
 336	     0	77.4	149.6	1233	OK
 337	     0	75.6	143.1	1162	OK
 338	     0	75.3	144.3	1173	OK
 339	     0	74.8	142.4	1148	OK
 340	     0	77.7	147.6	1224	OK
 341	     0	75.7	145.2	1152	OK
 342	     0	78.3	149.6	1259	OK
 343	     0	76.5	145.8	1170	OK
 344	     0	75.6	142.1	1163	OK
 345	     0	78.0	148.3	1209	OK
 346	     0	77.1	150.8	1241	OK
 347	     0	76.1	145.8	1200	OK
 348	     0	78.0	149.3	1267	OK
 349	     0	75.1	145.8	1176	OK
 350	     0	78.7	150.0	1235	OK
 351	     0	74.2	143.8	1123	OK
 352	     0	75.8	146.0	1173	OK
 353	     0	77.8	152.9	1275	OK
 354	     0	76.4	145.6	1197	OK
 355	     0	73.3	142.5	1166	OK
 356	     0	76.0	144.1	1171	OK
 357	     0	79.0	150.5	1249	OK
 358	     0	73.7	141.9	1140	OK
 359	     0	77.5	146.1	1196	OK
 360	     0	74.9	142.9	1136	OK
 361	     0	77.5	149.4	1231	OK
 362	     0	80.0	155.2	1271	OK
 363	     0	74.8	145.2	1155	OK
 364	     0	77.1	148.3	1189	OK
 365	     0	78.0	152.1	1252	OK
 366	     0	75.0	142.4	1135	OK
 367	     0	74.8	145.1	1148	OK
 368	     0	77.9	150.8	1227	OK
 369	     0	76.3	144.6	1190	OK
 370	     0	77.3	146.1	1179	OK
 371	     0	75.7	143.4	1166	OK
 372	     0	75.9	146.5	1163	OK
 373	     0	78.9	152.6	1253	OK
 374	     0	75.8	143.5	1154	OK
 375	     0	77.6	146.5	1192	OK
 376	     0	76.6	148.9	1167	OK
 377	     0	77.5	149.3	1224	OK
 378	     0	76.8	146.3	1170	OK
 379	     0	77.1	145.8	1154	OK
 380	     0	77.6	150.0	1211	OK
 381	     0	76.6	144.8	1149	OK
 382	     0	77.7	150.5	1216	OK
 383	     0	74.9	141.2	1146	OK
 384	     0	76.8	148.1	1146	OK
 385	     0	77.2	144.9	1173	OK
 386	     0	77.8	147.5	1182	OK
 387	  4000	79.3	152.0	1242	high noise
 388	     0	78.1	149.7	1190	OK
 389	     0	77.2	147.2	1168	OK
 390	     0	78.1	145.6	1173	OK
 391	     0	78.6	150.0	1200	OK
 392	     0	77.6	146.4	1141	OK
 393	     0	77.0	144.9	1161	OK
 394	  4000	80.2	155.4	1261	high noise
 395	     0	77.0	145.5	1165	OK
 396	     0	76.5	147.2	1176	OK
 397	  4000	79.4	153.7	1243	high noise
 398	  4000	79.6	151.2	1226	high noise
 399	     0	77.0	147.5	1131	OK
 400	     0	78.9	151.0	1189	OK
 401	     0	77.2	148.1	1167	OK
 402	     0	77.0	146.7	1148	OK
 403	     0	76.7	144.3	1134	OK
 404	     0	76.6	146.2	1146	OK
 405	     0	77.5	143.2	1132	OK
 406	     0	76.5	144.4	1120	OK
 407	     0	76.0	147.8	1148	OK
 408	     0	76.8	144.5	1127	OK
 409	     0	76.4	146.7	1144	OK
 410	     0	76.9	145.1	1128	OK
 411	     0	73.9	139.8	1132	OK
 412	     0	75.8	145.3	1145	OK
 413	     0	75.7	142.4	1153	OK
 414	     0	77.4	147.1	1177	OK
 415	     0	77.0	146.0	1156	OK
 416	     0	77.9	149.0	1186	OK
 417	     0	76.7	147.2	1160	OK
 418	  4000	78.9	149.8	1217	high noise
 419	     0	75.6	143.2	1147	OK
 420	     0	77.3	148.7	1193	OK
 421	  4000	81.1	153.7	1269	high noise
 422	     0	75.5	142.1	1146	OK
 423	     0	77.6	147.9	1158	OK
 424	     0	77.0	146.1	1171	OK
 425	     0	78.3	149.5	1210	OK
 426	     0	75.7	146.2	1140	OK
 427	     0	78.0	148.1	1176	OK
 428	     0	76.6	148.1	1190	OK
 429	     0	77.7	145.4	1150	OK
 430	     0	78.9	150.3	1187	OK
 431	  4000	78.4	150.3	1231	high noise
 432	     0	78.8	147.5	1162	OK
 433	     0	77.0	147.7	1169	OK
 434	     0	76.8	144.8	1156	OK
 435	     0	76.5	144.2	1138	OK
 436	  4000	79.0	153.1	1225	high noise
 437	     0	77.1	146.4	1146	OK
 438	     0	77.4	149.5	1192	OK
 439	     0	78.1	149.1	1185	OK
 440	     0	76.6	148.0	1174	OK
 441	     0	76.6	146.0	1161	OK
 442	     0	77.2	145.5	1130	OK
 443	     0	77.4	144.7	1130	OK
 444	  4000	79.7	152.4	1225	high noise
 445	     0	76.8	143.7	1150	OK
 446	  4000	78.0	150.2	1214	high noise
 447	     0	77.5	147.7	1181	OK
 448	     0	77.7	147.0	1153	OK
 449	     0	79.2	150.7	1195	OK
 450	     0	76.3	144.5	1161	OK
 451	  4000	79.2	154.2	1245	high noise
 452	     0	78.2	148.1	1175	OK
 453	     0	77.8	148.8	1203	OK
 454	     0	77.8	148.1	1139	OK
 455	     0	77.5	147.1	1149	OK
 456	     0	78.5	149.3	1172	OK
 457	     0	79.1	150.4	1210	OK
 458	     0	77.3	147.3	1132	OK
 459	     0	77.2	147.4	1169	OK
 460	     0	76.0	145.3	1147	OK
 461	     0	75.2	144.3	1124	OK
 462	  4000	80.0	154.7	1268	high noise
 463	     0	76.2	143.9	1113	OK
 464	     0	76.2	144.3	1137	OK
 465	     0	78.4	145.7	1135	OK
 466	     0	78.5	148.5	1161	OK
 467	  4000	79.6	151.7	1230	high noise
 468	     0	77.6	147.7	1143	OK
 469	  4000	78.2	151.8	1217	high noise
 470	     0	79.0	151.2	1198	OK
 471	     0	78.8	149.2	1150	OK
 472	     0	77.5	144.7	1146	OK
 473	     0	80.1	150.9	1184	OK
 474	     0	77.5	146.3	1119	OK
 475	     0	78.1	150.1	1197	OK
 476	     0	77.8	148.0	1174	OK
 477	  4000	79.7	153.2	1216	high noise
 478	  4000	79.6	153.3	1233	high noise
 479	  4000	79.4	152.2	1215	high noise
 480	     0	77.7	146.0	1148	OK
 481	     0	77.9	147.7	1150	OK
 482	     0	78.6	148.5	1140	OK
 483	     0	77.2	147.3	1134	OK
 484	     0	77.8	147.6	1173	OK
 485	     0	76.8	144.3	1127	OK
 486	     0	78.5	147.1	1114	OK
 487	     0	77.2	146.3	1130	OK
 488	     0	78.4	148.6	1114	OK
 489	     0	77.8	149.7	1145	OK
 490	  4000	79.9	153.2	1224	high noise
 491	     0	77.6	147.3	1115	OK
 492	     0	78.9	148.4	1158	OK
 493	     0	78.1	150.1	1180	OK
 494	     0	76.9	145.4	1109	OK
 495	     0	78.6	150.7	1192	OK
 496	     0	77.1	146.1	1125	OK
 497	     0	78.7	147.6	1135	OK
 498	     0	77.0	145.9	1114	OK
 499	     0	78.8	146.9	1130	OK
 500	     0	77.4	147.7	1131	OK
 501	  4000	79.2	152.1	1216	high noise
 502	     0	79.1	149.2	1165	OK
 503	     0	75.9	144.4	1119	OK
 504	  4000	80.4	153.6	1217	high noise
 505	     0	79.2	150.3	1188	OK
 506	     0	77.4	147.3	1133	OK
 507	     0	79.1	150.2	1191	OK
 508	     0	78.9	151.3	1177	OK
 509	     0	78.8	150.2	1145	OK
 510	     0	78.7	151.5	1165	OK
 511	     0	79.5	151.0	1182	OK
 512	     0	81.2	156.6	1242	OK
 513	   200	84.0	162.5	1256	high gain
 514	     0	80.6	156.0	1213	OK
 515	     0	82.0	158.3	1228	OK
 516	     0	81.6	159.8	1257	OK
 517	     0	81.5	155.3	1230	OK
 518	     0	78.9	151.1	1181	OK
 519	     0	78.3	149.1	1164	OK
 520	     0	79.0	149.2	1134	OK
 521	     0	78.7	149.2	1143	OK
 522	     0	83.6	160.8	1255	OK
 523	     0	82.0	158.3	1241	OK
 524	     0	81.4	154.2	1200	OK
 525	     0	80.6	157.4	1238	OK
 526	     0	80.1	153.6	1214	OK
 527	     0	80.5	154.7	1235	OK
 528	     0	80.2	152.0	1182	OK
 529	     0	80.2	152.4	1225	OK
 530	     0	80.7	155.5	1221	OK
 531	     0	81.1	158.2	1242	OK
 532	     0	79.5	150.1	1151	OK
 533	     0	80.1	155.8	1222	OK
 534	     0	79.3	153.9	1212	OK
 535	     0	78.9	149.8	1150	OK
 536	     0	81.2	154.7	1198	OK
 537	     0	79.9	152.7	1208	OK
 538	     0	81.4	157.3	1233	OK
 539	     0	79.1	152.1	1239	OK
 540	     0	78.9	150.4	1184	OK
 541	     0	79.4	157.5	1229	OK
 542	     0	80.6	154.5	1238	OK
 543	     0	79.4	149.2	1168	OK
 544	     0	80.7	153.9	1207	OK
 545	     0	80.0	151.1	1183	OK
 546	     0	78.9	154.5	1208	OK
 547	     0	79.4	149.9	1181	OK
 548	     0	78.7	152.2	1179	OK
 549	     0	79.8	149.0	1147	OK
 550	     0	80.5	152.4	1215	OK
 551	     0	78.2	151.7	1158	OK
 552	     0	78.6	149.7	1170	OK
 553	     0	80.8	156.2	1224	OK
 554	     0	80.1	150.5	1182	OK
 555	     0	79.2	151.2	1172	OK
 556	     0	79.2	154.7	1224	OK
 557	     0	79.2	150.6	1161	OK
 558	     0	79.7	153.0	1209	OK
 559	     0	79.4	152.4	1233	OK
 560	     0	78.2	147.2	1137	OK
 561	     0	81.7	157.8	1237	OK
 562	     0	76.4	144.4	1106	OK
 563	     0	80.3	154.2	1245	OK
 564	     0	78.6	152.0	1207	OK
 565	     0	79.0	150.5	1193	OK
 566	     0	79.7	151.7	1205	OK
 567	     0	79.2	154.4	1235	OK
 568	     0	80.4	151.5	1210	OK
 569	     0	80.8	154.2	1221	OK
 570	     0	81.3	154.7	1235	OK
 571	     0	79.8	153.9	1212	OK
 572	     0	80.6	155.8	1221	OK
 573	     0	78.4	151.4	1192	OK
 574	     0	79.1	153.1	1225	OK
 575	     0	79.3	154.2	1223	OK
 576	     0	78.6	149.9	1146	OK
 577	     0	78.5	149.4	1166	OK
 578	     0	78.4	148.5	1142	OK
 579	     0	79.1	153.8	1202	OK
 580	     0	77.1	148.3	1099	OK
 581	     0	79.3	154.7	1236	OK
 582	     0	79.3	150.7	1148	OK
 583	     0	78.1	149.9	1166	OK
 584	     0	78.6	148.4	1121	OK
 585	     0	79.7	149.9	1178	OK
 586	     0	80.7	158.8	1234	OK
 587	     0	78.9	149.9	1150	OK
 588	     0	80.7	151.9	1203	OK
 589	     0	78.3	150.7	1181	OK
 590	     0	80.6	155.2	1238	OK
 591	     0	78.1	148.1	1129	OK
 592	     0	80.1	153.3	1225	OK
 593	     0	77.9	149.9	1163	OK
 594	     0	77.7	144.5	1131	OK
 595	     0	78.8	150.2	1173	OK
 596	     0	79.0	151.6	1205	OK
 597	     0	79.4	153.4	1209	OK
 598	     0	78.6	152.9	1193	OK
 599	     0	77.4	150.4	1182	OK
 600	     0	78.7	153.6	1211	OK
 601	     0	77.4	147.5	1107	OK
 602	     0	80.2	155.7	1230	OK
 603	     0	80.3	151.0	1188	OK
 604	     0	79.4	155.2	1221	OK
 605	     0	79.5	151.0	1176	OK
 606	     0	78.3	149.1	1185	OK
 607	     0	80.6	157.4	1221	OK
 608	     0	79.6	150.3	1201	OK
 609	     0	80.7	156.6	1265	OK
 610	     0	79.2	148.8	1137	OK
 611	     0	78.5	150.7	1191	OK
 612	     0	78.4	149.1	1183	OK
 613	     0	79.8	152.3	1203	OK
 614	     0	82.2	153.6	1244	OK
 615	     0	78.6	152.4	1199	OK
 616	     0	78.2	151.0	1184	OK
 617	     0	77.5	148.3	1138	OK
 618	     0	79.4	151.4	1224	OK
 619	     0	80.0	153.0	1209	OK
 620	     0	81.8	155.4	1246	OK
 621	     0	80.0	154.4	1245	OK
 622	     0	79.0	152.6	1229	OK
 623	     0	79.8	152.5	1229	OK
 624	     0	77.2	146.9	1178	OK
 625	     0	79.6	154.6	1212	OK
 626	     0	77.1	146.3	1138	OK
 627	     0	79.0	150.9	1195	OK
 628	     0	78.0	149.2	1160	OK
 629	     0	77.6	145.4	1127	OK
 630	     0	79.9	151.3	1204	OK
 631	     0	78.9	150.6	1214	OK
 632	     0	80.4	158.1	1259	OK
 633	     0	80.6	155.0	1255	OK
 634	     0	78.5	149.0	1151	OK
 635	     0	79.7	151.6	1190	OK
 636	     0	79.3	150.6	1207	OK
 637	     0	79.6	153.6	1232	OK
 638	     0	81.0	157.4	1249	OK
 639	     0	79.4	152.4	1240	OK
 640	     0	77.2	144.5	1167	OK
 641	  4000	78.8	150.8	1247	high noise
 642	     0	75.9	145.6	1165	OK
 643	     0	77.5	148.1	1185	OK
 644	     0	78.7	147.4	1195	OK
 645	     0	75.5	144.2	1140	OK
 646	     0	76.8	145.8	1150	OK
 647	     0	77.4	145.6	1144	OK
 648	     0	75.4	142.1	1157	OK
 649	     0	74.8	144.2	1158	OK
 650	     0	76.4	145.1	1157	OK
 651	     0	78.3	148.1	1195	OK
 652	  4000	78.0	150.1	1224	high noise
 653	     0	76.3	144.8	1158	OK
 654	     0	76.0	144.9	1155	OK
 655	  4000	78.7	150.1	1238	high noise
 656	     0	75.9	144.9	1159	OK
 657	  4000	79.0	151.4	1250	high noise
 658	     0	76.7	147.3	1170	OK
 659	     0	76.1	146.0	1181	OK
 660	     0	77.9	148.3	1188	OK
 661	     0	76.6	146.5	1171	OK
 662	     0	75.7	142.0	1156	OK
 663	  4000	77.2	150.3	1214	high noise
 664	     0	78.1	146.9	1190	OK
 665	     0	78.0	149.3	1202	OK
 666	     0	77.4	147.7	1170	OK
 667	     0	77.2	147.1	1175	OK
 668	     0	76.2	144.8	1141	OK
 669	     0	77.1	147.8	1185	OK
 670	     0	78.2	148.2	1171	OK
 671	     0	75.0	142.6	1150	OK
 672	     0	77.2	146.1	1181	OK
 673	     0	75.8	144.2	1152	OK
 674	     0	76.5	143.4	1172	OK
 675	     0	77.3	145.6	1144	OK
 676	     0	78.2	147.0	1166	OK
 677	     0	77.2	147.1	1208	OK
 678	     0	77.2	146.1	1152	OK
 679	     0	76.4	143.5	1176	OK
 680	     0	75.8	143.7	1150	OK
 681	  4000	78.0	150.6	1234	high noise
 682	     0	76.1	145.3	1185	OK
 683	     0	76.2	144.5	1152	OK
 684	     0	78.2	147.6	1190	OK
 685	     0	76.3	144.4	1178	OK
 686	     0	75.2	144.3	1162	OK
 687	  4000	78.2	149.9	1231	high noise
 688	     0	76.3	145.0	1150	OK
 689	     0	77.9	148.9	1200	OK
 690	     0	76.1	146.9	1161	OK
 691	     0	77.4	146.6	1166	OK
 692	     0	75.6	143.9	1149	OK
 693	  4000	77.3	149.8	1220	high noise
 694	     0	77.6	147.5	1185	OK
 695	     0	78.1	148.4	1173	OK
 696	     0	77.3	147.3	1157	OK
 697	     0	77.6	148.0	1163	OK
 698	     0	76.8	147.2	1170	OK
 699	     0	78.1	148.9	1193	OK
 700	     0	76.9	148.3	1192	OK
 701	     0	77.7	147.0	1160	OK
 702	     0	74.4	141.2	1140	OK
 703	     0	78.3	149.4	1183	OK
 704	     0	77.5	145.6	1180	OK
 705	     0	75.2	143.5	1106	OK
 706	     0	75.5	143.0	1152	OK
 707	     0	77.8	147.9	1113	OK
 708	     0	75.4	146.1	1162	OK
 709	     0	77.2	146.0	1141	OK
 710	     0	75.4	143.7	1133	OK
 711	     0	78.0	149.9	1186	OK
 712	     0	77.2	146.4	1153	OK
 713	     0	75.4	143.3	1145	OK
 714	     0	75.9	144.8	1108	OK
 715	     0	76.9	147.5	1179	OK
 716	     0	76.3	144.4	1144	OK
 717	     0	76.5	144.5	1112	OK
 718	     0	78.3	149.1	1169	OK
 719	     0	77.0	145.1	1110	OK
 720	     0	78.2	147.1	1164	OK
 721	     0	75.3	142.4	1124	OK
 722	     0	75.2	143.4	1128	OK
 723	     0	77.3	149.3	1147	OK
 724	     0	75.9	147.2	1130	OK
 725	     0	77.3	147.1	1143	OK
 726	     0	76.8	143.8	1136	OK
 727	     0	75.4	144.1	1127	OK
 728	     0	77.9	147.5	1144	OK
 729	     0	76.3	145.0	1175	OK
 730	     0	77.6	147.9	1142	OK
 731	     0	76.4	146.3	1127	OK
 732	  4000	79.9	151.9	1219	high noise
 733	     0	78.1	150.3	1176	OK
 734	  4000	79.6	154.0	1233	high noise
 735	     0	78.2	149.1	1198	OK
 736	     0	77.1	144.8	1133	OK
 737	     0	76.5	145.6	1128	OK
 738	     0	76.9	146.7	1142	OK
 739	     0	77.2	144.7	1119	OK
 740	     0	78.9	147.3	1122	OK
 741	     0	77.2	145.1	1116	OK
 742	     0	76.1	145.8	1128	OK
 743	     0	75.1	144.8	1112	OK
 744	     0	76.4	147.4	1142	OK
 745	     0	76.9	146.8	1147	OK
 746	     0	77.8	146.0	1146	OK
 747	     0	76.5	146.5	1120	OK
 748	     0	76.0	145.0	1134	OK
 749	     0	79.1	150.3	1203	OK
 750	  4000	80.7	152.4	1229	high noise
 751	     0	76.5	144.2	1106	OK
 752	     0	77.6	148.7	1168	OK
 753	     0	77.9	145.4	1140	OK
 754	     0	78.1	148.1	1168	OK
 755	     0	75.3	141.9	1136	OK
 756	     0	76.6	146.0	1119	OK
 757	     0	76.4	144.6	1121	OK
 758	     0	76.0	145.7	1146	OK
 759	     0	76.9	144.4	1136	OK
 760	  4000	79.0	151.3	1225	high noise
 761	  4000	78.9	154.0	1268	high noise
 762	  4000	79.5	152.5	1235	high noise
 763	     0	77.7	146.4	1147	OK
 764	     0	78.5	148.7	1187	OK
 765	     0	78.3	147.6	1152	OK
 766	     0	77.4	147.0	1180	OK
 767	  4000	78.7	151.4	1224	high noise
 768	     0	78.8	148.2	1223	OK
 769	     0	77.9	150.3	1244	OK
 770	     0	75.4	143.5	1189	OK
 771	     0	77.6	147.3	1203	OK
 772	  4000	79.8	150.3	1297	high noise
 773	  4000	79.4	154.5	1273	high noise
 774	  4000	77.5	148.9	1263	high noise
 775	     0	76.5	147.3	1217	OK
 776	     0	75.8	143.6	1181	OK
 777	     0	77.0	148.3	1223	OK
 778	     0	76.7	147.5	1209	OK
 779	     0	77.7	146.4	1204	OK
 780	     0	78.5	148.2	1213	OK
 781	     0	78.5	148.6	1258	OK
 782	     0	77.0	146.1	1213	OK
 783	     0	77.7	149.5	1221	OK
 784	  4000	78.4	151.0	1266	high noise
 785	     0	76.6	145.7	1202	OK
 786	     0	77.1	149.9	1249	OK
 787	     0	76.8	149.2	1245	OK
 788	     0	76.9	145.5	1186	OK
 789	  4000	78.6	150.1	1280	high noise
 790	  4000	78.4	152.1	1281	high noise
 791	     0	75.8	144.9	1184	OK
 792	  4000	79.5	151.7	1275	high noise
 793	     0	77.2	146.7	1210	OK
 794	     0	76.4	144.8	1181	OK
 795	     0	77.6	148.3	1227	OK
 796	     0	74.7	143.4	1186	OK
 797	     0	77.3	148.8	1209	OK
 798	  4000	78.9	151.7	1280	high noise
 799	     0	75.6	146.7	1224	OK
 800	     0	79.0	151.6	1244	OK
 801	     0	76.9	148.0	1213	OK
 802	     0	76.3	145.8	1210	OK
 803	     0	76.2	145.1	1202	OK
 804	     0	77.6	147.9	1226	OK
 805	     0	78.1	150.4	1229	OK
 806	     0	76.7	147.6	1193	OK
 807	     0	77.9	147.5	1216	OK
 808	     0	77.6	148.0	1233	OK
 809	  4000	77.8	150.9	1263	high noise
 810	  4000	78.8	152.5	1281	high noise
 811	     0	78.0	148.8	1224	OK
 812	     0	77.1	146.0	1199	OK
 813	  4000	78.7	151.3	1286	high noise
 814	     0	77.0	148.8	1239	OK
 815	     0	76.6	147.8	1221	OK
 816	     0	77.4	149.6	1255	OK
 817	  4000	77.9	150.6	1275	high noise
 818	     0	76.6	146.8	1249	OK
 819	     0	77.3	147.3	1249	OK
 820	  4000	78.4	149.2	1281	high noise
 821	     0	75.8	143.6	1208	OK
 822	  4000	78.2	149.8	1282	high noise
 823	  4000	78.8	152.6	1299	high noise
 824	     0	75.8	146.8	1209	OK
 825	     0	76.2	143.5	1209	OK
 826	     0	77.9	148.7	1232	OK
 827	     0	75.9	145.1	1173	OK
 828	  4000	77.0	154.3	1276	high noise
 829	     0	76.6	147.0	1216	OK
 830	     0	75.5	143.7	1181	OK
 831	     0	76.8	147.6	1226	OK
 832	     0	77.4	149.2	1226	OK
 833	     0	76.1	144.1	1187	OK
 834	     0	78.4	150.4	1245	OK
 835	     0	76.0	145.9	1171	OK
 836	     0	73.3	138.7	1190	OK
 837	     0	73.1	141.1	1178	OK
 838	     0	75.6	145.2	1173	OK
 839	     0	76.7	146.7	1215	OK
 840	     0	76.3	145.3	1212	OK
 841	     0	77.3	151.6	1255	OK
 842	     0	75.2	143.2	1172	OK
 843	     0	75.5	145.0	1193	OK
 844	     0	76.2	146.4	1202	OK
 845	     0	73.6	142.6	1188	OK
 846	     0	74.2	141.0	1191	OK
 847	     0	76.5	146.2	1201	OK
 848	     0	75.3	147.1	1200	OK
 849	     0	75.5	145.3	1189	OK
 850	     0	75.3	146.8	1193	OK
 851	     0	75.1	146.7	1192	OK
 852	     0	76.0	147.0	1192	OK
 853	     0	75.8	145.2	1176	OK
 854	     0	78.4	151.0	1253	OK
 855	     0	75.6	146.0	1187	OK
 856	     0	76.1	146.6	1205	OK
 857	     0	74.7	143.3	1175	OK
 858	  4000	77.8	151.8	1274	high noise
 859	     0	78.2	148.9	1218	OK
 860	     0	74.2	143.0	1173	OK
 861	     0	76.3	147.4	1200	OK
 862	     0	76.7	147.7	1189	OK
 863	     0	76.5	147.1	1218	OK
 864	     0	78.1	146.8	1224	OK
 865	     0	75.3	145.0	1181	OK
 866	     0	76.7	148.0	1217	OK
 867	     0	74.9	144.6	1192	OK
 868	     0	79.1	150.4	1234	OK
 869	     0	76.0	146.9	1172	OK
 870	     0	76.1	145.1	1196	OK
 871	     0	76.1	147.7	1181	OK
 872	     0	75.7	145.5	1178	OK
 873	     0	77.4	148.1	1223	OK
 874	     0	77.9	147.4	1179	OK
 875	     0	76.9	149.5	1181	OK
 876	     0	75.8	143.6	1164	OK
 877	     0	75.5	144.1	1161	OK
 878	  4000	76.6	151.8	1267	high noise
 879	     0	74.6	143.7	1170	OK
 880	     0	74.5	143.3	1188	OK
 881	     0	76.8	148.4	1203	OK
 882	     0	78.8	150.2	1240	OK
 883	     0	77.0	147.7	1219	OK
 884	     0	78.0	151.0	1255	OK
 885	     0	73.3	141.8	1171	OK
 886	     0	75.0	142.9	1179	OK
 887	     0	77.5	146.9	1195	OK
 888	     0	75.5	146.8	1196	OK
 889	     0	76.4	144.1	1197	OK
 890	     0	74.1	139.7	1171	OK
 891	     0	76.4	143.8	1179	OK
 892	     0	77.1	147.7	1187	OK
 893	     0	75.1	145.1	1201	OK
 894	     0	78.4	148.5	1227	OK
 895	     0	77.9	148.9	1238	OK
 896	     0	74.4	141.3	1206	OK
 897	     0	75.4	144.6	1171	OK
 898	     0	75.7	145.0	1205	OK
 899	     0	76.6	145.4	1197	OK
 900	     0	77.3	147.5	1208	OK
 901	     0	73.3	140.0	1178	OK
 902	     0	76.5	146.4	1200	OK
 903	     0	75.8	145.4	1182	OK
 904	     0	74.4	141.4	1184	OK
 905	     0	74.7	142.5	1189	OK
 906	     0	75.3	141.3	1183	OK
 907	     0	72.1	140.5	1196	OK
 908	     0	74.3	140.7	1188	OK
 909	     0	74.8	141.4	1213	OK
 910	     0	74.6	143.2	1171	OK
 911	     0	75.3	142.3	1191	OK
 912	     0	74.4	142.0	1198	OK
 913	     0	75.2	141.2	1193	OK
 914	     0	74.4	140.3	1188	OK
 915	     0	75.8	141.9	1197	OK
 916	     0	72.3	138.1	1164	OK
 917	     0	74.6	142.1	1211	OK
 918	     0	77.0	144.4	1184	OK
 919	     0	76.6	144.3	1200	OK
 920	     0	76.2	145.5	1166	OK
 921	  4000	78.3	147.9	1222	high noise
 922	  4000	77.9	155.5	1267	high noise
 923	     0	74.1	141.4	1178	OK
 924	     0	76.3	143.8	1184	OK
 925	     0	75.3	145.6	1183	OK
 926	     0	77.0	144.6	1178	OK
 927	     0	73.7	139.9	1179	OK
 928	     0	76.6	146.9	1191	OK
 929	     0	76.9	145.8	1171	OK
 930	     0	75.4	145.0	1191	OK
 931	     0	75.7	145.7	1156	OK
 932	     0	74.8	143.1	1181	OK
 933	     0	76.4	143.6	1172	OK
 934	     0	77.2	147.6	1208	OK
 935	     0	75.8	144.6	1157	OK
 936	     0	77.1	147.7	1187	OK
 937	     0	76.5	146.3	1191	OK
 938	     0	76.0	142.4	1179	OK
 939	     0	75.6	143.5	1204	OK
 940	     0	76.0	146.1	1187	OK
 941	     0	75.5	146.4	1193	OK
 942	     0	77.4	145.2	1201	OK
 943	     0	74.8	141.4	1158	OK
 944	     0	74.4	142.4	1197	OK
 945	     0	77.4	146.7	1184	OK
 946	     0	76.5	143.4	1166	OK
 947	     0	76.1	142.5	1174	OK
 948	     0	75.7	143.3	1190	OK
 949	     0	75.5	140.7	1149	OK
 950	     0	77.8	147.0	1185	OK
 951	     0	74.9	141.8	1149	OK
 952	     0	73.9	140.4	1161	OK
 953	     0	74.5	141.5	1138	OK
 954	     0	75.5	143.5	1132	OK
 955	     0	74.8	143.3	1156	OK
 956	     0	74.7	141.8	1139	OK
 957	     0	76.7	149.5	1186	OK
 958	     0	75.4	146.2	1137	OK
 959	     0	77.0	145.3	1166	OK
 960	     0	75.3	140.7	1167	OK
 961	     0	75.0	143.4	1154	OK
 962	     0	74.1	143.7	1156	OK
 963	     0	74.8	142.6	1133	OK
 964	  4000	78.2	149.2	1218	high noise
 965	     0	74.7	142.5	1165	OK
 966	     0	75.4	142.4	1176	OK
 967	     0	76.1	147.0	1128	OK
 968	     0	73.9	139.5	1145	OK
 969	     0	77.1	145.6	1160	OK
 970	     0	75.1	142.6	1167	OK
 971	     0	74.6	144.5	1175	OK
 972	     0	75.8	146.2	1147	OK
 973	     0	74.4	143.4	1153	OK
 974	     0	75.9	144.9	1122	OK
 975	     0	75.7	143.9	1136	OK
 976	     0	73.6	140.9	1159	OK
 977	     0	74.7	143.7	1140	OK
 978	     0	74.6	142.4	1148	OK
 979	     0	72.9	139.6	1143	OK
 980	     0	76.3	145.2	1168	OK
 981	     0	77.1	148.2	1164	OK
 982	     0	76.8	145.3	1146	OK
 983	     0	75.1	142.9	1136	OK
 984	     0	76.6	144.2	1137	OK
 985	     0	74.5	141.2	1134	OK
 986	     0	75.9	144.2	1150	OK
 987	     0	75.9	144.0	1137	OK
 988	     0	74.7	142.2	1142	OK
 989	     0	76.2	146.2	1151	OK
 990	     0	76.2	145.5	1134	OK
 991	     0	75.6	143.8	1124	OK
 992	     0	75.3	145.1	1175	OK
 993	     0	75.6	145.6	1161	OK
 994	     0	76.4	146.1	1149	OK
 995	     0	75.8	146.7	1166	OK
 996	     0	75.9	145.1	1122	OK
 997	     0	78.0	149.2	1165	OK
 998	     0	78.4	150.6	1185	OK
 999	     0	76.7	145.6	1140	OK
1000	     0	76.2	143.9	1154	OK
1001	     0	75.6	145.1	1156	OK
1002	     0	76.3	146.7	1143	OK
1003	     0	77.0	146.0	1130	OK
1004	     0	76.3	145.1	1126	OK
1005	     0	77.5	146.0	1113	OK
1006	     0	78.8	149.8	1187	OK
1007	     0	76.0	146.0	1147	OK
1008	     0	78.9	149.5	1196	OK
1009	     0	76.2	146.5	1125	OK
1010	     0	77.7	148.7	1157	OK
1011	     0	77.8	149.5	1185	OK
1012	     0	78.2	150.3	1194	OK
1013	     0	75.5	143.6	1142	OK
1014	     0	75.8	145.7	1129	OK
1015	     0	78.0	147.5	1121	OK
1016	     0	75.4	144.2	1130	OK
1017	     0	73.6	140.9	1151	OK
1018	     0	76.7	144.6	1121	OK
1019	     0	79.0	150.5	1194	OK
1020	     0	76.1	144.5	1137	OK
1021	     0	77.1	148.3	1195	OK
1022	  4000	79.0	152.1	1230	high noise
1023	  4000	79.1	153.7	1226	high noise
1024	     0	79.4	151.3	1194	OK
1025	     0	80.0	152.7	1207	OK
1026	     0	80.0	151.0	1189	OK
1027	     0	79.7	149.1	1162	OK
1028	     0	79.1	151.9	1193	OK
1029	     0	77.1	148.9	1132	OK
1030	     0	79.7	151.4	1217	OK
1031	     0	78.6	149.7	1135	OK
1032	     0	81.1	156.6	1228	OK
1033	     0	79.9	151.2	1202	OK
1034	     0	78.6	149.5	1189	OK
1035	  4000	79.8	157.6	1252	high noise
1036	     0	78.1	146.1	1112	OK
1037	     0	79.6	153.5	1222	OK
1038	     0	78.1	147.2	1138	OK
1039	     0	80.3	155.5	1225	OK
1040	     0	80.0	153.3	1210	OK
1041	     0	79.1	149.4	1164	OK
1042	     0	79.8	153.5	1210	OK
1043	     0	79.1	148.3	1173	OK
1044	     0	78.0	150.8	1167	OK
1045	     0	77.5	148.7	1145	OK
1046	     0	80.3	153.7	1211	OK
1047	     0	80.2	150.9	1191	OK
1048	     0	79.0	151.8	1206	OK
1049	     0	78.3	151.3	1184	OK
1050	     0	78.6	151.0	1175	OK
1051	     0	77.7	148.9	1160	OK
1052	     0	79.4	152.4	1229	OK
1053	     0	78.7	152.8	1212	OK
1054	     0	81.5	154.8	1218	OK
1055	     0	78.6	150.5	1206	OK
1056	     0	79.5	151.2	1186	OK
1057	     0	78.8	151.2	1213	OK
1058	     0	78.6	149.1	1192	OK
1059	  4000	82.0	157.8	1255	high noise
1060	     0	77.9	147.7	1132	OK
1061	     0	78.9	151.2	1181	OK
1062	     0	79.5	151.5	1186	OK
1063	     0	79.2	153.3	1229	OK
1064	     0	79.7	149.4	1179	OK
1065	     0	76.7	146.4	1139	OK
1066	     0	78.0	151.0	1207	OK
1067	     0	79.9	151.9	1216	OK
1068	     0	78.3	149.1	1183	OK
1069	     0	78.7	152.0	1244	OK
1070	     0	79.6	151.1	1194	OK
1071	  4000	80.3	154.4	1257	high noise
1072	     0	79.5	154.8	1243	OK
1073	     0	79.8	153.8	1212	OK
1074	     0	79.6	150.8	1223	OK
1075	  4000	80.4	156.0	1251	high noise
1076	     0	78.7	151.5	1215	OK
1077	     0	79.3	153.0	1227	OK
1078	     0	80.2	153.4	1234	OK
1079	     0	78.5	150.2	1207	OK
1080	     0	77.6	146.2	1134	OK
1081	     0	79.0	151.7	1223	OK
1082	     0	80.8	153.0	1244	OK
1083	     0	79.0	150.8	1200	OK
1084	     0	77.9	148.0	1160	OK
1085	     0	78.5	151.5	1168	OK
1086	  4000	79.2	152.6	1249	high noise
1087	     0	77.8	146.0	1159	OK
1088	     0	79.6	149.9	1183	OK
1089	     0	77.4	147.6	1125	OK
1090	     0	79.3	154.0	1225	OK
1091	     0	78.2	149.3	1168	OK
1092	     0	78.6	151.0	1204	OK
1093	     0	77.9	148.0	1187	OK
1094	     0	80.8	151.7	1235	OK
1095	     0	78.1	146.7	1164	OK
1096	     0	78.1	148.4	1185	OK
1097	     0	78.2	150.1	1231	OK
1098	  4000	76.3	157.9	1280	high noise
1099	     0	80.0	153.0	1224	OK
1100	     0	78.2	151.1	1182	OK
1101	     0	79.6	151.4	1212	OK
1102	     0	79.6	151.3	1209	OK
1103	     0	77.1	147.0	1147	OK
1104	     0	78.6	148.6	1173	OK
1105	     0	75.6	144.1	1134	OK
1106	     0	78.6	147.3	1155	OK
1107	     0	78.0	146.7	1148	OK
1108	     0	78.8	152.3	1227	OK
1109	     0	77.7	147.5	1170	OK
1110	     0	78.4	150.8	1196	OK
1111	     0	78.5	148.9	1155	OK
1112	     0	77.6	148.8	1171	OK
1113	     0	77.9	149.1	1168	OK
1114	     0	77.6	149.3	1184	OK
1115	     0	78.8	148.2	1173	OK
1116	     0	74.8	141.9	1138	OK
1117	     0	78.7	152.1	1230	OK
1118	     0	78.3	150.5	1227	OK
1119	     0	75.8	143.4	1133	OK
1120	     0	80.1	151.1	1227	OK
1121	     0	78.4	149.0	1183	OK
1122	     0	76.8	148.5	1121	OK
1123	     0	76.8	145.0	1119	OK
1124	     0	76.5	144.9	1140	OK
1125	     0	79.2	149.6	1148	OK
1126	     0	77.7	147.0	1151	OK
1127	     0	78.5	148.4	1184	OK
1128	     0	79.3	149.3	1174	OK
1129	     0	79.0	148.5	1173	OK
1130	     0	77.4	145.6	1106	OK
1131	     0	77.9	149.0	1152	OK
1132	     0	78.4	147.1	1140	OK
1133	     0	79.1	146.8	1163	OK
1134	     0	76.8	147.3	1159	OK
1135	     0	76.5	145.6	1133	OK
1136	     0	77.8	151.1	1194	OK
1137	     0	78.1	150.6	1176	OK
1138	     0	80.6	153.9	1228	OK
1139	     0	78.1	147.6	1174	OK
1140	     0	78.9	152.2	1212	OK
1141	     0	77.4	148.5	1173	OK
1142	     0	80.1	148.4	1182	OK
1143	     0	76.9	146.4	1171	OK
1144	     0	80.2	153.3	1242	OK
1145	     0	79.4	149.6	1152	OK
1146	     0	78.8	151.6	1203	OK
1147	     0	77.2	145.9	1147	OK
1148	     0	78.3	148.8	1138	OK
1149	     0	78.2	149.9	1189	OK
1150	     0	80.9	153.7	1224	OK
1151	     0	79.0	150.6	1175	OK
1152	     0	73.6	140.9	1157	OK
1153	     0	74.8	146.1	1143	OK
1154	     0	74.8	143.9	1145	OK
1155	     0	76.9	146.3	1143	OK
1156	     0	74.0	140.0	1144	OK
1157	     0	76.3	145.6	1163	OK
1158	     0	73.5	142.8	1133	OK
1159	     0	73.6	142.4	1139	OK
1160	     0	76.1	146.2	1126	OK
1161	     0	73.6	140.3	1160	OK
1162	     0	76.7	144.7	1145	OK
1163	     0	75.9	144.8	1157	OK
1164	     0	74.7	140.3	1175	OK
1165	     0	74.6	143.9	1135	OK
1166	     0	76.0	143.7	1146	OK
1167	     0	74.8	144.8	1142	OK
1168	     0	75.3	142.6	1147	OK
1169	     0	76.5	144.7	1158	OK
1170	     0	73.6	142.2	1143	OK
1171	     0	75.0	142.1	1148	OK
1172	     0	75.9	145.3	1163	OK
1173	     0	75.8	142.0	1132	OK
1174	     0	75.1	142.4	1151	OK
1175	     0	75.3	142.8	1128	OK
1176	     0	74.8	140.5	1179	OK
1177	     0	77.4	146.4	1166	OK
1178	     0	75.6	145.8	1136	OK
1179	     0	75.6	144.5	1128	OK
1180	     0	76.7	142.8	1165	OK
1181	     0	74.5	142.1	1125	OK
1182	     0	75.9	144.4	1139	OK
1183	     0	73.4	141.1	1145	OK
1184	     0	77.4	146.6	1189	OK
1185	     0	74.8	141.5	1135	OK
1186	     0	75.0	141.6	1154	OK
1187	     0	73.4	141.3	1142	OK
1188	     0	75.2	144.0	1164	OK
1189	     0	74.8	141.4	1153	OK
1190	     0	75.9	145.5	1150	OK
1191	     0	72.7	140.1	1143	OK
1192	     0	76.5	144.3	1140	OK
1193	     0	73.9	142.1	1157	OK
1194	     0	74.9	142.8	1159	OK
1195	     0	72.2	140.6	1141	OK
1196	     0	74.7	141.8	1158	OK
1197	     0	74.0	142.3	1129	OK
1198	     0	74.0	139.9	1158	OK
1199	     0	74.1	141.2	1140	OK
1200	     0	74.2	141.2	1142	OK
1201	     0	73.7	140.3	1156	OK
1202	     0	75.9	145.7	1142	OK
1203	     0	73.7	142.4	1147	OK
1204	     0	74.2	142.2	1162	OK
1205	     0	74.1	143.0	1138	OK
1206	     0	76.7	148.2	1201	OK
1207	     0	75.7	144.4	1155	OK
1208	     0	75.5	142.2	1132	OK
1209	     0	74.7	144.3	1157	OK
1210	     0	75.2	144.7	1153	OK
1211	     0	75.8	145.7	1143	OK
1212	     0	76.3	146.5	1187	OK
1213	     0	76.9	146.2	1145	OK
1214	     0	77.6	148.4	1209	OK
1215	     0	74.8	141.6	1130	OK
1216	     0	74.0	142.2	1166	OK
1217	     0	74.8	142.5	1155	OK
1218	     0	76.3	145.3	1158	OK
1219	     0	75.2	142.6	1145	OK
1220	     0	76.4	146.5	1150	OK
1221	     0	75.2	143.7	1137	OK
1222	     0	76.2	144.6	1145	OK
1223	     0	73.7	140.5	1151	OK
1224	     0	77.0	147.1	1176	OK
1225	     0	75.1	141.9	1158	OK
1226	     0	75.1	142.4	1149	OK
1227	     0	79.0	151.1	1222	OK
1228	     0	73.6	140.3	1146	OK
1229	     0	76.7	147.3	1188	OK
1230	     0	75.5	144.0	1128	OK
1231	     0	78.8	149.5	1205	OK
1232	     0	74.9	142.4	1159	OK
1233	     0	73.9	142.0	1152	OK
1234	     0	76.2	145.5	1167	OK
1235	     0	78.6	147.9	1179	OK
1236	     0	74.7	142.7	1118	OK
1237	     0	76.6	147.3	1129	OK
1238	     0	75.0	139.9	1130	OK
1239	     0	74.4	143.1	1150	OK
1240	     0	75.3	144.2	1131	OK
1241	     0	76.7	146.6	1133	OK
1242	     0	78.4	149.5	1177	OK
1243	     0	77.4	146.2	1133	OK
1244	     0	76.8	145.3	1122	OK
1245	     0	75.9	144.9	1121	OK
1246	     0	74.9	142.6	1118	OK
1247	     0	75.7	144.3	1107	OK
1248	     0	76.9	145.2	1122	OK
1249	     0	76.7	145.8	1133	OK
1250	     0	74.8	143.2	1117	OK
1251	     0	77.7	147.0	1138	OK
1252	     0	77.6	148.4	1151	OK
1253	     0	74.8	143.4	1134	OK
1254	     0	77.4	147.5	1136	OK
1255	     0	74.9	143.8	1116	OK
1256	     0	76.9	144.1	1118	OK
1257	     0	77.2	146.7	1131	OK
1258	     0	77.1	144.9	1136	OK
1259	     0	74.4	141.7	1112	OK
1260	     0	75.9	144.0	1129	OK
1261	     0	74.0	138.0	1102	OK
1262	     0	73.3	137.7	1128	OK
1263	     0	78.1	148.3	1148	OK
1264	     0	75.6	141.8	1109	OK
1265	     0	76.1	142.9	1132	OK
1266	     0	77.1	144.4	1099	OK
1267	     0	78.1	148.8	1143	OK
1268	     0	77.4	145.4	1109	OK
1269	     0	76.4	146.7	1087	OK
1270	     0	77.0	146.4	1133	OK
1271	     0	75.9	144.1	1119	OK
1272	     0	75.8	142.0	1110	OK
1273	     0	77.5	146.3	1107	OK
1274	     0	76.6	144.9	1100	OK
1275	     0	75.3	143.3	1084	OK
1276	     0	77.3	146.5	1110	OK
1277	     0	78.9	151.7	1186	OK
1278	     0	78.6	151.8	1201	OK
1279	     0	78.7	147.7	1176	OK
1280	     0	77.3	143.0	1157	OK
1281	     0	77.4	145.7	1172	OK
1282	     0	75.8	144.2	1092	OK
1283	     0	74.7	144.1	1124	OK
1284	     0	75.1	145.7	1116	OK
1285	     0	74.9	143.3	1106	OK
1286	     0	74.6	142.5	1092	OK
1287	     0	75.5	145.6	1112	OK
1288	  4000	76.9	152.4	1211	high noise
1289	     0	74.8	142.6	1094	OK
1290	     0	76.1	145.6	1131	OK
1291	     0	73.9	140.8	1105	OK
1292	     0	75.7	143.2	1117	OK
1293	     0	76.3	147.9	1128	OK
1294	     0	75.5	142.9	1098	OK
1295	     0	75.8	146.7	1109	OK
1296	     0	74.5	143.5	1117	OK
1297	     0	76.2	147.5	1101	OK
1298	     0	74.6	142.8	1101	OK
1299	     0	74.2	142.4	1120	OK
1300	     0	76.8	146.0	1111	OK
1301	     0	71.5	136.4	1112	OK
1302	     0	74.4	145.8	1127	OK
1303	     0	73.2	142.2	1105	OK
1304	     0	75.1	143.7	1134	OK
1305	     0	74.6	142.6	1116	OK
1306	     0	73.0	141.8	1107	OK
1307	     0	76.4	145.4	1115	OK
1308	     0	76.0	146.9	1114	OK
1309	     0	74.8	144.4	1111	OK
1310	     0	75.6	143.6	1103	OK
1311	     0	74.4	142.5	1105	OK
1312	     0	78.0	150.3	1157	OK
1313	     0	76.8	146.5	1122	OK
1314	     0	74.6	142.7	1100	OK
1315	     0	74.8	142.4	1093	OK
1316	     0	77.8	149.6	1175	OK
1317	     0	73.9	139.9	1142	OK
1318	     0	76.0	145.7	1097	OK
1319	     0	75.1	144.2	1111	OK
1320	     0	77.3	151.2	1176	OK
1321	     0	72.8	141.9	1117	OK
1322	     0	76.6	148.6	1131	OK
1323	     0	72.9	141.4	1105	OK
1324	     0	76.9	147.4	1139	OK
1325	     0	77.5	149.9	1171	OK
1326	     0	75.2	143.5	1096	OK
1327	     0	75.7	146.1	1102	OK
1328	     0	75.5	145.8	1132	OK
1329	  4000	77.1	152.1	1193	high noise
1330	     0	75.3	146.1	1120	OK
1331	     0	76.2	146.7	1119	OK
1332	     0	74.2	143.3	1127	OK
1333	     0	75.8	144.4	1113	OK
1334	     0	72.7	143.1	1119	OK
1335	     0	75.1	146.0	1124	OK
1336	     0	75.1	147.2	1123	OK
1337	     0	71.0	138.1	1133	OK
1338	     0	74.6	144.2	1097	OK
1339	     0	77.1	151.0	1162	OK
1340	     0	75.8	145.3	1121	OK
1341	     0	75.4	147.2	1130	OK
1342	     0	75.6	146.4	1121	OK
1343	     0	74.2	143.5	1113	OK
1344	     0	72.8	141.4	1131	OK
1345	     0	73.9	143.9	1142	OK
1346	     0	74.0	142.1	1115	OK
1347	     0	74.3	143.3	1124	OK
1348	     0	73.1	140.6	1121	OK
1349	     0	72.3	140.7	1110	OK
1350	     0	73.2	141.4	1116	OK
1351	     0	72.8	143.5	1119	OK
1352	     0	75.0	147.7	1106	OK
1353	     0	74.0	143.9	1123	OK
1354	     0	75.4	145.0	1141	OK
1355	     0	73.7	142.4	1136	OK
1356	     0	74.5	146.1	1099	OK
1357	     0	73.1	141.1	1101	OK
1358	     0	74.0	141.8	1096	OK
1359	     0	74.1	141.5	1115	OK
1360	     0	73.5	143.2	1099	OK
1361	     0	72.6	139.8	1105	OK
1362	     0	73.6	145.2	1107	OK
1363	     0	73.1	141.2	1090	OK
1364	     0	75.9	144.9	1121	OK
1365	     0	74.1	142.1	1091	OK
1366	     0	75.1	145.2	1134	OK
1367	     0	75.3	148.9	1142	OK
1368	     0	73.8	141.6	1112	OK
1369	     0	74.0	143.0	1107	OK
1370	     0	74.7	140.3	1121	OK
1371	     0	73.7	144.3	1109	OK
1372	     0	74.7	141.2	1133	OK
1373	     0	72.6	141.3	1111	OK
1374	     0	75.8	144.4	1098	OK
1375	     0	71.6	139.5	1129	OK
1376	     0	70.9	139.8	1114	OK
1377	     0	74.9	146.2	1109	OK
1378	     0	73.3	139.6	1117	OK
1379	     0	72.2	140.2	1107	OK
1380	     0	73.2	142.3	1088	OK
1381	     0	74.4	142.1	1103	OK
1382	     0	74.5	143.7	1119	OK
1383	     0	73.6	142.7	1090	OK
1384	     0	76.6	146.4	1136	OK
1385	     0	72.4	138.8	1115	OK
1386	     0	73.6	145.7	1105	OK
1387	     0	74.8	143.6	1128	OK
1388	     0	72.5	137.8	1119	OK
1389	     0	74.8	145.4	1108	OK
1390	     0	74.5	144.9	1100	OK
1391	     0	74.4	142.7	1101	OK
1392	     0	73.5	140.3	1135	OK
1393	     0	71.7	139.6	1115	OK
1394	     0	76.9	149.0	1129	OK
1395	     0	73.7	142.6	1110	OK
1396	     0	73.9	140.7	1113	OK
1397	     0	74.2	141.2	1134	OK
1398	     0	73.1	141.2	1125	OK
1399	     0	71.3	138.2	1127	OK
1400	     0	74.7	140.1	1114	OK
1401	     0	71.5	138.2	1099	OK
1402	     0	73.6	142.7	1122	OK
1403	     0	71.7	137.5	1103	OK
1404	     0	72.1	138.8	1117	OK
1405	     0	75.4	146.6	1130	OK
1406	     0	76.4	147.5	1138	OK
1407	     0	73.6	140.9	1082	OK
1408	     0	77.4	149.0	1085	OK
1409	  4000	78.3	155.5	1208	high noise
1410	     0	76.7	147.5	1073	OK
1411	     0	76.4	144.5	1079	OK
1412	     0	76.1	148.7	1096	OK
1413	     0	75.9	147.7	1047	OK
1414	  4000	78.2	153.4	1174	high noise
1415	     0	76.1	147.9	1073	OK
1416	     0	77.3	148.0	1085	OK
1417	  4000	78.2	155.7	1175	high noise
1418	     0	77.4	150.7	1110	OK
1419	  4000	78.7	152.2	1136	high noise
1420	     0	77.4	150.4	1110	OK
1421	     0	76.2	146.2	1078	OK
1422	  4000	77.9	152.3	1165	high noise
1423	     0	77.7	149.5	1072	OK
1424	     0	77.1	149.9	1093	OK
1425	  4000	77.4	149.7	1136	high noise
1426	  4000	77.7	151.1	1145	high noise
1427	     0	74.6	145.3	1065	OK
1428	     0	76.1	146.3	1063	OK
1429	  4000	77.6	152.0	1140	high noise
1430	     0	77.4	149.3	1081	OK
1431	     0	75.5	146.7	1055	OK
1432	     0	74.3	141.6	1085	OK
1433	     0	74.3	144.8	1063	OK
1434	     0	75.9	147.9	1074	OK
1435	     0	76.8	148.4	1096	OK
1436	     0	77.5	149.2	1081	OK
1437	     0	77.2	148.6	1080	OK
1438	  4000	78.0	152.8	1187	high noise
1439	  4000	77.9	151.8	1132	high noise
1440	     0	75.2	143.3	1053	OK
1441	     0	76.5	148.7	1084	OK
1442	  4000	77.1	150.4	1125	high noise
1443	     0	77.4	148.5	1050	OK
1444	     0	76.8	146.9	1088	OK
1445	     0	76.8	151.3	1104	OK
1446	     0	76.5	149.0	1068	OK
1447	  4000	77.6	153.6	1187	high noise
1448	     0	75.6	147.4	1038	OK
1449	     0	76.6	146.1	1067	OK
1450	  4000	77.2	151.7	1157	high noise
1451	  4000	78.2	153.0	1158	high noise
1452	     0	76.3	147.2	1061	OK
1453	     0	75.5	147.7	1110	OK
1454	     0	76.9	148.7	1066	OK
1455	     0	76.6	146.9	1079	OK
1456	     0	75.3	145.1	1078	OK
1457	     0	75.6	145.0	1080	OK
1458	     0	76.0	145.7	1078	OK
1459	  4000	76.5	151.3	1163	high noise
1460	     0	74.3	145.4	1042	OK
1461	  4000	77.3	151.8	1147	high noise
1462	     0	74.6	143.5	1072	OK
1463	     0	76.2	147.2	1071	OK
1464	     0	77.8	149.2	1113	OK
1465	     0	75.9	145.8	1049	OK
1466	  4000	76.2	159.2	1236	high noise
1467	     0	76.0	147.9	1036	OK
1468	     0	78.2	150.6	1108	OK
1469	  4000	77.7	151.5	1149	high noise
1470	     0	78.0	149.4	1053	OK
1471	  4000	80.1	158.0	1201	high noise
1472	     0	76.8	146.6	1051	OK
1473	     0	76.1	150.1	1081	OK
1474	     0	74.8	144.8	1063	OK
1475	     0	76.7	147.4	1047	OK
1476	     0	77.6	150.0	1117	OK
1477	     0	76.6	150.3	1105	OK
1478	     0	76.2	148.6	1094	OK
1479	     0	75.4	146.0	1044	OK
1480	  4000	77.3	152.3	1165	high noise
1481	     0	75.2	143.2	1081	OK
1482	  4000	77.9	151.8	1130	high noise
1483	     0	77.1	147.3	1062	OK
1484	     0	76.5	144.9	1059	OK
1485	     0	76.6	147.7	1058	OK
1486	     0	76.9	149.7	1116	OK
1487	     0	75.1	144.1	1059	OK
1488	     0	77.5	148.0	1067	OK
1489	     0	78.8	150.8	1115	OK
1490	     0	74.7	145.5	1069	OK
1491	     0	76.7	148.8	1090	OK
1492	     0	77.5	148.7	1097	OK
1493	  4000	79.0	155.7	1172	high noise
1494	     0	77.4	149.7	1059	OK
1495	     0	75.7	148.0	1074	OK
1496	     0	76.6	146.6	1052	OK
1497	     0	75.9	146.7	1039	OK
1498	     0	76.1	147.1	1061	OK
1499	     0	76.9	149.3	1070	OK
1500	     0	76.3	145.9	1022	OK
1501	     0	76.3	145.0	1048	OK
1502	     0	75.5	145.6	1045	OK
1503	     0	75.5	145.2	1060	OK
1504	     0	77.7	151.5	1086	OK
1505	     0	76.0	148.2	1027	OK
1506	  4000	78.6	153.8	1165	high noise
1507	  4000	78.8	155.4	1183	high noise
1508	     0	76.1	146.6	1056	OK
1509	     0	77.4	150.0	1097	OK
1510	  4000	78.7	152.9	1135	high noise
1511	     0	77.9	150.6	1111	OK
1512	  4000	79.2	154.8	1146	high noise
1513	     0	78.5	150.0	1048	OK
1514	     0	77.3	151.3	1090	OK
1515	     0	74.8	145.8	1056	OK
1516	     0	77.7	149.6	1073	OK
1517	  4000	80.0	156.5	1188	high noise
1518	     0	76.4	148.7	1050	OK
1519	     0	76.1	148.4	1071	OK
1520	  4000	78.2	153.9	1171	high noise
1521	     0	77.8	151.2	1071	OK
1522	     0	76.4	146.9	1042	OK
1523	     0	77.1	147.2	1042	OK
1524	     0	76.1	147.6	1029	OK
1525	     0	78.6	150.5	1096	OK
1526	     0	76.4	147.8	1066	OK
1527	     0	76.5	145.6	1049	OK
1528	     0	77.8	150.1	1066	OK
1529	     0	79.2	151.0	1111	OK
1530	  4000	80.0	156.3	1166	high noise
1531	     0	77.2	150.4	1083	OK
1532	     0	78.0	150.4	1089	OK
1533	     0	77.1	151.2	1081	OK
1534	  4000	78.6	150.6	1127	high noise
1535	  4000	78.4	152.0	1133	high noise
1536	     0	76.7	149.7	1153	OK
1537	  4000	77.9	151.6	1195	high noise
1538	     0	77.9	149.2	1146	OK
1539	  4000	78.6	152.6	1195	high noise
1540	     0	77.6	149.6	1147	OK
1541	     0	77.4	149.4	1142	OK
1542	     0	78.2	147.5	1120	OK
1543	     0	75.9	146.8	1096	OK
1544	     0	77.4	150.1	1176	OK
1545	  4000	78.0	152.1	1177	high noise
1546	  4000	80.8	155.9	1233	high noise
1547	     0	76.5	146.8	1106	OK
1548	     0	78.0	148.7	1141	OK
1549	  4000	78.6	153.4	1234	high noise
1550	     0	76.9	147.8	1120	OK
1551	     0	78.9	149.0	1125	OK
1552	     0	76.7	145.5	1087	OK
1553	     0	77.6	148.2	1122	OK
1554	     0	77.3	145.9	1115	OK
1555	  4000	77.9	153.2	1221	high noise
1556	     0	76.2	143.8	1111	OK
1557	     0	78.3	150.3	1158	OK
1558	  4000	79.5	151.4	1181	high noise
1559	     0	77.7	147.4	1132	OK
1560	     0	78.0	149.1	1128	OK
1561	     0	76.2	149.0	1124	OK
1562	  4000	77.4	151.4	1211	high noise
1563	  4000	79.4	152.9	1203	high noise
1564	     0	76.2	144.9	1091	OK
1565	     0	76.5	143.0	1125	OK
1566	     0	76.1	144.7	1089	OK
1567	     0	78.0	152.2	1175	OK
1568	     0	76.5	146.6	1110	OK
1569	     0	77.5	148.8	1116	OK
1570	     0	76.5	147.7	1129	OK
1571	     0	77.8	148.7	1142	OK
1572	     0	77.0	149.1	1117	OK
1573	  4000	81.7	160.3	1239	high noise
1574	  4000	79.6	156.1	1233	high noise
1575	     0	76.5	145.8	1115	OK
1576	  4000	77.5	153.6	1185	high noise
1577	  4000	78.0	153.3	1203	high noise
1578	     0	78.3	150.1	1173	OK
1579	     0	75.8	149.4	1142	OK
1580	     0	76.3	145.6	1104	OK
1581	     0	76.8	148.1	1139	OK
1582	  4000	77.7	153.3	1219	high noise
1583	     0	77.1	150.3	1173	OK
1584	     0	77.2	147.3	1119	OK
1585	  4000	79.4	153.4	1202	high noise
1586	     0	77.3	148.5	1119	OK
1587	  4000	77.9	151.2	1206	high noise
1588	     0	75.7	146.3	1112	OK
1589	     0	75.4	144.9	1102	OK
1590	     0	74.6	144.0	1078	OK
1591	     0	76.4	146.5	1104	OK
1592	     0	76.0	144.4	1102	OK
1593	     0	76.8	148.7	1134	OK
1594	     0	76.4	147.6	1103	OK
1595	     0	76.4	147.0	1113	OK
1596	  4000	78.4	153.9	1201	high noise
1597	     0	77.9	148.5	1165	OK
1598	  4000	78.1	152.6	1202	high noise
1599	  4000	78.5	152.5	1222	high noise
1600	     0	74.7	143.0	1114	OK
1601	  4000	77.5	152.8	1209	high noise
1602	     0	77.6	149.5	1156	OK
1603	  4000	78.7	150.8	1194	high noise
1604	     0	75.9	144.4	1114	OK
1605	  4000	78.6	150.6	1202	high noise
1606	     0	76.4	147.2	1127	OK
1607	     0	77.4	151.0	1170	OK
1608	     0	76.6	145.3	1088	OK
1609	     0	76.7	148.2	1099	OK
1610	     0	74.3	145.0	1104	OK
1611	     0	77.8	149.2	1162	OK
1612	  4000	77.0	152.1	1203	high noise
1613	     0	75.4	149.4	1069	OK
1614	     0	77.5	148.8	1131	OK
1615	     0	75.7	143.9	1120	OK
1616	     0	75.3	143.9	1107	OK
1617	  4000	79.4	152.2	1228	high noise
1618	     0	75.2	146.8	1116	OK
1619	     0	75.9	146.5	1123	OK
1620	     0	75.2	149.6	1153	OK
1621	  4000	78.7	153.1	1215	high noise
1622	     0	77.4	148.9	1105	OK
1623	     0	77.8	150.4	1155	OK
1624	     0	73.9	140.6	1140	OK
1625	     0	73.2	143.3	1115	OK
1626	     0	74.8	144.7	1138	OK
1627	     0	77.1	149.5	1147	OK
1628	     0	77.1	147.3	1109	OK
1629	     0	77.8	147.9	1112	OK
1630	  4000	78.3	153.9	1234	high noise
1631	     0	76.7	148.9	1088	OK
1632	     0	77.5	148.0	1117	OK
1633	     0	76.8	147.5	1125	OK
1634	     0	76.2	146.4	1115	OK
1635	     0	78.4	149.3	1100	OK
1636	     0	75.6	145.8	1135	OK
1637	     0	75.5	146.5	1122	OK
1638	  4000	78.2	151.8	1217	high noise
1639	     0	76.8	147.1	1091	OK
1640	  4000	77.9	154.0	1231	high noise
1641	     0	75.5	145.5	1091	OK
1642	     0	76.0	146.8	1120	OK
1643	     0	73.8	143.2	1109	OK
1644	     0	77.2	149.9	1176	OK
1645	     0	75.3	144.5	1111	OK
1646	     0	75.1	144.4	1099	OK
1647	     0	75.8	145.0	1116	OK
1648	     0	77.6	150.7	1168	OK
1649	     0	74.6	143.4	1088	OK
1650	     0	76.7	146.8	1105	OK
1651	     0	76.7	147.9	1114	OK
1652	     0	76.3	146.9	1116	OK
1653	     0	75.4	144.0	1100	OK
1654	     0	75.3	143.5	1117	OK
1655	     0	75.6	146.4	1109	OK
1656	     0	77.2	148.2	1092	OK
1657	     0	76.9	149.6	1132	OK
1658	     0	78.2	149.2	1146	OK
1659	  4000	78.4	152.8	1194	high noise
1660	     0	76.5	145.2	1117	OK
1661	     0	75.6	146.6	1068	OK
1662	     0	77.1	147.4	1098	OK
1663	  4000	79.0	154.6	1254	high noise
1664	     0	77.5	147.2	1081	OK
1665	  4000	77.6	150.8	1156	high noise
1666	     0	77.2	145.7	1083	OK
1667	     0	79.3	147.7	1120	OK
1668	     0	75.7	145.6	1050	OK
1669	     0	77.9	147.0	1064	OK
1670	     0	78.4	149.6	1095	OK
1671	     0	76.1	145.0	1076	OK
1672	     0	76.8	146.9	1087	OK
1673	  4000	81.2	154.0	1218	high noise
1674	     0	76.9	143.8	1087	OK
1675	     0	76.5	144.9	1077	OK
1676	     0	78.1	148.8	1098	OK
1677	  4000	79.4	153.2	1196	high noise
1678	  4000	79.5	154.4	1174	high noise
1679	     0	78.1	152.5	1130	OK
1680	     0	77.4	146.8	1091	OK
1681	  4000	78.9	152.1	1160	high noise
1682	     0	77.9	148.7	1093	OK
1683	  4000	80.9	153.8	1183	high noise
1684	     0	79.0	149.9	1137	OK
1685	  4000	78.1	150.7	1150	high noise
1686	     0	77.8	148.3	1082	OK
1687	  4000	79.1	151.1	1151	high noise
1688	     0	76.9	148.0	1121	OK
1689	     0	77.0	147.9	1101	OK
1690	     0	77.2	147.4	1080	OK
1691	     0	76.6	146.7	1052	OK
1692	     0	77.0	146.3	1096	OK
1693	     0	75.7	149.4	1077	OK
1694	  4000	78.1	151.0	1166	high noise
1695	     0	74.6	142.3	1074	OK
1696	     0	78.1	149.5	1120	OK
1697	     0	77.2	147.9	1073	OK
1698	     0	77.2	148.7	1100	OK
1699	     0	76.7	145.2	1069	OK
1700	     0	76.7	146.1	1094	OK
1701	     0	75.8	144.1	1088	OK
1702	     0	76.4	145.4	1078	OK
1703	     0	78.3	149.7	1141	OK
1704	     0	76.1	144.6	1084	OK
1705	  4000	78.2	150.9	1156	high noise
1706	     0	77.9	150.5	1130	OK
1707	     0	74.8	140.6	1095	OK
1708	     0	77.4	147.1	1101	OK
1709	     0	77.5	146.1	1078	OK
1710	     0	78.0	148.8	1110	OK
1711	     0	78.2	146.9	1094	OK
1712	     0	78.6	149.8	1133	OK
1713	     0	77.4	150.1	1132	OK
1714	     0	76.4	144.2	1066	OK
1715	     0	77.8	145.0	1083	OK
1716	     0	76.9	147.5	1101	OK
1717	  4000	77.9	151.5	1157	high noise
1718	     0	76.6	145.1	1071	OK
1719	     0	76.5	146.6	1103	OK
1720	     0	75.4	143.4	1115	OK
1721	     0	78.5	150.0	1138	OK
1722	  4000	79.0	152.3	1182	high noise
1723	     0	77.5	148.2	1100	OK
1724	     0	77.8	149.5	1118	OK
1725	     0	76.5	145.0	1082	OK
1726	     0	77.6	148.2	1068	OK
1727	     0	77.6	149.9	1107	OK
1728	     0	77.7	148.6	1124	OK
1729	     0	77.2	147.7	1121	OK
1730	     0	75.5	144.3	1081	OK
1731	  4000	78.7	150.5	1160	high noise
1732	     0	78.8	148.7	1106	OK
1733	     0	78.1	147.8	1071	OK
1734	     0	76.8	145.6	1083	OK
1735	     0	77.9	149.2	1115	OK
1736	  4000	80.5	153.3	1210	high noise
1737	     0	78.7	151.1	1135	OK
1738	     0	76.7	144.6	1079	OK
1739	     0	75.0	144.2	1071	OK
1740	     0	76.9	147.6	1090	OK
1741	     0	76.2	143.6	1073	OK
1742	     0	77.5	149.3	1101	OK
1743	     0	78.2	147.3	1077	OK
1744	     0	76.2	146.2	1084	OK
1745	  4000	79.6	151.5	1166	high noise
1746	  4000	78.9	153.5	1184	high noise
1747	     0	75.3	141.9	1069	OK
1748	  4000	79.4	151.9	1185	high noise
1749	     0	77.0	146.7	1069	OK
1750	     0	75.7	142.5	1084	OK
1751	  4000	79.2	154.1	1222	high noise
1752	     0	76.6	144.6	1082	OK
1753	  4000	79.5	154.0	1195	high noise
1754	     0	78.2	148.9	1126	OK
1755	     0	78.0	147.6	1066	OK
1756	     0	77.8	146.2	1103	OK
1757	     0	79.8	150.9	1114	OK
1758	     0	77.8	144.4	1079	OK
1759	     0	77.8	149.8	1092	OK
1760	     0	77.5	147.0	1065	OK
1761	     0	78.3	145.5	1059	OK
1762	  4000	79.8	154.9	1219	high noise
1763	     0	78.0	147.3	1096	OK
1764	     0	77.8	151.5	1134	OK
1765	     0	76.8	146.9	1104	OK
1766	     0	77.7	146.7	1081	OK
1767	     0	77.4	146.9	1083	OK
1768	     0	77.4	148.4	1105	OK
1769	     0	77.3	146.9	1043	OK
1770	     0	78.5	149.2	1111	OK
1771	     0	75.9	144.0	1068	OK
1772	     0	76.9	146.7	1075	OK
1773	  4000	79.7	154.0	1192	high noise
1774	     0	77.3	147.2	1051	OK
1775	     0	76.6	145.3	1086	OK
1776	     0	77.4	148.5	1098	OK
1777	     0	77.5	147.5	1075	OK
1778	     0	78.5	148.8	1085	OK
1779	     0	76.2	144.3	1064	OK
1780	     0	77.3	151.1	1127	OK
1781	     0	77.4	147.1	1066	OK
1782	  4000	79.5	154.7	1203	high noise
1783	     0	78.2	148.6	1102	OK
1784	  4000	79.4	153.8	1152	high noise
1785	  4000	80.5	156.3	1197	high noise
1786	     0	79.1	149.3	1113	OK
1787	  4000	79.2	152.6	1151	high noise
1788	  4000	79.4	153.8	1168	high noise
1789	     0	80.0	153.7	1130	OK
1790	     0	77.9	152.2	1136	OK
1791	     0	78.7	149.9	1109	OK
1792	     0	79.6	153.5	1165	OK
1793	     0	81.3	160.0	1215	OK
1794	     0	80.8	158.6	1205	OK
1795	     0	79.7	154.1	1152	OK
1796	     0	79.9	153.1	1127	OK
1797	     0	77.3	144.5	1059	OK
1798	     0	80.3	154.1	1183	OK
1799	     0	81.0	156.0	1186	OK
1800	     0	80.0	156.6	1159	OK
1801	     0	80.0	153.1	1154	OK
1802	     0	78.2	150.2	1096	OK
1803	     0	78.8	153.9	1177	OK
1804	     0	79.3	155.3	1182	OK
1805	     0	79.0	153.3	1156	OK
1806	     0	80.5	153.5	1198	OK
1807	     0	80.8	156.7	1210	OK
1808	     0	79.4	152.4	1161	OK
1809	     0	79.6	152.4	1151	OK
1810	     0	78.4	152.5	1156	OK
1811	     0	79.4	150.2	1125	OK
1812	     0	80.1	155.7	1184	OK
1813	     0	79.1	148.1	1078	OK
1814	     0	78.7	149.7	1079	OK
1815	     0	79.5	154.0	1163	OK
1816	     0	79.8	152.7	1155	OK
1817	     0	79.4	154.5	1165	OK
1818	     0	79.9	155.0	1190	OK
1819	     0	80.3	153.8	1170	OK
1820	     0	80.2	155.9	1170	OK
1821	     0	78.3	149.7	1087	OK
1822	     0	80.4	156.8	1203	OK
1823	     0	78.3	148.5	1067	OK
1824	     0	79.1	149.9	1115	OK
1825	     0	80.6	153.8	1170	OK
1826	     0	78.7	160.3	1204	OK
1827	     0	80.8	153.0	1179	OK
1828	     0	81.9	158.9	1203	OK
1829	     0	80.0	154.0	1162	OK
1830	     0	78.7	151.0	1128	OK
1831	     0	79.3	150.5	1093	OK
1832	     0	79.4	150.9	1137	OK
1833	     0	78.8	150.7	1099	OK
1834	     0	79.1	150.2	1095	OK
1835	     0	79.2	147.5	1090	OK
1836	     0	79.4	151.7	1144	OK
1837	     0	77.5	145.5	1071	OK
1838	     0	78.8	150.7	1145	OK
1839	     0	78.2	149.8	1106	OK
1840	     0	78.6	150.8	1140	OK
1841	     0	78.8	151.3	1133	OK
1842	     0	79.4	154.1	1193	OK
1843	     0	80.3	154.6	1194	OK
1844	     0	77.6	149.4	1087	OK
1845	     0	79.9	156.2	1182	OK
1846	     0	80.1	152.5	1163	OK
1847	     0	79.9	153.5	1164	OK
1848	     0	78.2	150.5	1124	OK
1849	     0	78.3	150.6	1121	OK
1850	     0	78.4	149.2	1093	OK
1851	     0	79.4	152.3	1158	OK
1852	  4000	82.8	161.7	1228	high noise
1853	     0	81.1	153.3	1181	OK
1854	     0	80.8	155.0	1201	OK
1855	     0	80.8	156.3	1188	OK
1856	     0	79.4	150.3	1119	OK
1857	     0	77.5	149.7	1101	OK
1858	     0	80.0	155.5	1192	OK
1859	     0	76.7	146.0	1066	OK
1860	     0	79.9	155.7	1217	OK
1861	     0	75.6	143.9	1089	OK
1862	     0	78.8	154.3	1189	OK
1863	     0	81.3	159.7	1199	OK
1864	     0	80.0	150.3	1130	OK
1865	     0	79.5	155.7	1204	OK
1866	     0	78.3	148.4	1069	OK
1867	     0	77.3	147.0	1074	OK
1868	     0	80.4	156.1	1191	OK
1869	     0	78.6	149.7	1097	OK
1870	     0	80.2	154.3	1176	OK
1871	     0	78.6	148.9	1093	OK
1872	     0	80.7	153.9	1166	OK
1873	     0	78.6	150.7	1109	OK
1874	     0	79.2	153.2	1159	OK
1875	     0	78.2	147.5	1086	OK
1876	     0	80.3	153.0	1151	OK
1877	     0	79.1	154.0	1160	OK
1878	     0	79.0	147.8	1115	OK
1879	     0	81.3	159.5	1220	OK
1880	     0	78.9	149.3	1109	OK
1881	     0	78.6	150.0	1116	OK
1882	     0	80.4	151.6	1154	OK
1883	     0	75.2	144.2	1077	OK
1884	     0	80.0	152.4	1174	OK
1885	     0	78.0	148.6	1076	OK
1886	     0	77.1	146.9	1083	OK
1887	     0	78.9	151.5	1121	OK
1888	     0	79.6	150.3	1075	OK
1889	     0	78.5	151.1	1138	OK
1890	     0	78.9	154.9	1186	OK
1891	     0	79.9	155.5	1194	OK
1892	     0	78.3	150.9	1127	OK
1893	     0	77.9	147.8	1089	OK
1894	     0	78.8	149.8	1103	OK
1895	     0	80.3	155.9	1171	OK
1896	     0	78.2	150.5	1098	OK
1897	     0	76.4	144.0	1054	OK
1898	     0	79.0	148.6	1087	OK
1899	     0	77.4	147.7	1073	OK
1900	     0	78.5	149.6	1143	OK
1901	     0	80.1	151.8	1132	OK
1902	     0	78.0	150.5	1110	OK
1903	     0	77.7	149.6	1086	OK
1904	     0	77.6	147.3	1069	OK
1905	     0	77.3	147.9	1078	OK
1906	     0	78.1	147.8	1062	OK
1907	     0	78.7	150.1	1092	OK
1908	     0	78.8	150.2	1091	OK
1909	     0	77.6	147.8	1092	OK
1910	     0	80.5	154.4	1171	OK
1911	     0	78.7	150.4	1092	OK
1912	     0	78.3	150.7	1091	OK
1913	     0	77.7	146.1	1065	OK
1914	     0	79.5	151.1	1151	OK
1915	     0	78.9	151.6	1120	OK
1916	     0	79.1	150.5	1074	OK
1917	     0	79.2	152.3	1152	OK
1918	     0	79.2	152.8	1170	OK
1919	     0	77.1	146.8	1078	OK
1920	     0	76.6	146.7	1087	OK
1921	  4000	79.4	151.7	1184	high noise
1922	     0	77.8	146.9	1073	OK
1923	     0	77.3	146.1	1094	OK
1924	     0	77.4	146.7	1098	OK
1925	  4000	78.4	151.4	1174	high noise
1926	     0	77.1	148.5	1132	OK
1927	  4000	76.6	145.8	1149	high noise
1928	  4000	74.6	142.5	1209	high noise
1929	  4000	74.9	145.2	1238	high noise
1930	     0	74.4	141.9	1128	OK
1931	  4000	77.5	150.2	1163	high noise
1932	     0	76.7	145.0	1106	OK
1933	     0	76.6	146.9	1106	OK
1934	     0	75.9	143.7	1084	OK
1935	     0	76.5	145.2	1081	OK
1936	  4000	78.1	149.2	1148	high noise
1937	     0	75.3	142.6	1092	OK
1938	     0	78.1	147.5	1102	OK
1939	     0	76.8	146.6	1096	OK
1940	     0	75.6	145.1	1098	OK
1941	     0	77.6	146.2	1105	OK
1942	     0	76.1	146.4	1124	OK
1943	     0	75.9	144.2	1095	OK
1944	     0	73.4	141.2	1108	OK
1945	     0	77.7	146.9	1073	OK
1946	     0	76.4	145.5	1089	OK
1947	     0	77.9	150.6	1143	OK
1948	     0	77.6	147.3	1120	OK
1949	     0	76.7	145.7	1080	OK
1950	     0	75.2	144.5	1072	OK
1951	     0	76.1	146.0	1071	OK
1952	     0	75.6	143.1	1114	OK
1953	     0	76.1	145.5	1068	OK
1954	     0	77.8	146.4	1073	OK
1955	     0	75.2	145.2	1086	OK
1956	     0	76.5	145.1	1103	OK
1957	     0	75.8	144.8	1117	OK
1958	     0	76.4	145.1	1121	OK
1959	     0	76.5	146.5	1106	OK
1960	  4000	78.1	146.2	1158	high noise
1961	     0	74.0	142.5	1132	OK
1962	  4000	78.3	154.8	1218	high noise
1963	     0	75.9	144.3	1116	OK
1964	     0	75.8	141.9	1082	OK
1965	     0	76.3	147.9	1091	OK
1966	     0	75.9	146.9	1089	OK
1967	     0	77.5	150.5	1142	OK
1968	     0	76.5	144.7	1090	OK
1969	     0	78.5	150.0	1114	OK
1970	     0	77.1	147.2	1115	OK
1971	     0	75.8	146.6	1077	OK
1972	  4000	77.8	150.9	1165	high noise
1973	  4000	79.0	153.2	1189	high noise
1974	     0	74.6	142.1	1102	OK
1975	     0	78.1	147.3	1101	OK
1976	     0	74.2	140.7	1095	OK
1977	     0	75.8	147.7	1089	OK
1978	     0	76.4	145.3	1091	OK
1979	     0	73.9	141.4	1092	OK
1980	     0	77.2	146.9	1083	OK
1981	     0	77.8	147.9	1093	OK
1982	     0	76.6	144.8	1069	OK
1983	     0	78.0	148.7	1133	OK
1984	     0	78.0	148.3	1126	OK
1985	     0	74.8	141.6	1096	OK
1986	     0	76.8	146.8	1086	OK
1987	  4000	78.7	151.8	1151	high noise
1988	     0	77.9	147.1	1101	OK
1989	  4000	78.4	151.7	1163	high noise
1990	     0	75.6	146.9	1088	OK
1991	     0	75.5	146.2	1069	OK
1992	     0	77.8	149.3	1135	OK
1993	     0	77.4	147.6	1096	OK
1994	     0	76.3	145.4	1093	OK
1995	     0	76.5	144.4	1096	OK
1996	     0	77.4	147.9	1053	OK
1997	     0	75.6	145.3	1078	OK
1998	     0	77.0	145.7	1094	OK
1999	     0	78.5	147.0	1091	OK
2000	     0	75.8	144.1	1074	OK
2001	     0	76.4	146.8	1066	OK
2002	     0	77.4	148.3	1072	OK
2003	     0	78.2	146.9	1078	OK
2004	     0	76.5	145.1	1073	OK
2005	  4000	79.2	152.1	1157	high noise
2006	     0	77.6	147.4	1108	OK
2007	     0	77.9	148.7	1087	OK
2008	     0	77.6	147.7	1110	OK
2009	  4000	79.0	150.7	1173	high noise
2010	     0	77.2	145.3	1074	OK
2011	     0	79.0	150.5	1123	OK
2012	     0	75.5	144.0	1060	OK
2013	     0	77.6	148.9	1097	OK
2014	     0	78.6	148.7	1086	OK
2015	     0	75.7	145.1	1102	OK
2016	  4000	78.7	150.5	1163	high noise
2017	     0	75.9	143.3	1059	OK
2018	     0	78.4	149.5	1110	OK
2019	     0	77.1	147.0	1056	OK
2020	  4000	78.5	153.0	1185	high noise
2021	     0	76.5	146.6	1069	OK
2022	     0	76.9	146.3	1045	OK
2023	  4000	78.7	152.2	1165	high noise
2024	     0	77.0	145.2	1067	OK
2025	     0	76.7	146.8	1072	OK
2026	     0	76.8	146.2	1076	OK
2027	     0	77.2	145.5	1069	OK
2028	     0	77.4	148.2	1098	OK
2029	     0	78.4	147.0	1093	OK
2030	     0	76.5	145.4	1059	OK
2031	     0	76.4	145.7	1057	OK
2032	     0	77.4	146.2	1066	OK
2033	     0	77.8	144.5	1086	OK
2034	     0	77.4	148.5	1088	OK
2035	     0	78.5	150.5	1135	OK
2036	     0	77.9	147.5	1085	OK
2037	     0	78.5	149.7	1124	OK
2038	     0	77.2	147.7	1081	OK
2039	     0	77.3	145.7	1084	OK
2040	     0	77.2	148.5	1088	OK
2041	     0	78.3	150.7	1127	OK
2042	     0	77.4	148.1	1062	OK
2043	     0	77.4	148.0	1074	OK
2044	  4000	79.0	152.3	1158	high noise
2045	  4000	78.8	153.4	1166	high noise
2046	     0	75.9	143.1	1073	OK
2047	     0	76.8	146.3	1065	OK
2048	  4000	80.7	159.1	1225	high noise
2049	  4000	79.2	154.5	1227	high noise
2050	     0	77.1	144.8	1090	OK
2051	     0	78.3	149.9	1130	OK
2052	     0	75.6	143.2	1100	OK
2053	     0	77.7	146.9	1116	OK
2054	     0	77.0	146.6	1101	OK
2055	     0	78.1	148.4	1111	OK
2056	     0	77.6	150.7	1145	OK
2057	     0	78.8	149.9	1171	OK
2058	     0	78.1	149.7	1138	OK
2059	     0	78.0	149.6	1127	OK
2060	     0	78.1	148.2	1126	OK
2061	     0	76.5	143.9	1073	OK
2062	     0	75.6	148.6	1131	OK
2063	     0	78.5	149.6	1101	OK
2064	     0	76.5	143.8	1099	OK
2065	     0	76.1	145.9	1074	OK
2066	     0	77.2	149.8	1115	OK
2067	     0	75.3	147.0	1084	OK
2068	     0	78.5	151.1	1158	OK
2069	     0	77.6	147.1	1086	OK
2070	     0	76.7	147.1	1108	OK
2071	     0	76.6	146.4	1085	OK
2072	     0	78.1	149.2	1171	OK
2073	     0	77.0	146.2	1081	OK
2074	     0	75.9	145.6	1089	OK
2075	     0	77.7	150.9	1136	OK
2076	     0	75.9	145.9	1104	OK
2077	     0	77.5	147.1	1084	OK
2078	     0	76.5	146.0	1094	OK
2079	     0	75.7	146.1	1084	OK
2080	     0	75.2	143.6	1109	OK
2081	     0	77.6	146.7	1101	OK
2082	  4000	79.4	151.9	1209	high noise
2083	     0	77.1	146.3	1087	OK
2084	     0	76.8	146.2	1117	OK
2085	     0	75.9	147.8	1110	OK
2086	     0	77.2	146.7	1114	OK
2087	     0	77.0	146.3	1094	OK
2088	     0	75.0	144.6	1100	OK
2089	     0	77.1	151.4	1173	OK
2090	     0	76.6	149.1	1139	OK
2091	     0	73.1	143.8	1084	OK
2092	     0	76.8	150.1	1137	OK
2093	     0	77.7	148.9	1146	OK
2094	  4000	78.9	156.0	1210	high noise
2095	     0	76.5	149.8	1166	OK
2096	     0	76.3	146.0	1112	OK
2097	     0	75.6	146.0	1103	OK
2098	     0	76.4	147.1	1112	OK
2099	     0	78.3	150.1	1154	OK
2100	     0	77.0	150.8	1154	OK
2101	     0	77.1	147.5	1109	OK
2102	     0	77.6	147.3	1145	OK
2103	     0	76.8	150.1	1153	OK
2104	     0	76.4	148.7	1102	OK
2105	     0	77.4	150.1	1167	OK
2106	     0	78.3	150.9	1149	OK
2107	     0	77.9	147.9	1112	OK
2108	     0	77.2	147.7	1134	OK
2109	     0	76.1	148.1	1146	OK
2110	     0	76.8	146.7	1075	OK
2111	     0	75.9	145.7	1107	OK
2112	     0	75.6	147.7	1139	OK
2113	     0	74.2	143.2	1095	OK
2114	     0	76.0	146.4	1101	OK
2115	     0	75.1	145.7	1133	OK
2116	     0	76.5	148.9	1129	OK
2117	     0	77.6	148.0	1132	OK
2118	     0	74.3	141.1	1112	OK
2119	     0	77.0	146.8	1104	OK
2120	     0	76.5	145.8	1122	OK
2121	     0	76.1	147.7	1118	OK
2122	     0	78.0	147.6	1125	OK
2123	     0	75.5	147.0	1125	OK
2124	     0	74.1	142.1	1112	OK
2125	     0	77.8	147.0	1110	OK
2126	     0	75.4	146.8	1100	OK
2127	     0	76.1	147.8	1118	OK
2128	     0	75.2	146.0	1122	OK
2129	     0	74.3	142.3	1136	OK
2130	     0	76.7	147.1	1111	OK
2131	     0	74.1	140.6	1119	OK
2132	     0	77.3	145.3	1107	OK
2133	     0	73.1	143.1	1098	OK
2134	  4000	77.5	151.0	1206	high noise
2135	     0	77.6	148.6	1130	OK
2136	     0	74.5	143.1	1092	OK
2137	     0	77.0	149.8	1140	OK
2138	     0	76.0	141.4	1115	OK
2139	     0	76.3	147.7	1129	OK
2140	     0	75.7	144.5	1103	OK
2141	     0	75.1	145.2	1104	OK
2142	     0	76.2	147.4	1108	OK
2143	     0	76.4	146.9	1096	OK
2144	     0	76.0	147.5	1117	OK
2145	     0	78.0	148.5	1107	OK
2146	     0	74.8	144.1	1097	OK
2147	     0	76.0	145.8	1086	OK
2148	     0	76.1	144.4	1092	OK
2149	     0	74.0	141.3	1089	OK
2150	     0	77.1	145.8	1116	OK
2151	     0	77.3	151.3	1148	OK
2152	     0	75.9	145.5	1099	OK
2153	     0	75.7	145.2	1099	OK
2154	     0	73.6	141.6	1102	OK
2155	     0	76.2	146.9	1101	OK
2156	     0	75.6	143.0	1108	OK
2157	     0	76.3	145.7	1093	OK
2158	     0	75.8	144.8	1103	OK
2159	     0	75.5	144.0	1081	OK
2160	     0	73.8	143.9	1090	OK
2161	     0	74.9	143.8	1087	OK
2162	     0	75.2	145.2	1100	OK
2163	     0	77.3	148.5	1080	OK
2164	     0	74.8	141.9	1114	OK
2165	     0	75.0	143.8	1107	OK
2166	     0	73.7	141.6	1104	OK
2167	     0	75.4	142.5	1116	OK
2168	     0	77.2	149.5	1156	OK
2169	     0	74.6	145.5	1093	OK
2170	     0	77.2	147.8	1127	OK
2171	     0	75.5	146.2	1098	OK
2172	     0	76.8	149.3	1150	OK
2173	     0	77.8	152.1	1198	OK
2174	     0	76.5	146.2	1105	OK
2175	     0	77.0	147.8	1128	OK
2176	     0	76.7	146.6	1103	OK
2177	     0	76.2	146.8	1091	OK
2178	     0	76.7	145.4	1118	OK
2179	     0	77.9	147.4	1120	OK
2180	     0	75.4	141.8	1092	OK
2181	     0	74.8	143.8	1110	OK
2182	     0	73.3	139.7	1112	OK
2183	     0	76.1	147.4	1111	OK
2184	     0	76.3	145.3	1066	OK
2185	     0	74.2	144.1	1104	OK
2186	     0	74.8	144.0	1124	OK
2187	     0	74.6	141.5	1102	OK
2188	     0	72.9	140.8	1105	OK
2189	     0	76.6	146.1	1126	OK
2190	     0	72.9	139.2	1097	OK
2191	     0	76.0	144.7	1105	OK
2192	     0	75.3	145.7	1101	OK
2193	     0	74.9	144.1	1103	OK
2194	     0	74.2	141.3	1107	OK
2195	     0	73.7	140.2	1114	OK
2196	     0	73.0	140.8	1127	OK
2197	     0	76.1	145.6	1071	OK
2198	     0	77.1	146.6	1102	OK
2199	     0	74.2	142.2	1105	OK
2200	     0	76.6	145.9	1109	OK
2201	     0	74.5	143.6	1108	OK
2202	     0	75.7	142.7	1102	OK
2203	     0	76.1	143.9	1110	OK
2204	     0	76.6	142.8	1114	OK
2205	     0	75.4	145.5	1097	OK
2206	     0	76.9	148.5	1147	OK
2207	     0	76.3	146.4	1134	OK
2208	     0	73.1	139.6	1122	OK
2209	     0	74.3	144.2	1086	OK
2210	     0	75.7	142.5	1111	OK
2211	     0	75.0	146.1	1096	OK
2212	     0	75.9	146.1	1111	OK
2213	     0	76.8	144.9	1096	OK
2214	     0	74.9	141.6	1121	OK
2215	     0	74.3	143.3	1085	OK
2216	     0	75.1	144.4	1113	OK
2217	     0	75.4	141.9	1100	OK
2218	     0	76.8	148.8	1144	OK
2219	     0	73.7	142.2	1134	OK
2220	     0	76.4	146.3	1111	OK
2221	     0	74.9	143.7	1107	OK
2222	     0	75.2	142.8	1117	OK
2223	     0	75.4	144.6	1106	OK
2224	     0	76.4	146.4	1109	OK
2225	     0	75.3	142.2	1098	OK
2226	     0	74.8	143.4	1108	OK
2227	     0	74.6	142.7	1103	OK
2228	     0	73.2	140.7	1131	OK
2229	     0	76.4	147.2	1116	OK
2230	     0	76.1	149.4	1141	OK
2231	     0	76.6	147.5	1102	OK
2232	     0	74.3	141.2	1144	OK
2233	     0	75.3	143.3	1123	OK
2234	     0	77.6	146.5	1130	OK
2235	     0	77.4	148.6	1145	OK
2236	     0	73.9	140.6	1130	OK
2237	     0	76.0	142.7	1112	OK
2238	     0	77.4	149.5	1167	OK
2239	     0	76.2	143.7	1113	OK
2240	     0	76.5	148.0	1115	OK
2241	     0	75.4	146.2	1135	OK
2242	     0	76.5	146.3	1091	OK
2243	     0	75.2	145.6	1119	OK
2244	     0	75.0	145.5	1113	OK
2245	     0	73.8	140.6	1095	OK
2246	     0	76.1	146.1	1082	OK
2247	     0	76.2	144.9	1104	OK
2248	     0	74.9	143.5	1106	OK
2249	     0	74.1	142.8	1128	OK
2250	     0	74.2	142.7	1096	OK
2251	     0	77.4	149.6	1150	OK
2252	     0	76.4	145.0	1103	OK
2253	     0	75.0	142.2	1103	OK
2254	     0	75.4	145.3	1099	OK
2255	     0	77.1	148.3	1114	OK
2256	     0	75.5	143.6	1127	OK
2257	     0	75.0	143.3	1100	OK
2258	     0	75.1	143.2	1097	OK
2259	     0	73.9	140.3	1126	OK
2260	     0	78.8	151.7	1177	OK
2261	     0	74.9	142.9	1080	OK
2262	     0	76.1	143.3	1119	OK
2263	     0	76.6	146.7	1093	OK
2264	     0	75.4	146.7	1113	OK
2265	     0	76.2	145.3	1094	OK
2266	     0	77.8	147.2	1117	OK
2267	     0	76.9	146.8	1137	OK
2268	     0	75.9	143.0	1084	OK
2269	     0	74.9	142.7	1098	OK
2270	     0	74.8	143.4	1088	OK
2271	     0	77.3	147.4	1107	OK
2272	     0	77.0	145.0	1097	OK
2273	     0	77.5	146.8	1108	OK
2274	     0	76.0	145.9	1096	OK
2275	     0	76.9	146.0	1081	OK
2276	     0	75.6	143.4	1082	OK
2277	     0	74.5	143.7	1107	OK
2278	     0	75.3	142.6	1100	OK
2279	     0	77.6	148.2	1092	OK
2280	     0	74.4	142.1	1083	OK
2281	     0	74.1	141.1	1109	OK
2282	     0	76.1	147.9	1096	OK
2283	     0	75.9	145.4	1073	OK
2284	     0	75.0	146.6	1084	OK
2285	     0	76.6	147.4	1080	OK
2286	     0	78.3	147.3	1099	OK
2287	     0	78.0	148.8	1125	OK
2288	     0	75.6	142.5	1073	OK
2289	     0	77.4	146.8	1089	OK
2290	     0	77.1	145.9	1103	OK
2291	     0	78.6	149.9	1134	OK
2292	     0	77.6	146.6	1096	OK
2293	     0	76.4	145.1	1092	OK
2294	     0	78.4	152.5	1168	OK
2295	     0	75.2	144.7	1106	OK
2296	     0	75.5	144.6	1085	OK
2297	     0	76.5	144.3	1103	OK
2298	     0	76.2	144.6	1086	OK
2299	     0	76.9	142.7	1087	OK
2300	     0	77.0	148.0	1143	OK
2301	     0	76.8	147.0	1124	OK
2302	     0	76.6	150.4	1143	OK
2303	     0	77.5	145.7	1109	OK
2304	     0	80.7	155.1	1196	OK
2305	     0	81.3	158.9	1220	OK
2306	     0	78.7	150.2	1157	OK
2307	     0	79.3	153.8	1181	OK
2308	     0	79.7	151.4	1147	OK
2309	     0	79.7	152.0	1181	OK
2310	     0	81.6	155.6	1214	OK
2311	     0	79.2	151.5	1127	OK
2312	     0	78.3	148.6	1084	OK
2313	     0	79.4	149.3	1120	OK
2314	     0	79.5	152.9	1180	OK
2315	     0	81.3	157.8	1215	OK
2316	     0	80.0	151.1	1160	OK
2317	     0	77.8	150.4	1126	OK
2318	     0	79.2	152.8	1202	OK
2319	     0	79.2	151.8	1151	OK
2320	     0	79.4	155.4	1178	OK
2321	     0	79.3	151.9	1183	OK
2322	     0	78.8	154.5	1213	OK
2323	     0	78.4	147.0	1088	OK
2324	     0	79.1	150.2	1126	OK
2325	     0	78.6	149.5	1165	OK
2326	     0	79.8	153.9	1151	OK
2327	     0	79.1	153.0	1176	OK
2328	     0	78.2	146.2	1098	OK
2329	     0	79.0	152.9	1182	OK
2330	     0	79.7	153.0	1168	OK
2331	     0	79.0	150.1	1160	OK
2332	     0	78.7	153.2	1183	OK
2333	     0	79.6	153.2	1189	OK
2334	     0	79.5	153.9	1229	OK
2335	     0	80.0	155.0	1211	OK
2336	     0	79.3	150.4	1166	OK
2337	     0	80.8	154.9	1189	OK
2338	     0	74.6	140.9	1091	OK
2339	     0	79.4	149.0	1133	OK
2340	     0	79.4	152.1	1180	OK
2341	     0	75.9	145.0	1085	OK
2342	     0	79.1	149.7	1138	OK
2343	     0	78.1	147.6	1088	OK
2344	     0	78.0	149.0	1132	OK
2345	     0	81.0	156.2	1229	OK
2346	     0	79.1	151.3	1175	OK
2347	     0	79.0	152.0	1162	OK
2348	     0	78.8	154.1	1200	OK
2349	     0	77.7	146.8	1089	OK
2350	     0	79.5	151.2	1182	OK
2351	     0	77.5	147.6	1106	OK
2352	     0	79.5	154.3	1220	OK
2353	     0	79.0	151.4	1139	OK
2354	     0	78.0	150.1	1136	OK
2355	     0	78.6	149.8	1132	OK
2356	     0	78.3	149.6	1142	OK
2357	     0	80.6	156.8	1213	OK
2358	     0	76.1	146.7	1098	OK
2359	     0	77.9	151.5	1162	OK
2360	     0	78.6	151.2	1158	OK
2361	     0	80.4	151.5	1184	OK
2362	     0	77.6	149.0	1121	OK
2363	     0	78.5	150.8	1171	OK
2364	     0	79.0	147.9	1097	OK
2365	     0	79.1	151.7	1180	OK
2366	     0	79.7	152.8	1193	OK
2367	     0	78.2	151.2	1129	OK
2368	     0	78.1	153.7	1201	OK
2369	     0	78.3	149.0	1101	OK
2370	     0	77.7	151.8	1123	OK
2371	     0	79.5	152.6	1163	OK
2372	     0	77.2	148.5	1125	OK
2373	     0	78.6	153.3	1202	OK
2374	     0	78.8	151.7	1190	OK
2375	     0	78.2	147.6	1087	OK
2376	     0	78.3	149.7	1155	OK
2377	     0	78.7	151.8	1178	OK
2378	     0	78.5	150.6	1160	OK
2379	     0	80.7	156.0	1229	OK
2380	     0	77.5	148.8	1123	OK
2381	     0	75.8	144.6	1103	OK
2382	     0	79.1	152.6	1189	OK
2383	     0	75.8	146.2	1080	OK
2384	     0	75.6	145.2	1106	OK
2385	     0	78.7	153.4	1183	OK
2386	     0	78.6	152.3	1180	OK
2387	     0	78.9	152.0	1152	OK
2388	     0	77.4	144.2	1088	OK
2389	     0	77.3	147.1	1114	OK
2390	     0	78.5	150.3	1141	OK
2391	     0	77.5	149.5	1117	OK
2392	     0	78.0	153.6	1205	OK
2393	     0	77.8	151.3	1160	OK
2394	     0	76.5	146.2	1093	OK
2395	     0	76.9	147.0	1116	OK
2396	     0	78.6	153.4	1200	OK
2397	     0	77.1	146.7	1058	OK
2398	     0	79.0	150.1	1147	OK
2399	     0	76.7	148.1	1116	OK
2400	     0	79.3	152.5	1169	OK
2401	     0	81.0	154.8	1232	OK
2402	     0	76.7	147.4	1092	OK
2403	     0	77.6	147.4	1127	OK
2404	     0	77.8	147.4	1107	OK
2405	     0	77.3	147.4	1083	OK
2406	     0	80.4	155.8	1221	OK
2407	     0	78.6	149.6	1146	OK
2408	     0	79.0	149.9	1115	OK
2409	     0	77.6	151.4	1172	OK
2410	     0	79.3	153.2	1202	OK
2411	     0	77.1	145.3	1087	OK
2412	     0	78.7	151.2	1197	OK
2413	     0	75.5	144.5	1064	OK
2414	     0	77.8	147.0	1113	OK
2415	     0	79.1	150.5	1163	OK
2416	     0	79.1	151.2	1171	OK
2417	     0	80.1	155.6	1221	OK
2418	     0	77.8	148.7	1094	OK
2419	     0	78.7	153.4	1209	OK
2420	     0	77.0	146.8	1107	OK
2421	     0	75.2	146.6	1087	OK
2422	     0	76.0	144.2	1084	OK
2423	     0	76.1	142.9	1079	OK
2424	     0	77.7	147.8	1120	OK
2425	     0	78.1	148.9	1123	OK
2426	     0	76.9	146.9	1116	OK
2427	     0	79.7	153.2	1199	OK
2428	     0	79.2	154.8	1215	OK
2429	     0	78.6	150.8	1159	OK
2430	     0	79.8	154.6	1218	OK
2431	     0	79.8	151.1	1170	OK
2432	     0	75.0	145.1	1123	OK
2433	     0	75.8	142.3	1098	OK
2434	     0	76.4	144.7	1121	OK
2435	     0	75.2	142.4	1089	OK
2436	     0	76.6	145.6	1146	OK
2437	     0	73.8	141.2	1116	OK
2438	     0	75.7	146.0	1119	OK
2439	     0	73.1	141.7	1112	OK
2440	     0	76.7	146.1	1133	OK
2441	     0	73.3	140.3	1118	OK
2442	     0	73.5	143.8	1121	OK
2443	     0	76.2	144.2	1114	OK
2444	     0	75.7	145.0	1105	OK
2445	     0	75.0	141.3	1098	OK
2446	     0	73.6	141.3	1110	OK
2447	     0	76.7	145.3	1114	OK
2448	     0	74.6	144.6	1110	OK
2449	     0	76.4	146.8	1105	OK
2450	     0	77.9	147.5	1124	OK
2451	     0	74.4	140.4	1112	OK
2452	     0	76.6	146.2	1105	OK
2453	     0	76.7	146.2	1122	OK
2454	     0	75.1	142.3	1113	OK
2455	     0	74.0	143.0	1113	OK
2456	     0	75.9	145.5	1129	OK
2457	     0	74.1	142.3	1114	OK
2458	     0	73.9	142.3	1114	OK
2459	     0	73.8	139.3	1125	OK
2460	     0	74.7	142.5	1094	OK
2461	     0	74.0	141.4	1112	OK
2462	     0	76.3	147.5	1106	OK
2463	     0	77.5	148.7	1135	OK
2464	     0	73.4	141.9	1110	OK
2465	     0	73.9	140.7	1108	OK
2466	     0	73.1	141.3	1123	OK
2467	     0	75.1	141.8	1107	OK
2468	     0	74.8	143.1	1125	OK
2469	     0	74.8	143.4	1120	OK
2470	     0	74.8	142.1	1110	OK
2471	     0	76.4	146.0	1097	OK
2472	     0	74.5	141.5	1106	OK
2473	  4000	75.8	158.5	1257	high noise
2474	     0	75.0	145.1	1107	OK
2475	     0	74.2	142.1	1136	OK
2476	     0	75.4	144.9	1140	OK
2477	     0	74.3	140.1	1102	OK
2478	     0	75.1	147.0	1104	OK
2479	     0	75.5	143.6	1108	OK
2480	     0	74.3	142.0	1115	OK
2481	     0	74.0	143.6	1115	OK
2482	     0	74.5	143.1	1124	OK
2483	     0	74.6	140.9	1120	OK
2484	     0	74.2	141.1	1122	OK
2485	     0	74.3	142.1	1127	OK
2486	     0	74.7	142.2	1111	OK
2487	     0	74.2	144.7	1105	OK
2488	     0	73.8	139.0	1141	OK
2489	     0	74.8	140.2	1124	OK
2490	     0	71.6	137.8	1122	OK
2491	     0	74.6	141.3	1136	OK
2492	     0	76.6	148.7	1118	OK
2493	     0	76.4	143.8	1116	OK
2494	     0	75.3	145.5	1085	OK
2495	     0	76.2	144.7	1118	OK
2496	     0	74.8	144.1	1094	OK
2497	     0	76.5	146.6	1120	OK
2498	     0	72.8	139.8	1125	OK
2499	     0	75.1	146.4	1122	OK
2500	     0	73.6	139.7	1123	OK
2501	     0	74.5	141.6	1125	OK
2502	     0	76.6	144.6	1121	OK
2503	     0	77.6	148.6	1129	OK
2504	     0	77.1	148.9	1147	OK
2505	     0	75.6	146.2	1111	OK
2506	     0	75.4	144.0	1106	OK
2507	     0	75.9	144.6	1116	OK
2508	     0	73.7	141.3	1122	OK
2509	     0	75.6	144.3	1091	OK
2510	     0	77.1	146.1	1124	OK
2511	     0	73.4	142.2	1098	OK
2512	     0	76.8	147.3	1083	OK
2513	     0	75.4	143.7	1081	OK
2514	     0	77.4	145.9	1123	OK
2515	     0	77.4	147.1	1125	OK
2516	     0	76.4	144.8	1087	OK
2517	     0	74.1	140.4	1123	OK
2518	     0	73.5	141.4	1102	OK
2519	     0	77.0	148.3	1134	OK
2520	     0	76.6	145.4	1100	OK
2521	     0	73.2	139.6	1116	OK
2522	     0	76.4	145.1	1115	OK
2523	     0	76.5	143.7	1116	OK
2524	     0	74.8	144.9	1078	OK
2525	     0	75.0	143.2	1088	OK
2526	     0	75.8	146.5	1103	OK
2527	     0	77.5	148.2	1108	OK
2528	     0	77.4	147.2	1108	OK
2529	     0	75.5	143.1	1100	OK
2530	     0	74.0	142.0	1099	OK
2531	     0	75.0	145.6	1098	OK
2532	     0	73.9	142.0	1099	OK
2533	     0	74.1	141.8	1114	OK
2534	     0	75.6	145.6	1077	OK
2535	     0	77.2	150.3	1116	OK
2536	     0	76.2	143.7	1107	OK
2537	     0	75.6	143.9	1076	OK
2538	     0	75.8	145.1	1097	OK
2539	     0	77.4	144.1	1095	OK
2540	     0	76.5	144.5	1096	OK
2541	     0	75.6	146.3	1092	OK
2542	     0	75.8	145.2	1082	OK
2543	     0	74.9	143.5	1085	OK
2544	     0	75.4	144.3	1092	OK
2545	     0	73.6	139.2	1084	OK
2546	     0	76.5	147.0	1097	OK
2547	     0	75.8	141.2	1110	OK
2548	     0	72.9	141.6	1110	OK
2549	     0	76.5	144.0	1102	OK
2550	     0	74.9	142.1	1082	OK
2551	     0	77.1	145.7	1102	OK
2552	     0	76.2	145.3	1097	OK
2553	     0	77.5	147.4	1086	OK
2554	     0	74.8	141.7	1089	OK
2555	     0	75.3	144.4	1095	OK
2556	     0	76.1	143.9	1091	OK
2557	     0	78.5	149.9	1148	OK
2558	     0	77.1	146.8	1130	OK
2559	  4200	80.7	155.4	1255	high gain
