#chan	code	gain	vt50	innse	comment
   0	   200	78.3	145.6	1163	high gain
   1	     0	75.9	143.8	1160	OK
   2	     0	75.4	142.8	1160	OK
   3	     0	75.0	142.1	1146	OK
   4	     0	75.2	141.6	1146	OK
   5	     0	74.5	141.4	1141	OK
   6	     0	73.9	142.5	1135	OK
   7	     0	74.3	141.5	1143	OK
   8	     0	72.6	139.2	1132	OK
   9	     0	73.5	141.6	1139	OK
  10	     0	74.4	139.7	1136	OK
  11	     0	72.7	139.7	1123	OK
  12	     0	72.8	141.8	1138	OK
  13	     0	72.9	139.5	1137	OK
  14	     0	74.3	140.7	1159	OK
  15	     0	75.1	141.8	1142	OK
  16	     0	72.3	138.5	1145	OK
  17	     0	74.8	141.6	1134	OK
  18	     0	75.6	142.6	1128	OK
  19	     0	72.3	138.2	1121	OK
  20	     0	73.0	138.1	1136	OK
  21	     0	73.5	139.4	1153	OK
  22	     0	74.9	139.6	1129	OK
  23	     0	75.0	142.1	1108	OK
  24	     0	74.1	141.5	1130	OK
  25	     0	74.8	141.4	1139	OK
  26	     0	73.4	140.5	1134	OK
  27	     0	74.7	140.5	1156	OK
  28	     0	75.1	142.0	1154	OK
  29	     0	75.1	143.8	1141	OK
  30	     0	72.3	135.7	1124	OK
  31	     0	73.6	139.5	1145	OK
  32	     0	72.3	137.0	1143	OK
  33	     0	72.1	139.2	1142	OK
  34	     0	72.4	138.6	1148	OK
  35	     0	74.4	140.3	1154	OK
  36	     0	73.9	139.4	1169	OK
  37	     0	76.0	144.4	1178	OK
  38	     0	73.9	138.8	1140	OK
  39	     0	74.4	143.1	1158	OK
  40	     0	74.1	140.3	1159	OK
  41	     0	72.7	139.3	1152	OK
  42	     0	72.3	139.2	1152	OK
  43	     0	72.8	139.9	1191	OK
  44	     0	72.5	137.0	1132	OK
  45	     0	73.1	140.0	1138	OK
  46	     0	73.4	139.8	1148	OK
  47	     0	73.8	142.0	1165	OK
  48	     0	76.1	144.6	1169	OK
  49	     0	74.4	140.4	1163	OK
  50	     0	73.9	140.4	1157	OK
  51	     0	76.4	142.8	1182	OK
  52	     0	73.2	140.7	1138	OK
  53	     0	73.8	142.0	1172	OK
  54	     0	73.5	138.0	1171	OK
  55	     0	73.7	140.6	1145	OK
  56	     0	74.0	142.3	1160	OK
  57	     0	75.2	143.5	1155	OK
  58	     0	72.6	136.9	1163	OK
  59	     0	74.3	141.2	1159	OK
  60	     0	72.3	138.0	1167	OK
  61	     0	74.5	144.7	1182	OK
  62	     0	74.0	139.5	1198	OK
  63	     0	73.0	140.1	1153	OK
  64	     0	73.3	138.6	1166	OK
  65	     0	74.7	140.9	1171	OK
  66	     0	73.2	138.3	1161	OK
  67	     0	71.4	138.3	1159	OK
  68	     0	71.6	136.9	1156	OK
  69	     0	73.8	141.6	1206	OK
  70	     0	71.4	136.7	1169	OK
  71	     0	75.1	140.4	1186	OK
  72	     0	71.5	137.9	1159	OK
  73	     0	74.1	139.7	1178	OK
  74	     0	74.4	141.3	1190	OK
  75	     0	73.6	138.3	1145	OK
  76	     0	75.5	141.8	1184	OK
  77	     0	75.3	142.6	1156	OK
  78	     0	74.7	144.9	1160	OK
  79	     0	73.2	141.0	1204	OK
  80	     0	72.0	138.8	1167	OK
  81	     0	72.9	137.7	1139	OK
  82	     0	73.7	141.1	1194	OK
  83	     0	73.6	140.2	1177	OK
  84	     0	74.1	141.3	1171	OK
  85	     0	71.8	137.3	1159	OK
  86	     0	71.5	136.9	1159	OK
  87	     0	72.4	139.4	1154	OK
  88	     0	73.4	139.0	1169	OK
  89	     0	73.1	139.2	1163	OK
  90	     0	74.2	141.8	1167	OK
  91	     0	73.4	140.0	1167	OK
  92	     0	74.1	141.4	1166	OK
  93	     0	72.5	137.1	1159	OK
  94	     0	74.0	138.6	1152	OK
  95	     0	73.6	138.9	1170	OK
  96	     0	72.6	137.5	1166	OK
  97	     0	72.5	139.2	1167	OK
  98	     0	72.8	138.2	1149	OK
  99	     0	73.6	139.9	1147	OK
 100	     0	71.2	136.3	1158	OK
 101	     0	73.4	142.0	1165	OK
 102	     0	73.3	140.0	1150	OK
 103	     0	74.0	141.6	1165	OK
 104	     0	74.0	140.7	1176	OK
 105	     0	73.2	138.6	1155	OK
 106	     0	75.0	143.0	1170	OK
 107	     0	73.8	141.4	1164	OK
 108	     0	73.6	139.2	1152	OK
 109	     0	72.6	138.4	1170	OK
 110	     0	72.2	139.6	1191	OK
 111	     0	71.6	137.4	1168	OK
 112	     0	75.4	140.5	1178	OK
 113	     0	73.9	142.3	1153	OK
 114	     0	75.8	143.5	1169	OK
 115	     0	72.1	136.2	1152	OK
 116	     0	71.0	134.6	1154	OK
 117	     0	72.7	139.0	1179	OK
 118	     0	73.4	139.5	1173	OK
 119	     0	72.0	137.8	1157	OK
 120	     0	75.1	144.4	1170	OK
 121	     0	73.8	141.6	1190	OK
 122	     0	74.9	142.1	1155	OK
 123	     0	73.8	140.5	1160	OK
 124	     0	76.7	144.3	1171	OK
 125	     0	74.6	139.9	1154	OK
 126	     0	74.8	139.9	1156	OK
 127	     0	74.6	141.1	1151	OK
 128	     0	73.5	139.6	1203	OK
 129	     0	72.8	138.1	1177	OK
 130	     0	72.7	139.5	1178	OK
 131	     0	71.0	136.2	1172	OK
 132	     0	73.1	138.8	1187	OK
 133	     0	72.6	137.7	1161	OK
 134	     0	73.8	141.4	1141	OK
 135	     0	72.5	137.5	1192	OK
 136	     0	72.3	141.6	1192	OK
 137	     0	73.4	140.1	1183	OK
 138	     0	73.2	138.2	1191	OK
 139	     0	71.4	138.4	1157	OK
 140	     0	74.9	141.7	1181	OK
 141	     0	70.8	134.6	1168	OK
 142	     0	73.6	141.5	1167	OK
 143	     0	71.7	132.8	1160	OK
 144	     0	73.2	141.3	1178	OK
 145	     0	74.5	142.6	1190	OK
 146	     0	71.3	134.6	1134	OK
 147	     0	70.0	133.7	1152	OK
 148	     0	72.9	139.5	1152	OK
 149	     0	73.4	137.9	1182	OK
 150	     0	71.3	138.0	1169	OK
 151	     0	72.5	138.7	1175	OK
 152	     0	71.4	133.5	1150	OK
 153	     0	72.5	137.6	1163	OK
 154	     0	71.1	135.1	1172	OK
 155	     0	72.1	138.7	1161	OK
 156	     0	74.0	139.4	1197	OK
 157	     0	71.4	137.1	1153	OK
 158	     0	72.3	138.0	1182	OK
 159	     0	72.3	137.6	1175	OK
 160	     0	74.2	139.2	1178	OK
 161	     0	73.7	140.1	1171	OK
 162	     0	73.2	138.5	1178	OK
 163	     0	71.0	135.5	1184	OK
 164	     0	71.0	134.1	1150	OK
 165	     0	71.7	138.1	1163	OK
 166	     0	71.2	135.6	1167	OK
 167	     0	72.3	135.7	1159	OK
 168	     0	74.1	142.6	1173	OK
 169	     0	72.7	137.0	1189	OK
 170	     0	73.5	139.7	1168	OK
 171	     0	70.5	135.9	1167	OK
 172	     0	72.7	138.6	1167	OK
 173	     0	74.9	139.3	1184	OK
 174	     0	72.4	138.0	1183	OK
 175	     0	71.8	137.3	1190	OK
 176	     0	71.4	135.7	1155	OK
 177	     0	73.3	139.3	1182	OK
 178	     0	70.4	135.8	1164	OK
 179	     0	69.1	132.2	1179	OK
 180	     0	72.6	139.2	1174	OK
 181	     0	72.9	137.3	1186	OK
 182	     0	74.1	141.2	1190	OK
 183	     0	72.6	141.1	1165	OK
 184	     0	71.9	137.4	1189	OK
 185	     0	72.5	135.3	1166	OK
 186	     0	72.6	138.4	1169	OK
 187	     0	75.0	142.6	1172	OK
 188	     0	73.1	139.8	1176	OK
 189	     0	71.9	136.6	1169	OK
 190	     0	73.1	137.1	1183	OK
 191	     0	73.4	139.1	1173	OK
 192	     0	73.5	140.5	1160	OK
 193	     0	73.9	140.2	1178	OK
 194	     0	72.8	138.9	1173	OK
 195	     0	73.1	138.4	1156	OK
 196	     0	74.3	141.0	1154	OK
 197	     0	71.7	136.9	1168	OK
 198	     0	73.7	137.7	1157	OK
 199	     0	73.1	139.9	1163	OK
 200	     0	74.8	140.2	1184	OK
 201	     0	73.3	138.0	1146	OK
 202	     0	69.4	132.3	1159	OK
 203	     0	74.9	142.4	1151	OK
 204	     0	72.8	137.3	1155	OK
 205	     0	73.1	139.7	1188	OK
 206	     0	73.8	141.2	1163	OK
 207	     0	72.7	137.5	1146	OK
 208	     0	72.1	135.3	1147	OK
 209	     0	72.1	135.1	1139	OK
 210	     0	74.3	138.0	1166	OK
 211	     0	73.6	138.4	1171	OK
 212	     0	74.3	141.2	1174	OK
 213	     0	74.0	140.6	1155	OK
 214	     0	73.5	137.9	1146	OK
 215	     0	70.8	137.6	1153	OK
 216	     0	74.3	141.4	1140	OK
 217	     0	73.3	139.2	1151	OK
 218	     0	74.6	139.9	1170	OK
 219	     0	73.1	139.4	1170	OK
 220	     0	74.2	140.0	1153	OK
 221	     0	71.2	135.3	1156	OK
 222	     0	74.7	142.1	1166	OK
 223	     0	73.0	137.0	1137	OK
 224	     0	72.7	137.5	1135	OK
 225	     0	73.2	139.7	1170	OK
 226	     0	72.5	135.8	1162	OK
 227	     0	71.9	136.8	1147	OK
 228	     0	74.1	140.2	1165	OK
 229	     0	71.9	137.1	1171	OK
 230	     0	72.9	137.9	1137	OK
 231	     0	70.7	136.3	1155	OK
 232	     0	72.0	140.7	1181	OK
 233	     0	71.6	135.1	1127	OK
 234	     0	73.6	141.3	1147	OK
 235	     0	73.1	139.8	1170	OK
 236	     0	74.3	141.0	1175	OK
 237	     0	73.9	141.2	1193	OK
 238	     0	73.4	140.7	1155	OK
 239	     0	72.1	137.9	1130	OK
 240	     0	75.7	142.0	1162	OK
 241	     0	73.3	142.4	1166	OK
 242	     0	72.8	139.6	1170	OK
 243	     0	73.3	139.3	1151	OK
 244	     0	73.0	137.0	1161	OK
 245	     0	73.0	139.6	1142	OK
 246	     0	73.4	139.0	1160	OK
 247	     0	74.5	141.3	1184	OK
 248	     0	76.6	143.1	1185	OK
 249	     0	73.4	138.3	1140	OK
 250	     0	73.4	139.4	1160	OK
 251	     0	74.7	141.5	1180	OK
 252	     0	75.2	142.8	1156	OK
 253	     0	76.7	143.6	1174	OK
 254	     0	73.0	137.4	1157	OK
 255	     0	73.0	137.8	1147	OK
 256	     0	75.2	143.3	1160	OK
 257	     0	74.5	142.1	1153	OK
 258	     0	73.9	142.6	1151	OK
 259	     0	76.5	143.4	1140	OK
 260	     0	72.8	138.6	1165	OK
 261	     0	76.5	145.1	1166	OK
 262	     0	71.8	138.4	1152	OK
 263	     0	74.4	143.1	1152	OK
 264	     0	74.2	142.4	1152	OK
 265	     0	72.8	140.4	1144	OK
 266	     0	73.3	140.8	1156	OK
 267	     0	72.9	140.6	1177	OK
 268	     0	74.7	142.4	1137	OK
 269	     0	74.4	143.3	1145	OK
 270	     0	73.5	139.7	1177	OK
 271	     0	73.3	141.3	1134	OK
 272	     0	73.7	141.6	1169	OK
 273	     0	74.3	141.7	1149	OK
 274	     0	73.6	138.9	1170	OK
 275	     0	72.3	139.2	1158	OK
 276	     0	74.4	142.6	1174	OK
 277	     0	74.9	142.3	1158	OK
 278	     0	74.2	139.4	1132	OK
 279	     0	72.4	140.0	1159	OK
 280	     0	74.1	140.8	1124	OK
 281	     0	74.6	142.2	1180	OK
 282	     0	74.3	141.1	1140	OK
 283	     0	74.2	140.5	1151	OK
 284	     0	73.9	142.6	1169	OK
 285	     0	73.4	142.2	1177	OK
 286	     0	74.1	140.7	1150	OK
 287	     0	72.5	138.4	1137	OK
 288	     0	72.4	137.1	1163	OK
 289	     0	74.9	143.0	1163	OK
 290	     0	74.0	142.2	1143	OK
 291	     0	72.1	138.2	1163	OK
 292	     0	74.0	141.3	1131	OK
 293	     0	74.5	143.2	1187	OK
 294	     0	70.8	135.9	1140	OK
 295	     0	72.4	138.9	1160	OK
 296	     0	73.0	141.6	1155	OK
 297	     0	72.0	136.1	1148	OK
 298	     0	75.7	146.1	1165	OK
 299	     0	74.3	144.6	1168	OK
 300	     0	72.9	142.0	1186	OK
 301	     0	73.3	139.7	1153	OK
 302	     0	72.4	138.0	1138	OK
 303	     0	74.4	140.1	1171	OK
 304	     0	73.7	140.0	1140	OK
 305	     0	75.9	144.1	1140	OK
 306	   100	67.3	131.1	1156	low gain
 307	     0	73.3	140.1	1155	OK
 308	     0	73.5	140.5	1156	OK
 309	     0	74.6	140.3	1166	OK
 310	     0	74.2	139.7	1133	OK
 311	     0	73.8	139.8	1146	OK
 312	     0	73.7	139.0	1141	OK
 313	     0	70.7	137.5	1153	OK
 314	     0	71.9	138.9	1155	OK
 315	     0	75.0	143.3	1176	OK
 316	     0	74.8	140.2	1146	OK
 317	     0	73.4	141.2	1189	OK
 318	     0	72.9	143.4	1151	OK
 319	     0	76.1	148.0	1155	OK
 320	     0	74.4	141.2	1157	OK
 321	     0	74.1	143.5	1155	OK
 322	     0	73.2	140.0	1150	OK
 323	     0	72.5	140.6	1164	OK
 324	     0	73.6	141.3	1159	OK
 325	     0	72.5	138.4	1164	OK
 326	     0	76.1	144.8	1184	OK
 327	     0	72.8	139.0	1169	OK
 328	     0	73.8	142.0	1159	OK
 329	     0	74.5	143.4	1165	OK
 330	     0	72.2	138.1	1179	OK
 331	     0	71.8	138.3	1162	OK
 332	     0	72.5	138.2	1176	OK
 333	     0	70.7	135.3	1159	OK
 334	     0	74.3	140.8	1166	OK
 335	     0	73.0	139.8	1165	OK
 336	     0	71.3	135.6	1151	OK
 337	     0	70.4	136.4	1115	OK
 338	     0	75.2	144.1	1161	OK
 339	     0	72.5	139.4	1158	OK
 340	     0	74.7	142.3	1175	OK
 341	     0	73.8	141.4	1166	OK
 342	     0	73.8	140.7	1158	OK
 343	     0	73.4	140.3	1157	OK
 344	     0	73.1	138.1	1155	OK
 345	     0	76.6	144.1	1164	OK
 346	     0	72.1	137.8	1143	OK
 347	     0	74.5	144.5	1149	OK
 348	     0	75.0	141.7	1148	OK
 349	     0	71.9	137.3	1162	OK
 350	     0	73.2	140.5	1154	OK
 351	     0	75.0	144.5	1143	OK
 352	     0	72.6	140.3	1142	OK
 353	     0	72.4	137.2	1183	OK
 354	     0	72.5	138.8	1155	OK
 355	     0	71.5	137.2	1163	OK
 356	     0	73.2	141.0	1137	OK
 357	     0	73.6	141.1	1141	OK
 358	     0	74.2	140.7	1164	OK
 359	     0	72.4	138.3	1142	OK
 360	     0	73.6	139.9	1141	OK
 361	     0	75.0	140.5	1146	OK
 362	     0	70.7	137.6	1132	OK
 363	     0	74.2	141.4	1148	OK
 364	     0	72.1	139.5	1160	OK
 365	     0	73.3	141.6	1153	OK
 366	     0	72.6	138.7	1166	OK
 367	     0	72.7	140.1	1155	OK
 368	     0	73.8	140.3	1142	OK
 369	     0	72.7	137.3	1138	OK
 370	     0	72.1	137.2	1127	OK
 371	     0	73.5	141.3	1143	OK
 372	     0	72.3	138.1	1140	OK
 373	     0	71.5	138.0	1137	OK
 374	     0	70.9	137.0	1155	OK
 375	     0	73.9	139.9	1122	OK
 376	     0	73.8	138.4	1147	OK
 377	     0	73.4	139.0	1158	OK
 378	     0	75.0	144.1	1162	OK
 379	     0	72.5	139.4	1136	OK
 380	     0	73.1	140.8	1137	OK
 381	     0	73.5	141.8	1151	OK
 382	     0	74.4	142.9	1151	OK
 383	     0	72.4	140.3	1124	OK
 384	     0	75.0	143.6	1136	OK
 385	     0	74.7	142.0	1150	OK
 386	     0	74.1	139.4	1143	OK
 387	     0	72.6	136.7	1139	OK
 388	     0	73.5	140.4	1145	OK
 389	     0	73.7	139.2	1128	OK
 390	     0	72.5	135.4	1127	OK
 391	     0	73.1	140.0	1117	OK
 392	     0	73.4	138.2	1122	OK
 393	     0	74.1	142.5	1123	OK
 394	     0	72.2	138.7	1123	OK
 395	     0	72.0	136.4	1123	OK
 396	     0	74.4	141.8	1131	OK
 397	     0	72.7	136.9	1096	OK
 398	     0	73.2	135.3	1117	OK
 399	     0	74.2	140.7	1139	OK
 400	     0	74.2	141.1	1132	OK
 401	     0	72.1	136.4	1156	OK
 402	     0	72.0	137.6	1139	OK
 403	     0	75.3	141.2	1144	OK
 404	     0	74.3	140.7	1134	OK
 405	     0	75.0	139.8	1133	OK
 406	     0	75.9	143.6	1138	OK
 407	     0	74.8	142.6	1157	OK
 408	     0	71.8	138.3	1128	OK
 409	     0	71.8	138.1	1125	OK
 410	     0	73.6	139.5	1146	OK
 411	     0	75.0	142.2	1147	OK
 412	     0	75.2	141.6	1132	OK
 413	     0	73.3	136.8	1140	OK
 414	     0	74.6	138.0	1132	OK
 415	     0	73.6	140.8	1141	OK
 416	     0	73.8	139.8	1150	OK
 417	     0	74.7	140.6	1121	OK
 418	     0	73.8	139.1	1139	OK
 419	     0	74.2	141.3	1117	OK
 420	     0	74.3	141.3	1149	OK
 421	     0	74.9	142.2	1140	OK
 422	     0	74.0	140.1	1138	OK
 423	     0	73.8	140.2	1132	OK
 424	     0	72.5	136.0	1132	OK
 425	     0	73.6	139.5	1128	OK
 426	     0	74.7	141.7	1158	OK
 427	     0	74.4	140.2	1143	OK
 428	     0	72.9	136.6	1117	OK
 429	     0	73.7	137.7	1131	OK
 430	     0	72.1	137.0	1124	OK
 431	     0	73.7	140.5	1149	OK
 432	     0	73.2	139.6	1138	OK
 433	     0	72.4	137.1	1122	OK
 434	     0	74.7	138.9	1147	OK
 435	     0	72.7	137.9	1149	OK
 436	     0	72.6	139.0	1155	OK
 437	     0	72.8	136.2	1115	OK
 438	     0	72.5	137.9	1130	OK
 439	     0	75.4	142.2	1151	OK
 440	     0	72.9	137.7	1143	OK
 441	     0	74.7	140.2	1152	OK
 442	     0	75.8	143.5	1142	OK
 443	     0	73.5	137.8	1153	OK
 444	     0	75.1	139.9	1151	OK
 445	     0	74.5	140.3	1138	OK
 446	     0	74.2	139.5	1119	OK
 447	     0	72.2	137.2	1144	OK
 448	     0	73.3	140.3	1130	OK
 449	     0	73.7	137.9	1110	OK
 450	     0	74.0	138.4	1139	OK
 451	     0	72.6	137.5	1130	OK
 452	     0	73.2	137.8	1103	OK
 453	     0	75.2	142.3	1140	OK
 454	     0	74.0	140.5	1126	OK
 455	     0	75.7	141.2	1143	OK
 456	     0	71.5	136.1	1119	OK
 457	     0	70.9	136.6	1140	OK
 458	     0	73.7	138.7	1136	OK
 459	     0	72.3	135.3	1130	OK
 460	     0	73.3	138.9	1124	OK
 461	     0	74.2	140.9	1133	OK
 462	     0	75.6	140.9	1134	OK
 463	     0	73.4	140.2	1129	OK
 464	     0	73.6	137.6	1113	OK
 465	     0	73.1	138.7	1113	OK
 466	     0	74.2	140.7	1139	OK
 467	     0	72.3	137.5	1160	OK
 468	     0	74.2	141.7	1155	OK
 469	     0	74.3	139.6	1129	OK
 470	     0	73.7	139.7	1109	OK
 471	     0	75.1	139.7	1130	OK
 472	     0	72.5	138.2	1120	OK
 473	     0	74.0	140.7	1116	OK
 474	     0	72.2	137.6	1126	OK
 475	     0	73.0	140.7	1117	OK
 476	     0	74.7	140.7	1127	OK
 477	     0	74.1	138.3	1120	OK
 478	     0	72.6	137.2	1127	OK
 479	     0	77.6	145.8	1125	OK
 480	     0	72.4	135.9	1093	OK
 481	     0	77.0	143.8	1135	OK
 482	     0	74.3	140.2	1117	OK
 483	     0	74.2	141.7	1142	OK
 484	     0	74.0	140.1	1120	OK
 485	     0	75.5	141.0	1120	OK
 486	     0	73.0	136.3	1103	OK
 487	     0	74.5	141.1	1102	OK
 488	     0	77.1	144.3	1133	OK
 489	     0	73.6	137.5	1100	OK
 490	     0	76.7	142.5	1120	OK
 491	     0	74.9	142.5	1103	OK
 492	     0	73.8	139.3	1131	OK
 493	     0	74.3	140.4	1119	OK
 494	     0	72.7	138.3	1123	OK
 495	     0	73.4	138.0	1129	OK
 496	     0	74.3	141.2	1111	OK
 497	     0	75.3	143.1	1115	OK
 498	     0	75.0	140.4	1123	OK
 499	     0	73.3	138.2	1097	OK
 500	     0	73.7	139.8	1110	OK
 501	     0	75.4	143.8	1115	OK
 502	     0	74.2	139.9	1145	OK
 503	     0	75.7	143.7	1100	OK
 504	     0	75.4	140.1	1121	OK
 505	     0	74.0	142.1	1116	OK
 506	     0	76.3	144.3	1115	OK
 507	     0	78.6	147.8	1120	OK
 508	     0	74.3	141.2	1118	OK
 509	     0	78.3	147.0	1115	OK
 510	     0	73.5	138.3	1113	OK
 511	     0	75.3	142.8	1111	OK
 512	     0	75.1	142.5	1142	OK
 513	     0	74.9	144.5	1143	OK
 514	     0	74.6	140.2	1134	OK
 515	     0	75.1	142.5	1135	OK
 516	     0	73.8	138.8	1128	OK
 517	     0	72.3	139.3	1139	OK
 518	     0	76.8	145.5	1108	OK
 519	     0	75.3	142.4	1152	OK
 520	     0	72.8	140.7	1123	OK
 521	     0	77.1	145.5	1135	OK
 522	     0	76.7	146.1	1133	OK
 523	     0	72.8	138.4	1117	OK
 524	     0	74.1	140.8	1120	OK
 525	     0	74.2	139.1	1117	OK
 526	     0	74.6	143.0	1129	OK
 527	     0	72.9	141.7	1128	OK
 528	     0	74.8	143.2	1142	OK
 529	     0	74.0	142.8	1109	OK
 530	     0	75.1	143.0	1136	OK
 531	     0	73.9	144.6	1140	OK
 532	     0	73.8	141.2	1142	OK
 533	     0	73.8	142.0	1131	OK
 534	     0	73.4	140.8	1134	OK
 535	     0	72.1	138.9	1116	OK
 536	     0	73.9	141.0	1134	OK
 537	     0	75.4	143.5	1122	OK
 538	     0	73.6	141.3	1117	OK
 539	     0	76.0	142.5	1130	OK
 540	     0	74.5	142.6	1114	OK
 541	     0	72.1	139.0	1120	OK
 542	     0	74.0	141.1	1164	OK
 543	     0	73.8	142.1	1124	OK
 544	     0	72.5	139.1	1127	OK
 545	     0	72.8	139.5	1132	OK
 546	     0	76.0	143.3	1132	OK
 547	     0	72.7	138.8	1122	OK
 548	     0	73.9	142.6	1123	OK
 549	     0	74.5	141.2	1153	OK
 550	     0	72.0	139.7	1115	OK
 551	     0	74.0	140.8	1146	OK
 552	     0	71.9	138.8	1120	OK
 553	     0	72.2	139.3	1136	OK
 554	     0	74.0	139.9	1119	OK
 555	     0	71.8	138.7	1110	OK
 556	     0	73.7	140.1	1128	OK
 557	     0	72.1	136.6	1119	OK
 558	     0	70.5	134.5	1136	OK
 559	     0	73.7	141.6	1144	OK
 560	     0	72.6	137.4	1136	OK
 561	     0	75.6	142.8	1130	OK
 562	     0	73.9	142.5	1134	OK
 563	     0	72.3	137.8	1136	OK
 564	     0	70.6	134.6	1097	OK
 565	     0	71.7	136.6	1116	OK
 566	     0	73.6	141.2	1126	OK
 567	     0	73.1	139.5	1131	OK
 568	     0	73.0	141.1	1133	OK
 569	     0	72.6	139.2	1146	OK
 570	     0	71.1	138.4	1120	OK
 571	     0	71.5	138.5	1140	OK
 572	     0	73.6	139.7	1102	OK
 573	     0	71.2	138.3	1131	OK
 574	     0	72.9	137.6	1142	OK
 575	     0	72.9	140.8	1139	OK
 576	     0	75.6	142.4	1112	OK
 577	     0	73.3	141.6	1124	OK
 578	     0	73.7	139.9	1147	OK
 579	     0	73.3	140.4	1147	OK
 580	     0	70.6	137.1	1107	OK
 581	     0	72.8	137.8	1140	OK
 582	     0	73.9	140.7	1145	OK
 583	     0	71.4	137.3	1131	OK
 584	     0	73.1	139.0	1124	OK
 585	     0	71.2	136.4	1159	OK
 586	     0	71.7	136.9	1133	OK
 587	     0	72.4	137.8	1121	OK
 588	     0	70.9	134.3	1138	OK
 589	     0	71.9	137.9	1132	OK
 590	     0	72.2	136.3	1134	OK
 591	     0	73.6	139.9	1150	OK
 592	     0	71.3	137.8	1158	OK
 593	     0	70.7	135.6	1130	OK
 594	     0	72.6	138.5	1117	OK
 595	     0	73.9	141.2	1146	OK
 596	     0	73.3	141.1	1140	OK
 597	     0	72.3	137.7	1135	OK
 598	     0	73.6	141.0	1156	OK
 599	     0	71.1	135.4	1145	OK
 600	     0	73.7	139.7	1132	OK
 601	     0	72.1	138.5	1138	OK
 602	     0	73.3	139.1	1156	OK
 603	     0	75.1	140.2	1148	OK
 604	     0	72.9	140.6	1168	OK
 605	     0	72.6	139.5	1142	OK
 606	     0	73.4	140.7	1153	OK
 607	     0	73.3	139.4	1140	OK
 608	     0	72.2	136.0	1169	OK
 609	     0	72.1	138.2	1120	OK
 610	     0	72.3	137.9	1126	OK
 611	     0	73.9	139.8	1152	OK
 612	     0	72.8	140.7	1159	OK
 613	     0	74.0	140.1	1179	OK
 614	     0	70.9	135.5	1162	OK
 615	     0	72.1	137.3	1171	OK
 616	     0	73.6	138.3	1144	OK
 617	     0	74.6	141.9	1182	OK
 618	     0	73.0	140.1	1133	OK
 619	     0	72.7	139.3	1184	OK
 620	     0	73.2	140.4	1182	OK
 621	     0	73.6	141.2	1129	OK
 622	     0	71.8	136.7	1143	OK
 623	     0	72.7	137.2	1151	OK
 624	     0	73.4	141.7	1180	OK
 625	     0	73.0	140.3	1167	OK
 626	     0	73.2	137.9	1160	OK
 627	     0	72.6	139.1	1159	OK
 628	     0	74.0	142.5	1157	OK
 629	     0	72.5	137.7	1167	OK
 630	     0	72.2	139.2	1143	OK
 631	     0	74.4	141.0	1150	OK
 632	     0	72.4	138.5	1169	OK
 633	     0	74.5	139.6	1180	OK
 634	     0	73.7	140.1	1186	OK
 635	     0	71.8	136.4	1159	OK
 636	     0	74.6	142.2	1188	OK
 637	     0	73.0	140.7	1178	OK
 638	     0	74.2	140.8	1175	OK
 639	     0	74.6	142.4	1175	OK
 640	     0	74.2	141.3	1158	OK
 641	     0	75.1	141.5	1166	OK
 642	     0	72.8	139.8	1131	OK
 643	     0	72.6	141.2	1144	OK
 644	     0	73.7	141.8	1144	OK
 645	     0	73.4	142.0	1143	OK
 646	     0	73.6	139.9	1143	OK
 647	     0	72.9	140.2	1136	OK
 648	     0	73.1	140.7	1132	OK
 649	     0	72.8	140.5	1143	OK
 650	     0	73.9	142.8	1146	OK
 651	     0	73.1	139.0	1152	OK
 652	     0	70.8	135.4	1135	OK
 653	     0	73.5	141.3	1140	OK
 654	     0	73.1	140.7	1147	OK
 655	     0	75.0	140.6	1143	OK
 656	     0	72.1	137.7	1123	OK
 657	     0	74.3	142.8	1133	OK
 658	     0	73.1	142.6	1134	OK
 659	     0	70.7	134.4	1134	OK
 660	     0	74.1	140.4	1141	OK
 661	     0	74.9	140.4	1137	OK
 662	     0	72.8	139.1	1133	OK
 663	     0	74.0	140.1	1147	OK
 664	     0	75.3	145.2	1160	OK
 665	     0	71.5	135.9	1126	OK
 666	     0	72.7	138.7	1137	OK
 667	     0	73.8	141.8	1143	OK
 668	     0	72.2	140.2	1151	OK
 669	     0	72.5	138.6	1153	OK
 670	     0	72.8	140.1	1125	OK
 671	     0	71.5	137.1	1140	OK
 672	     0	73.4	139.9	1143	OK
 673	     0	74.1	140.5	1143	OK
 674	     0	73.7	142.1	1134	OK
 675	     0	74.9	143.3	1148	OK
 676	     0	75.3	143.9	1136	OK
 677	     0	74.7	144.1	1153	OK
 678	     0	72.8	138.9	1146	OK
 679	     0	73.5	137.9	1136	OK
 680	     0	74.0	140.8	1140	OK
 681	     0	72.5	136.9	1140	OK
 682	     0	73.3	142.3	1148	OK
 683	     0	72.7	142.4	1148	OK
 684	     0	72.7	138.4	1157	OK
 685	     0	75.3	142.2	1149	OK
 686	     0	73.5	141.8	1135	OK
 687	     0	73.5	141.7	1128	OK
 688	     0	72.3	139.1	1124	OK
 689	     0	72.2	138.7	1141	OK
 690	     0	71.8	136.1	1125	OK
 691	     0	73.4	139.3	1115	OK
 692	     0	73.0	140.5	1137	OK
 693	     0	72.9	139.1	1144	OK
 694	     0	72.5	137.3	1126	OK
 695	     0	71.2	134.8	1151	OK
 696	     0	72.5	139.0	1134	OK
 697	     0	73.8	141.5	1128	OK
 698	     0	71.6	139.1	1130	OK
 699	     0	73.1	138.3	1125	OK
 700	     0	73.3	139.8	1135	OK
 701	     0	73.8	141.4	1154	OK
 702	     0	74.0	142.5	1158	OK
 703	     0	72.6	138.1	1147	OK
 704	     0	73.1	140.7	1095	OK
 705	     0	73.5	141.8	1136	OK
 706	     0	70.5	135.2	1118	OK
 707	     0	72.3	138.9	1120	OK
 708	     0	74.1	142.1	1127	OK
 709	     0	73.0	137.8	1140	OK
 710	     0	72.6	139.6	1127	OK
 711	     0	74.3	141.8	1143	OK
 712	     0	73.0	140.0	1111	OK
 713	     0	72.5	140.6	1113	OK
 714	     0	74.1	142.1	1138	OK
 715	     0	74.4	140.3	1142	OK
 716	     0	74.3	142.7	1126	OK
 717	     0	74.1	143.9	1134	OK
 718	     0	72.3	137.1	1131	OK
 719	     0	74.5	141.0	1142	OK
 720	     0	75.9	144.9	1127	OK
 721	     0	72.0	138.7	1143	OK
 722	     0	75.1	142.5	1119	OK
 723	     0	73.8	140.7	1120	OK
 724	     0	75.0	145.0	1151	OK
 725	     0	73.8	138.0	1125	OK
 726	     0	72.4	138.8	1142	OK
 727	     0	73.0	138.2	1135	OK
 728	     0	73.2	138.4	1127	OK
 729	     0	71.6	136.9	1117	OK
 730	     0	73.8	139.7	1136	OK
 731	     0	73.7	141.0	1148	OK
 732	     0	72.5	140.3	1130	OK
 733	     0	71.7	137.9	1134	OK
 734	     0	72.0	137.9	1151	OK
 735	     0	73.7	141.1	1118	OK
 736	     0	74.3	143.2	1144	OK
 737	     0	72.5	139.2	1115	OK
 738	     0	74.7	144.1	1138	OK
 739	     0	74.4	142.6	1143	OK
 740	     0	74.2	140.8	1141	OK
 741	     0	72.9	140.8	1130	OK
 742	     0	72.1	139.5	1163	OK
 743	     0	72.9	137.1	1132	OK
 744	     0	74.9	141.8	1148	OK
 745	     0	73.3	140.6	1140	OK
 746	     0	73.8	139.7	1128	OK
 747	     0	73.9	142.7	1146	OK
 748	     0	76.0	144.9	1162	OK
 749	     0	74.2	140.9	1124	OK
 750	     0	74.1	141.6	1119	OK
 751	     0	73.2	138.5	1140	OK
 752	     0	75.2	141.2	1142	OK
 753	     0	75.6	144.1	1122	OK
 754	     0	75.2	143.2	1138	OK
 755	     0	75.2	143.2	1132	OK
 756	     0	71.3	136.3	1123	OK
 757	     0	76.1	143.9	1115	OK
 758	     0	73.7	140.2	1115	OK
 759	     0	73.7	141.0	1129	OK
 760	     0	75.4	144.7	1142	OK
 761	     0	74.0	139.5	1159	OK
 762	     0	74.2	140.1	1139	OK
 763	     0	75.1	144.6	1177	OK
 764	     0	73.8	139.6	1172	OK
 765	     0	73.7	141.9	1136	OK
 766	     0	75.5	144.8	1157	OK
 767	     0	74.5	142.9	1148	OK
 768	     0	74.3	139.8	1203	OK
 769	     0	76.2	143.4	1205	OK
 770	     0	74.6	142.8	1205	OK
 771	     0	72.1	135.6	1202	OK
 772	     0	73.0	137.3	1205	OK
 773	     0	73.6	137.9	1200	OK
 774	     0	74.0	138.4	1207	OK
 775	     0	73.3	138.0	1208	OK
 776	     0	74.6	137.8	1220	OK
 777	     0	73.5	138.3	1200	OK
 778	     0	73.1	136.5	1189	OK
 779	     0	72.9	141.1	1166	OK
 780	     0	74.0	139.0	1193	OK
 781	     0	73.4	140.6	1202	OK
 782	     0	70.4	132.9	1180	OK
 783	     0	72.6	138.0	1172	OK
 784	     0	70.0	134.5	1162	OK
 785	     0	72.6	137.3	1173	OK
 786	     0	75.3	143.2	1185	OK
 787	     0	73.4	138.4	1197	OK
 788	     0	71.5	135.5	1172	OK
 789	     0	73.4	137.0	1193	OK
 790	     0	72.6	139.2	1181	OK
 791	     0	70.6	135.4	1163	OK
 792	     0	74.2	142.4	1187	OK
 793	     0	73.1	138.6	1187	OK
 794	     0	73.1	137.0	1204	OK
 795	     0	72.3	137.3	1177	OK
 796	     0	75.6	140.7	1177	OK
 797	     0	73.5	139.4	1184	OK
 798	     0	73.7	137.4	1178	OK
 799	     0	71.6	136.3	1188	OK
 800	     0	73.2	134.9	1174	OK
 801	     0	74.6	142.0	1181	OK
 802	     0	73.2	138.8	1193	OK
 803	     0	72.2	135.8	1175	OK
 804	     0	72.4	135.5	1178	OK
 805	     0	72.0	135.7	1159	OK
 806	     0	72.2	135.1	1185	OK
 807	     0	71.3	134.3	1153	OK
 808	     0	70.5	135.1	1197	OK
 809	     0	71.0	136.1	1177	OK
 810	     0	71.5	136.8	1183	OK
 811	     0	72.3	137.0	1176	OK
 812	     0	72.1	138.1	1183	OK
 813	     0	69.7	131.4	1162	OK
 814	     0	71.1	137.2	1183	OK
 815	     0	70.5	133.0	1176	OK
 816	     0	71.9	137.5	1180	OK
 817	     0	71.3	133.5	1167	OK
 818	     0	71.1	136.6	1201	OK
 819	     0	71.8	137.2	1176	OK
 820	     0	70.7	132.7	1147	OK
 821	     0	70.5	134.8	1181	OK
 822	     0	74.7	143.0	1194	OK
 823	     0	71.6	135.0	1187	OK
 824	     0	72.9	137.1	1166	OK
 825	     0	72.1	135.9	1173	OK
 826	     0	72.8	138.4	1163	OK
 827	     0	72.9	135.5	1205	OK
 828	     0	74.2	141.5	1187	OK
 829	     0	72.3	137.3	1201	OK
 830	     0	73.7	138.8	1185	OK
 831	     0	71.8	135.8	1193	OK
 832	     0	73.3	141.4	1182	OK
 833	     0	71.6	134.7	1199	OK
 834	     0	73.0	139.9	1186	OK
 835	     0	72.4	137.0	1181	OK
 836	     0	72.6	139.2	1174	OK
 837	     0	71.4	136.7	1187	OK
 838	     0	73.3	139.3	1185	OK
 839	     0	73.0	138.1	1187	OK
 840	     0	73.2	138.7	1206	OK
 841	     0	74.6	139.9	1217	OK
 842	     0	71.2	135.1	1182	OK
 843	     0	73.8	136.3	1197	OK
 844	     0	70.2	133.8	1190	OK
 845	     0	74.2	140.9	1201	OK
 846	     0	73.2	135.6	1223	OK
 847	     0	72.9	138.0	1191	OK
 848	     0	72.4	137.3	1184	OK
 849	     0	71.2	135.8	1205	OK
 850	     0	73.3	139.0	1202	OK
 851	     0	73.6	141.8	1210	OK
 852	     0	71.3	136.7	1203	OK
 853	     0	74.2	141.1	1176	OK
 854	     0	74.1	141.0	1186	OK
 855	     0	72.6	136.6	1194	OK
 856	     0	75.3	141.2	1203	OK
 857	     0	71.1	137.4	1207	OK
 858	     0	71.7	135.5	1177	OK
 859	     0	73.3	139.3	1166	OK
 860	     0	70.7	133.2	1177	OK
 861	     0	72.4	136.3	1166	OK
 862	     0	73.3	140.0	1197	OK
 863	     0	72.2	137.0	1183	OK
 864	     0	73.8	138.7	1193	OK
 865	     0	73.2	138.6	1195	OK
 866	     0	72.9	138.5	1156	OK
 867	     0	72.4	137.5	1163	OK
 868	     0	73.7	141.9	1156	OK
 869	     0	71.8	137.0	1166	OK
 870	     0	71.1	135.7	1179	OK
 871	     0	73.0	140.0	1164	OK
 872	     0	71.4	136.1	1188	OK
 873	     0	73.7	138.4	1168	OK
 874	     0	72.4	137.1	1161	OK
 875	     0	71.7	137.6	1182	OK
 876	     0	73.3	138.8	1190	OK
 877	     0	72.0	135.9	1163	OK
 878	     0	73.1	138.8	1145	OK
 879	     0	70.7	133.2	1173	OK
 880	     0	70.8	133.9	1141	OK
 881	     0	72.9	138.3	1171	OK
 882	     0	73.3	138.7	1161	OK
 883	     0	71.5	133.6	1163	OK
 884	     0	72.6	137.9	1165	OK
 885	     0	71.3	135.1	1158	OK
 886	     0	73.3	137.4	1174	OK
 887	     0	73.5	139.2	1169	OK
 888	     0	72.5	136.9	1181	OK
 889	     0	72.8	136.4	1157	OK
 890	     0	73.8	138.0	1190	OK
 891	     0	73.0	138.5	1170	OK
 892	     0	71.8	136.2	1173	OK
 893	     0	71.5	133.7	1184	OK
 894	     0	72.9	138.0	1169	OK
 895	     0	74.2	140.0	1194	OK
 896	     0	72.7	140.1	1183	OK
 897	     0	75.2	144.2	1182	OK
 898	     0	72.2	139.5	1165	OK
 899	  4000	73.9	142.4	1199	high noise
 900	  4000	71.7	136.0	1199	high noise
 901	  4000	73.1	140.1	1200	high noise
 902	     0	73.9	139.3	1191	OK
 903	     0	72.7	139.2	1183	OK
 904	  4000	71.3	135.5	1201	high noise
 905	  4000	72.6	137.7	1218	high noise
 906	     0	72.2	137.0	1190	OK
 907	  4000	73.4	140.3	1209	high noise
 908	  4000	71.8	138.2	1223	high noise
 909	  4000	71.3	134.0	1200	high noise
 910	  4000	71.1	136.9	1198	high noise
 911	  4000	72.4	137.8	1205	high noise
 912	     0	70.6	136.2	1190	OK
 913	  4000	73.7	140.8	1220	high noise
 914	  4000	71.7	135.7	1195	high noise
 915	     0	74.0	139.3	1172	OK
 916	     0	73.0	140.0	1180	OK
 917	     0	70.2	134.4	1177	OK
 918	     0	72.7	139.0	1167	OK
 919	  4000	72.7	138.1	1194	high noise
 920	     0	70.6	135.2	1167	OK
 921	     0	71.1	132.6	1151	OK
 922	     0	73.0	141.5	1176	OK
 923	     0	73.7	141.9	1172	OK
 924	     0	74.1	142.0	1167	OK
 925	     0	73.2	140.0	1178	OK
 926	     0	73.8	138.6	1161	OK
 927	     0	74.5	142.0	1170	OK
 928	     0	70.6	134.2	1156	OK
 929	     0	71.3	136.1	1163	OK
 930	     0	74.5	139.9	1157	OK
 931	     0	70.4	134.9	1161	OK
 932	     0	73.0	139.4	1159	OK
 933	     0	72.1	136.8	1141	OK
 934	     0	73.2	141.6	1155	OK
 935	     0	74.8	141.0	1158	OK
 936	     0	72.5	136.6	1161	OK
 937	     0	72.3	135.2	1141	OK
 938	     0	72.5	137.8	1160	OK
 939	     0	74.4	141.6	1138	OK
 940	     0	71.9	138.4	1170	OK
 941	     0	71.7	135.3	1144	OK
 942	     0	70.5	132.5	1136	OK
 943	     0	72.4	140.5	1164	OK
 944	     0	71.8	135.9	1160	OK
 945	     0	71.6	137.1	1151	OK
 946	     0	71.3	135.0	1150	OK
 947	     0	71.7	135.8	1144	OK
 948	     0	73.1	141.2	1159	OK
 949	     0	70.8	136.7	1131	OK
 950	     0	73.9	140.3	1164	OK
 951	     0	72.8	138.9	1134	OK
 952	     0	73.1	141.1	1143	OK
 953	     0	73.5	137.8	1140	OK
 954	     0	71.0	135.6	1170	OK
 955	     0	73.1	140.8	1130	OK
 956	     0	71.6	136.8	1136	OK
 957	     0	71.1	134.4	1112	OK
 958	     0	74.1	139.9	1141	OK
 959	     0	73.5	140.4	1127	OK
 960	     0	74.4	142.4	1146	OK
 961	     0	74.5	143.8	1150	OK
 962	     0	73.7	141.2	1106	OK
 963	     0	75.3	142.6	1143	OK
 964	     0	72.5	139.1	1141	OK
 965	     0	71.8	135.9	1109	OK
 966	     0	73.4	140.2	1141	OK
 967	     0	71.9	136.5	1116	OK
 968	     0	73.5	139.1	1123	OK
 969	     0	73.2	138.9	1134	OK
 970	     0	71.9	140.2	1147	OK
 971	     0	73.0	138.7	1121	OK
 972	     0	72.8	138.3	1121	OK
 973	     0	72.2	139.3	1120	OK
 974	     0	72.2	138.5	1132	OK
 975	     0	73.8	138.3	1139	OK
 976	     0	73.9	142.3	1143	OK
 977	     0	72.3	138.6	1139	OK
 978	     0	71.3	135.4	1145	OK
 979	     0	72.7	137.4	1130	OK
 980	     0	73.7	140.4	1131	OK
 981	     0	71.1	136.4	1129	OK
 982	     0	73.7	137.6	1126	OK
 983	     0	72.2	138.3	1108	OK
 984	     0	73.9	140.2	1120	OK
 985	     0	71.9	137.0	1118	OK
 986	     0	70.7	136.5	1110	OK
 987	     0	73.2	137.2	1111	OK
 988	     0	72.0	138.6	1112	OK
 989	     0	72.1	136.5	1117	OK
 990	     0	72.2	138.6	1109	OK
 991	     0	74.3	139.0	1116	OK
 992	     0	72.0	136.1	1120	OK
 993	     0	72.8	137.8	1135	OK
 994	     0	72.0	137.9	1128	OK
 995	     0	73.3	139.1	1077	OK
 996	     0	75.6	143.4	1121	OK
 997	     0	74.3	140.8	1119	OK
 998	     0	73.3	138.8	1106	OK
 999	     0	71.0	135.1	1114	OK
1000	     0	74.4	141.3	1114	OK
1001	     0	76.1	144.9	1122	OK
1002	     0	73.4	138.3	1108	OK
1003	     0	73.8	140.5	1114	OK
1004	     0	73.7	141.0	1116	OK
1005	     0	73.8	140.4	1104	OK
1006	     0	73.6	139.2	1118	OK
1007	     0	73.8	140.9	1114	OK
1008	     0	73.2	141.9	1098	OK
1009	     0	72.3	138.5	1114	OK
1010	     0	74.4	138.8	1086	OK
1011	     0	74.7	139.9	1100	OK
1012	     0	73.9	140.9	1133	OK
1013	     0	73.6	140.5	1108	OK
1014	     0	75.0	143.4	1123	OK
1015	     0	74.8	142.1	1122	OK
1016	     0	76.7	146.3	1117	OK
1017	     0	73.1	136.7	1113	OK
1018	     0	74.3	139.5	1117	OK
1019	     0	75.9	142.2	1111	OK
1020	     0	74.3	142.2	1112	OK
1021	     0	75.6	142.1	1101	OK
1022	     0	76.5	143.2	1112	OK
1023	     0	74.4	139.6	1134	OK
1024	     0	72.3	141.3	1133	OK
1025	     0	74.2	143.6	1128	OK
1026	     0	74.2	143.0	1139	OK
1027	     0	73.6	141.7	1119	OK
1028	     0	73.0	139.4	1137	OK
1029	     0	74.3	145.6	1139	OK
1030	     0	74.1	143.7	1121	OK
1031	     0	74.8	144.8	1139	OK
1032	     0	73.7	142.0	1118	OK
1033	     0	70.5	138.2	1113	OK
1034	     0	72.3	141.1	1123	OK
1035	     0	73.8	140.0	1106	OK
1036	     0	74.3	142.9	1136	OK
1037	     0	74.3	141.1	1128	OK
1038	     0	75.6	147.0	1110	OK
1039	     0	73.9	143.3	1126	OK
1040	     0	73.4	140.3	1118	OK
1041	     0	72.1	140.3	1107	OK
1042	     0	72.0	141.5	1133	OK
1043	     0	74.6	144.7	1122	OK
1044	     0	74.1	142.2	1149	OK
1045	     0	73.8	142.7	1142	OK
1046	     0	74.7	144.3	1120	OK
1047	     0	71.1	136.8	1106	OK
1048	     0	74.7	142.1	1126	OK
1049	     0	72.6	139.6	1099	OK
1050	     0	73.1	140.5	1127	OK
1051	     0	71.0	137.9	1103	OK
1052	     0	72.3	140.0	1117	OK
1053	     0	74.5	142.8	1118	OK
1054	     0	73.9	142.5	1134	OK
1055	     0	73.1	142.9	1122	OK
1056	     0	74.5	142.7	1102	OK
1057	     0	74.2	144.4	1145	OK
1058	     0	73.7	141.9	1132	OK
1059	     0	74.8	142.3	1136	OK
1060	     0	72.6	141.0	1131	OK
1061	     0	72.2	140.2	1109	OK
1062	     0	72.5	139.1	1131	OK
1063	     0	72.3	139.6	1102	OK
1064	     0	69.5	136.5	1119	OK
1065	     0	71.9	137.0	1093	OK
1066	     0	73.4	144.2	1095	OK
1067	     0	73.4	143.9	1132	OK
1068	     0	70.7	136.5	1113	OK
1069	     0	74.2	140.5	1118	OK
1070	     0	73.7	141.6	1119	OK
1071	     0	73.2	139.5	1114	OK
1072	     0	72.7	139.8	1144	OK
1073	     0	72.1	136.9	1114	OK
1074	     0	75.0	144.0	1131	OK
1075	     0	72.6	142.3	1111	OK
1076	     0	69.8	136.8	1108	OK
1077	     0	71.4	139.3	1146	OK
1078	     0	72.5	139.8	1123	OK
1079	     0	71.9	137.7	1124	OK
1080	     0	70.1	135.6	1125	OK
1081	     0	72.5	139.3	1112	OK
1082	     0	73.2	141.0	1114	OK
1083	     0	71.6	139.4	1125	OK
1084	     0	72.1	139.7	1114	OK
1085	     0	70.3	136.5	1127	OK
1086	     0	71.6	137.6	1113	OK
1087	     0	73.4	142.5	1106	OK
1088	     0	73.4	142.5	1140	OK
1089	     0	74.6	141.9	1116	OK
1090	     0	70.7	135.0	1104	OK
1091	     0	72.0	140.1	1155	OK
1092	     0	70.8	136.7	1111	OK
1093	     0	71.8	138.6	1139	OK
1094	     0	71.6	137.5	1134	OK
1095	     0	70.4	136.3	1114	OK
1096	     0	67.9	131.6	1106	OK
1097	     0	71.3	137.2	1115	OK
1098	     0	71.6	137.9	1104	OK
1099	     0	73.1	141.4	1116	OK
1100	     0	72.8	139.7	1143	OK
1101	     0	74.3	144.6	1136	OK
1102	     0	71.0	135.9	1114	OK
1103	     0	72.0	139.0	1126	OK
1104	     0	72.6	141.9	1128	OK
1105	     0	72.5	139.1	1138	OK
1106	     0	74.1	140.9	1128	OK
1107	     0	71.8	136.6	1126	OK
1108	     0	72.3	137.5	1106	OK
1109	     0	70.8	134.9	1108	OK
1110	     0	69.2	132.6	1081	OK
1111	     0	69.9	135.1	1106	OK
1112	     0	73.2	141.0	1087	OK
1113	     0	72.1	139.6	1138	OK
1114	     0	71.5	135.6	1117	OK
1115	     0	72.7	137.8	1135	OK
1116	     0	70.5	137.3	1117	OK
1117	     0	70.8	136.0	1123	OK
1118	     0	71.2	137.4	1116	OK
1119	     0	71.9	138.0	1104	OK
1120	     0	72.2	139.8	1118	OK
1121	     0	73.1	137.9	1112	OK
1122	     0	71.5	137.6	1105	OK
1123	     0	69.6	136.9	1121	OK
1124	     0	71.0	136.7	1101	OK
1125	     0	71.2	138.1	1145	OK
1126	     0	72.4	137.7	1121	OK
1127	     0	72.0	138.8	1112	OK
1128	     0	72.0	138.5	1104	OK
1129	     0	72.9	137.9	1130	OK
1130	     0	71.9	137.1	1118	OK
1131	     0	71.7	137.9	1132	OK
1132	     0	71.1	136.5	1117	OK
1133	     0	72.2	140.2	1159	OK
1134	     0	71.6	138.3	1138	OK
1135	     0	73.2	138.5	1121	OK
1136	     0	72.8	137.9	1127	OK
1137	     0	72.1	138.4	1133	OK
1138	     0	74.0	139.9	1110	OK
1139	     0	73.2	140.1	1110	OK
1140	     0	72.5	138.3	1115	OK
1141	     0	73.8	140.3	1147	OK
1142	     0	73.7	141.2	1118	OK
1143	     0	73.1	141.9	1099	OK
1144	     0	71.1	136.1	1113	OK
1145	     0	72.8	139.8	1113	OK
1146	     0	72.3	137.9	1093	OK
1147	     0	70.8	135.1	1112	OK
1148	     0	72.9	138.4	1130	OK
1149	     0	70.9	135.4	1122	OK
1150	     0	75.5	145.0	1121	OK
1151	     0	72.0	140.1	1128	OK
1152	     0	73.0	139.8	1122	OK
1153	     0	72.0	138.3	1128	OK
1154	     0	68.2	131.5	1142	OK
1155	     0	70.8	135.1	1134	OK
1156	     0	72.0	138.7	1119	OK
1157	     0	70.2	137.1	1135	OK
1158	     0	70.9	138.5	1114	OK
1159	     0	70.0	134.6	1133	OK
1160	     0	71.5	138.7	1130	OK
1161	     0	71.0	140.0	1109	OK
1162	     0	71.3	136.8	1147	OK
1163	     0	71.9	137.5	1115	OK
1164	     0	71.6	134.8	1127	OK
1165	     0	73.9	141.4	1109	OK
1166	     0	68.6	131.6	1108	OK
1167	     0	70.0	135.3	1124	OK
1168	     0	72.3	140.3	1117	OK
1169	     0	70.0	135.5	1117	OK
1170	     0	69.4	135.8	1122	OK
1171	     0	71.1	138.8	1091	OK
1172	     0	71.3	139.9	1118	OK
1173	     0	72.9	138.5	1121	OK
1174	     0	71.1	138.0	1109	OK
1175	     0	70.1	136.8	1103	OK
1176	     0	71.6	137.0	1092	OK
1177	     0	71.1	137.8	1109	OK
1178	     0	70.5	135.0	1139	OK
1179	     0	73.2	140.2	1115	OK
1180	     0	69.3	135.4	1105	OK
1181	     0	71.4	137.2	1123	OK
1182	     0	70.4	136.6	1112	OK
1183	     0	71.9	138.8	1118	OK
1184	     0	68.3	133.1	1104	OK
1185	     0	69.2	133.2	1112	OK
1186	     0	71.9	137.7	1091	OK
1187	     0	71.2	135.4	1115	OK
1188	     0	71.2	135.4	1118	OK
1189	     0	70.7	137.3	1124	OK
1190	     0	70.8	136.7	1125	OK
1191	     0	71.8	137.8	1134	OK
1192	     0	72.0	137.0	1123	OK
1193	     0	71.7	138.3	1135	OK
1194	     0	72.3	139.4	1133	OK
1195	     0	71.3	139.0	1128	OK
1196	     0	71.9	136.8	1148	OK
1197	     0	70.5	135.0	1134	OK
1198	     0	71.1	136.1	1120	OK
1199	     0	70.6	133.1	1109	OK
1200	     0	69.2	132.1	1104	OK
1201	     0	70.9	136.6	1134	OK
1202	     0	70.0	136.6	1119	OK
1203	     0	72.5	138.4	1109	OK
1204	     0	73.4	140.1	1134	OK
1205	     0	70.6	136.7	1145	OK
1206	     0	70.4	137.7	1101	OK
1207	     0	71.6	137.7	1125	OK
1208	     0	71.2	137.8	1122	OK
1209	     0	70.7	137.7	1130	OK
1210	     0	70.2	135.6	1091	OK
1211	     0	72.1	138.2	1125	OK
1212	     0	69.9	135.1	1139	OK
1213	     0	71.1	138.0	1125	OK
1214	     0	71.6	138.3	1116	OK
1215	     0	72.5	139.5	1122	OK
1216	     0	71.0	137.3	1115	OK
1217	     0	69.6	133.8	1093	OK
1218	     0	72.8	139.8	1130	OK
1219	     0	71.6	137.4	1092	OK
1220	     0	72.3	135.6	1100	OK
1221	     0	71.6	136.2	1111	OK
1222	     0	71.2	136.7	1091	OK
1223	     0	74.1	142.5	1110	OK
1224	     0	71.9	136.1	1094	OK
1225	     0	72.8	138.5	1101	OK
1226	     0	71.7	138.2	1095	OK
1227	     0	73.8	141.4	1147	OK
1228	     0	71.9	138.2	1125	OK
1229	     0	70.6	135.8	1095	OK
1230	     0	71.5	136.9	1099	OK
1231	     0	71.9	136.8	1104	OK
1232	     0	73.5	140.8	1107	OK
1233	     0	71.5	138.4	1092	OK
1234	     0	70.5	134.4	1083	OK
1235	     0	72.2	139.2	1123	OK
1236	     0	71.8	136.6	1103	OK
1237	     0	70.0	134.7	1098	OK
1238	     0	71.3	137.9	1095	OK
1239	     0	72.6	136.5	1084	OK
1240	     0	69.5	131.7	1091	OK
1241	     0	74.3	144.7	1114	OK
1242	     0	73.9	141.9	1071	OK
1243	     0	72.2	137.3	1079	OK
1244	     0	75.0	141.7	1074	OK
1245	     0	73.1	139.7	1083	OK
1246	     0	71.9	137.1	1083	OK
1247	     0	71.3	136.3	1078	OK
1248	     0	71.8	137.2	1096	OK
1249	     0	71.1	136.0	1090	OK
1250	     0	70.9	136.4	1100	OK
1251	     0	72.4	139.7	1117	OK
1252	     0	72.4	135.2	1078	OK
1253	     0	70.5	135.0	1091	OK
1254	     0	69.6	134.1	1092	OK
1255	     0	71.4	137.7	1081	OK
1256	     0	71.3	138.6	1111	OK
1257	     0	73.0	139.2	1069	OK
1258	     0	69.2	131.4	1054	OK
1259	     0	71.8	137.5	1072	OK
1260	     0	71.4	138.1	1108	OK
1261	     0	72.3	138.7	1071	OK
1262	     0	70.7	136.9	1087	OK
1263	     0	71.5	136.9	1074	OK
1264	     0	72.9	136.7	1074	OK
1265	     0	71.1	134.6	1052	OK
1266	     0	73.2	138.9	1089	OK
1267	     0	69.5	135.0	1109	OK
1268	     0	72.9	137.1	1080	OK
1269	     0	70.7	135.5	1084	OK
1270	     0	72.0	137.3	1093	OK
1271	     0	73.2	141.9	1074	OK
1272	     0	74.3	142.9	1097	OK
1273	     0	72.6	140.7	1095	OK
1274	     0	71.5	134.5	1095	OK
1275	     0	73.0	141.0	1118	OK
1276	     0	74.6	140.4	1107	OK
1277	     0	75.4	142.0	1113	OK
1278	     0	72.3	137.0	1100	OK
1279	   200	77.4	143.1	1127	high gain
1280	     0	77.8	145.6	1132	OK
1281	   200	78.3	150.6	1112	high gain
1282	     0	73.5	138.5	1095	OK
1283	     0	73.8	139.3	1062	OK
1284	     0	74.3	142.6	1098	OK
1285	     0	76.1	147.0	1101	OK
1286	     0	73.6	140.0	1070	OK
1287	     0	74.6	142.4	1074	OK
1288	     0	73.6	141.9	1083	OK
1289	     0	72.6	136.7	1077	OK
1290	     0	75.9	145.2	1086	OK
1291	     0	76.2	146.7	1085	OK
1292	     0	73.7	141.1	1094	OK
1293	     0	73.5	141.1	1104	OK
1294	     0	73.8	140.0	1106	OK
1295	     0	72.4	138.0	1040	OK
1296	     0	73.1	142.2	1088	OK
1297	     0	73.4	139.7	1068	OK
1298	     0	72.5	138.9	1061	OK
1299	     0	74.0	142.1	1101	OK
1300	     0	73.4	138.2	1067	OK
1301	     0	73.9	141.7	1090	OK
1302	     0	72.9	141.3	1093	OK
1303	     0	72.5	138.8	1063	OK
1304	     0	73.6	142.1	1060	OK
1305	     0	72.4	137.7	1097	OK
1306	     0	70.8	135.4	1086	OK
1307	     0	73.4	138.9	1091	OK
1308	     0	71.7	138.9	1061	OK
1309	     0	73.7	139.6	1083	OK
1310	     0	75.9	144.5	1083	OK
1311	     0	73.9	138.4	1063	OK
1312	     0	70.8	135.2	1058	OK
1313	     0	73.2	139.9	1086	OK
1314	     0	74.3	141.6	1080	OK
1315	     0	72.4	140.1	1069	OK
1316	     0	72.9	139.6	1096	OK
1317	     0	72.7	139.8	1075	OK
1318	     0	72.0	138.4	1085	OK
1319	     0	74.4	141.9	1058	OK
1320	     0	72.3	139.1	1093	OK
1321	     0	76.7	144.9	1083	OK
1322	     0	73.9	142.3	1095	OK
1323	     0	74.7	142.6	1110	OK
1324	     0	72.9	140.5	1083	OK
1325	     0	72.0	141.6	1094	OK
1326	     0	73.7	139.0	1077	OK
1327	     0	72.6	140.0	1085	OK
1328	     0	72.8	141.2	1092	OK
1329	     0	74.4	142.9	1098	OK
1330	     0	73.7	142.2	1086	OK
1331	     0	72.3	138.9	1089	OK
1332	     0	74.1	141.7	1111	OK
1333	     0	73.6	139.6	1102	OK
1334	     0	71.6	133.9	1079	OK
1335	     0	73.2	139.3	1089	OK
1336	     0	73.2	140.7	1106	OK
1337	     0	73.9	142.0	1121	OK
1338	     0	72.4	140.4	1088	OK
1339	     0	72.9	140.8	1096	OK
1340	     0	72.6	136.9	1086	OK
1341	     0	71.5	137.6	1090	OK
1342	     0	72.9	141.2	1096	OK
1343	     0	74.8	141.3	1111	OK
1344	     0	72.6	138.6	1083	OK
1345	     0	73.4	142.7	1102	OK
1346	     0	72.8	139.1	1097	OK
1347	     0	74.0	139.9	1083	OK
1348	     0	72.7	138.3	1096	OK
1349	     0	74.1	141.4	1072	OK
1350	     0	74.4	145.2	1092	OK
1351	     0	72.4	138.6	1094	OK
1352	     0	73.8	140.8	1104	OK
1353	     0	74.0	142.9	1096	OK
1354	     0	74.5	143.9	1113	OK
1355	     0	70.9	136.5	1092	OK
1356	     0	71.9	140.3	1086	OK
1357	     0	73.3	141.4	1102	OK
1358	     0	71.9	138.3	1089	OK
1359	     0	73.6	138.9	1079	OK
1360	     0	73.8	142.8	1116	OK
1361	     0	70.6	136.0	1086	OK
1362	     0	74.4	141.8	1089	OK
1363	     0	73.4	141.0	1082	OK
1364	     0	73.9	142.9	1129	OK
1365	     0	74.0	141.7	1070	OK
1366	     0	73.1	140.4	1092	OK
1367	     0	73.0	139.9	1103	OK
1368	     0	69.8	137.2	1060	OK
1369	     0	75.0	143.7	1106	OK
1370	     0	74.8	143.3	1105	OK
1371	     0	75.1	142.1	1111	OK
1372	     0	72.2	137.7	1082	OK
1373	     0	73.8	139.9	1081	OK
1374	     0	72.5	139.1	1091	OK
1375	     0	72.0	138.4	1098	OK
1376	     0	73.2	139.5	1108	OK
1377	     0	72.7	139.0	1078	OK
1378	     0	73.2	138.8	1068	OK
1379	     0	72.7	138.9	1071	OK
1380	     0	71.9	138.7	1087	OK
1381	     0	74.2	141.1	1097	OK
1382	     0	74.8	144.8	1113	OK
1383	     0	74.9	143.6	1088	OK
1384	     0	73.2	139.4	1099	OK
1385	     0	75.1	144.3	1118	OK
1386	     0	74.5	144.6	1106	OK
1387	     0	71.1	136.0	1095	OK
1388	     0	74.6	142.2	1105	OK
1389	     0	74.3	141.1	1077	OK
1390	     0	72.6	138.5	1086	OK
1391	     0	74.8	141.4	1096	OK
1392	     0	73.6	138.7	1085	OK
1393	     0	72.9	139.4	1084	OK
1394	     0	73.1	139.0	1095	OK
1395	     0	72.9	138.4	1106	OK
1396	     0	73.2	140.2	1080	OK
1397	     0	72.5	138.5	1099	OK
1398	     0	73.4	138.4	1103	OK
1399	     0	72.9	139.4	1074	OK
1400	     0	73.5	141.8	1064	OK
1401	     0	76.6	144.6	1094	OK
1402	     0	74.8	142.0	1108	OK
1403	     0	73.6	141.0	1087	OK
1404	     0	73.3	141.5	1098	OK
1405	     0	72.9	140.3	1079	OK
1406	     0	75.7	146.1	1076	OK
1407	     0	75.1	142.2	1106	OK
1408	     0	71.4	137.7	1096	OK
1409	     0	73.4	137.9	1103	OK
1410	     0	73.9	138.9	1066	OK
1411	     0	72.8	137.3	1102	OK
1412	     0	72.3	140.1	1073	OK
1413	     0	72.2	138.0	1085	OK
1414	     0	71.6	137.1	1074	OK
1415	     0	72.5	138.8	1070	OK
1416	     0	72.3	136.6	1092	OK
1417	     0	72.9	137.0	1072	OK
1418	     0	73.5	140.0	1094	OK
1419	     0	72.2	138.5	1087	OK
1420	     0	73.0	137.8	1099	OK
1421	     0	72.8	138.6	1100	OK
1422	     0	71.8	138.1	1084	OK
1423	     0	72.5	138.0	1085	OK
1424	     0	71.2	135.2	1086	OK
1425	     0	71.5	137.7	1103	OK
1426	     0	71.6	135.7	1094	OK
1427	     0	71.4	138.4	1074	OK
1428	     0	70.8	134.9	1088	OK
1429	     0	71.9	138.4	1069	OK
1430	     0	71.8	137.5	1046	OK
1431	     0	71.6	136.8	1111	OK
1432	     0	71.2	139.1	1089	OK
1433	     0	70.9	136.5	1081	OK
1434	     0	74.1	140.4	1106	OK
1435	     0	71.8	136.9	1093	OK
1436	     0	72.8	138.5	1081	OK
1437	     0	71.2	136.3	1063	OK
1438	     0	71.4	139.6	1101	OK
1439	     0	71.4	136.3	1091	OK
1440	     0	71.7	135.3	1083	OK
1441	     0	73.6	138.6	1049	OK
1442	     0	72.4	139.4	1097	OK
1443	     0	70.0	134.1	1069	OK
1444	     0	71.9	136.0	1092	OK
1445	     0	73.6	140.8	1090	OK
1446	     0	73.7	138.7	1098	OK
1447	     0	72.7	138.1	1105	OK
1448	     0	72.9	139.8	1084	OK
1449	     0	71.7	138.2	1091	OK
1450	     0	70.9	136.1	1062	OK
1451	     0	71.8	137.7	1112	OK
1452	     0	71.5	137.4	1108	OK
1453	     0	70.6	136.0	1083	OK
1454	     0	70.6	136.0	1075	OK
1455	     0	70.1	137.2	1099	OK
1456	     0	70.9	136.9	1072	OK
1457	     0	72.9	138.4	1087	OK
1458	     0	70.4	134.7	1083	OK
1459	     0	72.4	138.1	1100	OK
1460	     0	72.0	138.2	1077	OK
1461	     0	73.5	140.8	1090	OK
1462	     0	71.1	135.6	1060	OK
1463	     0	71.9	138.0	1081	OK
1464	     0	69.5	134.9	1083	OK
1465	     0	71.7	137.6	1072	OK
1466	     0	70.9	137.3	1101	OK
1467	     0	70.8	137.2	1096	OK
1468	     0	73.5	139.5	1089	OK
1469	     0	72.3	136.9	1097	OK
1470	     0	72.6	138.1	1068	OK
1471	     0	72.7	140.4	1110	OK
1472	     0	73.6	141.2	1102	OK
1473	     0	70.5	136.5	1068	OK
1474	     0	71.8	136.7	1112	OK
1475	     0	71.9	137.6	1095	OK
1476	     0	70.6	135.3	1099	OK
1477	     0	73.1	137.8	1107	OK
1478	     0	73.9	139.9	1079	OK
1479	     0	72.2	137.6	1088	OK
1480	     0	73.8	140.5	1082	OK
1481	     0	73.6	141.5	1096	OK
1482	     0	72.3	139.6	1095	OK
1483	     0	71.1	136.9	1096	OK
1484	     0	73.3	141.7	1094	OK
1485	     0	73.8	140.9	1081	OK
1486	     0	71.7	136.9	1097	OK
1487	     0	69.8	136.6	1069	OK
1488	     0	73.5	139.1	1070	OK
1489	     0	72.9	140.1	1086	OK
1490	     0	75.2	142.5	1089	OK
1491	     0	73.5	139.3	1111	OK
1492	     0	72.7	138.1	1093	OK
1493	     0	71.0	137.3	1082	OK
1494	     0	74.9	142.6	1063	OK
1495	     0	73.7	141.6	1103	OK
1496	     0	71.2	137.7	1076	OK
1497	     0	70.6	136.0	1075	OK
1498	     0	73.4	139.3	1074	OK
1499	     0	72.5	138.2	1082	OK
1500	     0	73.2	138.9	1095	OK
1501	     0	73.2	140.8	1077	OK
1502	     0	71.3	137.5	1106	OK
1503	     0	70.5	135.9	1075	OK
1504	     0	73.1	138.9	1078	OK
1505	     0	71.6	137.3	1089	OK
1506	     0	73.5	141.0	1083	OK
1507	     0	76.5	144.1	1077	OK
1508	     0	71.3	136.9	1082	OK
1509	     0	69.5	133.0	1083	OK
1510	     0	72.3	139.4	1078	OK
1511	     0	73.1	140.6	1068	OK
1512	     0	73.6	141.6	1087	OK
1513	     0	74.8	143.3	1108	OK
1514	     0	75.6	141.6	1092	OK
1515	     0	73.8	143.5	1096	OK
1516	     0	74.7	142.7	1081	OK
1517	     0	71.0	137.0	1069	OK
1518	     0	73.2	141.6	1069	OK
1519	     0	73.2	141.1	1084	OK
1520	     0	72.6	138.8	1072	OK
1521	     0	74.2	140.8	1079	OK
1522	     0	71.3	137.9	1102	OK
1523	     0	72.1	138.0	1070	OK
1524	     0	73.8	138.3	1084	OK
1525	     0	73.3	140.1	1092	OK
1526	     0	73.4	140.6	1080	OK
1527	     0	75.6	142.9	1101	OK
1528	     0	72.0	138.7	1107	OK
1529	     0	76.2	144.2	1077	OK
1530	     0	73.3	139.5	1068	OK
1531	     0	73.9	139.7	1071	OK
1532	     0	73.2	140.0	1090	OK
1533	     0	72.4	140.1	1089	OK
1534	     0	72.1	137.8	1078	OK
1535	     0	73.7	140.6	1071	OK
1536	     0	75.2	143.4	1074	OK
1537	     0	73.3	141.3	1083	OK
1538	     0	74.5	142.2	1095	OK
1539	     0	74.1	143.6	1080	OK
1540	     0	74.4	143.1	1080	OK
1541	     0	74.5	144.2	1064	OK
1542	     0	74.9	144.5	1100	OK
1543	     0	72.8	139.9	1076	OK
1544	     0	74.9	141.4	1092	OK
1545	     0	73.1	140.6	1072	OK
1546	     0	72.8	140.0	1066	OK
1547	     0	74.5	144.2	1091	OK
1548	     0	75.7	142.9	1086	OK
1549	     0	74.3	141.8	1073	OK
1550	     0	75.4	144.1	1103	OK
1551	     0	73.4	140.3	1056	OK
1552	     0	73.1	142.0	1073	OK
1553	     0	74.7	141.4	1065	OK
1554	     0	75.4	144.0	1082	OK
1555	     0	74.2	143.2	1087	OK
1556	     0	72.3	141.2	1102	OK
1557	     0	73.0	142.1	1053	OK
1558	     0	76.1	146.8	1088	OK
1559	     0	73.4	138.9	1070	OK
1560	     0	75.3	144.1	1075	OK
1561	     0	71.9	138.9	1068	OK
1562	     0	74.3	142.9	1062	OK
1563	     0	74.7	141.3	1062	OK
1564	     0	72.4	137.7	1070	OK
1565	     0	73.9	142.3	1081	OK
1566	     0	72.0	136.6	1073	OK
1567	     0	74.1	143.6	1091	OK
1568	     0	71.2	138.2	1048	OK
1569	     0	74.4	141.9	1084	OK
1570	     0	72.8	141.0	1058	OK
1571	     0	72.4	139.7	1080	OK
1572	     0	73.9	141.6	1096	OK
1573	     0	73.6	140.5	1091	OK
1574	     0	72.0	138.9	1063	OK
1575	     0	75.2	144.9	1099	OK
1576	     0	71.9	140.5	1100	OK
1577	     0	74.5	141.7	1078	OK
1578	     0	74.4	142.6	1113	OK
1579	     0	73.4	139.7	1068	OK
1580	     0	71.4	136.9	1073	OK
1581	     0	74.7	142.9	1085	OK
1582	     0	73.2	140.7	1071	OK
1583	     0	72.8	140.9	1091	OK
1584	     0	73.8	141.8	1093	OK
1585	     0	73.5	141.4	1097	OK
1586	     0	72.3	139.3	1088	OK
1587	     0	75.9	144.3	1071	OK
1588	     0	72.8	142.1	1093	OK
1589	     0	75.8	144.8	1043	OK
1590	     0	72.6	139.7	1100	OK
1591	     0	75.1	143.7	1088	OK
1592	     0	73.8	142.4	1101	OK
1593	     0	74.4	141.8	1088	OK
1594	     0	73.3	141.5	1094	OK
1595	     0	74.4	142.9	1071	OK
1596	     0	71.7	136.7	1073	OK
1597	     0	73.2	140.0	1092	OK
1598	     0	74.2	144.3	1092	OK
1599	     0	74.3	142.9	1085	OK
1600	     0	74.2	142.5	1106	OK
1601	     0	72.3	139.5	1074	OK
1602	     0	72.1	138.0	1096	OK
1603	     0	73.9	143.0	1098	OK
1604	     0	71.3	137.0	1085	OK
1605	     0	75.5	144.4	1085	OK
1606	     0	71.0	135.4	1096	OK
1607	     0	72.3	139.4	1089	OK
1608	     0	72.6	138.7	1090	OK
1609	     0	71.9	138.5	1078	OK
1610	     0	72.8	140.2	1091	OK
1611	     0	71.1	137.6	1073	OK
1612	     0	72.7	139.9	1102	OK
1613	     0	71.7	138.4	1057	OK
1614	     0	72.5	139.7	1082	OK
1615	     0	72.8	140.1	1065	OK
1616	     0	74.2	141.1	1084	OK
1617	     0	72.8	139.4	1083	OK
1618	     0	74.1	143.6	1097	OK
1619	     0	71.2	138.5	1082	OK
1620	     0	73.3	139.8	1100	OK
1621	     0	72.4	140.7	1090	OK
1622	     0	73.7	142.4	1089	OK
1623	     0	74.6	145.7	1082	OK
1624	     0	74.3	142.7	1093	OK
1625	     0	73.4	141.4	1095	OK
1626	     0	71.7	139.6	1093	OK
1627	     0	73.4	139.8	1072	OK
1628	     0	74.4	143.4	1122	OK
1629	     0	71.9	138.7	1071	OK
1630	     0	72.3	138.5	1094	OK
1631	     0	73.7	141.0	1084	OK
1632	     0	71.7	137.4	1070	OK
1633	     0	73.5	141.4	1082	OK
1634	     0	74.4	140.4	1111	OK
1635	     0	72.9	141.4	1084	OK
1636	     0	73.6	140.0	1080	OK
1637	     0	73.4	140.2	1086	OK
1638	     0	72.5	140.1	1080	OK
1639	     0	71.1	137.8	1100	OK
1640	     0	73.0	138.9	1059	OK
1641	     0	72.7	140.5	1085	OK
1642	     0	72.7	142.5	1083	OK
1643	     0	71.6	137.3	1098	OK
1644	     0	72.5	140.6	1097	OK
1645	     0	70.5	135.6	1058	OK
1646	     0	72.7	141.5	1104	OK
1647	     0	72.4	141.5	1078	OK
1648	     0	71.9	139.6	1097	OK
1649	     0	72.7	138.8	1075	OK
1650	     0	71.6	138.7	1082	OK
1651	     0	73.4	140.3	1074	OK
1652	     0	72.0	139.9	1097	OK
1653	     0	72.5	142.7	1069	OK
1654	     0	71.9	137.0	1070	OK
1655	     0	72.0	139.7	1066	OK
1656	     0	71.7	139.3	1096	OK
1657	     0	74.3	142.1	1084	OK
1658	     0	72.1	140.0	1087	OK
1659	     0	71.9	140.6	1088	OK
1660	     0	74.2	142.1	1106	OK
1661	     0	72.5	137.6	1088	OK
1662	     0	72.1	138.1	1095	OK
1663	     0	74.6	141.3	1082	OK
1664	     0	75.0	142.0	1094	OK
1665	     0	76.4	143.8	1082	OK
1666	     0	76.3	142.4	1070	OK
1667	     0	75.0	143.1	1070	OK
1668	     0	74.9	141.7	1054	OK
1669	     0	74.6	141.7	1079	OK
1670	     0	73.4	141.2	1066	OK
1671	     0	74.0	142.3	1079	OK
1672	     0	72.0	135.1	1055	OK
1673	     0	70.3	133.0	1059	OK
1674	     0	74.3	140.4	1080	OK
1675	     0	73.9	139.4	1057	OK
1676	     0	72.3	136.7	1079	OK
1677	     0	72.2	138.3	1059	OK
1678	     0	73.6	142.7	1043	OK
1679	     0	71.6	136.4	1057	OK
1680	     0	72.6	139.0	1106	OK
1681	     0	73.6	139.9	1058	OK
1682	     0	73.5	140.9	1067	OK
1683	     0	71.0	137.6	1055	OK
1684	     0	72.8	140.5	1068	OK
1685	     0	73.3	138.7	1042	OK
1686	     0	75.5	142.0	1075	OK
1687	     0	72.7	136.8	1077	OK
1688	     0	75.0	144.8	1080	OK
1689	     0	75.6	144.9	1069	OK
1690	     0	72.7	139.5	1062	OK
1691	     0	74.1	141.1	1073	OK
1692	     0	74.7	141.8	1078	OK
1693	     0	74.5	140.3	1078	OK
1694	     0	74.8	142.5	1077	OK
1695	     0	72.4	138.7	1081	OK
1696	     0	73.7	138.6	1062	OK
1697	     0	70.2	135.2	1070	OK
1698	     0	73.6	140.5	1078	OK
1699	     0	73.6	140.2	1064	OK
1700	     0	72.8	138.8	1048	OK
1701	     0	72.5	139.4	1094	OK
1702	     0	73.2	137.9	1056	OK
1703	     0	74.2	139.9	1041	OK
1704	     0	71.5	134.2	1060	OK
1705	     0	73.6	139.0	1062	OK
1706	     0	74.2	141.6	1059	OK
1707	     0	72.9	139.4	1067	OK
1708	     0	72.6	139.4	1049	OK
1709	     0	72.2	137.9	1067	OK
1710	     0	72.4	137.0	1072	OK
1711	     0	73.5	139.9	1062	OK
1712	     0	73.2	139.2	1060	OK
1713	     0	74.4	141.4	1059	OK
1714	     0	72.9	139.4	1075	OK
1715	     0	74.4	143.1	1095	OK
1716	     0	74.1	141.8	1073	OK
1717	     0	74.2	141.1	1069	OK
1718	     0	73.9	138.7	1063	OK
1719	     0	75.9	142.1	1080	OK
1720	     0	74.7	140.0	1090	OK
1721	     0	72.7	139.8	1094	OK
1722	     0	73.9	139.1	1080	OK
1723	     0	73.6	139.2	1061	OK
1724	     0	74.6	142.1	1060	OK
1725	     0	75.2	141.6	1080	OK
1726	     0	73.2	140.3	1058	OK
1727	     0	74.8	141.5	1099	OK
1728	     0	71.6	137.4	1080	OK
1729	     0	74.6	139.4	1058	OK
1730	     0	75.3	142.9	1071	OK
1731	     0	75.3	142.9	1069	OK
1732	     0	73.8	139.9	1091	OK
1733	     0	76.1	145.1	1082	OK
1734	     0	73.4	139.0	1085	OK
1735	     0	74.1	142.6	1068	OK
1736	     0	73.8	140.9	1057	OK
1737	     0	73.8	140.0	1096	OK
1738	     0	72.9	141.3	1083	OK
1739	     0	73.5	139.0	1036	OK
1740	     0	71.9	136.1	1057	OK
1741	     0	73.9	140.3	1029	OK
1742	     0	73.0	137.2	1073	OK
1743	     0	73.1	138.6	1070	OK
1744	     0	74.7	141.2	1054	OK
1745	     0	73.4	139.5	1086	OK
1746	     0	72.5	139.7	1060	OK
1747	     0	72.6	140.2	1084	OK
1748	     0	75.1	141.0	1053	OK
1749	     0	73.6	138.3	1043	OK
1750	     0	73.8	137.8	1044	OK
1751	     0	73.8	138.8	1034	OK
1752	     0	73.2	139.6	1051	OK
1753	     0	75.1	142.0	1064	OK
1754	     0	73.7	141.2	1093	OK
1755	     0	73.9	142.7	1079	OK
1756	     0	74.8	140.0	1050	OK
1757	     0	75.0	142.1	1067	OK
1758	     0	72.9	138.2	1062	OK
1759	     0	75.1	141.6	1071	OK
1760	     0	73.9	141.7	1084	OK
1761	     0	74.0	138.7	1044	OK
1762	     0	74.1	141.7	1059	OK
1763	     0	72.2	136.4	1049	OK
1764	     0	75.3	141.7	1076	OK
1765	     0	75.4	145.1	1040	OK
1766	     0	77.5	145.8	1086	OK
1767	     0	74.2	140.6	1051	OK
1768	     0	74.5	139.1	1068	OK
1769	     0	74.8	142.1	1042	OK
1770	     0	73.9	139.0	1037	OK
1771	     0	72.7	139.1	1052	OK
1772	     0	75.8	143.7	1072	OK
1773	     0	76.3	143.8	1037	OK
1774	     0	73.7	140.8	1053	OK
1775	     0	74.0	140.5	1039	OK
1776	     0	72.8	139.8	1035	OK
1777	     0	74.6	142.5	1059	OK
1778	     0	75.6	145.0	1070	OK
1779	     0	72.4	136.4	1060	OK
1780	     0	73.4	141.3	1059	OK
1781	     0	74.4	141.2	1076	OK
1782	     0	75.3	142.3	1058	OK
1783	     0	73.1	139.2	1051	OK
1784	     0	75.3	142.1	1052	OK
1785	     0	75.7	143.9	1073	OK
1786	     0	75.1	141.1	1053	OK
1787	     0	75.1	141.4	1064	OK
1788	     0	76.7	145.6	1055	OK
1789	     0	76.8	146.0	1046	OK
1790	     0	77.9	146.2	1071	OK
1791	     0	74.6	141.0	1049	OK
1792	     0	75.1	143.4	1083	OK
1793	     0	74.8	145.0	1070	OK
1794	     0	74.6	146.0	1104	OK
1795	     0	77.2	148.7	1071	OK
1796	     0	74.4	142.7	1056	OK
1797	     0	74.8	142.6	1053	OK
1798	     0	74.4	141.9	1053	OK
1799	     0	75.8	143.6	1082	OK
1800	     0	74.5	142.9	1077	OK
1801	     0	74.6	142.5	1084	OK
1802	     0	71.0	135.6	1069	OK
1803	     0	74.2	143.7	1079	OK
1804	     0	74.5	142.9	1073	OK
1805	     0	72.5	143.2	1076	OK
1806	     0	74.6	142.2	1082	OK
1807	     0	71.9	138.5	1048	OK
1808	     0	72.3	136.6	1046	OK
1809	     0	73.4	139.5	1067	OK
1810	     0	74.9	143.5	1067	OK
1811	     0	73.3	141.9	1079	OK
1812	     0	74.6	143.4	1077	OK
1813	     0	74.3	143.9	1080	OK
1814	     0	72.7	141.6	1089	OK
1815	     0	72.5	138.6	1068	OK
1816	     0	75.1	141.9	1073	OK
1817	     0	72.2	140.8	1075	OK
1818	     0	73.1	139.5	1073	OK
1819	     0	74.8	143.0	1062	OK
1820	     0	73.4	139.4	1057	OK
1821	     0	73.3	141.2	1069	OK
1822	     0	74.6	142.6	1096	OK
1823	     0	71.8	138.3	1056	OK
1824	     0	71.9	136.2	1065	OK
1825	     0	71.3	138.2	1063	OK
1826	     0	72.4	138.4	1081	OK
1827	     0	73.1	138.3	1052	OK
1828	     0	74.2	140.4	1083	OK
1829	     0	75.5	144.6	1092	OK
1830	     0	71.7	136.8	1071	OK
1831	     0	73.7	141.9	1076	OK
1832	     0	73.1	140.9	1092	OK
1833	     0	71.7	136.5	1045	OK
1834	     0	72.9	141.2	1053	OK
1835	     0	72.7	137.5	1072	OK
1836	     0	71.5	136.1	1087	OK
1837	     0	70.9	136.8	1079	OK
1838	     0	72.6	139.2	1085	OK
1839	     0	73.8	141.7	1112	OK
1840	     0	73.4	143.2	1090	OK
1841	     0	72.5	141.2	1101	OK
1842	     0	71.4	137.1	1072	OK
1843	     0	73.5	142.0	1084	OK
1844	     0	72.3	139.2	1072	OK
1845	     0	73.3	140.4	1063	OK
1846	     0	72.1	139.2	1093	OK
1847	     0	73.2	140.7	1075	OK
1848	     0	73.1	141.1	1085	OK
1849	     0	70.8	135.2	1069	OK
1850	     0	70.6	137.7	1073	OK
1851	     0	73.3	142.2	1100	OK
1852	     0	72.8	140.7	1080	OK
1853	     0	71.9	140.0	1097	OK
1854	     0	74.1	140.9	1078	OK
1855	     0	73.6	140.1	1065	OK
1856	     0	70.7	137.3	1080	OK
1857	     0	72.0	140.1	1095	OK
1858	     0	72.6	137.1	1074	OK
1859	     0	72.7	140.1	1067	OK
1860	     0	71.5	137.9	1074	OK
1861	     0	73.5	140.7	1084	OK
1862	     0	72.5	139.9	1072	OK
1863	     0	68.7	136.2	1074	OK
1864	     0	73.0	140.5	1056	OK
1865	     0	71.8	137.4	1089	OK
1866	     0	72.0	138.6	1087	OK
1867	     0	73.0	140.3	1065	OK
1868	     0	70.3	135.8	1057	OK
1869	     0	72.4	138.9	1089	OK
1870	     0	74.1	141.1	1086	OK
1871	     0	70.5	136.1	1054	OK
1872	     0	72.5	138.5	1104	OK
1873	     0	71.6	138.3	1072	OK
1874	     0	71.7	139.1	1069	OK
1875	     0	72.5	138.4	1079	OK
1876	     0	73.2	142.4	1091	OK
1877	     0	73.6	140.1	1097	OK
1878	     0	73.6	141.2	1088	OK
1879	     0	75.6	144.3	1082	OK
1880	     0	71.7	138.0	1081	OK
1881	     0	75.5	144.4	1090	OK
1882	     0	74.0	141.1	1092	OK
1883	     0	73.5	140.0	1090	OK
1884	     0	73.8	141.2	1092	OK
1885	     0	71.9	138.2	1072	OK
1886	     0	71.4	137.5	1086	OK
1887	     0	73.1	140.0	1085	OK
1888	     0	71.3	137.9	1069	OK
1889	     0	71.7	137.8	1069	OK
1890	     0	72.7	139.0	1088	OK
1891	     0	74.9	141.7	1075	OK
1892	     0	72.0	140.5	1090	OK
1893	     0	74.1	142.7	1089	OK
1894	     0	73.7	141.1	1078	OK
1895	     0	71.8	139.3	1075	OK
1896	     0	74.7	144.1	1087	OK
1897	     0	71.1	138.9	1093	OK
1898	     0	74.0	143.1	1103	OK
1899	     0	73.1	140.8	1089	OK
1900	     0	72.7	141.1	1069	OK
1901	     0	72.3	139.7	1049	OK
1902	     0	73.1	141.1	1085	OK
1903	     0	74.2	140.6	1094	OK
1904	     0	72.0	137.2	1054	OK
1905	     0	71.9	139.0	1089	OK
1906	     0	74.7	141.3	1083	OK
1907	     0	72.9	139.6	1085	OK
1908	     0	71.4	137.4	1096	OK
1909	     0	72.4	140.2	1083	OK
1910	     0	72.6	141.7	1120	OK
1911	     0	73.5	141.2	1091	OK
1912	     0	74.4	141.0	1083	OK
1913	     0	73.2	138.8	1081	OK
1914	     0	73.9	140.2	1092	OK
1915	     0	74.6	142.2	1088	OK
1916	     0	72.4	140.0	1082	OK
1917	     0	72.2	137.8	1072	OK
1918	     0	73.0	141.4	1086	OK
1919	     0	73.1	141.1	1083	OK
1920	     0	72.6	138.9	1083	OK
1921	     0	72.4	138.0	1051	OK
1922	     0	73.9	144.1	1076	OK
1923	     0	73.2	142.7	1064	OK
1924	     0	72.3	140.1	1060	OK
1925	     0	72.4	137.9	1055	OK
1926	     0	73.4	140.7	1056	OK
1927	     0	71.6	135.9	1048	OK
1928	     0	72.9	140.8	1051	OK
1929	     0	72.5	137.5	1073	OK
1930	     0	72.2	141.0	1076	OK
1931	     0	74.0	142.2	1059	OK
1932	     0	70.6	137.2	1082	OK
1933	     0	71.7	139.8	1075	OK
1934	     0	70.8	137.3	1042	OK
1935	     0	73.0	141.1	1080	OK
1936	     0	72.9	138.5	1066	OK
1937	     0	72.1	140.1	1062	OK
1938	     0	72.8	139.2	1062	OK
1939	     0	72.9	141.1	1069	OK
1940	     0	72.7	141.6	1073	OK
1941	     0	71.6	137.8	1061	OK
1942	     0	71.6	137.5	1044	OK
1943	     0	71.8	137.6	1052	OK
1944	     0	73.6	139.8	1027	OK
1945	     0	71.3	139.7	1073	OK
1946	     0	74.4	141.4	1063	OK
1947	     0	71.0	137.8	1064	OK
1948	     0	73.4	141.9	1077	OK
1949	     0	74.3	143.0	1078	OK
1950	     0	74.4	142.5	1086	OK
1951	     0	72.0	136.7	1064	OK
1952	     0	73.7	142.5	1062	OK
1953	     0	73.2	141.5	1058	OK
1954	     0	74.1	141.8	1081	OK
1955	     0	74.4	143.3	1062	OK
1956	     0	70.4	136.9	1066	OK
1957	     0	71.6	137.8	1034	OK
1958	     0	73.8	140.2	1053	OK
1959	     0	72.7	139.1	1031	OK
1960	     0	72.6	139.4	1066	OK
1961	     0	72.4	139.0	1067	OK
1962	     0	73.2	141.6	1075	OK
1963	     0	72.5	137.5	1049	OK
1964	     0	72.6	140.6	1047	OK
1965	     0	71.6	136.5	1052	OK
1966	     0	70.2	135.0	1052	OK
1967	     0	75.2	144.0	1073	OK
1968	     0	72.7	137.7	1057	OK
1969	     0	72.3	139.6	1097	OK
1970	     0	73.3	141.7	1072	OK
1971	     0	72.2	137.6	1035	OK
1972	     0	70.6	136.3	1060	OK
1973	     0	71.7	139.1	1051	OK
1974	     0	72.3	138.4	1057	OK
1975	     0	72.4	136.9	1066	OK
1976	     0	73.2	142.7	1091	OK
1977	     0	75.9	143.6	1077	OK
1978	     0	73.0	138.7	1074	OK
1979	     0	73.4	140.5	1086	OK
1980	     0	72.9	141.0	1085	OK
1981	     0	72.4	138.1	1068	OK
1982	     0	72.9	138.7	1068	OK
1983	     0	76.8	145.6	1064	OK
1984	     0	70.7	136.9	1059	OK
1985	     0	72.5	139.4	1066	OK
1986	     0	72.2	138.3	1062	OK
1987	     0	74.6	140.8	1091	OK
1988	     0	73.7	142.0	1079	OK
1989	     0	74.9	145.3	1110	OK
1990	     0	73.0	140.4	1078	OK
1991	     0	74.2	143.7	1090	OK
1992	     0	74.2	141.4	1055	OK
1993	     0	73.0	140.7	1056	OK
1994	     0	73.4	138.0	1053	OK
1995	     0	72.1	139.9	1063	OK
1996	     0	72.6	138.7	1069	OK
1997	     0	74.0	140.2	1075	OK
1998	     0	71.5	139.0	1061	OK
1999	     0	75.4	145.3	1060	OK
2000	     0	73.2	140.3	1061	OK
2001	     0	72.3	139.6	1053	OK
2002	     0	71.7	136.3	1077	OK
2003	     0	71.5	137.0	1072	OK
2004	     0	75.0	144.0	1077	OK
2005	     0	72.9	137.7	1069	OK
2006	     0	74.0	142.1	1057	OK
2007	     0	71.0	137.9	1037	OK
2008	     0	73.4	143.0	1071	OK
2009	     0	73.4	141.5	1072	OK
2010	     0	72.8	139.4	1051	OK
2011	     0	73.3	139.1	1072	OK
2012	     0	71.3	138.2	1076	OK
2013	     0	73.9	141.7	1054	OK
2014	     0	72.1	139.8	1075	OK
2015	     0	74.4	141.8	1073	OK
2016	     0	72.6	141.0	1065	OK
2017	     0	73.1	139.9	1065	OK
2018	     0	73.2	140.6	1080	OK
2019	     0	74.3	144.0	1068	OK
2020	     0	74.2	139.2	1039	OK
2021	     0	72.7	139.0	1054	OK
2022	     0	73.6	138.6	1037	OK
2023	     0	72.7	140.1	1099	OK
2024	     0	75.8	142.9	1050	OK
2025	     0	74.5	142.0	1063	OK
2026	     0	74.7	142.2	1046	OK
2027	     0	73.2	139.0	1065	OK
2028	     0	74.6	144.1	1086	OK
2029	     0	72.1	137.8	1074	OK
2030	     0	72.6	139.4	1082	OK
2031	     0	73.1	139.9	1060	OK
2032	     0	73.5	142.0	1070	OK
2033	     0	73.6	140.9	1070	OK
2034	     0	74.1	140.8	1075	OK
2035	     0	72.0	139.2	1024	OK
2036	     0	75.3	143.9	1058	OK
2037	     0	74.9	142.9	1075	OK
2038	     0	71.9	138.8	1049	OK
2039	     0	73.1	138.7	1041	OK
2040	     0	73.3	140.9	1052	OK
2041	     0	74.0	139.1	1057	OK
2042	     0	72.5	139.1	1063	OK
2043	     0	75.7	145.4	1069	OK
2044	     0	72.1	135.7	1057	OK
2045	     0	74.4	142.5	1069	OK
2046	     0	75.4	143.2	1074	OK
2047	   200	77.7	146.4	1060	high gain
2048	     0	74.5	140.8	1083	OK
2049	     0	72.0	137.8	1084	OK
2050	     0	74.0	141.4	1074	OK
2051	     0	73.7	141.1	1076	OK
2052	     0	71.8	137.1	1085	OK
2053	     0	73.4	137.7	1074	OK
2054	     0	73.6	141.3	1079	OK
2055	     0	73.7	140.6	1077	OK
2056	     0	73.1	140.6	1090	OK
2057	     0	71.7	135.3	1056	OK
2058	     0	72.8	135.6	1071	OK
2059	     0	73.3	139.7	1059	OK
2060	     0	72.2	137.8	1070	OK
2061	     0	72.4	137.1	1074	OK
2062	     0	72.1	135.5	1067	OK
2063	     0	71.1	135.0	1093	OK
2064	     0	73.8	141.6	1079	OK
2065	     0	73.9	139.5	1070	OK
2066	     0	71.4	135.9	1070	OK
2067	     0	73.7	140.6	1068	OK
2068	     0	73.3	139.8	1110	OK
2069	     0	70.5	134.6	1058	OK
2070	     0	73.1	137.1	1071	OK
2071	     0	71.7	136.5	1061	OK
2072	     0	73.9	139.7	1104	OK
2073	     0	72.7	139.8	1082	OK
2074	     0	73.0	137.7	1066	OK
2075	     0	71.8	136.9	1073	OK
2076	     0	72.5	138.8	1085	OK
2077	     0	72.5	137.7	1071	OK
2078	     0	71.2	137.4	1086	OK
2079	     0	74.7	142.6	1083	OK
2080	     0	72.3	138.0	1107	OK
2081	     0	72.3	139.3	1056	OK
2082	     0	74.0	139.3	1076	OK
2083	     0	71.6	134.9	1086	OK
2084	     0	72.9	138.6	1080	OK
2085	     0	76.7	145.0	1087	OK
2086	     0	70.4	136.2	1082	OK
2087	     0	73.4	138.3	1095	OK
2088	     0	72.7	140.0	1073	OK
2089	     0	72.9	138.0	1057	OK
2090	     0	72.2	138.2	1086	OK
2091	     0	71.4	137.3	1076	OK
2092	     0	72.4	139.8	1058	OK
2093	     0	71.3	135.0	1081	OK
2094	     0	70.8	134.3	1069	OK
2095	     0	72.5	137.2	1086	OK
2096	     0	71.9	138.1	1100	OK
2097	     0	72.1	138.4	1084	OK
2098	     0	69.9	135.9	1086	OK
2099	     0	70.3	135.3	1075	OK
2100	     0	72.0	137.1	1061	OK
2101	     0	72.1	138.2	1093	OK
2102	     0	72.1	138.2	1086	OK
2103	     0	73.4	140.8	1092	OK
2104	     0	71.8	134.8	1080	OK
2105	     0	74.4	141.5	1093	OK
2106	     0	74.9	144.1	1098	OK
2107	     0	70.9	137.1	1070	OK
2108	     0	74.5	140.3	1105	OK
2109	     0	72.7	139.1	1079	OK
2110	     0	72.0	137.6	1089	OK
2111	     0	73.2	141.1	1073	OK
2112	     0	73.2	138.8	1064	OK
2113	     0	73.6	141.7	1097	OK
2114	     0	74.3	141.1	1088	OK
2115	     0	71.7	136.6	1065	OK
2116	     0	72.2	138.1	1085	OK
2117	     0	72.9	139.5	1087	OK
2118	     0	71.7	137.7	1083	OK
2119	     0	74.0	140.7	1095	OK
2120	     0	69.7	131.4	1074	OK
2121	     0	74.2	138.8	1074	OK
2122	     0	72.9	138.9	1087	OK
2123	     0	72.8	137.9	1103	OK
2124	     0	73.7	141.1	1104	OK
2125	     0	71.9	138.4	1079	OK
2126	     0	72.8	141.7	1097	OK
2127	     0	70.7	135.2	1068	OK
2128	     0	72.5	136.8	1093	OK
2129	     0	71.3	138.0	1086	OK
2130	     0	73.1	140.8	1086	OK
2131	     0	70.7	135.3	1092	OK
2132	     0	74.2	140.7	1104	OK
2133	     0	75.2	145.9	1078	OK
2134	     0	74.0	140.9	1088	OK
2135	     0	71.4	137.5	1073	OK
2136	     0	70.6	134.2	1068	OK
2137	     0	72.7	138.5	1124	OK
2138	     0	71.7	136.9	1097	OK
2139	     0	72.6	138.8	1107	OK
2140	     0	73.1	138.0	1074	OK
2141	     0	72.8	137.3	1090	OK
2142	     0	69.8	135.4	1090	OK
2143	     0	73.4	139.5	1073	OK
2144	     0	71.4	134.9	1076	OK
2145	     0	72.3	136.1	1066	OK
2146	     0	73.2	138.2	1086	OK
2147	     0	70.7	134.3	1077	OK
2148	     0	71.7	136.5	1088	OK
2149	     0	71.2	137.8	1089	OK
2150	     0	71.8	137.1	1089	OK
2151	     0	74.0	140.6	1089	OK
2152	     0	70.9	134.0	1079	OK
2153	     0	72.2	135.3	1087	OK
2154	     0	72.4	137.5	1084	OK
2155	     0	73.5	140.7	1089	OK
2156	     0	73.6	138.9	1099	OK
2157	     0	72.6	139.8	1094	OK
2158	     0	72.2	138.8	1090	OK
2159	     0	73.0	137.9	1077	OK
2160	     0	73.6	140.3	1106	OK
2161	     0	71.6	136.6	1075	OK
2162	     0	72.1	134.9	1059	OK
2163	     0	71.2	134.2	1086	OK
2164	     0	73.5	139.4	1110	OK
2165	     0	71.5	135.3	1038	OK
2166	     0	73.0	137.2	1085	OK
2167	     0	72.3	137.7	1076	OK
2168	     0	71.0	135.4	1066	OK
2169	     0	73.4	140.5	1075	OK
2170	     0	73.0	138.9	1084	OK
2171	     0	74.2	141.1	1074	OK
2172	     0	72.0	137.4	1089	OK
2173	     0	72.1	137.3	1063	OK
2174	     0	74.2	141.5	1069	OK
2175	     0	71.2	137.4	1075	OK
2176	     0	73.7	138.7	1079	OK
2177	     0	70.2	134.4	1066	OK
2178	     0	70.9	137.7	1068	OK
2179	     0	71.3	136.9	1085	OK
2180	     0	72.4	138.9	1096	OK
2181	     0	72.8	140.3	1078	OK
2182	     0	71.5	136.0	1079	OK
2183	     0	72.8	140.3	1082	OK
2184	     0	71.3	137.8	1057	OK
2185	     0	70.2	135.2	1059	OK
2186	     0	71.5	136.1	1068	OK
2187	     0	70.9	137.9	1072	OK
2188	     0	73.8	141.3	1086	OK
2189	     0	73.6	137.6	1097	OK
2190	     0	71.9	135.6	1090	OK
2191	     0	73.2	140.1	1071	OK
2192	     0	72.8	139.6	1085	OK
2193	     0	70.3	135.3	1066	OK
2194	     0	72.1	138.9	1094	OK
2195	     0	72.7	139.9	1071	OK
2196	     0	71.4	135.5	1075	OK
2197	     0	73.2	139.7	1070	OK
2198	     0	71.8	135.7	1084	OK
2199	     0	70.2	135.4	1064	OK
2200	     0	71.7	136.0	1079	OK
2201	     0	72.8	139.8	1088	OK
2202	     0	71.5	136.7	1099	OK
2203	     0	72.4	139.2	1102	OK
2204	     0	71.6	137.8	1078	OK
2205	     0	70.1	135.5	1057	OK
2206	     0	71.4	137.3	1085	OK
2207	     0	71.8	139.2	1070	OK
2208	     0	72.5	138.5	1099	OK
2209	     0	70.1	135.0	1074	OK
2210	     0	70.5	135.7	1063	OK
2211	     0	71.7	136.8	1066	OK
2212	     0	71.4	135.6	1076	OK
2213	     0	70.6	136.2	1066	OK
2214	     0	70.9	136.3	1089	OK
2215	     0	71.8	137.9	1079	OK
2216	     0	74.1	141.9	1069	OK
2217	     0	72.7	135.9	1097	OK
2218	     0	72.5	138.3	1089	OK
2219	     0	75.7	143.5	1078	OK
2220	     0	73.3	141.6	1108	OK
2221	     0	72.4	138.0	1056	OK
2222	     0	71.8	137.1	1069	OK
2223	     0	69.6	134.4	1067	OK
2224	     0	71.7	137.3	1070	OK
2225	     0	72.1	138.6	1079	OK
2226	     0	71.4	136.5	1079	OK
2227	     0	71.5	136.9	1073	OK
2228	     0	72.4	138.1	1094	OK
2229	     0	70.9	135.4	1059	OK
2230	     0	72.8	139.5	1078	OK
2231	     0	72.6	140.0	1064	OK
2232	     0	71.9	137.5	1070	OK
2233	     0	72.5	136.6	1081	OK
2234	     0	75.6	146.2	1089	OK
2235	     0	72.8	140.4	1087	OK
2236	     0	71.5	137.4	1058	OK
2237	     0	72.8	137.8	1071	OK
2238	     0	75.5	145.9	1088	OK
2239	     0	74.8	141.7	1087	OK
2240	     0	74.0	141.5	1081	OK
2241	     0	73.1	141.5	1076	OK
2242	     0	72.7	139.0	1092	OK
2243	     0	74.3	141.7	1092	OK
2244	     0	72.7	137.5	1088	OK
2245	     0	72.5	138.1	1080	OK
2246	     0	73.7	141.0	1084	OK
2247	     0	74.1	141.1	1098	OK
2248	     0	72.2	138.4	1087	OK
2249	     0	72.6	140.7	1086	OK
2250	     0	73.6	141.2	1078	OK
2251	     0	73.2	140.2	1083	OK
2252	     0	73.5	137.6	1083	OK
2253	     0	72.5	137.8	1074	OK
2254	     0	71.1	136.4	1105	OK
2255	     0	71.3	135.9	1067	OK
2256	     0	72.5	137.7	1093	OK
2257	     0	70.9	134.2	1048	OK
2258	     0	72.5	138.0	1080	OK
2259	     0	74.5	140.7	1083	OK
2260	     0	72.2	138.4	1096	OK
2261	     0	72.8	137.6	1088	OK
2262	     0	72.6	137.9	1036	OK
2263	     0	73.2	141.3	1068	OK
2264	     0	72.8	140.0	1061	OK
2265	     0	73.0	137.2	1077	OK
2266	     0	73.2	138.3	1053	OK
2267	     0	74.2	143.6	1075	OK
2268	     0	73.4	139.0	1075	OK
2269	     0	71.3	136.1	1067	OK
2270	     0	73.7	139.4	1085	OK
2271	     0	73.1	139.1	1037	OK
2272	     0	75.2	143.5	1080	OK
2273	     0	72.2	138.1	1093	OK
2274	     0	75.6	143.8	1077	OK
2275	     0	71.5	137.5	1034	OK
2276	     0	72.4	140.8	1072	OK
2277	     0	71.9	139.2	1097	OK
2278	     0	75.1	143.6	1078	OK
2279	     0	73.2	137.8	1080	OK
2280	     0	70.8	135.0	1057	OK
2281	     0	73.1	140.4	1081	OK
2282	     0	73.0	139.2	1071	OK
2283	     0	71.8	138.4	1051	OK
2284	     0	73.3	138.7	1072	OK
2285	     0	73.1	140.6	1085	OK
2286	     0	73.4	139.7	1076	OK
2287	     0	75.2	144.2	1094	OK
2288	     0	73.8	139.6	1079	OK
2289	     0	71.5	138.3	1063	OK
2290	     0	73.0	141.5	1086	OK
2291	     0	72.7	138.6	1073	OK
2292	     0	71.6	137.5	1089	OK
2293	     0	72.6	136.6	1059	OK
2294	     0	74.2	139.8	1072	OK
2295	     0	74.2	143.8	1085	OK
2296	     0	72.0	137.9	1069	OK
2297	     0	73.4	137.9	1087	OK
2298	     0	74.4	141.4	1084	OK
2299	     0	73.8	140.4	1057	OK
2300	     0	73.8	140.1	1051	OK
2301	     0	74.8	142.8	1084	OK
2302	     0	73.8	140.9	1072	OK
2303	     0	75.7	144.2	1047	OK
2304	     0	74.0	143.2	1073	OK
2305	     0	73.2	144.6	1091	OK
2306	     0	73.4	144.0	1079	OK
2307	     0	76.2	149.1	1083	OK
2308	   200	77.5	149.1	1089	high gain
2309	     0	74.2	142.9	1064	OK
2310	     0	72.0	141.9	1095	OK
2311	     0	73.2	144.6	1097	OK
2312	     0	74.9	143.9	1104	OK
2313	     0	72.8	140.3	1061	OK
2314	     0	72.9	141.3	1080	OK
2315	     0	72.7	140.3	1084	OK
2316	     0	72.1	140.4	1069	OK
2317	     0	71.4	139.9	1073	OK
2318	     0	75.1	146.3	1089	OK
2319	     0	73.0	142.9	1079	OK
2320	     0	73.2	142.2	1065	OK
2321	     0	72.9	143.7	1094	OK
2322	     0	74.0	143.5	1073	OK
2323	     0	72.1	140.5	1093	OK
2324	     0	72.5	139.9	1092	OK
2325	     0	72.3	140.0	1061	OK
2326	     0	72.5	141.0	1071	OK
2327	     0	73.2	142.6	1082	OK
2328	     0	75.2	144.0	1089	OK
2329	     0	71.8	141.1	1061	OK
2330	     0	74.5	145.4	1109	OK
2331	     0	72.4	140.6	1083	OK
2332	     0	72.9	142.5	1087	OK
2333	     0	72.1	140.0	1064	OK
2334	     0	72.4	140.9	1091	OK
2335	     0	71.6	140.1	1083	OK
2336	     0	71.1	138.8	1078	OK
2337	     0	74.7	145.0	1089	OK
2338	     0	71.6	140.8	1067	OK
2339	     0	72.0	140.5	1072	OK
2340	     0	72.4	139.6	1097	OK
2341	     0	69.8	136.1	1074	OK
2342	     0	71.0	138.1	1077	OK
2343	     0	72.1	138.4	1075	OK
2344	     0	71.8	138.0	1071	OK
2345	     0	71.9	140.4	1095	OK
2346	     0	71.3	136.9	1075	OK
2347	     0	73.0	141.0	1088	OK
2348	     0	72.1	140.9	1114	OK
2349	     0	71.6	138.9	1091	OK
2350	     0	72.7	141.8	1088	OK
2351	     0	71.8	141.2	1090	OK
2352	     0	71.0	137.2	1070	OK
2353	     0	73.6	141.8	1078	OK
2354	     0	73.2	138.7	1068	OK
2355	     0	70.5	137.6	1091	OK
2356	     0	73.8	140.9	1093	OK
2357	     0	72.3	140.0	1081	OK
2358	     0	73.1	141.1	1110	OK
2359	     0	70.8	140.5	1086	OK
2360	     0	74.1	143.0	1077	OK
2361	     0	71.6	139.4	1082	OK
2362	     0	71.5	139.5	1079	OK
2363	     0	73.1	139.4	1077	OK
2364	     0	72.6	141.6	1103	OK
2365	     0	72.2	139.1	1072	OK
2366	     0	69.3	135.2	1072	OK
2367	     0	71.6	139.0	1068	OK
2368	     0	73.6	139.8	1065	OK
2369	     0	69.3	135.2	1061	OK
2370	     0	71.0	135.8	1066	OK
2371	     0	70.0	135.1	1071	OK
2372	     0	72.8	141.2	1079	OK
2373	     0	73.8	141.4	1099	OK
2374	     0	70.6	137.9	1071	OK
2375	     0	72.2	139.3	1074	OK
2376	     0	71.7	136.9	1078	OK
2377	     0	70.6	136.2	1073	OK
2378	     0	73.4	139.8	1093	OK
2379	     0	71.8	136.8	1083	OK
2380	     0	72.6	142.5	1088	OK
2381	     0	71.0	138.6	1069	OK
2382	     0	72.1	137.3	1071	OK
2383	     0	70.4	136.9	1063	OK
2384	     0	73.7	140.1	1103	OK
2385	     0	72.2	139.2	1108	OK
2386	     0	72.1	139.0	1080	OK
2387	     0	72.9	139.4	1103	OK
2388	     0	70.6	137.0	1074	OK
2389	     0	70.2	136.7	1074	OK
2390	     0	73.5	141.7	1083	OK
2391	     0	70.2	133.7	1060	OK
2392	     0	71.2	136.0	1064	OK
2393	     0	70.8	138.1	1069	OK
2394	     0	70.6	137.4	1073	OK
2395	     0	69.7	134.8	1064	OK
2396	     0	70.7	136.5	1068	OK
2397	     0	68.3	134.6	1071	OK
2398	     0	70.5	137.3	1063	OK
2399	     0	70.4	138.0	1080	OK
2400	     0	73.2	138.9	1061	OK
2401	     0	73.2	143.3	1070	OK
2402	     0	71.5	138.3	1057	OK
2403	     0	70.4	136.0	1079	OK
2404	     0	72.1	139.2	1104	OK
2405	     0	70.3	136.0	1075	OK
2406	     0	72.0	136.8	1093	OK
2407	     0	70.9	136.0	1074	OK
2408	     0	71.6	136.4	1064	OK
2409	     0	73.3	139.2	1075	OK
2410	     0	72.2	138.9	1075	OK
2411	     0	68.4	131.1	1067	OK
2412	     0	74.1	143.1	1088	OK
2413	     0	73.0	139.1	1086	OK
2414	     0	71.4	138.2	1080	OK
2415	     0	73.1	139.1	1059	OK
2416	     0	71.2	135.1	1087	OK
2417	     0	70.9	136.3	1089	OK
2418	     0	73.0	140.0	1097	OK
2419	     0	69.5	135.3	1055	OK
2420	     0	72.0	139.2	1076	OK
2421	     0	71.6	136.1	1074	OK
2422	     0	71.7	138.5	1097	OK
2423	     0	71.8	137.2	1085	OK
2424	     0	74.1	141.2	1093	OK
2425	     0	71.2	136.4	1056	OK
2426	     0	71.9	138.6	1087	OK
2427	     0	72.6	139.8	1092	OK
2428	     0	71.2	137.7	1058	OK
2429	     0	72.5	137.1	1081	OK
2430	     0	74.0	143.6	1098	OK
2431	     0	72.9	140.5	1089	OK
2432	     0	69.9	137.4	1094	OK
2433	     0	70.3	137.5	1102	OK
2434	     0	70.5	137.0	1051	OK
2435	     0	70.2	137.4	1092	OK
2436	     0	68.9	132.3	1078	OK
2437	     0	71.3	139.2	1082	OK
2438	     0	73.1	139.8	1088	OK
2439	     0	71.3	136.9	1095	OK
2440	     0	70.1	135.3	1060	OK
2441	     0	71.9	138.5	1087	OK
2442	     0	70.5	137.8	1089	OK
2443	     0	71.9	137.7	1060	OK
2444	     0	70.6	137.5	1070	OK
2445	     0	70.6	137.1	1073	OK
2446	     0	69.6	134.1	1075	OK
2447	     0	68.9	135.1	1055	OK
2448	     0	73.0	141.1	1100	OK
2449	     0	69.4	134.0	1087	OK
2450	     0	72.4	139.5	1072	OK
2451	     0	70.9	138.4	1086	OK
2452	     0	69.6	134.9	1074	OK
2453	     0	71.5	138.4	1066	OK
2454	     0	69.2	134.0	1051	OK
2455	     0	69.7	132.9	1066	OK
2456	     0	72.1	137.4	1072	OK
2457	     0	69.9	136.4	1074	OK
2458	     0	70.4	136.3	1073	OK
2459	     0	69.3	135.9	1061	OK
2460	     0	70.9	137.0	1066	OK
2461	     0	71.4	139.0	1056	OK
2462	     0	72.1	139.7	1090	OK
2463	     0	72.3	137.3	1091	OK
2464	     0	69.5	133.8	1060	OK
2465	     0	70.8	137.9	1071	OK
2466	     0	69.9	135.0	1071	OK
2467	     0	71.1	136.9	1080	OK
2468	     0	70.2	134.6	1069	OK
2469	     0	70.3	135.0	1058	OK
2470	     0	71.7	139.0	1067	OK
2471	     0	72.4	139.0	1075	OK
2472	     0	70.7	137.5	1075	OK
2473	     0	71.3	137.9	1074	OK
2474	     0	71.1	136.0	1077	OK
2475	     0	70.7	138.1	1087	OK
2476	     0	71.7	138.2	1065	OK
2477	     0	71.6	139.0	1083	OK
2478	     0	70.6	137.4	1080	OK
2479	     0	71.2	138.4	1078	OK
2480	     0	69.4	132.8	1084	OK
2481	     0	70.9	135.9	1069	OK
2482	     0	73.4	142.0	1103	OK
2483	     0	72.1	140.1	1077	OK
2484	     0	70.9	136.2	1070	OK
2485	     0	70.4	136.0	1081	OK
2486	     0	72.0	138.0	1091	OK
2487	     0	72.0	137.0	1069	OK
2488	     0	71.1	136.0	1081	OK
2489	     0	71.5	136.5	1093	OK
2490	     0	71.5	137.8	1075	OK
2491	     0	70.9	136.3	1064	OK
2492	     0	72.0	136.6	1088	OK
2493	     0	73.2	139.3	1088	OK
2494	     0	72.9	139.1	1081	OK
2495	     0	71.1	138.6	1074	OK
2496	     0	71.0	136.6	1059	OK
2497	     0	70.9	136.9	1065	OK
2498	     0	70.6	134.9	1081	OK
2499	     0	71.8	138.4	1083	OK
2500	     0	71.6	137.6	1081	OK
2501	     0	71.0	136.2	1066	OK
2502	     0	71.1	137.2	1083	OK
2503	     0	72.4	138.1	1072	OK
2504	     0	71.4	136.8	1083	OK
2505	     0	71.3	136.9	1069	OK
2506	     0	69.2	134.5	1064	OK
2507	     0	73.1	140.3	1085	OK
2508	     0	71.3	136.9	1089	OK
2509	     0	69.6	134.1	1061	OK
2510	     0	70.3	133.4	1071	OK
2511	     0	69.6	135.5	1062	OK
2512	     0	71.0	136.4	1064	OK
2513	     0	70.3	136.3	1071	OK
2514	     0	71.0	134.9	1055	OK
2515	     0	71.6	137.7	1057	OK
2516	     0	71.8	137.9	1073	OK
2517	     0	70.8	135.8	1066	OK
2518	     0	72.2	138.0	1071	OK
2519	     0	72.6	138.9	1058	OK
2520	     0	74.4	141.8	1076	OK
2521	     0	70.9	136.7	1068	OK
2522	     0	71.4	136.6	1080	OK
2523	     0	69.0	135.0	1060	OK
2524	     0	71.3	138.2	1057	OK
2525	     0	71.2	137.6	1068	OK
2526	     0	71.2	136.4	1070	OK
2527	     0	71.1	135.9	1069	OK
2528	     0	73.8	141.6	1098	OK
2529	     0	71.7	138.6	1067	OK
2530	     0	71.8	137.9	1070	OK
2531	     0	73.1	139.6	1083	OK
2532	     0	70.3	134.5	1067	OK
2533	     0	71.5	138.2	1075	OK
2534	     0	72.7	136.9	1038	OK
2535	     0	74.2	140.9	1056	OK
2536	     0	72.1	134.9	1033	OK
2537	     0	70.1	135.8	1034	OK
2538	     0	71.7	135.7	1032	OK
2539	     0	69.7	132.5	1058	OK
2540	     0	72.9	137.3	1048	OK
2541	     0	71.7	138.2	1060	OK
2542	     0	70.8	136.2	1076	OK
2543	     0	71.5	138.6	1076	OK
2544	     0	70.0	134.7	1062	OK
2545	     0	71.4	135.9	1050	OK
2546	     0	70.6	135.2	1059	OK
2547	     0	71.2	138.5	1055	OK
2548	     0	74.0	141.9	1081	OK
2549	     0	72.7	139.4	1058	OK
2550	     0	72.1	136.1	1048	OK
2551	     0	72.1	136.6	1047	OK
2552	     0	72.3	138.8	1093	OK
2553	     0	71.4	136.6	1077	OK
2554	     0	71.0	135.8	1094	OK
2555	     0	73.0	141.0	1048	OK
2556	     0	71.2	135.0	1068	OK
2557	     0	74.3	139.0	1082	OK
2558	   200	75.7	144.7	1080	high gain
2559	   200	76.9	144.5	1100	high gain
