#chan	code	gain	vt50	innse	comment
   0	     0	70.5	99.1	 999	OK
   1	     0	70.1	99.9	 972	OK
   2	     0	70.4	100.6	 962	OK
   3	     0	70.3	100.2	 971	OK
   4	     0	70.2	101.6	 984	OK
   5	     0	68.1	98.3	 972	OK
   6	     0	70.3	101.6	 961	OK
   7	     0	69.2	99.2	 955	OK
   8	     0	70.6	102.0	 966	OK
   9	     0	70.7	101.8	 991	OK
  10	     0	69.7	101.4	 947	OK
  11	     0	69.1	99.7	 981	OK
  12	     0	70.0	100.4	 969	OK
  13	     0	68.9	101.4	 984	OK
  14	     0	70.1	100.4	 978	OK
  15	     0	68.5	98.1	 968	OK
  16	     0	68.4	97.6	 986	OK
  17	     0	69.1	98.3	 988	OK
  18	     0	70.8	100.7	1005	OK
  19	     0	71.4	101.0	1012	OK
  20	     0	68.3	99.9	1022	OK
  21	     0	70.3	101.1	1016	OK
  22	     0	67.9	98.8	1007	OK
  23	     0	66.1	95.8	1020	OK
  24	     0	67.9	97.5	1030	OK
  25	     0	69.3	101.3	1026	OK
  26	     0	66.4	97.2	1040	OK
  27	     0	68.5	98.5	1050	OK
  28	     0	69.5	102.3	1033	OK
  29	     0	70.5	100.0	1035	OK
  30	     0	70.7	103.1	1043	OK
  31	     0	69.8	99.5	1046	OK
  32	     0	67.0	97.1	1058	OK
  33	     0	69.4	100.6	1050	OK
  34	     0	69.1	99.6	1042	OK
  35	     0	67.5	98.4	1039	OK
  36	     0	68.3	100.0	1071	OK
  37	     0	70.2	99.9	1062	OK
  38	     0	69.2	99.1	1045	OK
  39	     0	68.8	98.4	1062	OK
  40	     0	69.6	101.2	1062	OK
  41	     0	70.2	102.1	1053	OK
  42	     0	70.9	101.6	1066	OK
  43	     0	68.8	100.7	1073	OK
  44	     0	70.1	100.3	1056	OK
  45	     0	68.2	98.3	1039	OK
  46	     0	65.6	94.8	1035	OK
  47	     0	68.3	99.9	1087	OK
  48	     0	69.1	98.8	1050	OK
  49	     0	68.7	100.9	1073	OK
  50	     0	67.1	97.0	1072	OK
  51	     0	68.5	100.2	1053	OK
  52	     0	67.7	98.3	1088	OK
  53	     0	68.0	98.9	1071	OK
  54	     0	70.1	99.9	1054	OK
  55	     0	68.0	99.3	1066	OK
  56	     0	69.6	100.2	1059	OK
  57	     0	68.6	100.2	1064	OK
  58	     0	69.7	98.7	1062	OK
  59	     0	69.5	100.1	1049	OK
  60	     0	69.2	96.8	1068	OK
  61	     0	67.9	98.0	1063	OK
  62	     0	67.9	96.0	1059	OK
  63	     0	67.4	97.7	1080	OK
  64	     0	68.2	98.6	1075	OK
  65	     0	70.1	100.2	1090	OK
  66	     0	68.2	101.0	1082	OK
  67	     0	69.3	99.4	1052	OK
  68	     0	68.0	97.7	1071	OK
  69	     0	67.6	98.5	1062	OK
  70	     0	66.5	95.5	1065	OK
  71	     0	68.1	100.0	1061	OK
  72	     0	66.8	97.4	1074	OK
  73	     0	69.1	99.6	1072	OK
  74	     0	68.1	98.1	1066	OK
  75	     0	65.2	95.9	1084	OK
  76	     0	66.6	97.8	1071	OK
  77	     0	71.0	101.7	1070	OK
  78	     0	68.9	99.3	1081	OK
  79	     0	67.9	98.4	1044	OK
  80	     0	66.4	95.2	1062	OK
  81	     0	66.4	95.5	1056	OK
  82	     0	67.2	97.1	1086	OK
  83	     0	67.7	97.7	1077	OK
  84	     0	68.2	98.3	1063	OK
  85	     0	67.3	95.2	1066	OK
  86	     0	68.8	96.4	1056	OK
  87	     0	66.4	97.3	1086	OK
  88	     0	65.1	96.2	1064	OK
  89	     0	68.5	100.1	1054	OK
  90	     0	70.3	101.6	1059	OK
  91	     0	66.9	99.1	1054	OK
  92	     0	68.2	97.7	1061	OK
  93	     0	68.5	98.0	1097	OK
  94	     0	69.0	97.1	1062	OK
  95	     0	69.8	99.1	1064	OK
  96	     0	68.4	99.2	1061	OK
  97	     0	64.9	94.5	1089	OK
  98	     0	66.4	95.5	1081	OK
  99	     0	69.5	96.9	1050	OK
 100	     0	66.7	96.9	1068	OK
 101	     0	68.4	97.9	1073	OK
 102	     0	68.7	98.9	1054	OK
 103	     0	67.8	98.7	1067	OK
 104	     0	68.9	99.2	1073	OK
 105	     0	68.9	99.8	1058	OK
 106	     0	68.8	99.0	1051	OK
 107	     0	65.9	94.7	1056	OK
 108	     0	66.6	96.5	1056	OK
 109	     0	66.6	95.7	1047	OK
 110	     0	66.5	96.5	1091	OK
 111	     0	69.1	96.6	1055	OK
 112	     0	67.7	97.1	1042	OK
 113	     0	66.5	96.8	1069	OK
 114	     0	67.8	98.1	1062	OK
 115	     0	69.9	100.8	1053	OK
 116	     0	69.2	96.2	1066	OK
 117	     0	66.9	96.4	1059	OK
 118	     0	68.2	97.6	1078	OK
 119	     0	66.3	96.3	1064	OK
 120	     0	67.9	97.8	1072	OK
 121	     0	68.1	98.0	1080	OK
 122	     0	67.9	97.5	1053	OK
 123	     0	70.2	101.1	1053	OK
 124	     0	68.4	100.9	1081	OK
 125	     0	66.5	93.7	1065	OK
 126	     0	70.4	99.6	1066	OK
 127	     0	69.5	97.5	1079	OK
 128	     0	70.8	99.9	1072	OK
 129	     0	76.0	103.8	1075	OK
 130	     0	74.6	105.5	1056	OK
 131	     0	73.9	104.6	1077	OK
 132	     0	75.5	106.5	1069	OK
 133	     0	72.6	101.9	1057	OK
 134	     0	74.3	103.3	1084	OK
 135	     0	75.8	104.5	1074	OK
 136	     0	75.3	105.9	1065	OK
 137	     0	71.2	99.5	1057	OK
 138	     0	75.5	106.7	1066	OK
 139	     0	74.0	104.4	1051	OK
 140	     0	72.5	101.5	1061	OK
 141	     0	75.3	106.0	1079	OK
 142	     0	72.3	103.2	1085	OK
 143	     0	71.8	100.0	1059	OK
 144	     0	72.7	100.7	1065	OK
 145	     0	75.1	105.2	1039	OK
 146	     0	72.9	101.2	1055	OK
 147	     0	71.0	99.8	1063	OK
 148	     0	71.3	99.6	1040	OK
 149	     0	74.8	103.8	1022	OK
 150	     0	73.2	103.0	1035	OK
 151	     0	74.7	103.3	1064	OK
 152	     0	74.0	102.9	1065	OK
 153	     0	69.5	101.1	1067	OK
 154	     0	74.7	103.1	1040	OK
 155	     0	74.7	106.7	1071	OK
 156	     0	72.2	102.6	1040	OK
 157	     0	71.2	103.8	1072	OK
 158	     0	72.7	103.6	1061	OK
 159	     0	76.7	106.1	1043	OK
 160	     0	72.9	102.3	1050	OK
 161	     0	72.0	101.9	1055	OK
 162	     0	73.1	104.6	1036	OK
 163	     0	73.3	103.5	1043	OK
 164	     0	72.9	102.2	1015	OK
 165	     0	71.1	101.3	1020	OK
 166	     0	74.5	106.2	1019	OK
 167	     0	72.4	101.6	1040	OK
 168	     0	73.1	104.7	1022	OK
 169	     0	70.5	101.8	1033	OK
 170	     0	72.3	103.9	1022	OK
 171	     0	72.4	103.6	1055	OK
 172	     0	72.8	103.8	1045	OK
 173	     0	72.7	101.7	1034	OK
 174	     0	71.4	99.7	1040	OK
 175	     0	71.2	99.8	1041	OK
 176	     0	72.7	104.4	1048	OK
 177	     0	73.4	103.9	1043	OK
 178	     0	75.5	106.4	1043	OK
 179	     0	75.0	106.5	1050	OK
 180	     0	72.8	103.5	1058	OK
 181	     0	72.2	102.9	1057	OK
 182	     0	74.3	104.3	1021	OK
 183	     0	73.3	103.8	1047	OK
 184	     0	72.6	101.4	1044	OK
 185	     0	70.6	102.2	1040	OK
 186	     0	71.9	102.3	1032	OK
 187	     0	71.8	102.3	1039	OK
 188	     0	71.6	100.6	1021	OK
 189	     0	75.5	105.1	1033	OK
 190	     0	72.9	103.5	1035	OK
 191	     0	75.9	104.4	1043	OK
 192	     0	72.2	102.4	1020	OK
 193	     0	74.6	105.5	1037	OK
 194	     0	72.8	102.4	1035	OK
 195	     0	72.3	101.9	1011	OK
 196	     0	72.4	103.7	1043	OK
 197	     0	71.2	100.1	1044	OK
 198	     0	73.0	103.2	1031	OK
 199	     0	73.7	104.1	1046	OK
 200	     0	73.3	102.3	1041	OK
 201	     0	72.9	103.5	1019	OK
 202	     0	75.8	103.9	1042	OK
 203	     0	72.7	102.2	1031	OK
 204	     0	71.0	102.8	1016	OK
 205	     0	72.0	103.6	1043	OK
 206	     0	73.1	103.9	1011	OK
 207	     0	73.7	102.8	1042	OK
 208	     0	72.9	103.0	1032	OK
 209	     0	71.6	101.1	1032	OK
 210	     0	74.8	106.7	1054	OK
 211	     0	72.4	103.6	1020	OK
 212	     0	74.6	105.4	1029	OK
 213	     0	70.8	102.5	1043	OK
 214	     0	73.9	102.7	1033	OK
 215	     0	73.0	103.3	1023	OK
 216	     0	73.3	102.8	1041	OK
 217	     0	72.8	101.6	1013	OK
 218	     0	72.5	102.6	1015	OK
 219	     0	72.6	104.3	1021	OK
 220	     0	71.5	102.6	1005	OK
 221	     0	72.7	105.1	1010	OK
 222	     0	70.7	101.4	1035	OK
 223	     0	72.7	103.3	1033	OK
 224	     0	75.0	103.1	1032	OK
 225	     0	71.5	102.3	1044	OK
 226	     0	73.8	102.8	1040	OK
 227	     0	72.0	102.1	1046	OK
 228	     0	72.2	102.9	1049	OK
 229	     0	74.5	103.3	1008	OK
 230	     0	74.7	105.2	1021	OK
 231	     0	77.0	107.9	1028	OK
 232	     0	76.5	105.8	1048	OK
 233	     0	71.3	101.3	1028	OK
 234	     0	73.5	102.9	1048	OK
 235	     0	73.4	104.9	1044	OK
 236	     0	73.9	105.2	1017	OK
 237	     0	76.0	107.3	1052	OK
 238	     0	74.0	104.8	1028	OK
 239	     0	73.6	104.4	1043	OK
 240	     0	71.9	103.1	1031	OK
 241	     0	70.7	101.0	1011	OK
 242	     0	73.5	103.4	1048	OK
 243	     0	72.3	99.2	1036	OK
 244	     0	72.0	103.1	1024	OK
 245	     0	75.2	103.4	1032	OK
 246	     0	75.1	101.4	1039	OK
 247	     0	74.5	104.0	1032	OK
 248	     0	75.4	104.1	1042	OK
 249	     0	73.4	100.7	1059	OK
 250	     0	74.8	105.6	 997	OK
 251	     0	74.5	103.1	1036	OK
 252	     0	76.4	106.5	1036	OK
 253	     0	73.6	102.5	1037	OK
 254	     0	73.3	102.8	1054	OK
 255	     0	72.4	103.1	1023	OK
 256	     0	74.9	105.1	1044	OK
 257	     0	74.4	102.0	1045	OK
 258	     0	75.0	104.4	1019	OK
 259	     0	73.3	104.8	1030	OK
 260	     0	74.8	105.1	1048	OK
 261	     0	74.5	104.8	1038	OK
 262	     0	72.2	101.2	1053	OK
 263	     0	74.0	105.2	1060	OK
 264	     0	71.4	100.6	1049	OK
 265	     0	75.3	104.8	1037	OK
 266	     0	74.7	102.8	1050	OK
 267	     0	74.9	103.4	1052	OK
 268	     0	76.1	106.5	1054	OK
 269	     0	76.0	106.5	1070	OK
 270	     0	74.3	104.6	1057	OK
 271	     0	73.9	102.5	1041	OK
 272	     0	78.4	106.9	1061	OK
 273	     0	75.3	104.6	1041	OK
 274	     0	73.7	105.0	1038	OK
 275	     0	74.9	103.8	1050	OK
 276	     0	76.6	106.4	1054	OK
 277	     0	72.8	101.3	1037	OK
 278	     0	71.7	103.8	1069	OK
 279	     0	74.6	104.8	1046	OK
 280	     0	73.1	101.3	1073	OK
 281	     0	74.6	103.5	1055	OK
 282	     0	74.8	103.3	1043	OK
 283	     0	72.4	103.3	1040	OK
 284	     0	76.4	107.9	1055	OK
 285	     0	75.2	103.9	1040	OK
 286	     0	73.6	101.7	1051	OK
 287	     0	70.1	101.7	1027	OK
 288	     0	72.6	102.6	1060	OK
 289	     0	74.0	102.8	1024	OK
 290	     0	73.9	102.6	1065	OK
 291	     0	72.4	104.0	1037	OK
 292	     0	74.6	104.0	1036	OK
 293	     0	74.7	106.0	1070	OK
 294	     0	73.7	104.1	1057	OK
 295	     0	72.3	102.6	1069	OK
 296	     0	71.1	99.8	1055	OK
 297	     0	72.6	101.6	1036	OK
 298	     0	75.1	105.7	1076	OK
 299	     0	73.1	104.7	1062	OK
 300	     0	75.9	104.6	1047	OK
 301	     0	72.0	102.3	1040	OK
 302	     0	72.5	100.8	1030	OK
 303	     0	73.6	102.2	1074	OK
 304	     0	73.2	101.7	1064	OK
 305	     0	74.0	104.0	1041	OK
 306	     0	72.2	104.1	1059	OK
 307	     0	73.0	104.1	1075	OK
 308	     0	73.4	103.5	1036	OK
 309	     0	75.3	104.7	1055	OK
 310	     0	72.7	102.7	1064	OK
 311	     0	72.5	103.3	1074	OK
 312	     0	72.4	102.3	1039	OK
 313	     0	72.5	101.0	1057	OK
 314	     0	74.7	103.3	1045	OK
 315	     0	76.5	105.8	1047	OK
 316	     0	74.6	104.3	1052	OK
 317	     0	74.3	102.1	1050	OK
 318	     0	75.7	104.8	1063	OK
 319	     0	72.3	102.1	1071	OK
 320	     0	74.2	104.3	1036	OK
 321	     0	76.1	103.4	1070	OK
 322	     0	72.5	101.8	1036	OK
 323	     0	70.0	101.3	1059	OK
 324	     0	72.2	102.8	1055	OK
 325	     0	71.7	101.5	1070	OK
 326	     0	70.7	101.2	1039	OK
 327	     0	72.9	104.4	1058	OK
 328	     0	70.1	98.1	1045	OK
 329	     0	70.0	100.8	1051	OK
 330	     0	71.3	98.6	1067	OK
 331	     0	70.8	101.0	1049	OK
 332	     0	71.1	101.1	1060	OK
 333	     0	71.6	103.3	1049	OK
 334	     0	70.5	100.6	1039	OK
 335	     0	72.0	101.9	1041	OK
 336	     0	71.0	101.7	1045	OK
 337	     0	71.6	100.0	1052	OK
 338	     0	72.0	99.7	1051	OK
 339	     0	73.0	103.9	1069	OK
 340	     0	69.2	99.1	1056	OK
 341	     0	68.6	100.8	1041	OK
 342	     0	71.7	100.9	1055	OK
 343	     0	73.0	103.3	1038	OK
 344	     0	71.0	100.5	1043	OK
 345	     0	71.2	101.3	1045	OK
 346	     0	71.6	100.9	1060	OK
 347	     0	71.2	101.5	1061	OK
 348	     0	70.9	100.0	1043	OK
 349	     0	71.1	101.2	1066	OK
 350	     0	73.1	101.3	1049	OK
 351	     0	69.9	102.3	1058	OK
 352	     0	69.6	98.2	1066	OK
 353	     0	72.4	100.7	1044	OK
 354	     0	72.7	101.3	1063	OK
 355	     0	70.3	101.7	1057	OK
 356	     0	72.4	100.2	1027	OK
 357	     0	70.6	99.6	1064	OK
 358	     0	72.1	101.5	1058	OK
 359	     0	71.1	102.0	1030	OK
 360	     0	67.8	95.8	1039	OK
 361	     0	70.9	103.2	1048	OK
 362	     0	74.0	107.3	1054	OK
 363	     0	72.4	99.7	1047	OK
 364	     0	71.7	105.2	1023	OK
 365	     0	70.2	102.0	1061	OK
 366	     0	72.3	103.3	1043	OK
 367	     0	71.7	103.4	1026	OK
 368	     0	71.5	104.6	1048	OK
 369	     0	74.1	105.5	1016	OK
 370	     0	71.0	98.7	1046	OK
 371	     0	71.5	103.3	1031	OK
 372	     0	72.3	103.0	1070	OK
 373	     0	72.6	104.7	1029	OK
 374	     0	70.4	101.7	1032	OK
 375	     0	74.4	103.7	1024	OK
 376	     0	71.7	100.1	1013	OK
 377	     0	74.1	104.6	1033	OK
 378	     0	73.7	104.8	1025	OK
 379	     0	71.4	100.6	1034	OK
 380	     0	71.5	102.4	1025	OK
 381	     0	70.7	100.4	1021	OK
 382	     0	71.4	100.1	 995	OK
 383	     0	71.7	102.5	1044	OK
 384	     0	69.0	99.2	1052	OK
 385	     0	68.1	97.3	 997	OK
 386	     0	68.5	99.5	1006	OK
 387	     0	71.3	102.4	1012	OK
 388	     0	72.0	100.8	1029	OK
 389	     0	70.1	99.5	 988	OK
 390	     0	69.3	100.4	1013	OK
 391	     0	70.2	100.5	1016	OK
 392	     0	70.4	98.8	 977	OK
 393	     0	71.0	100.9	1026	OK
 394	     0	70.3	100.3	1021	OK
 395	     0	71.5	100.1	1001	OK
 396	     0	70.7	101.3	1032	OK
 397	     0	70.6	103.3	1017	OK
 398	     0	70.6	100.2	1012	OK
 399	     0	67.9	96.3	1018	OK
 400	     0	70.9	100.4	1010	OK
 401	     0	70.5	98.6	1014	OK
 402	     0	69.1	99.6	1003	OK
 403	     0	68.9	97.0	1040	OK
 404	     0	71.9	101.8	1005	OK
 405	     0	69.0	98.0	1019	OK
 406	     0	70.0	99.4	1010	OK
 407	     0	71.0	100.5	1027	OK
 408	     0	71.3	99.5	1013	OK
 409	     0	67.6	98.5	1020	OK
 410	     0	69.6	100.3	1020	OK
 411	     0	69.7	99.8	 999	OK
 412	     0	70.5	99.2	1018	OK
 413	     0	69.1	98.5	1012	OK
 414	     0	68.4	97.9	1025	OK
 415	     0	68.3	97.4	1015	OK
 416	     0	70.8	99.7	1017	OK
 417	     0	69.1	98.0	1003	OK
 418	     0	70.6	101.5	1021	OK
 419	     0	68.8	99.3	1009	OK
 420	     0	67.1	99.1	 987	OK
 421	     0	71.3	100.0	1019	OK
 422	     0	69.3	99.1	1009	OK
 423	     0	67.1	97.7	1005	OK
 424	     0	71.2	101.1	1014	OK
 425	     0	71.8	101.0	1001	OK
 426	     0	69.9	101.7	1000	OK
 427	     0	68.6	99.5	1006	OK
 428	     0	67.8	96.4	1015	OK
 429	     0	68.3	99.0	1028	OK
 430	     0	67.1	97.4	1017	OK
 431	     0	68.9	99.8	1022	OK
 432	     0	69.0	98.6	 994	OK
 433	     0	69.0	98.5	 987	OK
 434	     0	70.9	101.5	1008	OK
 435	     0	70.8	99.4	1025	OK
 436	     0	68.6	98.7	 995	OK
 437	     0	68.8	97.4	1017	OK
 438	     0	67.4	99.5	1020	OK
 439	     0	70.4	101.3	1020	OK
 440	     0	68.7	100.3	1013	OK
 441	     0	67.8	97.2	1020	OK
 442	     0	67.5	96.5	1025	OK
 443	     0	70.6	100.9	1024	OK
 444	     0	69.5	100.4	1012	OK
 445	     0	67.8	97.6	1015	OK
 446	     0	70.0	97.3	1022	OK
 447	     0	70.3	100.7	1039	OK
 448	     0	70.3	100.4	1010	OK
 449	     0	70.9	100.8	1022	OK
 450	     0	69.9	99.3	1013	OK
 451	     0	69.7	100.3	1014	OK
 452	     0	69.7	99.1	1030	OK
 453	     0	69.1	97.8	1018	OK
 454	     0	70.2	98.8	1005	OK
 455	     0	71.1	99.2	 990	OK
 456	     0	67.4	95.7	1002	OK
 457	     0	68.3	97.0	1019	OK
 458	     0	70.8	100.9	1056	OK
 459	     0	68.0	98.2	1003	OK
 460	     0	69.9	101.7	1023	OK
 461	     0	69.1	99.5	1016	OK
 462	     0	69.1	99.2	1023	OK
 463	     0	67.8	97.4	1006	OK
 464	     0	69.0	97.3	1034	OK
 465	     0	69.4	99.8	1009	OK
 466	     0	69.9	99.7	1003	OK
 467	     0	69.0	100.2	1018	OK
 468	     0	68.5	97.5	1014	OK
 469	     0	69.0	97.6	1001	OK
 470	     0	71.0	100.1	 992	OK
 471	     0	70.2	101.2	1008	OK
 472	     0	70.4	100.5	1024	OK
 473	     0	71.0	98.4	1020	OK
 474	     0	67.6	98.1	1021	OK
 475	     0	70.3	100.5	1007	OK
 476	     0	71.3	101.3	1010	OK
 477	     0	69.9	98.2	1014	OK
 478	     0	71.8	100.5	1021	OK
 479	     0	69.3	98.0	1034	OK
 480	     0	70.0	98.9	 994	OK
 481	     0	69.6	99.0	1005	OK
 482	     0	68.2	97.2	1024	OK
 483	     0	69.9	100.0	1006	OK
 484	     0	70.2	98.4	1001	OK
 485	     0	69.8	97.3	1013	OK
 486	     0	69.3	101.1	1009	OK
 487	     0	66.8	97.2	1038	OK
 488	     0	70.0	100.0	 998	OK
 489	     0	71.2	101.8	1006	OK
 490	     0	69.6	99.6	1028	OK
 491	     0	69.8	100.3	1026	OK
 492	     0	69.5	98.5	1013	OK
 493	     0	71.8	102.9	 992	OK
 494	     0	68.6	98.2	1018	OK
 495	     0	70.3	99.6	1020	OK
 496	     0	69.5	98.6	 995	OK
 497	     0	69.9	99.6	1006	OK
 498	     0	69.9	100.5	1026	OK
 499	     0	72.9	100.6	1019	OK
 500	     0	69.7	99.6	1019	OK
 501	     0	70.1	99.4	1006	OK
 502	     0	68.3	99.5	1009	OK
 503	     0	67.3	97.5	 996	OK
 504	     0	69.3	98.3	1002	OK
 505	     0	68.2	99.1	1015	OK
 506	     0	71.9	102.5	1032	OK
 507	     0	71.6	103.1	1021	OK
 508	     0	71.0	102.3	 999	OK
 509	     0	70.8	100.3	1023	OK
 510	     0	71.3	102.9	1020	OK
 511	     0	70.7	99.7	 994	OK
 512	     0	69.0	99.1	1010	OK
 513	     0	67.4	97.9	1029	OK
 514	     0	68.9	100.7	1018	OK
 515	     0	69.9	101.1	1026	OK
 516	     0	68.0	99.8	1018	OK
 517	     0	71.0	99.5	1018	OK
 518	     0	67.4	98.1	1042	OK
 519	     0	70.0	100.8	1030	OK
 520	     0	70.2	99.2	1031	OK
 521	     0	68.3	98.3	1043	OK
 522	     0	68.3	98.1	1017	OK
 523	     0	67.2	96.7	1029	OK
 524	     0	67.9	99.7	1021	OK
 525	     0	69.2	99.7	1028	OK
 526	     0	65.7	95.2	1023	OK
 527	     0	65.8	96.7	1020	OK
 528	     0	66.0	96.4	1029	OK
 529	     0	69.1	100.6	1042	OK
 530	     0	67.4	96.6	1014	OK
 531	     0	68.8	98.6	1029	OK
 532	     0	68.4	97.5	1029	OK
 533	     0	65.9	98.8	1018	OK
 534	     0	68.4	99.3	1041	OK
 535	     0	71.2	100.9	1042	OK
 536	     0	67.3	97.8	1027	OK
 537	     0	67.1	99.8	1047	OK
 538	     0	67.8	98.6	1034	OK
 539	     0	66.3	98.3	1017	OK
 540	     0	69.2	100.9	1025	OK
 541	     0	69.0	99.5	1007	OK
 542	     0	64.6	96.8	1044	OK
 543	     0	67.6	98.6	1030	OK
 544	     0	66.6	98.9	1017	OK
 545	     0	70.1	100.1	1015	OK
 546	     0	68.4	99.3	1022	OK
 547	     0	70.1	101.6	1022	OK
 548	     0	67.6	98.0	1016	OK
 549	     0	67.9	98.7	1025	OK
 550	     0	68.7	100.2	1021	OK
 551	     0	67.4	98.8	1012	OK
 552	     0	69.5	100.8	1034	OK
 553	     0	68.6	99.0	1034	OK
 554	     0	69.2	99.7	1008	OK
 555	     0	69.6	99.0	1020	OK
 556	     0	67.7	98.2	1006	OK
 557	     0	67.0	99.5	1037	OK
 558	     0	66.7	99.0	1027	OK
 559	     0	67.5	98.4	1005	OK
 560	     0	66.9	97.1	1038	OK
 561	     0	66.8	97.2	1019	OK
 562	     0	68.4	98.4	1010	OK
 563	     0	67.7	97.0	1024	OK
 564	     0	67.4	96.8	1036	OK
 565	     0	68.8	98.7	1013	OK
 566	     0	69.7	100.4	1021	OK
 567	     0	67.2	98.2	 998	OK
 568	     0	68.9	97.5	1007	OK
 569	     0	69.1	102.0	1027	OK
 570	     0	68.3	96.5	1025	OK
 571	     0	67.2	98.0	1029	OK
 572	     0	67.9	100.1	1033	OK
 573	     0	66.6	98.1	1052	OK
 574	     0	69.6	101.5	1034	OK
 575	     0	69.6	99.6	1008	OK
 576	     0	68.8	102.9	1032	OK
 577	     0	69.3	99.6	1028	OK
 578	     0	69.2	98.2	1038	OK
 579	     0	71.4	101.5	1038	OK
 580	     0	68.5	99.7	1023	OK
 581	     0	66.4	97.7	1028	OK
 582	     0	66.2	96.5	1020	OK
 583	     0	70.2	102.1	1020	OK
 584	     0	67.6	99.3	1042	OK
 585	     0	67.7	98.4	1044	OK
 586	     0	70.7	102.5	1027	OK
 587	     0	68.8	97.8	1027	OK
 588	     0	67.4	97.7	1034	OK
 589	     0	69.0	98.0	1018	OK
 590	     0	66.0	97.4	1015	OK
 591	     0	69.5	101.5	1020	OK
 592	     0	69.0	97.9	1040	OK
 593	     0	69.5	102.0	1016	OK
 594	     0	69.3	99.5	1031	OK
 595	     0	69.8	101.2	1043	OK
 596	     0	69.8	101.0	1046	OK
 597	     0	68.9	99.4	1058	OK
 598	     0	66.9	94.5	1060	OK
 599	     0	69.4	97.8	1028	OK
 600	     0	70.0	100.9	1034	OK
 601	     0	69.5	97.9	1052	OK
 602	     0	69.9	101.2	1044	OK
 603	     0	69.7	100.3	1055	OK
 604	     0	67.1	97.7	1059	OK
 605	     0	68.7	98.1	1020	OK
 606	     0	66.1	96.7	1061	OK
 607	     0	68.6	98.9	1052	OK
 608	     0	67.9	98.1	1064	OK
 609	     0	71.6	102.0	1051	OK
 610	     0	69.5	101.0	1057	OK
 611	     0	69.4	101.9	1067	OK
 612	     0	68.0	98.5	1069	OK
 613	     0	70.7	102.7	1054	OK
 614	     0	68.3	97.7	1057	OK
 615	     0	68.3	98.1	1079	OK
 616	     0	69.3	101.4	1073	OK
 617	     0	70.3	101.0	1071	OK
 618	     0	68.9	100.7	1066	OK
 619	     0	69.7	99.4	1078	OK
 620	     0	70.9	101.0	1080	OK
 621	     0	69.3	98.0	1081	OK
 622	     0	72.1	102.6	1095	OK
 623	     0	71.9	102.1	1075	OK
 624	     0	67.7	97.9	1091	OK
 625	     0	70.0	100.8	1078	OK
 626	     0	72.4	103.4	1067	OK
 627	     0	70.8	99.1	1062	OK
 628	     0	71.1	101.7	1071	OK
 629	     0	70.1	99.9	1103	OK
 630	     0	71.8	103.6	1079	OK
 631	  4000	70.6	100.1	1108	high noise
 632	     0	69.5	97.9	1072	OK
 633	  4000	70.4	98.9	1106	high noise
 634	     0	70.4	101.1	1079	OK
 635	     0	68.9	99.1	1059	OK
 636	     0	72.3	103.5	1101	OK
 637	     0	72.9	102.6	1102	OK
 638	     0	71.1	101.0	1074	OK
 639	     0	69.7	98.2	1083	OK
 640	     0	73.3	102.9	1138	OK
 641	     0	73.7	101.1	1082	OK
 642	     0	73.9	101.4	1114	OK
 643	     0	73.7	103.8	1092	OK
 644	     0	72.2	102.1	1140	OK
 645	     0	70.8	101.2	1116	OK
 646	     0	73.9	102.4	1084	OK
 647	     0	72.7	104.3	1106	OK
 648	     0	75.2	105.4	1116	OK
 649	     0	74.1	104.6	1122	OK
 650	     0	72.6	101.9	1103	OK
 651	     0	72.6	101.6	1104	OK
 652	     0	72.7	104.2	1100	OK
 653	     0	73.1	103.6	1111	OK
 654	     0	72.9	102.0	1096	OK
 655	     0	75.0	103.8	1104	OK
 656	     0	75.4	105.5	1116	OK
 657	     0	71.5	99.4	1108	OK
 658	     0	73.9	103.5	1103	OK
 659	     0	72.2	104.5	1137	OK
 660	     0	71.0	102.3	1097	OK
 661	     0	71.0	102.5	1101	OK
 662	     0	72.7	101.2	1072	OK
 663	     0	73.4	101.5	1079	OK
 664	     0	70.9	100.7	1093	OK
 665	     0	72.8	100.6	1089	OK
 666	     0	70.4	100.9	1074	OK
 667	     0	75.0	104.5	1096	OK
 668	     0	71.9	102.4	1082	OK
 669	     0	74.5	103.8	1113	OK
 670	     0	71.2	101.6	1099	OK
 671	     0	72.7	101.8	1133	OK
 672	     0	73.9	100.9	1101	OK
 673	     0	72.1	102.0	1077	OK
 674	     0	71.5	103.0	1102	OK
 675	     0	71.7	102.5	1103	OK
 676	     0	72.6	101.1	1112	OK
 677	     0	74.1	103.8	1112	OK
 678	     0	74.7	103.6	1079	OK
 679	     0	70.6	99.5	1077	OK
 680	     0	73.1	102.7	1104	OK
 681	     0	74.4	105.5	1109	OK
 682	     0	73.2	101.8	1118	OK
 683	     0	74.2	102.7	1117	OK
 684	     0	71.1	101.3	1080	OK
 685	     0	72.3	101.4	1105	OK
 686	     0	71.7	103.0	1108	OK
 687	     0	70.4	99.9	1116	OK
 688	     0	72.3	103.0	1109	OK
 689	     0	72.0	104.4	1109	OK
 690	     0	73.4	103.0	1109	OK
 691	     0	71.8	100.5	1098	OK
 692	     0	73.8	105.4	1090	OK
 693	     0	73.5	103.8	1121	OK
 694	     0	72.5	104.2	1108	OK
 695	     0	73.2	103.8	1115	OK
 696	     0	73.1	102.4	1082	OK
 697	     0	73.0	104.1	1123	OK
 698	     0	72.6	102.2	1102	OK
 699	     0	73.0	102.8	1123	OK
 700	     0	73.4	105.8	1132	OK
 701	     0	72.5	103.7	1103	OK
 702	     0	72.8	102.8	1131	OK
 703	     0	71.8	100.9	1103	OK
 704	     0	69.3	99.2	1094	OK
 705	     0	73.1	101.5	1073	OK
 706	     0	71.0	99.5	1095	OK
 707	     0	70.5	100.4	1092	OK
 708	     0	72.3	101.6	1085	OK
 709	     0	71.6	100.6	1109	OK
 710	     0	72.2	102.2	1084	OK
 711	     0	72.4	101.2	1082	OK
 712	     0	72.8	101.7	1079	OK
 713	     0	70.3	99.3	1075	OK
 714	     0	72.3	100.9	1071	OK
 715	     0	69.9	100.7	1076	OK
 716	     0	72.3	103.1	1074	OK
 717	     0	72.3	106.0	1092	OK
 718	     0	72.1	102.9	1080	OK
 719	     0	70.9	101.5	1072	OK
 720	     0	70.5	98.1	1090	OK
 721	     0	73.8	105.2	1073	OK
 722	     0	73.5	103.0	1091	OK
 723	     0	73.3	103.3	1101	OK
 724	     0	71.7	100.9	1080	OK
 725	     0	71.5	101.6	1067	OK
 726	     0	74.6	105.9	1092	OK
 727	     0	73.3	103.6	1078	OK
 728	     0	71.4	101.3	1074	OK
 729	     0	72.7	101.9	1117	OK
 730	     0	71.4	100.7	1070	OK
 731	     0	71.4	101.9	1110	OK
 732	     0	72.8	103.1	1096	OK
 733	     0	68.9	98.9	1099	OK
 734	     0	72.3	103.4	1101	OK
 735	     0	69.6	101.0	1117	OK
 736	     0	69.6	98.9	1099	OK
 737	     0	69.8	98.0	1098	OK
 738	     0	70.7	101.1	1100	OK
 739	     0	73.7	103.8	1086	OK
 740	     0	73.0	100.8	1083	OK
 741	     0	67.7	97.6	1104	OK
 742	     0	70.3	99.3	1097	OK
 743	     0	73.2	102.6	1111	OK
 744	     0	69.9	99.4	1107	OK
 745	     0	72.0	101.4	1110	OK
 746	     0	73.0	103.3	1140	OK
 747	     0	70.6	99.9	1117	OK
 748	     0	70.3	102.9	1102	OK
 749	     0	72.1	102.8	1111	OK
 750	     0	72.0	102.2	1126	OK
 751	     0	71.3	99.7	1109	OK
 752	     0	72.8	103.9	1112	OK
 753	     0	72.9	103.0	1090	OK
 754	     0	71.8	102.6	1125	OK
 755	     0	71.6	100.6	1120	OK
 756	     0	70.1	101.2	1102	OK
 757	     0	72.2	103.8	1125	OK
 758	     0	71.4	99.8	1123	OK
 759	     0	72.0	101.6	1108	OK
 760	     0	71.4	100.9	1146	OK
 761	     0	71.2	99.0	1121	OK
 762	     0	71.4	101.7	1162	OK
 763	     0	70.5	101.5	1153	OK
 764	  4000	72.5	102.3	1183	high noise
 765	     0	69.0	100.2	1157	OK
 766	  4000	69.2	99.3	1192	high noise
 767	  4000	69.5	100.5	1176	high noise
 768	  4000	70.7	100.0	1211	high noise
 769	  4000	73.0	101.6	1204	high noise
 770	  4000	72.2	103.0	1234	high noise
 771	  4000	72.3	102.3	1207	high noise
 772	  4000	71.4	100.3	1217	high noise
 773	  4000	74.1	103.6	1227	high noise
 774	  4000	77.4	105.9	1219	high noise
 775	     0	75.1	105.6	1190	OK
 776	  4000	71.1	101.7	1217	high noise
 777	     0	71.2	100.6	1192	OK
 778	     0	70.6	98.1	1177	OK
 779	     0	71.6	101.0	1174	OK
 780	     0	75.9	105.6	1193	OK
 781	     0	73.9	104.3	1159	OK
 782	     0	69.5	99.3	1180	OK
 783	     0	70.5	99.0	1169	OK
 784	     0	73.0	104.5	1177	OK
 785	     0	72.1	103.2	1172	OK
 786	     0	70.7	99.1	1165	OK
 787	     0	72.9	101.9	1158	OK
 788	     0	72.8	101.2	1166	OK
 789	     0	72.7	104.3	1164	OK
 790	     0	71.9	102.4	1185	OK
 791	     0	71.4	102.4	1178	OK
 792	     0	72.5	100.3	1135	OK
 793	     0	73.7	103.7	1179	OK
 794	     0	70.5	100.3	1174	OK
 795	     0	71.1	100.0	1154	OK
 796	     0	70.4	100.3	1174	OK
 797	     0	70.9	102.3	1172	OK
 798	     0	73.8	103.8	1138	OK
 799	     0	73.0	105.6	1149	OK
 800	     0	70.6	100.9	1151	OK
 801	     0	72.6	100.6	1130	OK
 802	     0	70.2	101.1	1131	OK
 803	     0	72.0	101.4	1148	OK
 804	     0	74.8	103.2	1128	OK
 805	     0	73.3	105.0	1125	OK
 806	     0	72.9	104.6	1162	OK
 807	     0	72.9	102.8	1136	OK
 808	     0	75.1	105.2	1143	OK
 809	     0	69.6	101.5	1169	OK
 810	     0	71.5	102.9	1169	OK
 811	     0	72.2	101.3	1150	OK
 812	     0	73.4	101.2	1156	OK
 813	     0	70.0	100.1	1182	OK
 814	     0	72.3	101.3	1179	OK
 815	     0	74.8	104.2	1186	OK
 816	     0	69.8	100.9	1188	OK
 817	     0	69.6	99.6	1193	OK
 818	  4000	71.6	102.5	1209	high noise
 819	     0	71.4	101.4	1196	OK
 820	     0	71.5	99.9	1198	OK
 821	     0	72.1	103.6	1164	OK
 822	     0	73.7	104.9	1163	OK
 823	     0	70.5	101.2	1165	OK
 824	     0	70.3	100.7	1147	OK
 825	     0	71.2	99.9	1148	OK
 826	     0	73.8	104.6	1149	OK
 827	     0	73.4	105.3	1167	OK
 828	     0	74.0	102.6	1127	OK
 829	     0	71.0	100.7	1127	OK
 830	     0	71.0	99.0	1133	OK
 831	     0	75.4	104.1	1128	OK
 832	     0	73.6	107.1	1117	OK
 833	     0	71.9	101.4	1114	OK
 834	     0	69.9	99.2	1114	OK
 835	     0	73.8	103.4	1108	OK
 836	     0	72.9	104.8	1135	OK
 837	     0	73.6	101.5	1104	OK
 838	     0	71.3	102.8	1105	OK
 839	     0	72.4	102.8	1107	OK
 840	     0	71.1	102.4	1113	OK
 841	     0	71.6	101.9	1122	OK
 842	     0	72.8	102.0	1123	OK
 843	     0	72.9	104.8	1128	OK
 844	     0	72.2	101.0	1128	OK
 845	     0	69.9	99.4	1110	OK
 846	     0	70.5	100.6	1110	OK
 847	     0	68.7	99.5	1120	OK
 848	     0	69.6	101.8	1149	OK
 849	     0	73.6	104.8	1145	OK
 850	     0	71.1	103.0	1148	OK
 851	     0	70.4	100.4	1088	OK
 852	     0	73.1	105.3	1132	OK
 853	     0	72.6	103.7	1116	OK
 854	     0	68.9	99.9	1132	OK
 855	     0	72.2	101.4	1100	OK
 856	     0	72.6	100.9	1128	OK
 857	     0	73.3	105.1	1122	OK
 858	     0	72.3	104.0	1102	OK
 859	     0	74.7	102.8	1104	OK
 860	     0	72.8	101.9	1099	OK
 861	     0	73.2	104.5	1100	OK
 862	     0	72.7	102.0	1129	OK
 863	     0	71.2	99.2	1100	OK
 864	     0	71.4	102.2	1086	OK
 865	     0	73.9	103.8	1131	OK
 866	     0	70.2	100.0	1082	OK
 867	     0	74.1	105.0	1110	OK
 868	     0	71.4	100.5	1077	OK
 869	     0	70.9	102.4	1077	OK
 870	     0	70.3	99.9	1071	OK
 871	     0	72.1	100.9	1089	OK
 872	     0	71.9	101.9	1057	OK
 873	     0	71.7	104.9	1124	OK
 874	     0	70.6	101.6	1085	OK
 875	     0	72.2	100.5	1085	OK
 876	     0	73.6	104.3	1079	OK
 877	     0	70.7	100.6	1088	OK
 878	     0	73.1	103.4	1118	OK
 879	     0	71.8	102.6	1083	OK
 880	     0	70.1	102.0	1108	OK
 881	     0	74.0	102.6	1097	OK
 882	     0	70.9	100.9	1113	OK
 883	     0	71.5	100.6	1092	OK
 884	     0	72.5	106.3	1104	OK
 885	     0	72.0	102.0	1090	OK
 886	     0	72.9	103.6	1086	OK
 887	     0	75.0	105.6	1105	OK
 888	     0	71.2	101.6	1072	OK
 889	     0	72.6	100.7	1082	OK
 890	     0	73.2	101.3	1087	OK
 891	     0	71.8	101.1	1082	OK
 892	     0	77.3	107.7	1087	OK
 893	     0	72.7	101.5	1080	OK
 894	     0	72.9	102.6	1077	OK
 895	     0	74.0	102.6	1086	OK
 896	     0	69.9	99.4	1092	OK
 897	     0	69.8	101.2	1076	OK
 898	     0	67.8	96.1	1081	OK
 899	     0	72.8	102.0	1101	OK
 900	     0	70.3	100.6	1065	OK
 901	     0	70.4	100.4	1083	OK
 902	     0	72.5	103.7	1096	OK
 903	     0	73.0	105.0	1074	OK
 904	  4000	70.0	100.8	1105	high noise
 905	     0	70.3	100.6	1094	OK
 906	     0	70.0	99.8	1103	OK
 907	     0	71.0	101.6	1075	OK
 908	     0	72.4	102.4	1089	OK
 909	  4000	70.2	101.3	1109	high noise
 910	  4000	71.4	103.1	1114	high noise
 911	     0	68.9	98.9	1083	OK
 912	  4000	70.1	102.1	1110	high noise
 913	     0	72.1	102.1	1085	OK
 914	  4000	68.4	97.5	1109	high noise
 915	     0	70.7	102.9	1090	OK
 916	  4000	69.2	100.1	1106	high noise
 917	     0	71.6	97.8	1097	OK
 918	     0	71.6	98.1	1071	OK
 919	     0	69.2	100.3	1092	OK
 920	     0	70.6	100.1	1075	OK
 921	     0	70.9	101.0	1088	OK
 922	     0	72.7	100.2	1067	OK
 923	     0	70.6	99.8	1076	OK
 924	     0	70.7	99.8	1067	OK
 925	     0	70.7	100.9	1090	OK
 926	     0	69.6	99.5	1089	OK
 927	     0	72.3	104.8	1080	OK
 928	     0	73.8	102.6	1085	OK
 929	     0	71.9	102.5	1085	OK
 930	     0	72.9	100.8	1069	OK
 931	     0	70.7	99.8	1074	OK
 932	     0	71.7	103.1	1083	OK
 933	     0	70.5	101.2	1062	OK
 934	     0	71.8	100.6	1071	OK
 935	     0	69.8	103.3	1094	OK
 936	     0	70.9	102.0	1102	OK
 937	     0	70.1	102.9	1061	OK
 938	     0	72.9	103.1	1097	OK
 939	     0	71.2	103.2	1072	OK
 940	     0	70.0	100.1	1075	OK
 941	     0	68.6	100.1	1056	OK
 942	     0	71.2	100.7	1080	OK
 943	     0	72.9	103.9	1070	OK
 944	     0	72.5	104.3	1051	OK
 945	     0	68.8	97.8	1039	OK
 946	     0	69.6	100.6	1051	OK
 947	     0	70.9	100.0	1059	OK
 948	     0	69.5	99.1	1053	OK
 949	     0	70.8	101.0	1038	OK
 950	     0	71.3	101.2	1038	OK
 951	     0	69.6	100.9	1023	OK
 952	     0	69.1	99.1	1037	OK
 953	     0	73.1	102.7	1075	OK
 954	     0	71.1	104.0	1040	OK
 955	     0	71.8	103.3	1027	OK
 956	     0	71.2	101.2	1029	OK
 957	     0	73.8	104.5	1028	OK
 958	     0	70.7	102.8	1020	OK
 959	     0	71.1	101.1	1037	OK
 960	     0	70.4	101.5	1024	OK
 961	     0	72.9	103.8	1036	OK
 962	     0	69.9	100.7	1027	OK
 963	     0	70.2	99.9	1034	OK
 964	     0	72.2	102.8	1008	OK
 965	     0	68.4	100.4	1041	OK
 966	     0	71.5	101.5	1036	OK
 967	     0	68.0	98.9	1017	OK
 968	     0	68.2	97.2	1052	OK
 969	     0	68.3	101.4	1033	OK
 970	     0	70.2	100.4	1024	OK
 971	     0	67.8	96.8	1026	OK
 972	     0	72.8	101.2	1019	OK
 973	     0	68.5	99.3	1044	OK
 974	     0	70.0	98.5	 993	OK
 975	     0	70.8	101.6	1004	OK
 976	     0	72.8	101.3	1019	OK
 977	     0	69.4	97.1	1013	OK
 978	     0	70.2	100.0	1021	OK
 979	     0	71.7	102.4	1015	OK
 980	     0	70.4	100.1	1011	OK
 981	     0	68.7	98.6	1003	OK
 982	     0	70.8	100.9	1046	OK
 983	     0	70.9	102.5	1021	OK
 984	     0	70.4	102.4	1032	OK
 985	     0	71.6	102.7	1017	OK
 986	     0	68.1	97.3	1008	OK
 987	     0	68.6	99.1	1016	OK
 988	     0	71.2	103.5	1023	OK
 989	     0	68.9	98.4	1022	OK
 990	     0	69.4	98.8	1014	OK
 991	     0	69.7	100.9	 984	OK
 992	     0	69.3	99.1	1029	OK
 993	     0	67.8	95.3	1019	OK
 994	     0	70.8	103.4	1025	OK
 995	     0	69.1	100.7	1011	OK
 996	     0	68.6	98.2	1019	OK
 997	     0	69.1	97.4	1002	OK
 998	     0	69.0	99.5	1023	OK
 999	     0	69.8	101.5	1033	OK
1000	     0	67.2	97.7	1027	OK
1001	     0	70.5	99.4	1000	OK
1002	     0	69.6	99.5	1019	OK
1003	     0	68.1	98.7	1005	OK
1004	     0	69.2	99.4	 997	OK
1005	     0	68.1	97.8	1032	OK
1006	     0	70.8	102.6	1027	OK
1007	     0	72.3	101.4	1007	OK
1008	     0	69.6	101.1	1012	OK
1009	     0	69.7	98.5	1003	OK
1010	     0	73.5	100.8	1010	OK
1011	     0	69.9	98.7	 999	OK
1012	     0	73.4	103.9	1011	OK
1013	     0	71.5	102.0	1012	OK
1014	     0	68.5	98.8	1003	OK
1015	     0	69.0	99.3	 996	OK
1016	     0	68.0	99.5	1005	OK
1017	     0	66.9	97.2	1012	OK
1018	     0	70.9	101.8	1032	OK
1019	     0	69.9	99.0	1005	OK
1020	     0	70.1	99.8	 986	OK
1021	     0	71.7	99.6	 998	OK
1022	     0	72.6	105.1	1017	OK
1023	     0	72.7	103.3	1016	OK
1024	     0	73.7	104.5	1006	OK
1025	     0	76.1	105.9	1014	OK
1026	     0	74.8	104.2	 999	OK
1027	     0	74.8	102.7	 992	OK
1028	     0	75.4	104.5	1007	OK
1029	     0	73.3	102.9	1001	OK
1030	     0	74.2	104.1	 993	OK
1031	     0	74.7	106.1	 993	OK
1032	     0	75.1	106.4	1008	OK
1033	     0	73.4	105.7	1017	OK
1034	     0	75.0	105.7	1030	OK
1035	     0	74.3	103.6	 995	OK
1036	     0	71.9	103.6	1015	OK
1037	     0	73.3	102.5	1002	OK
1038	     0	74.2	103.4	1010	OK
1039	     0	75.5	108.6	1019	OK
1040	     0	75.9	105.7	 998	OK
1041	     0	74.7	108.4	1013	OK
1042	     0	72.1	100.1	 991	OK
1043	     0	75.3	105.8	1015	OK
1044	     0	75.9	106.5	1029	OK
1045	     0	74.6	105.9	1001	OK
1046	     0	73.8	105.4	1004	OK
1047	     0	74.7	104.3	1023	OK
1048	     0	74.7	107.7	1020	OK
1049	     0	75.4	104.7	1032	OK
1050	     0	73.3	102.5	1027	OK
1051	     0	74.5	106.3	1022	OK
1052	     0	75.6	107.3	1047	OK
1053	     0	73.1	103.4	1037	OK
1054	     0	72.7	104.5	1039	OK
1055	     0	73.0	103.2	1016	OK
1056	     0	75.0	105.2	1051	OK
1057	     0	75.2	107.7	1031	OK
1058	     0	73.7	105.6	1035	OK
1059	     0	74.7	104.4	1045	OK
1060	     0	74.6	105.1	1035	OK
1061	     0	75.7	106.3	1039	OK
1062	     0	73.5	102.7	1003	OK
1063	     0	73.3	104.4	1054	OK
1064	     0	73.6	103.1	1046	OK
1065	     0	75.9	105.2	1037	OK
1066	     0	73.8	103.5	1041	OK
1067	     0	72.6	103.5	1040	OK
1068	     0	75.8	105.6	1048	OK
1069	     0	70.3	98.3	1022	OK
1070	     0	72.7	103.5	1035	OK
1071	     0	75.5	105.4	1054	OK
1072	     0	73.2	104.2	1030	OK
1073	     0	74.3	105.1	1045	OK
1074	     0	74.5	105.6	1048	OK
1075	     0	75.3	105.2	1046	OK
1076	     0	77.4	106.0	1045	OK
1077	     0	72.9	102.0	1034	OK
1078	     0	72.4	102.4	1004	OK
1079	     0	74.6	105.4	1035	OK
1080	     0	74.6	104.7	1027	OK
1081	     0	74.8	102.7	1033	OK
1082	     0	74.2	104.7	1018	OK
1083	     0	75.8	108.1	1034	OK
1084	     0	74.1	101.9	1028	OK
1085	     0	76.8	105.7	1032	OK
1086	     0	74.8	104.0	1049	OK
1087	     0	76.1	107.1	1049	OK
1088	     0	71.8	104.0	1034	OK
1089	     0	72.9	105.0	1038	OK
1090	     0	76.3	105.3	1045	OK
1091	     0	74.7	102.9	1025	OK
1092	     0	73.4	102.5	1036	OK
1093	     0	72.9	101.4	1035	OK
1094	     0	75.9	105.7	1029	OK
1095	     0	75.9	107.6	1043	OK
1096	     0	74.1	105.3	1039	OK
1097	     0	76.7	106.3	1045	OK
1098	     0	75.5	104.7	1049	OK
1099	     0	74.1	102.0	1022	OK
1100	     0	74.8	105.2	1021	OK
1101	     0	73.9	105.5	1049	OK
1102	     0	73.7	101.7	1032	OK
1103	     0	74.8	104.8	1038	OK
1104	     0	72.1	103.5	1055	OK
1105	     0	74.5	105.5	1021	OK
1106	     0	74.1	102.6	1028	OK
1107	     0	76.8	103.8	1042	OK
1108	     0	77.0	107.2	1042	OK
1109	     0	75.6	104.3	1021	OK
1110	     0	74.3	102.0	1019	OK
1111	     0	73.8	105.7	1009	OK
1112	     0	73.8	103.3	1028	OK
1113	     0	74.7	105.6	1043	OK
1114	     0	74.2	105.0	1037	OK
1115	     0	74.4	105.1	1031	OK
1116	     0	75.6	103.6	1025	OK
1117	     0	74.6	106.5	1028	OK
1118	     0	76.8	107.3	1025	OK
1119	     0	74.3	105.1	1042	OK
1120	     0	75.9	114.5	1027	OK
1121	     0	73.0	103.1	1038	OK
1122	     0	74.6	104.8	1010	OK
1123	     0	77.4	108.0	1017	OK
1124	     0	74.2	102.6	1033	OK
1125	     0	75.0	111.2	1034	OK
1126	     0	75.6	104.5	1028	OK
1127	     0	73.1	102.2	1023	OK
1128	     0	75.6	103.6	1030	OK
1129	     0	74.7	104.2	1010	OK
1130	     0	76.6	105.6	1008	OK
1131	     0	74.4	104.1	1010	OK
1132	     0	74.4	105.6	1039	OK
1133	     0	72.7	103.6	1051	OK
1134	     0	74.9	105.4	1029	OK
1135	     0	75.3	106.4	1008	OK
1136	     0	71.8	102.9	1000	OK
1137	     0	74.9	106.3	1022	OK
1138	     0	75.3	104.5	1018	OK
1139	     0	76.6	105.7	1025	OK
1140	     0	73.9	103.4	1031	OK
1141	     0	74.3	103.6	1025	OK
1142	     0	74.2	105.1	1024	OK
1143	     0	75.5	107.1	1018	OK
1144	     0	74.9	106.2	1026	OK
1145	     0	77.4	107.8	1014	OK
1146	     0	77.1	106.4	1016	OK
1147	     0	74.8	104.4	1035	OK
1148	     0	74.8	103.5	1031	OK
1149	     0	75.8	105.0	 997	OK
1150	     0	77.8	108.9	1030	OK
1151	     0	74.9	104.0	1034	OK
1152	     0	74.5	103.4	1008	OK
1153	     0	74.0	103.2	1000	OK
1154	     0	73.3	103.8	1006	OK
1155	     0	73.5	107.4	1006	OK
1156	     0	72.7	101.3	1002	OK
1157	     0	73.0	102.8	 990	OK
1158	     0	76.4	106.7	1017	OK
1159	     0	72.8	104.8	1027	OK
1160	     0	74.8	104.9	1017	OK
1161	     0	75.7	108.5	1013	OK
1162	     0	73.2	103.2	 995	OK
1163	     0	75.3	105.6	1020	OK
1164	     0	73.5	104.7	1005	OK
1165	     0	73.0	104.5	1016	OK
1166	     0	72.9	103.4	1016	OK
1167	     0	73.8	106.1	1007	OK
1168	     0	74.7	107.1	1007	OK
1169	     0	72.8	104.0	 991	OK
1170	     0	72.6	104.6	 999	OK
1171	     0	73.9	105.3	1005	OK
1172	     0	75.0	105.9	 985	OK
1173	     0	74.9	105.8	1010	OK
1174	     0	75.5	105.6	 996	OK
1175	     0	73.6	103.7	 995	OK
1176	     0	72.3	101.8	 981	OK
1177	     0	70.4	99.6	1013	OK
1178	     0	74.5	107.5	1015	OK
1179	     0	74.0	106.0	1002	OK
1180	     0	70.7	103.7	1004	OK
1181	     0	71.4	101.7	 988	OK
1182	     0	73.5	105.9	 995	OK
1183	     0	73.1	105.1	1005	OK
1184	     0	73.0	101.6	 996	OK
1185	     0	72.1	100.7	1026	OK
1186	     0	72.5	102.8	1001	OK
1187	     0	73.1	105.2	1017	OK
1188	     0	74.5	106.2	1002	OK
1189	     0	72.5	106.1	 983	OK
1190	     0	73.5	104.2	1020	OK
1191	     0	71.5	99.9	 996	OK
1192	     0	72.1	101.7	 993	OK
1193	     0	76.0	103.6	1002	OK
1194	     0	72.1	102.1	1005	OK
1195	     0	70.3	100.5	 993	OK
1196	     0	72.4	101.6	1014	OK
1197	     0	71.8	100.9	1007	OK
1198	     0	73.0	104.0	1006	OK
1199	     0	72.6	102.4	1009	OK
1200	     0	71.3	102.8	1008	OK
1201	     0	71.7	102.9	1016	OK
1202	     0	71.2	101.3	1001	OK
1203	     0	73.9	105.8	1016	OK
1204	     0	70.8	101.5	 999	OK
1205	     0	72.7	101.0	1007	OK
1206	     0	70.4	101.4	1004	OK
1207	     0	70.8	100.8	1002	OK
1208	     0	72.7	103.1	 994	OK
1209	     0	73.1	103.3	 993	OK
1210	     0	71.0	102.8	1017	OK
1211	     0	74.0	103.9	1027	OK
1212	     0	71.4	103.2	 981	OK
1213	     0	72.5	104.6	1030	OK
1214	     0	73.3	105.4	1006	OK
1215	     0	74.4	103.6	1013	OK
1216	     0	72.6	102.8	1032	OK
1217	     0	71.2	100.5	 986	OK
1218	     0	70.3	103.2	1008	OK
1219	     0	72.1	106.0	 993	OK
1220	     0	68.4	99.7	1030	OK
1221	     0	71.1	102.5	 993	OK
1222	     0	73.0	100.9	1015	OK
1223	     0	71.6	103.3	 996	OK
1224	     0	72.5	104.6	1022	OK
1225	     0	71.0	99.4	1002	OK
1226	     0	71.8	101.2	 986	OK
1227	     0	69.5	101.0	1002	OK
1228	     0	72.0	102.1	1022	OK
1229	     0	71.2	100.9	1014	OK
1230	     0	72.5	101.9	 990	OK
1231	     0	70.3	100.7	 996	OK
1232	     0	70.2	100.5	1001	OK
1233	     0	70.9	100.5	 990	OK
1234	     0	69.7	100.0	 975	OK
1235	     0	70.0	101.0	 999	OK
1236	     0	72.0	100.9	 992	OK
1237	     0	70.0	98.6	1001	OK
1238	     0	72.1	102.3	 980	OK
1239	     0	72.6	103.5	1001	OK
1240	     0	70.1	101.7	1010	OK
1241	     0	75.2	107.3	1016	OK
1242	     0	72.2	104.3	 991	OK
1243	     0	72.1	103.2	 982	OK
1244	     0	72.6	103.8	1004	OK
1245	     0	69.2	98.2	 981	OK
1246	     0	70.2	100.5	 993	OK
1247	     0	71.4	101.3	 954	OK
1248	     0	72.6	102.7	 984	OK
1249	     0	68.6	99.0	1002	OK
1250	     0	71.6	102.8	1003	OK
1251	     0	71.2	102.7	 947	OK
1252	     0	72.0	100.2	 962	OK
1253	     0	72.2	102.4	 982	OK
1254	     0	73.3	105.2	 966	OK
1255	     0	69.5	102.0	 970	OK
1256	     0	70.7	100.9	 974	OK
1257	     0	68.7	99.1	 955	OK
1258	     0	70.1	101.4	 964	OK
1259	     0	72.9	103.7	 964	OK
1260	     0	69.4	99.2	 965	OK
1261	     0	70.1	101.4	 959	OK
1262	     0	71.5	103.4	 964	OK
1263	     0	71.2	101.1	 974	OK
1264	     0	70.7	100.4	 958	OK
1265	     0	70.0	101.0	 973	OK
1266	     0	69.9	100.9	 960	OK
1267	     0	70.3	103.3	 969	OK
1268	     0	72.5	104.1	 953	OK
1269	     0	71.8	103.1	 938	OK
1270	     0	69.9	102.1	 951	OK
1271	     0	71.4	101.7	 965	OK
1272	     0	74.4	105.3	 960	OK
1273	     0	71.7	103.2	 944	OK
1274	     0	70.4	101.2	 946	OK
1275	     0	72.3	100.8	 963	OK
1276	     0	70.4	100.5	 944	OK
1277	     0	71.7	102.9	 968	OK
1278	     0	71.5	103.9	 970	OK
1279	     0	73.7	104.6	1012	OK
1280	     0	72.7	99.6	1008	OK
1281	     0	69.4	101.1	 984	OK
1282	     0	70.3	101.2	 964	OK
1283	     0	71.3	100.6	 968	OK
1284	     0	71.8	103.0	 968	OK
1285	     0	68.1	99.8	 962	OK
1286	     0	68.5	98.5	 964	OK
1287	     0	70.1	100.8	 961	OK
1288	     0	69.7	100.7	 958	OK
1289	     0	67.0	97.7	 972	OK
1290	     0	70.6	99.8	 973	OK
1291	     0	68.9	101.1	 969	OK
1292	     0	72.0	102.5	 975	OK
1293	     0	68.6	100.3	 969	OK
1294	     0	71.1	99.6	 978	OK
1295	     0	70.5	102.7	 975	OK
1296	     0	67.0	97.8	1000	OK
1297	     0	70.0	99.7	 984	OK
1298	     0	69.1	100.2	 956	OK
1299	     0	69.7	102.1	 973	OK
1300	     0	69.2	100.2	 967	OK
1301	     0	66.9	98.7	 964	OK
1302	     0	70.8	100.1	 959	OK
1303	     0	70.5	100.9	 975	OK
1304	     0	67.8	99.3	 980	OK
1305	     0	70.4	99.7	 979	OK
1306	     0	71.4	103.1	 979	OK
1307	     0	69.2	99.3	 980	OK
1308	     0	69.0	98.9	 984	OK
1309	     0	68.3	101.8	 987	OK
1310	     0	69.0	101.2	 971	OK
1311	     0	67.9	98.1	 986	OK
1312	     0	70.6	102.8	 989	OK
1313	     0	67.5	97.7	 975	OK
1314	     0	69.2	98.9	 985	OK
1315	     0	69.1	101.4	 978	OK
1316	     0	68.5	99.2	 961	OK
1317	     0	69.2	100.2	 974	OK
1318	     0	70.0	100.3	 963	OK
1319	     0	68.9	99.1	 945	OK
1320	     0	69.6	102.4	 981	OK
1321	     0	68.7	99.1	 964	OK
1322	     0	68.6	100.1	 981	OK
1323	     0	67.4	96.6	 975	OK
1324	     0	68.1	99.1	 995	OK
1325	     0	68.7	99.5	 969	OK
1326	     0	68.2	100.1	 982	OK
1327	     0	67.0	98.1	 982	OK
1328	     0	68.7	97.7	 980	OK
1329	     0	67.9	97.1	 963	OK
1330	     0	67.8	97.7	 985	OK
1331	     0	70.9	101.3	 984	OK
1332	     0	71.0	100.4	 979	OK
1333	     0	68.8	99.6	 948	OK
1334	     0	71.9	102.3	 977	OK
1335	     0	66.6	99.0	 991	OK
1336	     0	68.0	100.9	 966	OK
1337	     0	71.8	101.1	 992	OK
1338	     0	68.0	98.4	 976	OK
1339	     0	68.4	98.5	 966	OK
1340	     0	69.2	98.4	 977	OK
1341	     0	69.8	100.1	 963	OK
1342	     0	67.9	97.8	 991	OK
1343	     0	71.6	101.9	 970	OK
1344	     0	68.7	100.9	 976	OK
1345	     0	66.2	96.8	 976	OK
1346	     0	68.4	98.8	 989	OK
1347	     0	67.0	98.4	 981	OK
1348	     0	70.8	99.3	 991	OK
1349	     0	67.2	99.4	 966	OK
1350	     0	68.2	100.7	 993	OK
1351	     0	68.3	98.6	1014	OK
1352	     0	67.9	98.3	 961	OK
1353	     0	68.2	99.2	 954	OK
1354	     0	65.6	97.1	 983	OK
1355	     0	67.4	98.4	1006	OK
1356	     0	67.2	98.4	 992	OK
1357	     0	67.4	100.5	 968	OK
1358	     0	68.6	97.4	 977	OK
1359	     0	67.3	98.9	 996	OK
1360	     0	69.3	98.9	 995	OK
1361	     0	68.4	100.2	 976	OK
1362	     0	67.1	97.1	 999	OK
1363	     0	67.8	97.2	1002	OK
1364	     0	67.3	99.7	 965	OK
1365	     0	67.5	98.0	 968	OK
1366	     0	67.2	98.7	 968	OK
1367	     0	65.2	98.0	 970	OK
1368	     0	69.5	101.3	 987	OK
1369	     0	68.7	100.2	 973	OK
1370	     0	69.9	99.2	 982	OK
1371	     0	67.4	98.9	 974	OK
1372	     0	67.2	97.4	 959	OK
1373	     0	68.0	99.9	 968	OK
1374	     0	70.3	102.2	 956	OK
1375	     0	68.7	98.7	 985	OK
1376	     0	68.6	97.8	 968	OK
1377	     0	64.9	96.4	 967	OK
1378	     0	69.3	98.7	 983	OK
1379	     0	70.1	100.2	 952	OK
1380	     0	67.8	99.7	 962	OK
1381	     0	68.7	97.6	 977	OK
1382	     0	68.5	97.7	 962	OK
1383	     0	67.6	96.6	 980	OK
1384	     0	68.6	99.2	 988	OK
1385	     0	68.0	98.7	 958	OK
1386	     0	67.1	98.0	 984	OK
1387	     0	67.2	99.4	 977	OK
1388	     0	67.6	99.5	 966	OK
1389	     0	68.2	101.3	 966	OK
1390	     0	68.7	99.1	 979	OK
1391	     0	68.5	100.1	 982	OK
1392	     0	68.8	98.7	 993	OK
1393	     0	68.3	97.7	 980	OK
1394	     0	68.3	97.1	 977	OK
1395	     0	68.0	98.2	 955	OK
1396	     0	65.5	96.9	 992	OK
1397	     0	65.8	97.6	 968	OK
1398	     0	68.7	97.9	 974	OK
1399	     0	67.2	98.2	 995	OK
1400	     0	67.1	97.5	 971	OK
1401	     0	67.6	96.7	 981	OK
1402	     0	68.5	99.5	 968	OK
1403	     0	69.2	100.6	 964	OK
1404	     0	67.4	96.3	 990	OK
1405	     0	67.9	99.1	 972	OK
1406	     0	67.8	100.2	 978	OK
1407	     0	70.2	100.6	 975	OK
1408	     0	74.1	105.4	 990	OK
1409	     0	72.0	104.1	 977	OK
1410	     0	71.8	102.2	 963	OK
1411	     0	74.6	105.9	 970	OK
1412	     0	72.7	103.5	 974	OK
1413	     0	73.9	104.8	 969	OK
1414	     0	74.2	103.2	 961	OK
1415	     0	73.2	106.4	 976	OK
1416	     0	73.0	105.2	 970	OK
1417	     0	71.7	104.3	 970	OK
1418	     0	73.7	102.1	 968	OK
1419	     0	72.5	103.9	 947	OK
1420	     0	73.5	105.6	 956	OK
1421	     0	72.3	104.1	 970	OK
1422	     0	70.8	104.5	 965	OK
1423	     0	73.5	103.4	 954	OK
1424	     0	73.4	105.6	 983	OK
1425	     0	71.6	102.7	 978	OK
1426	     0	70.5	104.0	 952	OK
1427	     0	75.0	108.0	 962	OK
1428	     0	72.9	105.0	 959	OK
1429	     0	71.9	102.5	 956	OK
1430	     0	74.4	105.3	 969	OK
1431	     0	73.0	107.1	 979	OK
1432	     0	69.1	100.7	 962	OK
1433	     0	76.0	107.7	 970	OK
1434	     0	73.0	104.0	 970	OK
1435	     0	73.8	104.8	 939	OK
1436	     0	70.6	99.9	 958	OK
1437	     0	70.9	101.2	 984	OK
1438	     0	73.1	104.5	 958	OK
1439	     0	70.9	101.7	 981	OK
1440	     0	73.1	102.4	 957	OK
1441	     0	71.5	101.6	 962	OK
1442	     0	72.1	102.2	 949	OK
1443	     0	71.3	104.2	 952	OK
1444	     0	73.5	105.5	 967	OK
1445	     0	72.7	102.4	 956	OK
1446	     0	75.0	104.0	 974	OK
1447	     0	73.2	102.9	 982	OK
1448	     0	72.8	102.9	 979	OK
1449	     0	73.6	104.1	 980	OK
1450	     0	74.3	102.2	 955	OK
1451	     0	72.5	104.5	 966	OK
1452	     0	73.6	106.3	 973	OK
1453	     0	72.0	102.6	 966	OK
1454	     0	72.0	102.0	 971	OK
1455	     0	75.7	106.8	 971	OK
1456	     0	76.1	104.3	 959	OK
1457	     0	73.5	105.6	 982	OK
1458	     0	73.6	104.8	 977	OK
1459	     0	74.4	105.0	 969	OK
1460	     0	72.3	103.3	 967	OK
1461	     0	73.3	103.9	 969	OK
1462	     0	72.5	101.9	 948	OK
1463	     0	72.2	103.4	 971	OK
1464	     0	73.6	103.7	 958	OK
1465	     0	73.1	103.8	 989	OK
1466	     0	72.8	103.6	 974	OK
1467	     0	75.5	104.5	 956	OK
1468	     0	75.0	105.1	 963	OK
1469	     0	73.1	106.4	 951	OK
1470	     0	73.6	104.2	 962	OK
1471	     0	76.8	106.4	 958	OK
1472	     0	71.7	102.3	 966	OK
1473	     0	72.0	102.2	 953	OK
1474	     0	72.5	105.0	 954	OK
1475	     0	72.5	103.4	 971	OK
1476	     0	73.0	104.3	 950	OK
1477	     0	73.9	102.9	 956	OK
1478	     0	73.5	107.4	 952	OK
1479	     0	72.6	102.6	 951	OK
1480	     0	69.8	101.0	 948	OK
1481	     0	72.2	103.4	 958	OK
1482	     0	71.0	101.5	 965	OK
1483	     0	74.9	107.2	 949	OK
1484	     0	73.9	105.7	 959	OK
1485	     0	72.4	103.4	 956	OK
1486	     0	74.4	103.0	 964	OK
1487	     0	72.3	105.6	 959	OK
1488	     0	72.9	102.8	 937	OK
1489	     0	73.0	101.9	 979	OK
1490	     0	75.0	107.6	 964	OK
1491	     0	71.2	102.6	 951	OK
1492	     0	74.5	104.7	 965	OK
1493	     0	71.8	103.1	 945	OK
1494	     0	71.4	104.0	 947	OK
1495	     0	74.2	102.8	 945	OK
1496	     0	73.6	103.7	 946	OK
1497	     0	70.7	101.2	 947	OK
1498	     0	73.9	105.8	 960	OK
1499	     0	75.2	105.6	 955	OK
1500	     0	71.2	102.0	 945	OK
1501	     0	72.8	102.1	 940	OK
1502	     0	70.7	101.3	 952	OK
1503	     0	72.7	103.7	 950	OK
1504	     0	71.9	103.4	 952	OK
1505	     0	72.9	103.4	 934	OK
1506	     0	73.8	105.1	 963	OK
1507	     0	73.3	102.2	 961	OK
1508	     0	70.8	103.9	 957	OK
1509	     0	74.2	102.7	 947	OK
1510	     0	73.2	105.9	 952	OK
1511	     0	73.9	105.7	 972	OK
1512	     0	76.1	106.8	 939	OK
1513	     0	75.0	105.6	 941	OK
1514	     0	73.1	103.1	 928	OK
1515	     0	72.4	103.9	 970	OK
1516	     0	76.1	107.3	 948	OK
1517	     0	73.4	103.8	 935	OK
1518	     0	72.0	104.2	 948	OK
1519	     0	74.1	103.2	 947	OK
1520	     0	73.6	104.5	 942	OK
1521	     0	71.6	103.0	 963	OK
1522	     0	72.0	103.9	 944	OK
1523	     0	70.5	102.2	 952	OK
1524	     0	71.2	100.3	 946	OK
1525	     0	72.0	101.6	 937	OK
1526	     0	75.5	105.6	 973	OK
1527	     0	73.6	106.0	 929	OK
1528	     0	74.5	103.6	 943	OK
1529	     0	78.1	107.0	 967	OK
1530	     0	75.1	104.4	 958	OK
1531	     0	73.5	103.5	 944	OK
1532	     0	75.2	106.3	 946	OK
1533	     0	74.4	103.4	 925	OK
1534	     0	74.1	103.7	 951	OK
1535	     0	73.8	106.6	 961	OK
1536	     0	71.7	101.2	 952	OK
1537	     0	73.4	104.0	 962	OK
1538	     0	74.1	103.0	 967	OK
1539	     0	75.5	103.9	 924	OK
1540	     0	76.4	108.4	 983	OK
1541	     0	73.7	103.5	 978	OK
1542	     0	72.9	105.4	 954	OK
1543	     0	74.8	104.7	 945	OK
1544	     0	74.9	106.4	 972	OK
1545	     0	73.7	103.3	 951	OK
1546	     0	73.1	102.2	 954	OK
1547	     0	75.4	107.5	 950	OK
1548	     0	72.4	102.5	 941	OK
1549	     0	73.3	101.4	 955	OK
1550	     0	73.2	104.4	 974	OK
1551	     0	73.6	104.7	 940	OK
1552	     0	74.1	103.9	 958	OK
1553	     0	73.8	104.3	 946	OK
1554	     0	75.2	106.3	 949	OK
1555	     0	73.2	103.5	 956	OK
1556	     0	75.0	105.1	 974	OK
1557	     0	74.4	106.4	 939	OK
1558	     0	72.8	103.6	 979	OK
1559	     0	74.3	104.3	 954	OK
1560	     0	74.1	104.5	 973	OK
1561	     0	74.5	106.2	 961	OK
1562	     0	72.0	102.0	 955	OK
1563	     0	71.7	102.7	 951	OK
1564	     0	72.1	102.9	 987	OK
1565	     0	70.5	100.5	 972	OK
1566	     0	74.3	105.0	 948	OK
1567	     0	71.5	103.1	 950	OK
1568	     0	72.8	105.2	 965	OK
1569	     0	72.1	103.0	 952	OK
1570	     0	71.3	102.7	 951	OK
1571	     0	74.1	106.1	 966	OK
1572	     0	71.4	103.1	 928	OK
1573	     0	74.2	104.1	 972	OK
1574	     0	72.7	102.8	 976	OK
1575	     0	72.8	104.5	 960	OK
1576	     0	73.1	102.7	 956	OK
1577	     0	75.0	105.9	 974	OK
1578	     0	74.5	103.3	 958	OK
1579	     0	71.4	103.8	 970	OK
1580	     0	72.6	105.1	 984	OK
1581	     0	70.7	103.0	 944	OK
1582	     0	72.1	103.6	 964	OK
1583	     0	71.5	103.5	 975	OK
1584	     0	71.3	101.2	 988	OK
1585	     0	73.1	103.3	 973	OK
1586	     0	72.1	100.6	 959	OK
1587	     0	70.4	100.2	 958	OK
1588	     0	72.9	101.7	 964	OK
1589	     0	71.4	102.9	 977	OK
1590	     0	75.3	106.3	 962	OK
1591	     0	73.5	106.0	 954	OK
1592	     0	72.3	103.8	 948	OK
1593	     0	70.7	101.4	 963	OK
1594	     0	75.5	107.6	 998	OK
1595	     0	75.3	104.4	 999	OK
1596	     0	73.2	104.7	 960	OK
1597	     0	72.5	102.1	 963	OK
1598	     0	73.4	102.6	 940	OK
1599	     0	71.9	100.9	 965	OK
1600	     0	72.5	100.8	 967	OK
1601	     0	71.9	104.1	 949	OK
1602	     0	71.0	101.2	 954	OK
1603	     0	70.2	99.1	 957	OK
1604	     0	72.9	104.0	 971	OK
1605	     0	70.8	102.5	 976	OK
1606	     0	69.4	101.9	 953	OK
1607	     0	70.2	101.8	 978	OK
1608	     0	70.1	101.6	 957	OK
1609	     0	70.1	99.0	 971	OK
1610	     0	71.5	102.1	 966	OK
1611	     0	70.5	101.9	 966	OK
1612	     0	71.5	102.9	 949	OK
1613	     0	72.0	102.4	 984	OK
1614	     0	71.4	102.7	 976	OK
1615	     0	70.5	102.0	 954	OK
1616	     0	71.1	101.8	 984	OK
1617	     0	72.7	104.5	 966	OK
1618	     0	72.0	102.1	 972	OK
1619	     0	71.6	102.9	 982	OK
1620	     0	73.5	104.5	 958	OK
1621	     0	72.1	103.8	 964	OK
1622	     0	71.2	102.2	 975	OK
1623	     0	70.4	100.4	 967	OK
1624	     0	70.1	100.9	 973	OK
1625	     0	68.5	99.3	 968	OK
1626	     0	70.4	103.4	 973	OK
1627	     0	69.6	99.6	 955	OK
1628	     0	69.8	102.1	 951	OK
1629	     0	70.0	100.0	 963	OK
1630	     0	68.7	99.3	 949	OK
1631	     0	70.4	100.1	 956	OK
1632	     0	69.7	103.2	 970	OK
1633	     0	69.3	100.9	 956	OK
1634	     0	71.5	100.8	 930	OK
1635	     0	70.3	100.7	 934	OK
1636	     0	67.6	98.4	 978	OK
1637	     0	71.2	102.6	 960	OK
1638	     0	70.8	102.4	 957	OK
1639	     0	70.1	102.2	 935	OK
1640	     0	71.4	100.6	 960	OK
1641	     0	68.9	99.1	 958	OK
1642	     0	68.4	98.9	 964	OK
1643	     0	72.2	102.5	 952	OK
1644	     0	71.9	102.5	 947	OK
1645	     0	71.8	103.2	 944	OK
1646	     0	71.1	101.9	 954	OK
1647	     0	69.0	99.9	 977	OK
1648	     0	73.3	104.9	 964	OK
1649	     0	69.1	98.9	 952	OK
1650	     0	71.9	102.8	 961	OK
1651	     0	66.7	97.2	 961	OK
1652	     0	73.9	103.4	 965	OK
1653	     0	70.2	101.4	 964	OK
1654	     0	69.8	102.5	 973	OK
1655	     0	69.8	100.3	 960	OK
1656	     0	71.3	103.7	 968	OK
1657	     0	70.5	101.4	 949	OK
1658	     0	71.3	100.2	 941	OK
1659	     0	70.7	100.7	 956	OK
1660	     0	69.2	99.0	 932	OK
1661	     0	71.2	102.8	 946	OK
1662	     0	70.6	99.2	 960	OK
1663	     0	71.8	102.6	 947	OK
1664	     0	70.3	99.5	 963	OK
1665	     0	71.0	101.1	 941	OK
1666	     0	69.6	100.4	 946	OK
1667	     0	71.2	102.3	 946	OK
1668	     0	70.7	100.9	 955	OK
1669	     0	70.9	99.9	 946	OK
1670	     0	68.7	99.2	 975	OK
1671	     0	67.4	96.9	 961	OK
1672	     0	68.1	99.0	 951	OK
1673	     0	69.4	100.3	 953	OK
1674	     0	70.1	100.1	 932	OK
1675	     0	71.9	102.6	 955	OK
1676	     0	70.4	101.3	 971	OK
1677	     0	70.6	99.1	 947	OK
1678	     0	68.2	98.9	 924	OK
1679	     0	67.9	99.4	 959	OK
1680	     0	70.5	101.5	 949	OK
1681	     0	71.1	103.8	 949	OK
1682	     0	70.2	100.4	 965	OK
1683	     0	69.1	98.4	 957	OK
1684	     0	69.0	99.6	 958	OK
1685	     0	69.0	100.7	 937	OK
1686	     0	68.4	99.7	 942	OK
1687	     0	70.3	100.4	 945	OK
1688	     0	69.6	100.6	 954	OK
1689	     0	70.0	99.1	 945	OK
1690	     0	69.8	100.0	 943	OK
1691	     0	70.1	100.0	 947	OK
1692	     0	68.9	99.9	 946	OK
1693	     0	69.6	100.7	 938	OK
1694	     0	71.0	101.6	 963	OK
1695	     0	69.6	101.4	 949	OK
1696	     0	69.8	101.5	 935	OK
1697	     0	70.8	101.7	 951	OK
1698	     0	70.0	101.3	 945	OK
1699	     0	69.5	98.1	 931	OK
1700	     0	69.2	100.6	 921	OK
1701	     0	70.0	100.8	 940	OK
1702	     0	70.4	100.3	 972	OK
1703	     0	70.4	101.1	 932	OK
1704	     0	69.5	99.2	 968	OK
1705	     0	68.9	99.1	 933	OK
1706	     0	69.8	100.4	 965	OK
1707	     0	68.9	99.6	 948	OK
1708	     0	68.3	98.8	 957	OK
1709	     0	68.3	98.2	 964	OK
1710	     0	69.6	100.6	 959	OK
1711	     0	69.0	100.2	 949	OK
1712	     0	66.8	97.8	 944	OK
1713	     0	69.0	100.6	 952	OK
1714	     0	70.0	100.4	 971	OK
1715	     0	69.3	101.1	 939	OK
1716	     0	70.8	101.6	 960	OK
1717	     0	67.8	100.0	 963	OK
1718	     0	69.2	97.9	 934	OK
1719	     0	71.0	101.7	 951	OK
1720	     0	68.2	98.9	 960	OK
1721	     0	66.9	96.1	 938	OK
1722	     0	70.0	101.7	 955	OK
1723	     0	71.2	100.7	 956	OK
1724	     0	70.9	99.4	 927	OK
1725	     0	69.6	99.4	 944	OK
1726	     0	70.1	99.6	 931	OK
1727	     0	69.5	101.1	 956	OK
1728	     0	70.1	101.6	 953	OK
1729	     0	68.3	99.3	 924	OK
1730	     0	68.0	98.9	 959	OK
1731	     0	70.2	99.5	 943	OK
1732	     0	70.5	99.1	 939	OK
1733	     0	69.3	99.2	 938	OK
1734	     0	67.9	97.8	 929	OK
1735	     0	68.9	99.6	 951	OK
1736	     0	70.6	99.7	 930	OK
1737	     0	67.4	98.7	 945	OK
1738	     0	68.8	100.4	 940	OK
1739	     0	68.0	97.6	 957	OK
1740	     0	69.8	101.7	 950	OK
1741	     0	68.4	99.5	 941	OK
1742	     0	66.7	96.5	 952	OK
1743	     0	68.9	98.1	 937	OK
1744	     0	70.2	99.6	 913	OK
1745	     0	71.3	99.2	 938	OK
1746	     0	69.1	99.1	 937	OK
1747	     0	69.7	99.8	 937	OK
1748	     0	69.9	99.2	 943	OK
1749	     0	70.3	100.6	 949	OK
1750	     0	70.0	99.3	 941	OK
1751	     0	70.8	100.7	 945	OK
1752	     0	68.7	99.6	 919	OK
1753	     0	67.9	97.6	 932	OK
1754	     0	70.3	101.2	 937	OK
1755	     0	71.2	103.0	 940	OK
1756	     0	67.3	97.0	 938	OK
1757	     0	70.5	102.5	 938	OK
1758	     0	72.6	103.0	 951	OK
1759	     0	70.8	102.1	 944	OK
1760	     0	68.9	101.1	 943	OK
1761	     0	68.8	101.5	 935	OK
1762	     0	67.3	98.1	 957	OK
1763	     0	68.3	99.5	 938	OK
1764	     0	68.7	100.8	 935	OK
1765	     0	70.5	101.3	 934	OK
1766	     0	69.4	99.2	 951	OK
1767	     0	70.9	100.3	 932	OK
1768	     0	70.8	101.3	 941	OK
1769	     0	71.5	100.5	 938	OK
1770	     0	68.2	100.5	 936	OK
1771	     0	71.0	102.3	 934	OK
1772	     0	68.8	97.5	 920	OK
1773	     0	68.8	98.1	 937	OK
1774	     0	68.8	99.5	 939	OK
1775	     0	70.5	100.9	 937	OK
1776	     0	72.6	103.0	 938	OK
1777	     0	69.7	99.9	 939	OK
1778	     0	70.6	101.2	 954	OK
1779	     0	70.9	102.4	 917	OK
1780	     0	70.8	100.4	 954	OK
1781	     0	68.2	100.2	 954	OK
1782	     0	69.4	99.4	 922	OK
1783	     0	70.4	100.3	 939	OK
1784	     0	69.3	100.8	 941	OK
1785	     0	68.0	97.0	 927	OK
1786	     0	70.8	101.4	 942	OK
1787	     0	69.2	99.1	 932	OK
1788	     0	71.0	101.5	 946	OK
1789	     0	71.0	104.2	 945	OK
1790	     0	70.8	101.8	 942	OK
1791	     0	71.0	102.8	 941	OK
1792	     0	69.5	99.2	 963	OK
1793	     0	68.3	101.3	 958	OK
1794	     0	70.3	99.5	 939	OK
1795	     0	65.8	97.3	 976	OK
1796	     0	67.0	97.1	 988	OK
1797	     0	69.6	99.0	 954	OK
1798	     0	67.8	100.6	 946	OK
1799	     0	67.9	97.6	 963	OK
1800	     0	68.1	98.8	 938	OK
1801	     0	70.2	101.2	 963	OK
1802	     0	69.1	102.2	 959	OK
1803	     0	67.8	99.6	 936	OK
1804	     0	67.1	98.9	 968	OK
1805	     0	67.8	98.4	 964	OK
1806	     0	67.6	100.6	 955	OK
1807	     0	68.4	100.2	 950	OK
1808	     0	68.2	98.2	 972	OK
1809	     0	69.4	99.6	 948	OK
1810	     0	69.0	101.3	 971	OK
1811	     0	67.5	98.7	 976	OK
1812	     0	67.5	98.7	 965	OK
1813	     0	68.4	99.5	 959	OK
1814	     0	70.9	101.8	 955	OK
1815	     0	68.8	101.2	 968	OK
1816	     0	67.9	100.3	 954	OK
1817	     0	68.0	98.3	 952	OK
1818	     0	69.6	99.2	 963	OK
1819	     0	64.6	95.7	 986	OK
1820	     0	67.9	99.2	 947	OK
1821	     0	69.3	102.9	 979	OK
1822	     0	68.2	98.2	 957	OK
1823	     0	66.0	96.3	 970	OK
1824	     0	68.1	98.4	 981	OK
1825	     0	67.5	97.6	 943	OK
1826	     0	70.7	102.3	 973	OK
1827	     0	68.0	98.9	 955	OK
1828	     0	70.5	100.5	 961	OK
1829	     0	69.6	100.6	 941	OK
1830	     0	68.3	98.5	 977	OK
1831	     0	66.1	95.2	 964	OK
1832	     0	69.2	99.0	 970	OK
1833	     0	69.8	101.4	 958	OK
1834	     0	67.3	98.7	 949	OK
1835	     0	68.1	99.9	 965	OK
1836	     0	67.0	96.7	 974	OK
1837	     0	66.8	98.9	 951	OK
1838	     0	68.9	100.3	 961	OK
1839	     0	69.6	99.3	 951	OK
1840	     0	66.8	98.7	 951	OK
1841	     0	69.5	102.1	 966	OK
1842	     0	67.1	99.2	 980	OK
1843	     0	67.4	98.2	 989	OK
1844	     0	69.7	102.5	 959	OK
1845	     0	68.0	99.4	 961	OK
1846	     0	68.3	97.8	 944	OK
1847	     0	68.6	99.9	 951	OK
1848	     0	69.1	100.7	 978	OK
1849	     0	70.0	99.8	 942	OK
1850	     0	68.9	97.9	 979	OK
1851	     0	70.3	99.2	 958	OK
1852	     0	69.4	98.6	 952	OK
1853	     0	67.3	97.7	 957	OK
1854	     0	67.4	99.0	 945	OK
1855	     0	69.3	100.7	 952	OK
1856	     0	67.3	99.2	 955	OK
1857	     0	67.8	98.6	 955	OK
1858	     0	66.6	98.4	 961	OK
1859	     0	68.9	100.7	 944	OK
1860	     0	69.3	97.6	 961	OK
1861	     0	69.9	99.8	 983	OK
1862	     0	67.2	100.9	 956	OK
1863	     0	68.7	100.1	 962	OK
1864	     0	69.0	102.0	 937	OK
1865	     0	65.7	96.4	 951	OK
1866	     0	69.9	100.4	 943	OK
1867	     0	68.4	99.6	 983	OK
1868	     0	71.5	103.0	 946	OK
1869	     0	67.9	98.7	 974	OK
1870	     0	67.1	98.2	 959	OK
1871	     0	70.2	99.6	 938	OK
1872	     0	68.8	100.8	 965	OK
1873	     0	66.9	98.6	 970	OK
1874	     0	68.2	99.3	 962	OK
1875	     0	68.6	101.6	 971	OK
1876	     0	68.4	99.3	 964	OK
1877	     0	69.2	101.6	 956	OK
1878	     0	67.1	99.6	 932	OK
1879	     0	69.2	99.3	 955	OK
1880	     0	69.6	102.3	 978	OK
1881	     0	68.3	99.1	 962	OK
1882	     0	69.6	100.7	 962	OK
1883	     0	69.0	101.6	 965	OK
1884	     0	68.6	101.8	 960	OK
1885	     0	67.3	96.6	 962	OK
1886	     0	69.9	99.7	 957	OK
1887	     0	69.3	101.1	 941	OK
1888	     0	68.2	98.6	 944	OK
1889	     0	67.9	98.8	 970	OK
1890	     0	69.3	99.6	 953	OK
1891	     0	69.5	99.3	 961	OK
1892	     0	69.4	98.3	 939	OK
1893	     0	66.5	97.7	 969	OK
1894	     0	69.1	99.2	 943	OK
1895	     0	70.7	103.2	 948	OK
1896	     0	68.8	99.9	 958	OK
1897	     0	71.1	99.3	 951	OK
1898	     0	71.1	101.8	 933	OK
1899	     0	67.7	98.2	 958	OK
1900	     0	69.5	99.7	 950	OK
1901	     0	69.9	100.2	 973	OK
1902	     0	69.2	102.0	 964	OK
1903	     0	71.3	99.5	 957	OK
1904	     0	70.0	99.9	 947	OK
1905	     0	71.7	102.1	 952	OK
1906	     0	67.7	98.4	 947	OK
1907	     0	67.8	99.3	 948	OK
1908	     0	68.4	98.2	 967	OK
1909	     0	68.2	99.1	 954	OK
1910	     0	71.1	101.7	 939	OK
1911	     0	68.0	101.4	 949	OK
1912	     0	71.2	101.5	 960	OK
1913	     0	70.7	100.6	 962	OK
1914	     0	72.6	104.4	 958	OK
1915	     0	70.6	99.9	 931	OK
1916	     0	72.2	104.2	 954	OK
1917	     0	70.1	98.8	 955	OK
1918	     0	71.2	102.7	 953	OK
1919	     0	70.4	102.9	 933	OK
1920	     0	73.3	104.7	 978	OK
1921	     0	72.6	101.4	 953	OK
1922	     0	72.7	101.9	 984	OK
1923	     0	76.3	104.2	 971	OK
1924	     0	73.4	104.7	 972	OK
1925	     0	71.8	101.5	 975	OK
1926	     0	74.4	106.3	 989	OK
1927	     0	70.6	101.4	 963	OK
1928	     0	73.7	102.9	 951	OK
1929	     0	74.3	103.9	 951	OK
1930	     0	75.0	106.9	 992	OK
1931	     0	73.3	103.5	 953	OK
1932	     0	70.1	101.0	 976	OK
1933	     0	69.0	98.4	 969	OK
1934	     0	73.9	105.0	 966	OK
1935	     0	72.9	104.7	 969	OK
1936	     0	72.6	103.3	 955	OK
1937	     0	69.8	99.5	 988	OK
1938	     0	74.2	106.8	 993	OK
1939	     0	71.9	105.5	 967	OK
1940	     0	72.5	103.8	 955	OK
1941	     0	71.0	104.0	 965	OK
1942	     0	72.9	103.9	 972	OK
1943	     0	71.1	102.6	 982	OK
1944	     0	73.3	104.4	 979	OK
1945	     0	72.8	104.6	 981	OK
1946	     0	71.8	103.0	 991	OK
1947	     0	72.8	103.4	 953	OK
1948	     0	72.8	104.0	 977	OK
1949	     0	70.7	102.2	 970	OK
1950	     0	71.6	104.2	 974	OK
1951	     0	73.2	103.5	 950	OK
1952	     0	72.0	104.0	 973	OK
1953	     0	72.5	102.9	 968	OK
1954	     0	69.7	102.5	 980	OK
1955	     0	73.6	102.0	 988	OK
1956	     0	71.5	100.2	 962	OK
1957	     0	71.5	102.7	 972	OK
1958	     0	70.4	102.5	 985	OK
1959	     0	72.2	103.7	 965	OK
1960	     0	73.4	102.3	 961	OK
1961	     0	72.2	102.4	 968	OK
1962	     0	74.7	105.9	 988	OK
1963	     0	72.2	103.6	 982	OK
1964	     0	71.7	103.1	 943	OK
1965	     0	73.4	104.2	 956	OK
1966	     0	71.4	102.9	 971	OK
1967	     0	72.9	103.1	 979	OK
1968	     0	72.1	102.5	 955	OK
1969	     0	73.5	103.2	 965	OK
1970	     0	71.8	104.2	 957	OK
1971	     0	71.2	103.2	 990	OK
1972	     0	72.0	104.0	 966	OK
1973	     0	72.4	101.5	 960	OK
1974	     0	73.1	102.2	 963	OK
1975	     0	71.4	102.7	 974	OK
1976	     0	72.9	106.2	 995	OK
1977	     0	73.4	105.4	 977	OK
1978	     0	72.3	101.8	 995	OK
1979	     0	73.6	107.2	 991	OK
1980	     0	75.3	107.8	 989	OK
1981	     0	72.2	103.1	 974	OK
1982	     0	73.9	105.2	 947	OK
1983	     0	74.2	105.7	 982	OK
1984	     0	71.5	102.5	 976	OK
1985	     0	70.6	100.0	1006	OK
1986	     0	70.0	100.3	 989	OK
1987	     0	68.3	100.3	 972	OK
1988	     0	70.7	103.4	 990	OK
1989	     0	71.6	101.1	 975	OK
1990	     0	70.6	103.3	 990	OK
1991	     0	73.1	103.5	 978	OK
1992	     0	73.2	106.3	 978	OK
1993	     0	73.6	105.6	 991	OK
1994	     0	72.2	103.2	 979	OK
1995	     0	72.0	101.8	 972	OK
1996	     0	71.7	102.1	 971	OK
1997	     0	71.5	102.8	 989	OK
1998	     0	69.2	101.2	1000	OK
1999	     0	71.2	101.8	 958	OK
2000	     0	73.0	101.5	 974	OK
2001	     0	70.2	102.8	 987	OK
2002	     0	71.2	100.9	 966	OK
2003	     0	72.2	102.4	 977	OK
2004	     0	69.5	102.6	 982	OK
2005	     0	70.8	101.3	 954	OK
2006	     0	69.8	100.5	 981	OK
2007	     0	69.6	101.0	 990	OK
2008	     0	70.6	102.3	 961	OK
2009	     0	69.3	98.9	 991	OK
2010	     0	71.7	99.6	 980	OK
2011	     0	71.3	101.4	 963	OK
2012	     0	69.7	99.8	 967	OK
2013	     0	71.7	100.5	 992	OK
2014	     0	71.6	100.9	 973	OK
2015	     0	71.8	101.6	 978	OK
2016	     0	70.6	100.4	 977	OK
2017	     0	72.6	103.7	 984	OK
2018	     0	71.4	103.4	 983	OK
2019	     0	69.8	100.1	 966	OK
2020	     0	71.4	99.8	 989	OK
2021	     0	70.6	101.2	 970	OK
2022	     0	69.6	98.4	 984	OK
2023	     0	68.7	99.0	 978	OK
2024	     0	72.9	102.5	 983	OK
2025	     0	72.4	101.8	 979	OK
2026	     0	72.8	103.7	 989	OK
2027	     0	72.7	104.8	 974	OK
2028	     0	69.4	100.7	 992	OK
2029	     0	70.9	102.1	 974	OK
2030	     0	70.9	104.5	 987	OK
2031	     0	71.6	102.9	 968	OK
2032	     0	71.0	102.6	1002	OK
2033	     0	73.8	103.3	 965	OK
2034	     0	72.7	105.4	 985	OK
2035	     0	73.5	104.2	 951	OK
2036	     0	72.3	102.3	 974	OK
2037	     0	69.7	101.1	 982	OK
2038	     0	72.4	102.8	 984	OK
2039	     0	72.1	103.4	 977	OK
2040	     0	71.2	99.3	 956	OK
2041	     0	70.4	101.1	 969	OK
2042	     0	72.4	104.2	1002	OK
2043	     0	71.6	102.6	 973	OK
2044	     0	72.9	102.0	 958	OK
2045	     0	72.8	101.0	 965	OK
2046	     0	72.1	100.8	 963	OK
2047	     0	72.4	102.2	 988	OK
2048	     0	74.5	103.4	 991	OK
2049	     0	71.3	100.9	 995	OK
2050	     0	68.1	98.7	 971	OK
2051	     0	73.1	103.8	 978	OK
2052	     0	71.4	104.7	 985	OK
2053	     0	72.1	101.1	1001	OK
2054	     0	74.3	105.1	 990	OK
2055	     0	70.3	102.0	 985	OK
2056	     0	72.6	103.4	 981	OK
2057	     0	76.2	105.0	 995	OK
2058	     0	70.5	100.1	1000	OK
2059	     0	71.7	102.9	1012	OK
2060	     0	71.1	99.3	 995	OK
2061	     0	72.3	103.8	 999	OK
2062	     0	71.9	102.7	1003	OK
2063	     0	71.3	100.0	 988	OK
2064	     0	71.7	102.7	1014	OK
2065	     0	69.1	100.0	 980	OK
2066	     0	71.8	102.2	1007	OK
2067	     0	69.8	99.7	 980	OK
2068	     0	72.0	100.8	 972	OK
2069	     0	72.2	99.9	 995	OK
2070	     0	70.7	100.4	 983	OK
2071	     0	71.4	101.3	1009	OK
2072	     0	73.8	104.6	 965	OK
2073	     0	70.1	99.2	 993	OK
2074	     0	72.2	104.3	1004	OK
2075	     0	71.1	102.3	 991	OK
2076	     0	73.0	103.4	 992	OK
2077	     0	72.3	104.3	 987	OK
2078	     0	70.8	103.7	 995	OK
2079	     0	71.8	102.7	 987	OK
2080	     0	71.3	101.1	 980	OK
2081	     0	71.1	102.3	1008	OK
2082	     0	70.8	101.8	 990	OK
2083	     0	71.5	102.4	 984	OK
2084	     0	71.0	102.8	 992	OK
2085	     0	71.6	100.3	 967	OK
2086	     0	71.2	102.4	 981	OK
2087	     0	71.6	103.2	1000	OK
2088	     0	72.6	103.5	 996	OK
2089	     0	71.9	101.8	 989	OK
2090	     0	70.4	101.4	1008	OK
2091	     0	68.6	100.9	 988	OK
2092	     0	73.4	106.7	1012	OK
2093	     0	72.3	103.2	 979	OK
2094	     0	72.7	102.4	 997	OK
2095	     0	70.3	100.0	1006	OK
2096	     0	71.2	102.6	 998	OK
2097	     0	71.6	101.2	 982	OK
2098	     0	70.7	101.4	1016	OK
2099	     0	70.5	101.3	 994	OK
2100	     0	72.4	101.5	1005	OK
2101	     0	71.5	104.1	 995	OK
2102	     0	73.2	102.6	 985	OK
2103	     0	72.2	101.7	 978	OK
2104	     0	72.5	104.1	1009	OK
2105	     0	74.6	104.9	 996	OK
2106	     0	75.2	104.8	 982	OK
2107	     0	71.4	103.3	1024	OK
2108	     0	72.4	104.3	 998	OK
2109	     0	74.5	105.5	1002	OK
2110	     0	71.4	100.7	 998	OK
2111	     0	73.8	103.2	 983	OK
2112	     0	71.8	103.8	 997	OK
2113	     0	74.2	106.5	 976	OK
2114	     0	72.3	103.7	 983	OK
2115	     0	72.3	103.0	 999	OK
2116	     0	70.9	102.3	 988	OK
2117	     0	74.9	107.6	 974	OK
2118	     0	69.9	101.4	 998	OK
2119	     0	70.0	100.6	 989	OK
2120	     0	70.8	102.2	 988	OK
2121	     0	73.4	106.3	1013	OK
2122	     0	72.5	104.0	 987	OK
2123	     0	70.4	103.4	 983	OK
2124	     0	70.0	99.4	 992	OK
2125	     0	72.6	100.8	 982	OK
2126	     0	71.1	102.5	 984	OK
2127	     0	71.3	100.8	 999	OK
2128	     0	70.9	102.1	 994	OK
2129	     0	69.0	100.5	 989	OK
2130	     0	69.4	98.1	 965	OK
2131	     0	72.2	103.9	 981	OK
2132	     0	73.5	103.5	 975	OK
2133	     0	69.0	99.8	 991	OK
2134	     0	71.8	103.6	 983	OK
2135	     0	70.7	102.8	 987	OK
2136	     0	74.7	108.2	1000	OK
2137	     0	70.8	103.0	 982	OK
2138	     0	72.3	101.8	 981	OK
2139	     0	69.6	99.4	 982	OK
2140	     0	74.4	105.9	 998	OK
2141	     0	70.0	99.0	 996	OK
2142	     0	71.8	102.6	 976	OK
2143	     0	70.0	102.8	 989	OK
2144	     0	71.8	102.3	 973	OK
2145	     0	74.5	105.4	 977	OK
2146	     0	71.5	101.9	 995	OK
2147	     0	71.7	102.7	 950	OK
2148	     0	72.2	101.3	 989	OK
2149	     0	71.6	103.7	1001	OK
2150	     0	70.9	108.4	 975	OK
2151	     0	70.0	101.7	 979	OK
2152	     0	70.9	103.4	1006	OK
2153	     0	71.0	101.7	 967	OK
2154	     0	71.2	100.5	 972	OK
2155	     0	73.1	105.8	 985	OK
2156	     0	72.0	102.1	 979	OK
2157	     0	74.5	106.3	 992	OK
2158	     0	72.3	103.9	 962	OK
2159	     0	72.1	101.7	 980	OK
2160	     0	72.2	104.3	 977	OK
2161	     0	71.9	102.8	 982	OK
2162	     0	72.1	103.6	 980	OK
2163	     0	72.5	103.3	 972	OK
2164	     0	73.1	102.7	 986	OK
2165	     0	73.2	104.9	 969	OK
2166	     0	74.0	106.8	 985	OK
2167	     0	72.6	103.3	 973	OK
2168	     0	70.5	102.3	 987	OK
2169	     0	72.3	103.2	 964	OK
2170	     0	72.4	104.0	 992	OK
2171	     0	75.3	107.2	 982	OK
2172	     0	71.7	103.2	 973	OK
2173	     0	71.9	104.5	 968	OK
2174	     0	70.7	99.2	 980	OK
2175	     0	73.9	102.0	 995	OK
2176	     0	71.2	101.3	 969	OK
2177	     0	70.2	101.8	 993	OK
2178	     0	69.2	102.0	 972	OK
2179	     0	69.1	98.7	 996	OK
2180	     0	69.6	99.3	 987	OK
2181	     0	69.7	100.8	 985	OK
2182	     0	69.1	100.4	 978	OK
2183	     0	70.7	102.2	 971	OK
2184	     0	71.8	101.1	 979	OK
2185	     0	68.1	97.7	 971	OK
2186	     0	70.9	101.7	 974	OK
2187	     0	68.8	99.7	 980	OK
2188	     0	70.0	101.7	 985	OK
2189	     0	72.0	104.7	 998	OK
2190	     0	68.7	97.6	 960	OK
2191	     0	71.4	101.2	 995	OK
2192	     0	70.7	100.8	 954	OK
2193	     0	71.2	102.0	 986	OK
2194	     0	71.0	103.1	 980	OK
2195	     0	71.8	102.7	1008	OK
2196	     0	68.3	98.2	 983	OK
2197	     0	69.5	103.1	1007	OK
2198	     0	70.7	102.2	1002	OK
2199	     0	73.1	105.5	 990	OK
2200	     0	71.8	104.3	 974	OK
2201	     0	69.9	99.5	 974	OK
2202	     0	69.8	99.5	 972	OK
2203	     0	71.3	103.4	 980	OK
2204	     0	71.2	102.9	 975	OK
2205	     0	72.4	104.4	 993	OK
2206	     0	68.6	100.0	1004	OK
2207	     0	72.1	102.6	 983	OK
2208	     0	71.1	102.0	 983	OK
2209	     0	72.9	104.6	 978	OK
2210	     0	69.8	102.3	 989	OK
2211	     0	72.6	102.1	 979	OK
2212	     0	70.9	101.0	 993	OK
2213	     0	70.9	102.6	 999	OK
2214	     0	70.7	99.6	 988	OK
2215	     0	69.6	100.4	 982	OK
2216	     0	72.8	104.1	 988	OK
2217	     0	71.7	102.2	 973	OK
2218	     0	69.7	98.5	 988	OK
2219	     0	71.0	100.9	 979	OK
2220	     0	71.7	103.5	 971	OK
2221	     0	70.9	100.3	 985	OK
2222	     0	71.5	102.6	 994	OK
2223	     0	66.7	98.5	 987	OK
2224	     0	68.8	100.4	 980	OK
2225	     0	70.9	100.3	 999	OK
2226	     0	69.5	99.8	1007	OK
2227	     0	67.5	99.9	 987	OK
2228	     0	70.3	102.5	 998	OK
2229	     0	69.9	100.3	 971	OK
2230	     0	70.1	100.6	 991	OK
2231	     0	71.6	103.2	1006	OK
2232	     0	69.8	100.0	 979	OK
2233	     0	71.3	98.9	 975	OK
2234	     0	68.8	98.9	1001	OK
2235	     0	70.2	100.3	 999	OK
2236	     0	70.6	102.9	 986	OK
2237	     0	71.1	102.0	 973	OK
2238	     0	70.0	98.8	 977	OK
2239	     0	74.1	103.4	 990	OK
2240	     0	68.8	99.0	1004	OK
2241	     0	70.4	100.6	 996	OK
2242	     0	71.5	100.8	 990	OK
2243	     0	70.1	101.6	1000	OK
2244	     0	67.3	97.6	 991	OK
2245	     0	68.5	99.9	 978	OK
2246	     0	68.2	96.2	1009	OK
2247	     0	69.3	99.7	 990	OK
2248	     0	68.3	100.9	1003	OK
2249	     0	69.0	99.4	 988	OK
2250	     0	69.1	101.8	1005	OK
2251	     0	68.5	99.1	 994	OK
2252	     0	69.5	99.4	 993	OK
2253	     0	70.6	102.3	 985	OK
2254	     0	70.4	99.3	 997	OK
2255	     0	69.6	100.8	1001	OK
2256	     0	68.6	99.7	 974	OK
2257	     0	68.6	99.0	 978	OK
2258	     0	68.6	99.7	1002	OK
2259	     0	68.6	100.2	 988	OK
2260	     0	67.6	99.3	1001	OK
2261	     0	68.9	99.0	 970	OK
2262	     0	68.7	100.2	 977	OK
2263	     0	71.5	100.6	 986	OK
2264	     0	66.8	99.1	 990	OK
2265	     0	69.7	101.4	 987	OK
2266	     0	69.4	101.9	 991	OK
2267	     0	67.3	99.3	 969	OK
2268	     0	68.6	98.8	 991	OK
2269	     0	67.0	97.8	 991	OK
2270	     0	71.2	102.1	 975	OK
2271	     0	70.7	101.3	1010	OK
2272	     0	69.3	100.0	 997	OK
2273	     0	69.2	101.2	 981	OK
2274	     0	67.4	99.4	 999	OK
2275	     0	71.8	102.1	1002	OK
2276	     0	68.7	99.6	 971	OK
2277	     0	72.6	104.0	 992	OK
2278	     0	71.7	101.2	 992	OK
2279	     0	67.8	98.8	 993	OK
2280	     0	69.0	100.7	 993	OK
2281	     0	68.5	100.2	 964	OK
2282	     0	69.0	98.9	1005	OK
2283	     0	69.5	99.6	 951	OK
2284	     0	69.2	99.5	 972	OK
2285	     0	69.1	98.8	 972	OK
2286	     0	68.2	101.3	 975	OK
2287	     0	67.5	97.9	 972	OK
2288	     0	70.9	102.2	 986	OK
2289	     0	70.4	104.2	 957	OK
2290	     0	67.9	98.4	 986	OK
2291	     0	70.0	100.0	 980	OK
2292	     0	71.7	101.2	 992	OK
2293	     0	69.3	99.7	 992	OK
2294	     0	70.1	100.1	 999	OK
2295	     0	68.8	100.3	 972	OK
2296	     0	69.8	99.5	 999	OK
2297	     0	71.8	101.7	 962	OK
2298	     0	69.9	101.9	 986	OK
2299	     0	70.2	101.9	 979	OK
2300	     0	68.2	100.1	 972	OK
2301	     0	71.5	102.0	 976	OK
2302	     0	72.0	102.5	 975	OK
2303	     0	72.4	102.6	 972	OK
2304	     0	75.4	105.1	1007	OK
2305	     0	74.7	108.9	 999	OK
2306	     0	76.6	106.3	1011	OK
2307	     0	74.9	106.1	 976	OK
2308	     0	73.3	106.5	1006	OK
2309	     0	74.4	106.7	 994	OK
2310	     0	74.9	104.1	 961	OK
2311	     0	74.2	106.5	1006	OK
2312	     0	73.7	103.7	 984	OK
2313	     0	76.1	107.7	 990	OK
2314	     0	75.7	106.1	 989	OK
2315	     0	72.0	101.2	 957	OK
2316	     0	72.1	101.5	 977	OK
2317	     0	75.0	103.8	1013	OK
2318	     0	75.1	105.7	 982	OK
2319	     0	73.1	104.4	 977	OK
2320	     0	74.1	102.5	 996	OK
2321	     0	74.3	104.0	 977	OK
2322	     0	72.8	103.8	 993	OK
2323	     0	74.6	106.1	1011	OK
2324	     0	72.8	104.5	1001	OK
2325	     0	72.8	103.8	 979	OK
2326	     0	71.4	102.7	 984	OK
2327	     0	75.1	104.7	1010	OK
2328	     0	74.6	105.3	 981	OK
2329	     0	77.0	107.5	 975	OK
2330	     0	77.0	107.8	 983	OK
2331	     0	72.8	104.8	 978	OK
2332	     0	75.8	108.2	1005	OK
2333	     0	71.2	101.1	 986	OK
2334	     0	75.7	103.7	 991	OK
2335	     0	73.6	103.8	 977	OK
2336	     0	74.8	105.3	1007	OK
2337	     0	73.4	103.1	 981	OK
2338	     0	74.2	103.8	 985	OK
2339	     0	75.6	108.3	 988	OK
2340	     0	74.0	105.4	 987	OK
2341	     0	74.5	107.7	 990	OK
2342	     0	72.2	104.1	 990	OK
2343	     0	74.4	104.1	 969	OK
2344	     0	76.3	104.9	1000	OK
2345	     0	75.4	105.6	 991	OK
2346	     0	72.9	103.6	 974	OK
2347	     0	76.2	104.2	1003	OK
2348	     0	74.2	105.6	1025	OK
2349	     0	74.1	107.0	1008	OK
2350	     0	74.7	105.9	1017	OK
2351	     0	75.4	106.6	1012	OK
2352	     0	73.7	103.0	 993	OK
2353	     0	74.0	106.4	1016	OK
2354	     0	73.7	102.1	 988	OK
2355	     0	75.9	106.0	 995	OK
2356	     0	74.5	104.3	 995	OK
2357	     0	73.4	104.6	 996	OK
2358	     0	75.2	105.9	1010	OK
2359	     0	73.3	102.9	 999	OK
2360	     0	75.2	105.5	1008	OK
2361	     0	76.5	108.7	 997	OK
2362	     0	74.3	103.0	1004	OK
2363	     0	73.8	103.6	 982	OK
2364	     0	73.1	103.2	1007	OK
2365	     0	73.4	102.2	 970	OK
2366	     0	75.5	107.0	 987	OK
2367	     0	78.0	108.0	 984	OK
2368	     0	73.7	104.0	 966	OK
2369	     0	75.0	107.3	 993	OK
2370	     0	75.7	104.4	 997	OK
2371	     0	74.9	106.7	 987	OK
2372	     0	73.3	103.1	1002	OK
2373	     0	74.5	103.4	 979	OK
2374	     0	76.6	105.1	 988	OK
2375	     0	74.5	105.4	1005	OK
2376	     0	74.7	105.8	 969	OK
2377	     0	73.0	105.2	 982	OK
2378	     0	72.7	102.1	 989	OK
2379	     0	73.6	105.3	1018	OK
2380	     0	74.0	103.8	 967	OK
2381	     0	72.7	103.6	 980	OK
2382	     0	74.3	103.3	1002	OK
2383	     0	73.4	102.7	 985	OK
2384	     0	72.7	105.1	 997	OK
2385	     0	75.2	106.8	 969	OK
2386	     0	74.9	104.1	 980	OK
2387	     0	74.5	103.8	 992	OK
2388	     0	72.6	105.4	 971	OK
2389	     0	74.0	104.2	 966	OK
2390	     0	76.7	106.6	 971	OK
2391	     0	72.5	101.6	 970	OK
2392	     0	73.8	104.6	 983	OK
2393	     0	75.4	105.0	 973	OK
2394	     0	73.1	103.8	 952	OK
2395	     0	74.6	105.3	 980	OK
2396	     0	72.9	102.7	 979	OK
2397	     0	75.2	106.1	 994	OK
2398	     0	75.9	103.9	 979	OK
2399	     0	74.7	104.5	 969	OK
2400	     0	75.7	106.2	 973	OK
2401	     0	73.1	104.1	 971	OK
2402	     0	76.7	108.2	 980	OK
2403	     0	76.7	107.0	 983	OK
2404	     0	73.7	105.8	 970	OK
2405	     0	75.3	105.3	 955	OK
2406	     0	73.6	104.1	 973	OK
2407	     0	74.5	105.9	 983	OK
2408	     0	75.0	103.8	 975	OK
2409	     0	73.9	105.5	 971	OK
2410	     0	74.9	105.8	 997	OK
2411	     0	75.2	106.2	 977	OK
2412	     0	74.1	102.2	 984	OK
2413	     0	72.9	102.7	 971	OK
2414	     0	74.3	106.7	 978	OK
2415	     0	74.8	103.3	 963	OK
2416	     0	73.7	103.6	 977	OK
2417	     0	74.1	104.9	 951	OK
2418	     0	76.5	106.2	 979	OK
2419	     0	73.3	102.9	 971	OK
2420	     0	74.5	104.7	 975	OK
2421	     0	75.9	105.1	 983	OK
2422	     0	76.4	104.9	 984	OK
2423	     0	73.4	105.8	 982	OK
2424	     0	78.3	107.3	 963	OK
2425	     0	71.8	102.8	 954	OK
2426	     0	75.1	104.9	 957	OK
2427	     0	75.2	106.1	 960	OK
2428	     0	76.6	105.8	 967	OK
2429	     0	75.4	104.3	 995	OK
2430	     0	77.4	107.9	 958	OK
2431	     0	75.9	106.1	 982	OK
2432	     0	75.6	108.5	 957	OK
2433	     0	75.8	108.0	 941	OK
2434	     0	72.8	106.0	 964	OK
2435	     0	72.6	105.7	 949	OK
2436	     0	74.6	104.3	 970	OK
2437	     0	74.4	107.5	 948	OK
2438	     0	73.6	104.1	 950	OK
2439	     0	74.1	106.0	 977	OK
2440	     0	70.7	100.6	 953	OK
2441	     0	74.2	107.5	 969	OK
2442	     0	74.0	104.3	 953	OK
2443	     0	71.8	100.7	 962	OK
2444	     0	71.6	101.1	 983	OK
2445	     0	72.3	104.3	 944	OK
2446	     0	74.6	112.4	 969	OK
2447	     0	73.5	106.2	 942	OK
2448	     0	72.9	104.4	 960	OK
2449	     0	73.7	105.0	 936	OK
2450	     0	73.8	106.4	 952	OK
2451	     0	73.0	106.6	 953	OK
2452	     0	72.3	105.1	 970	OK
2453	     0	73.0	102.8	 957	OK
2454	     0	74.8	105.7	 971	OK
2455	     0	72.2	103.6	 952	OK
2456	     0	73.7	104.1	 939	OK
2457	     0	72.7	104.3	 930	OK
2458	     0	73.8	103.2	 959	OK
2459	     0	73.4	108.2	 971	OK
2460	     0	71.2	100.9	 938	OK
2461	     0	72.6	101.7	 958	OK
2462	     0	72.1	102.8	 959	OK
2463	     0	74.4	105.0	 937	OK
2464	     0	72.6	105.6	 974	OK
2465	     0	74.9	105.2	 934	OK
2466	     0	71.1	102.6	 957	OK
2467	     0	71.7	103.2	 971	OK
2468	     0	72.5	103.9	 958	OK
2469	     0	75.3	104.1	 953	OK
2470	     0	72.7	103.0	 975	OK
2471	     0	70.6	102.3	 948	OK
2472	     0	72.0	104.4	 959	OK
2473	     0	71.1	101.4	 948	OK
2474	     0	73.4	103.5	 974	OK
2475	     0	71.3	102.5	 938	OK
2476	     0	72.7	103.9	 961	OK
2477	     0	72.4	105.6	 944	OK
2478	     0	72.6	104.6	 979	OK
2479	     0	73.3	103.5	 932	OK
2480	     0	71.9	100.6	 955	OK
2481	     0	72.4	106.5	 978	OK
2482	     0	74.0	105.1	 957	OK
2483	     0	71.0	101.4	 967	OK
2484	     0	73.3	103.0	 967	OK
2485	     0	72.8	101.8	 955	OK
2486	     0	74.7	106.1	 966	OK
2487	     0	74.3	106.0	 964	OK
2488	     0	74.7	105.1	 984	OK
2489	     0	74.5	105.1	 951	OK
2490	     0	70.8	101.5	 970	OK
2491	     0	73.2	105.3	 953	OK
2492	     0	73.2	104.8	 944	OK
2493	     0	71.8	102.9	 958	OK
2494	     0	73.3	104.2	 958	OK
2495	     0	74.1	103.8	 959	OK
2496	     0	70.7	101.1	 966	OK
2497	     0	72.9	103.3	 947	OK
2498	     0	70.5	102.7	 960	OK
2499	     0	70.2	102.6	 956	OK
2500	     0	71.7	102.3	 957	OK
2501	     0	71.9	102.2	 966	OK
2502	     0	72.6	102.3	 956	OK
2503	     0	70.7	102.3	 961	OK
2504	     0	70.1	102.8	 956	OK
2505	     0	71.1	102.2	 953	OK
2506	     0	74.9	104.6	 969	OK
2507	     0	71.1	101.6	 947	OK
2508	     0	72.3	102.6	 960	OK
2509	     0	72.8	106.8	 966	OK
2510	     0	67.6	99.9	 975	OK
2511	     0	69.1	99.8	 947	OK
2512	     0	70.8	102.7	 972	OK
2513	     0	69.1	99.7	 951	OK
2514	     0	70.1	99.2	 944	OK
2515	     0	71.1	103.1	 952	OK
2516	     0	68.1	99.7	 959	OK
2517	     0	73.1	105.2	 961	OK
2518	     0	72.9	104.6	 963	OK
2519	     0	71.5	101.8	 968	OK
2520	     0	72.1	103.7	 967	OK
2521	     0	72.2	104.4	 945	OK
2522	     0	73.7	104.3	 958	OK
2523	     0	73.2	103.3	 953	OK
2524	     0	69.3	99.0	 960	OK
2525	     0	72.0	102.5	 952	OK
2526	     0	70.7	100.7	 954	OK
2527	     0	69.2	100.1	 959	OK
2528	     0	70.9	99.8	 961	OK
2529	     0	71.0	103.2	 965	OK
2530	     0	69.6	99.1	 942	OK
2531	     0	70.8	103.2	 966	OK
2532	     0	71.9	100.9	 971	OK
2533	     0	70.7	102.7	 944	OK
2534	     0	72.5	103.6	 968	OK
2535	     0	71.0	101.2	 927	OK
2536	     0	72.8	105.0	 959	OK
2537	     0	71.3	103.2	 943	OK
2538	     0	69.8	100.5	 937	OK
2539	     0	70.8	101.7	 952	OK
2540	     0	70.3	101.4	 956	OK
2541	     0	71.5	101.9	 935	OK
2542	     0	72.2	104.5	 968	OK
2543	     0	70.7	100.0	 954	OK
2544	     0	72.4	102.7	 964	OK
2545	     0	70.6	102.8	 962	OK
2546	     0	73.1	104.6	 970	OK
2547	     0	69.4	101.1	 938	OK
2548	     0	71.0	103.8	 960	OK
2549	     0	68.9	99.1	 948	OK
2550	     0	70.2	103.2	 960	OK
2551	     0	69.3	100.9	 948	OK
2552	     0	70.4	100.4	 952	OK
2553	     0	71.7	102.4	 961	OK
2554	     0	70.3	99.0	 964	OK
2555	     0	73.7	103.4	 946	OK
2556	     0	73.5	103.5	 970	OK
2557	     0	72.4	103.4	 961	OK
2558	     0	70.8	103.0	 969	OK
2559	   200	79.0	104.7	 990	high gain
