#chan	code	gain	vt50	innse	comment
   0	     0	69.6	133.3	1072	OK
   1	     0	68.5	131.3	1064	OK
   2	     0	68.9	133.2	1046	OK
   3	     0	69.1	134.0	1032	OK
   4	     0	69.4	134.4	1029	OK
   5	     0	67.4	131.5	1043	OK
   6	     0	68.5	134.2	1049	OK
   7	     0	67.9	132.1	1055	OK
   8	     0	69.2	133.9	1024	OK
   9	     0	69.7	134.1	1059	OK
  10	     0	68.2	134.2	1046	OK
  11	     0	68.1	131.4	1032	OK
  12	     0	68.6	133.2	1044	OK
  13	     0	67.7	131.1	1038	OK
  14	     0	69.0	131.7	1046	OK
  15	     0	67.5	131.8	1061	OK
  16	     0	67.6	130.6	1068	OK
  17	     0	67.8	133.9	1047	OK
  18	     0	69.4	135.1	1088	OK
  19	     0	70.1	134.5	1087	OK
  20	     0	67.9	133.0	1068	OK
  21	     0	68.9	132.5	1069	OK
  22	     0	67.0	130.7	1080	OK
  23	     0	65.8	128.6	1100	OK
  24	     0	67.2	130.4	1119	OK
  25	     0	68.6	132.2	1119	OK
  26	     0	65.6	128.9	1123	OK
  27	     0	67.8	130.6	1146	OK
  28	     0	68.6	132.8	1125	OK
  29	     0	69.0	132.6	1101	OK
  30	     0	69.2	135.0	1137	OK
  31	     0	68.6	132.0	1098	OK
  32	     0	66.4	130.5	1128	OK
  33	     0	68.6	131.1	1137	OK
  34	     0	68.3	132.7	1115	OK
  35	     0	66.8	130.9	1105	OK
  36	     0	67.7	130.8	1133	OK
  37	     0	68.7	132.3	1132	OK
  38	     0	68.4	131.7	1119	OK
  39	     0	67.9	132.3	1130	OK
  40	     0	68.9	133.8	1128	OK
  41	     0	69.0	134.6	1141	OK
  42	     0	69.4	134.6	1150	OK
  43	     0	68.1	131.7	1130	OK
  44	     0	68.8	133.8	1149	OK
  45	     0	67.1	128.1	1152	OK
  46	     0	65.4	126.3	1135	OK
  47	     0	67.6	132.9	1147	OK
  48	     0	68.1	133.3	1152	OK
  49	     0	67.6	130.6	1144	OK
  50	     0	65.9	128.9	1132	OK
  51	     0	67.5	132.3	1149	OK
  52	     0	67.0	130.9	1145	OK
  53	     0	67.1	128.3	1126	OK
  54	     0	68.6	133.1	1133	OK
  55	     0	66.9	128.4	1152	OK
  56	     0	67.9	132.8	1156	OK
  57	     0	67.6	129.3	1153	OK
  58	     0	68.5	134.6	1167	OK
  59	     0	68.2	133.2	1115	OK
  60	     0	68.3	132.6	1150	OK
  61	     0	66.5	130.4	1130	OK
  62	     0	67.1	128.8	1126	OK
  63	     0	66.3	126.6	1157	OK
  64	     0	66.9	130.4	1158	OK
  65	     0	69.0	134.4	1153	OK
  66	     0	67.4	129.5	1137	OK
  67	     0	67.9	132.1	1159	OK
  68	     0	66.7	129.8	1161	OK
  69	     0	66.1	129.5	1131	OK
  70	     0	66.0	128.4	1169	OK
  71	     0	67.2	130.1	1148	OK
  72	     0	66.1	128.6	1152	OK
  73	     0	68.2	131.0	1156	OK
  74	     0	66.8	131.5	1124	OK
  75	     0	64.5	128.1	1152	OK
  76	     0	66.3	127.6	1138	OK
  77	     0	69.5	137.1	1131	OK
  78	     0	68.0	131.7	1126	OK
  79	     0	67.3	130.5	1132	OK
  80	     0	65.9	129.5	1147	OK
  81	     0	65.6	125.8	1122	OK
  82	     0	67.0	129.1	1144	OK
  83	     0	66.8	129.3	1163	OK
  84	     0	67.2	130.5	1148	OK
  85	     0	66.6	128.8	1146	OK
  86	     0	67.4	131.5	1153	OK
  87	     0	66.0	128.8	1149	OK
  88	     0	64.8	124.9	1139	OK
  89	     0	67.3	129.5	1176	OK
  90	     0	69.4	134.3	1129	OK
  91	     0	66.3	127.1	1129	OK
  92	     0	67.3	129.6	1150	OK
  93	     0	67.5	130.1	1150	OK
  94	     0	67.9	132.2	1133	OK
  95	     0	68.9	132.4	1135	OK
  96	     0	67.5	131.4	1129	OK
  97	     0	65.0	125.1	1114	OK
  98	     0	65.9	128.9	1157	OK
  99	     0	68.2	132.3	1133	OK
 100	     0	66.1	129.4	1150	OK
 101	     0	67.6	131.9	1123	OK
 102	     0	67.4	132.5	1149	OK
 103	     0	67.1	129.8	1154	OK
 104	     0	67.9	131.3	1138	OK
 105	     0	67.9	132.3	1142	OK
 106	     0	67.6	130.3	1145	OK
 107	     0	65.3	126.0	1153	OK
 108	     0	66.2	128.6	1156	OK
 109	     0	65.8	127.2	1137	OK
 110	     0	66.1	128.2	1156	OK
 111	     0	68.0	129.6	1143	OK
 112	     0	66.8	128.4	1124	OK
 113	     0	65.7	127.5	1121	OK
 114	     0	67.3	129.8	1162	OK
 115	     0	68.8	134.5	1120	OK
 116	     0	68.1	131.0	1152	OK
 117	     0	66.2	129.6	1137	OK
 118	     0	67.9	130.5	1131	OK
 119	     0	66.0	128.0	1144	OK
 120	     0	67.3	130.9	1158	OK
 121	     0	67.3	132.2	1140	OK
 122	     0	66.8	130.2	1147	OK
 123	     0	68.6	132.7	1142	OK
 124	     0	67.3	130.5	1140	OK
 125	     0	66.2	128.4	1114	OK
 126	     0	68.9	135.8	1172	OK
 127	     0	69.1	132.2	1132	OK
 128	     0	70.0	136.3	1158	OK
 129	     0	74.7	141.9	1140	OK
 130	     0	73.3	139.5	1152	OK
 131	     0	73.3	138.6	1126	OK
 132	     0	74.3	142.0	1152	OK
 133	     0	71.7	136.5	1136	OK
 134	     0	73.2	138.5	1158	OK
 135	     0	74.0	142.9	1122	OK
 136	     0	73.7	141.1	1104	OK
 137	     0	70.5	136.6	1119	OK
 138	     0	74.2	142.0	1126	OK
 139	     0	73.0	139.0	1119	OK
 140	     0	71.7	136.9	1138	OK
 141	     0	74.2	140.9	1132	OK
 142	     0	71.3	137.5	1141	OK
 143	     0	71.0	135.8	1139	OK
 144	     0	71.7	136.0	1123	OK
 145	     0	73.2	138.4	1139	OK
 146	     0	72.0	136.4	1116	OK
 147	     0	70.0	132.7	1113	OK
 148	     0	70.1	132.7	1129	OK
 149	     0	73.2	139.3	1154	OK
 150	     0	72.0	139.1	1130	OK
 151	     0	73.8	141.2	1126	OK
 152	     0	73.1	137.9	1107	OK
 153	     0	69.1	133.4	1129	OK
 154	     0	73.5	141.0	1129	OK
 155	     0	73.7	139.4	1124	OK
 156	     0	71.5	135.6	1092	OK
 157	     0	70.9	135.0	1138	OK
 158	     0	71.8	138.2	1111	OK
 159	     0	75.1	141.2	1132	OK
 160	     0	72.1	138.4	1127	OK
 161	     0	71.3	135.3	1104	OK
 162	     0	72.1	140.1	1112	OK
 163	     0	72.0	136.9	1118	OK
 164	     0	71.8	137.7	1116	OK
 165	     0	70.9	135.4	1110	OK
 166	     0	73.0	137.6	1131	OK
 167	     0	71.4	135.9	1099	OK
 168	     0	72.0	138.0	1114	OK
 169	     0	70.0	134.9	1109	OK
 170	     0	71.1	136.8	1081	OK
 171	     0	71.6	136.6	1123	OK
 172	     0	71.6	138.2	1126	OK
 173	     0	71.1	137.7	1127	OK
 174	     0	70.5	134.9	1113	OK
 175	     0	70.3	136.4	1102	OK
 176	     0	71.7	139.3	1115	OK
 177	     0	71.8	136.6	1117	OK
 178	     0	73.8	142.2	1102	OK
 179	     0	73.4	139.5	1115	OK
 180	     0	72.1	138.3	1120	OK
 181	     0	70.9	135.8	1115	OK
 182	     0	72.9	141.2	1113	OK
 183	     0	71.9	136.5	1129	OK
 184	     0	71.4	136.3	1113	OK
 185	     0	69.5	134.7	1114	OK
 186	     0	70.8	135.6	1116	OK
 187	     0	70.9	135.5	1117	OK
 188	     0	71.0	134.5	1103	OK
 189	     0	73.8	140.2	1132	OK
 190	     0	71.6	137.1	1098	OK
 191	     0	74.0	142.1	1134	OK
 192	     0	71.3	137.5	1122	OK
 193	     0	73.2	140.5	1098	OK
 194	     0	71.9	135.5	1072	OK
 195	     0	70.8	137.4	1112	OK
 196	     0	71.5	136.4	1093	OK
 197	     0	70.3	136.1	1094	OK
 198	     0	71.9	136.5	1084	OK
 199	     0	72.4	137.3	1099	OK
 200	     0	72.9	136.4	1096	OK
 201	     0	71.8	136.7	1075	OK
 202	     0	74.0	139.0	1092	OK
 203	     0	72.3	136.6	1099	OK
 204	     0	70.6	134.7	1089	OK
 205	     0	71.1	135.4	1112	OK
 206	     0	71.8	137.3	1132	OK
 207	     0	72.7	139.2	1114	OK
 208	     0	71.3	138.7	1100	OK
 209	     0	70.4	133.6	1107	OK
 210	     0	73.0	139.7	1113	OK
 211	     0	71.2	137.0	1077	OK
 212	     0	72.8	139.6	1092	OK
 213	     0	70.3	132.9	1092	OK
 214	     0	72.5	139.7	1116	OK
 215	     0	71.5	137.9	1075	OK
 216	     0	72.0	136.3	1087	OK
 217	     0	71.2	137.4	1085	OK
 218	     0	71.4	136.0	1091	OK
 219	     0	71.3	137.5	1079	OK
 220	     0	70.6	136.1	1087	OK
 221	     0	71.7	137.5	1093	OK
 222	     0	69.8	132.2	1088	OK
 223	     0	71.7	135.8	1092	OK
 224	     0	73.6	140.7	1118	OK
 225	     0	71.0	137.0	1090	OK
 226	     0	72.6	137.2	1103	OK
 227	     0	70.6	135.5	1077	OK
 228	     0	71.1	136.9	1099	OK
 229	     0	73.1	141.0	1105	OK
 230	     0	73.5	140.6	1120	OK
 231	     0	75.4	144.0	1101	OK
 232	     0	75.1	141.9	1101	OK
 233	     0	70.8	136.3	1110	OK
 234	     0	72.3	136.9	1085	OK
 235	     0	72.2	137.8	1098	OK
 236	     0	72.6	139.2	1115	OK
 237	     0	75.0	140.0	1092	OK
 238	     0	73.0	136.6	1130	OK
 239	     0	72.2	137.8	1088	OK
 240	     0	71.2	134.0	1096	OK
 241	     0	70.2	135.8	1092	OK
 242	     0	72.2	138.5	1096	OK
 243	     0	71.9	138.5	1096	OK
 244	     0	71.0	134.4	1091	OK
 245	     0	73.4	137.8	1117	OK
 246	     0	73.6	139.5	1123	OK
 247	     0	73.5	138.6	1098	OK
 248	     0	73.6	140.3	1107	OK
 249	     0	72.6	137.7	1117	OK
 250	     0	73.7	141.2	1114	OK
 251	     0	73.2	138.2	1104	OK
 252	     0	74.9	143.4	1114	OK
 253	     0	72.6	139.9	1121	OK
 254	     0	72.3	137.9	1108	OK
 255	     0	71.7	135.6	1090	OK
 256	     0	73.2	136.3	1117	OK
 257	     0	72.4	138.2	1113	OK
 258	     0	74.1	140.1	1105	OK
 259	     0	72.2	135.8	1137	OK
 260	     0	73.6	140.1	1144	OK
 261	     0	73.6	139.4	1130	OK
 262	     0	71.4	135.2	1106	OK
 263	     0	72.6	138.0	1126	OK
 264	     0	70.8	133.8	1116	OK
 265	     0	73.6	138.0	1133	OK
 266	     0	73.2	139.9	1135	OK
 267	     0	73.0	141.1	1148	OK
 268	     0	74.8	138.3	1095	OK
 269	     0	74.3	139.9	1141	OK
 270	     0	72.5	137.3	1129	OK
 271	     0	71.7	138.4	1122	OK
 272	     0	76.0	143.7	1126	OK
 273	     0	73.9	139.4	1113	OK
 274	     0	72.6	136.1	1134	OK
 275	     0	73.4	139.1	1134	OK
 276	     0	74.8	142.0	1143	OK
 277	     0	71.8	138.4	1102	OK
 278	     0	70.7	135.7	1127	OK
 279	     0	73.1	138.3	1119	OK
 280	     0	71.9	137.6	1149	OK
 281	     0	73.4	137.0	1111	OK
 282	     0	72.6	138.0	1130	OK
 283	     0	70.9	137.1	1129	OK
 284	     0	74.8	140.6	1118	OK
 285	     0	73.1	140.5	1130	OK
 286	     0	72.3	135.9	1123	OK
 287	     0	69.2	132.7	1123	OK
 288	     0	71.4	137.3	1126	OK
 289	     0	72.2	136.4	1140	OK
 290	     0	72.3	139.1	1119	OK
 291	     0	71.2	137.0	1121	OK
 292	     0	72.9	137.5	1128	OK
 293	     0	73.2	140.0	1139	OK
 294	     0	72.7	136.3	1124	OK
 295	     0	71.0	135.9	1113	OK
 296	     0	69.7	134.6	1126	OK
 297	     0	71.4	135.9	1122	OK
 298	     0	73.5	140.8	1112	OK
 299	     0	71.8	139.8	1129	OK
 300	     0	73.8	141.0	1129	OK
 301	     0	71.1	135.5	1127	OK
 302	     0	70.9	133.1	1132	OK
 303	     0	72.4	138.8	1113	OK
 304	     0	72.4	135.7	1133	OK
 305	     0	72.6	138.7	1157	OK
 306	     0	70.9	135.7	1163	OK
 307	     0	72.0	137.8	1144	OK
 308	     0	72.0	138.1	1144	OK
 309	     0	74.1	141.5	1143	OK
 310	     0	71.6	137.0	1117	OK
 311	     0	71.9	137.3	1139	OK
 312	     0	71.1	136.9	1131	OK
 313	     0	70.5	134.0	1148	OK
 314	     0	73.0	141.1	1151	OK
 315	     0	74.6	141.5	1140	OK
 316	     0	72.7	136.3	1149	OK
 317	     0	72.7	139.3	1145	OK
 318	     0	73.6	140.1	1136	OK
 319	     0	70.9	136.6	1127	OK
 320	     0	72.7	137.5	1122	OK
 321	     0	74.2	141.3	1124	OK
 322	     0	71.0	135.2	1140	OK
 323	     0	68.9	132.9	1117	OK
 324	     0	71.1	135.8	1131	OK
 325	     0	70.7	136.3	1151	OK
 326	     0	69.9	135.9	1149	OK
 327	     0	71.6	138.0	1124	OK
 328	     0	69.0	132.8	1127	OK
 329	     0	69.7	133.7	1136	OK
 330	     0	70.5	134.7	1146	OK
 331	     0	69.6	130.7	1147	OK
 332	     0	70.2	134.8	1145	OK
 333	     0	70.9	135.8	1119	OK
 334	     0	69.6	132.9	1131	OK
 335	     0	71.8	137.8	1125	OK
 336	     0	70.1	135.2	1110	OK
 337	     0	70.6	133.8	1127	OK
 338	     0	71.2	136.4	1149	OK
 339	     0	71.5	139.1	1113	OK
 340	     0	68.3	131.5	1124	OK
 341	     0	68.0	129.9	1159	OK
 342	     0	70.4	134.5	1140	OK
 343	     0	71.7	136.8	1122	OK
 344	     0	70.0	134.3	1107	OK
 345	     0	69.8	133.6	1141	OK
 346	     0	70.9	136.1	1123	OK
 347	     0	70.0	134.2	1114	OK
 348	     0	69.9	132.6	1127	OK
 349	     0	70.5	134.6	1102	OK
 350	     0	72.2	138.8	1122	OK
 351	     0	69.1	133.8	1114	OK
 352	     0	69.0	133.4	1129	OK
 353	     0	71.4	138.6	1115	OK
 354	     0	71.6	136.3	1123	OK
 355	     0	69.7	134.8	1124	OK
 356	     0	71.2	134.8	1104	OK
 357	     0	69.5	133.3	1106	OK
 358	     0	70.9	137.2	1121	OK
 359	     0	70.4	134.9	1097	OK
 360	     0	67.2	130.4	1107	OK
 361	     0	70.3	136.4	1101	OK
 362	     0	72.9	139.5	1104	OK
 363	     0	71.2	137.5	1114	OK
 364	     0	70.3	136.1	1111	OK
 365	     0	70.0	133.0	1113	OK
 366	     0	71.3	137.8	1109	OK
 367	     0	70.4	136.8	1118	OK
 368	     0	70.8	135.3	1113	OK
 369	     0	72.8	139.7	1104	OK
 370	     0	70.0	134.9	1096	OK
 371	     0	70.8	136.4	1118	OK
 372	     0	71.6	134.3	1094	OK
 373	     0	71.5	136.9	1077	OK
 374	     0	69.8	134.3	1124	OK
 375	     0	72.9	136.3	1088	OK
 376	     0	70.6	133.4	1093	OK
 377	     0	72.6	136.0	1110	OK
 378	     0	72.2	138.2	1095	OK
 379	     0	70.5	134.2	1079	OK
 380	     0	70.1	135.1	1114	OK
 381	     0	69.5	135.1	1126	OK
 382	     0	70.4	132.7	1094	OK
 383	     0	69.9	135.1	1091	OK
 384	     0	69.3	131.9	1083	OK
 385	     0	68.1	131.1	1056	OK
 386	     0	68.2	132.8	1086	OK
 387	     0	70.5	135.6	1086	OK
 388	     0	71.1	137.9	1086	OK
 389	     0	69.0	133.3	1061	OK
 390	     0	68.8	132.0	1060	OK
 391	     0	69.6	133.8	1093	OK
 392	     0	69.8	135.2	1099	OK
 393	     0	70.1	134.5	1076	OK
 394	     0	70.0	134.8	1066	OK
 395	     0	70.1	134.6	1084	OK
 396	     0	70.1	134.9	1098	OK
 397	     0	70.1	134.2	1086	OK
 398	     0	69.7	134.3	1060	OK
 399	     0	67.9	131.8	1088	OK
 400	     0	69.8	134.5	1080	OK
 401	     0	69.3	132.1	1080	OK
 402	     0	69.0	132.7	1068	OK
 403	     0	68.6	133.2	1052	OK
 404	     0	70.9	138.0	1094	OK
 405	     0	68.4	134.2	1083	OK
 406	     0	69.1	132.6	1087	OK
 407	     0	70.2	134.1	1064	OK
 408	     0	70.5	134.2	1085	OK
 409	     0	67.3	128.5	1069	OK
 410	     0	69.0	134.0	1053	OK
 411	     0	68.8	132.2	1089	OK
 412	     0	69.4	135.1	1088	OK
 413	     0	69.1	133.9	1080	OK
 414	     0	67.8	130.1	1069	OK
 415	     0	67.8	131.9	1059	OK
 416	     0	69.9	132.3	1077	OK
 417	     0	69.2	130.8	1057	OK
 418	     0	69.4	134.7	1064	OK
 419	     0	68.3	133.1	1056	OK
 420	     0	66.7	128.9	1055	OK
 421	     0	70.7	134.6	1092	OK
 422	     0	68.3	131.8	1071	OK
 423	     0	67.0	128.1	1081	OK
 424	     0	70.4	136.3	1093	OK
 425	     0	70.8	135.4	1064	OK
 426	     0	69.1	134.5	1038	OK
 427	     0	68.1	132.1	1080	OK
 428	     0	67.4	128.9	1076	OK
 429	     0	67.8	131.7	1065	OK
 430	     0	66.8	129.6	1072	OK
 431	     0	67.8	129.7	1045	OK
 432	     0	69.0	131.7	1089	OK
 433	     0	68.3	131.6	1100	OK
 434	     0	70.2	136.1	1083	OK
 435	     0	70.2	132.8	1073	OK
 436	     0	67.5	130.8	1069	OK
 437	     0	68.3	130.5	1036	OK
 438	     0	67.2	129.0	1083	OK
 439	     0	69.6	133.8	1065	OK
 440	     0	68.0	132.6	1065	OK
 441	     0	67.2	132.3	1094	OK
 442	     0	67.4	128.6	1090	OK
 443	     0	70.2	135.4	1097	OK
 444	     0	68.9	133.6	1106	OK
 445	     0	67.5	129.7	1085	OK
 446	     0	69.2	133.4	1082	OK
 447	     0	69.4	133.8	1097	OK
 448	     0	69.0	135.5	1093	OK
 449	     0	69.9	134.4	1082	OK
 450	     0	69.1	132.4	1091	OK
 451	     0	69.2	134.1	1086	OK
 452	     0	68.8	132.5	1098	OK
 453	     0	68.5	134.0	1081	OK
 454	     0	68.9	134.6	1088	OK
 455	     0	70.1	133.9	1073	OK
 456	     0	66.9	129.8	1073	OK
 457	     0	67.6	131.6	1075	OK
 458	     0	69.6	134.7	1092	OK
 459	     0	67.5	130.0	1066	OK
 460	     0	68.7	134.4	1079	OK
 461	     0	67.9	133.5	1070	OK
 462	     0	68.5	135.5	1098	OK
 463	     0	67.0	129.4	1074	OK
 464	     0	68.8	132.2	1077	OK
 465	     0	68.4	132.3	1064	OK
 466	     0	68.4	133.1	1070	OK
 467	     0	68.5	130.3	1080	OK
 468	     0	67.8	130.9	1083	OK
 469	     0	68.3	131.2	1090	OK
 470	     0	70.4	136.5	1078	OK
 471	     0	69.4	132.3	1062	OK
 472	     0	69.3	133.7	1094	OK
 473	     0	70.1	134.8	1067	OK
 474	     0	67.4	130.2	1062	OK
 475	     0	69.5	134.2	1082	OK
 476	     0	70.2	133.3	1064	OK
 477	     0	68.8	131.0	1062	OK
 478	     0	70.6	135.3	1101	OK
 479	     0	68.6	133.5	1072	OK
 480	     0	68.4	134.4	1067	OK
 481	     0	68.9	134.6	1064	OK
 482	     0	67.6	130.7	1081	OK
 483	     0	68.9	133.3	1065	OK
 484	     0	69.3	133.7	1073	OK
 485	     0	69.3	133.4	1076	OK
 486	     0	69.0	134.4	1082	OK
 487	     0	66.1	127.5	1086	OK
 488	     0	68.9	133.3	1076	OK
 489	     0	70.4	133.8	1064	OK
 490	     0	69.0	133.1	1077	OK
 491	     0	69.1	130.7	1090	OK
 492	     0	68.6	132.1	1077	OK
 493	     0	71.2	137.9	1065	OK
 494	     0	68.1	130.8	1055	OK
 495	     0	69.8	134.0	1061	OK
 496	     0	68.6	132.2	1070	OK
 497	     0	69.1	133.3	1063	OK
 498	     0	69.0	131.4	1071	OK
 499	     0	72.3	136.2	1078	OK
 500	     0	69.3	135.1	1063	OK
 501	     0	69.5	132.5	1071	OK
 502	     0	67.8	130.1	1068	OK
 503	     0	67.2	132.4	1068	OK
 504	     0	68.7	133.0	1060	OK
 505	     0	68.1	130.1	1045	OK
 506	     0	71.0	136.6	1086	OK
 507	     0	71.0	136.3	1077	OK
 508	     0	70.8	136.5	1079	OK
 509	     0	70.1	136.2	1094	OK
 510	     0	70.7	137.3	1052	OK
 511	     0	69.9	134.3	1086	OK
 512	     0	68.0	129.7	1098	OK
 513	     0	66.8	129.3	1106	OK
 514	     0	68.1	129.9	1119	OK
 515	     0	69.0	134.7	1136	OK
 516	     0	67.6	129.8	1102	OK
 517	     0	69.6	131.4	1114	OK
 518	     0	67.2	132.2	1103	OK
 519	     0	69.0	133.1	1102	OK
 520	     0	69.4	132.6	1125	OK
 521	     0	67.4	132.2	1108	OK
 522	     0	67.7	131.8	1120	OK
 523	     0	66.6	125.4	1104	OK
 524	     0	67.3	131.3	1102	OK
 525	     0	68.7	132.7	1103	OK
 526	     0	66.0	127.0	1114	OK
 527	     0	65.5	127.6	1097	OK
 528	     0	66.3	127.2	1128	OK
 529	     0	68.3	129.6	1116	OK
 530	     0	66.9	131.0	1125	OK
 531	     0	68.1	130.8	1108	OK
 532	     0	67.8	129.1	1117	OK
 533	     0	65.4	126.2	1107	OK
 534	     0	67.6	130.8	1102	OK
 535	     0	70.1	134.7	1140	OK
 536	     0	67.0	127.4	1094	OK
 537	     0	67.4	131.5	1101	OK
 538	     0	67.1	127.5	1092	OK
 539	     0	66.5	128.7	1074	OK
 540	     0	68.4	131.3	1090	OK
 541	     0	67.7	131.6	1105	OK
 542	     0	64.7	125.0	1117	OK
 543	     0	67.2	129.7	1098	OK
 544	     0	66.2	127.7	1119	OK
 545	     0	69.1	132.6	1099	OK
 546	     0	67.3	131.4	1080	OK
 547	     0	69.6	134.0	1106	OK
 548	     0	66.8	131.7	1073	OK
 549	     0	67.4	130.2	1106	OK
 550	     0	67.9	133.5	1108	OK
 551	     0	67.0	130.6	1103	OK
 552	     0	68.6	130.8	1097	OK
 553	     0	67.8	130.8	1107	OK
 554	     0	68.4	132.0	1102	OK
 555	     0	68.8	134.2	1085	OK
 556	     0	67.1	127.3	1099	OK
 557	     0	66.5	130.8	1097	OK
 558	     0	66.2	127.2	1120	OK
 559	     0	66.9	128.5	1093	OK
 560	     0	66.8	127.7	1097	OK
 561	     0	66.2	127.0	1094	OK
 562	     0	67.6	130.1	1094	OK
 563	     0	67.2	131.5	1125	OK
 564	     0	66.8	131.1	1100	OK
 565	     0	68.0	130.9	1089	OK
 566	     0	68.3	132.2	1115	OK
 567	     0	66.7	128.7	1088	OK
 568	     0	68.2	129.2	1107	OK
 569	     0	68.5	132.4	1103	OK
 570	     0	67.8	130.6	1105	OK
 571	     0	66.8	129.4	1077	OK
 572	     0	66.9	128.6	1129	OK
 573	     0	66.6	127.4	1095	OK
 574	     0	69.0	133.2	1097	OK
 575	     0	68.4	134.2	1093	OK
 576	     0	67.9	132.5	1116	OK
 577	     0	68.6	133.5	1094	OK
 578	     0	68.4	132.8	1117	OK
 579	     0	69.9	135.1	1112	OK
 580	     0	67.9	130.5	1094	OK
 581	     0	65.6	130.1	1110	OK
 582	     0	65.7	127.1	1096	OK
 583	     0	69.2	133.6	1112	OK
 584	     0	67.3	130.5	1107	OK
 585	     0	67.1	130.0	1124	OK
 586	     0	69.6	132.5	1115	OK
 587	     0	67.5	131.4	1112	OK
 588	     0	66.6	127.6	1118	OK
 589	     0	68.1	131.9	1130	OK
 590	     0	65.4	128.0	1112	OK
 591	     0	68.4	130.3	1120	OK
 592	     0	68.0	132.5	1134	OK
 593	     0	68.4	133.5	1123	OK
 594	     0	67.9	131.4	1114	OK
 595	     0	68.6	132.6	1132	OK
 596	     0	68.9	133.9	1115	OK
 597	     0	67.6	133.2	1105	OK
 598	     0	66.6	130.0	1142	OK
 599	     0	68.3	134.1	1144	OK
 600	     0	68.5	132.0	1129	OK
 601	     0	68.1	129.2	1127	OK
 602	     0	68.8	133.7	1127	OK
 603	     0	68.1	130.0	1149	OK
 604	     0	66.4	129.8	1155	OK
 605	     0	67.3	128.7	1133	OK
 606	     0	65.3	126.1	1165	OK
 607	     0	67.9	130.4	1141	OK
 608	     0	66.8	128.1	1150	OK
 609	     0	69.9	135.0	1165	OK
 610	     0	68.2	132.7	1142	OK
 611	     0	68.1	132.6	1162	OK
 612	     0	66.9	129.1	1142	OK
 613	     0	69.3	130.9	1140	OK
 614	     0	67.0	129.4	1148	OK
 615	     0	67.7	126.9	1151	OK
 616	  4000	67.8	129.9	1175	high noise
 617	  4000	69.1	133.1	1171	high noise
 618	     0	67.7	131.6	1155	OK
 619	  4000	68.3	133.4	1179	high noise
 620	  4000	69.3	133.0	1176	high noise
 621	     0	67.7	129.7	1154	OK
 622	     0	70.6	135.5	1156	OK
 623	     0	69.9	135.4	1148	OK
 624	  4000	66.5	128.6	1193	high noise
 625	     0	68.1	132.5	1162	OK
 626	     0	70.4	135.2	1159	OK
 627	     0	69.3	131.3	1166	OK
 628	     0	68.9	133.0	1163	OK
 629	  4000	68.7	131.9	1173	high noise
 630	  4000	70.0	133.7	1185	high noise
 631	  4000	68.9	134.7	1199	high noise
 632	     0	67.8	129.2	1165	OK
 633	  4000	68.9	133.1	1176	high noise
 634	  4000	68.7	132.6	1170	high noise
 635	     0	67.4	131.1	1158	OK
 636	  4000	70.4	135.3	1179	high noise
 637	  4000	70.6	135.0	1177	high noise
 638	  4000	69.2	135.5	1171	high noise
 639	     0	67.9	132.4	1166	OK
 640	     0	71.7	136.1	1194	OK
 641	     0	72.1	136.9	1188	OK
 642	     0	72.0	137.1	1207	OK
 643	     0	72.4	139.1	1199	OK
 644	     0	71.1	136.0	1195	OK
 645	     0	69.7	132.9	1191	OK
 646	     0	72.3	137.9	1191	OK
 647	     0	71.4	134.5	1182	OK
 648	     0	73.5	140.8	1188	OK
 649	     0	72.6	138.1	1198	OK
 650	     0	71.1	137.5	1185	OK
 651	     0	71.2	134.9	1187	OK
 652	     0	71.8	136.6	1165	OK
 653	     0	71.8	138.2	1209	OK
 654	     0	71.6	137.4	1177	OK
 655	     0	73.0	140.3	1182	OK
 656	     0	73.8	141.4	1189	OK
 657	     0	70.1	135.3	1197	OK
 658	     0	71.8	139.1	1177	OK
 659	     0	71.1	136.5	1182	OK
 660	     0	69.8	133.5	1182	OK
 661	     0	69.8	135.6	1160	OK
 662	     0	71.2	136.1	1193	OK
 663	     0	71.7	145.9	1157	OK
 664	     0	69.3	135.5	1174	OK
 665	     0	71.2	135.9	1190	OK
 666	     0	68.9	132.8	1205	OK
 667	     0	72.9	137.6	1194	OK
 668	     0	70.5	133.9	1166	OK
 669	     0	72.7	140.4	1184	OK
 670	     0	70.0	136.5	1180	OK
 671	     0	71.3	136.6	1180	OK
 672	     0	72.2	135.6	1193	OK
 673	     0	70.7	135.7	1172	OK
 674	     0	70.4	135.1	1154	OK
 675	     0	70.5	136.9	1181	OK
 676	     0	71.7	135.7	1187	OK
 677	     0	72.0	136.6	1148	OK
 678	     0	73.2	139.1	1171	OK
 679	     0	69.6	131.5	1171	OK
 680	     0	71.6	136.0	1177	OK
 681	     0	72.7	138.5	1176	OK
 682	     0	71.9	136.3	1169	OK
 683	     0	72.5	139.8	1167	OK
 684	     0	69.9	133.2	1178	OK
 685	     0	70.9	137.2	1169	OK
 686	     0	70.7	132.8	1179	OK
 687	     0	69.7	133.0	1170	OK
 688	     0	70.7	134.6	1195	OK
 689	     0	70.7	136.9	1190	OK
 690	     0	72.1	136.7	1185	OK
 691	     0	70.8	133.2	1170	OK
 692	     0	72.4	135.8	1172	OK
 693	     0	72.3	139.0	1178	OK
 694	     0	71.1	135.1	1177	OK
 695	     0	71.5	138.0	1169	OK
 696	     0	71.5	135.5	1181	OK
 697	     0	71.5	135.0	1182	OK
 698	     0	71.3	136.0	1169	OK
 699	     0	71.6	135.8	1162	OK
 700	     0	72.3	139.5	1184	OK
 701	     0	71.4	137.3	1179	OK
 702	     0	71.4	136.3	1173	OK
 703	     0	71.0	135.7	1182	OK
 704	     0	68.4	129.8	1153	OK
 705	     0	71.1	140.8	1154	OK
 706	     0	69.5	132.5	1178	OK
 707	     0	68.9	133.0	1184	OK
 708	     0	70.9	134.8	1137	OK
 709	     0	70.0	132.6	1163	OK
 710	     0	70.1	132.7	1151	OK
 711	     0	71.1	136.6	1156	OK
 712	     0	71.2	136.2	1164	OK
 713	     0	69.0	134.0	1137	OK
 714	     0	70.8	133.7	1161	OK
 715	     0	69.2	132.9	1162	OK
 716	     0	71.0	136.2	1155	OK
 717	     0	71.3	136.7	1158	OK
 718	     0	70.6	132.7	1161	OK
 719	     0	69.2	133.8	1155	OK
 720	     0	69.5	132.7	1167	OK
 721	     0	71.9	135.9	1168	OK
 722	     0	72.0	136.4	1167	OK
 723	     0	71.8	137.1	1166	OK
 724	     0	70.7	134.6	1151	OK
 725	     0	70.2	135.7	1148	OK
 726	     0	73.2	139.0	1172	OK
 727	     0	71.6	137.4	1173	OK
 728	     0	70.3	134.7	1172	OK
 729	     0	71.4	135.5	1152	OK
 730	     0	70.0	132.8	1180	OK
 731	     0	70.2	134.7	1172	OK
 732	     0	71.4	135.9	1159	OK
 733	     0	68.3	132.2	1144	OK
 734	     0	70.8	136.9	1187	OK
 735	     0	68.6	132.0	1190	OK
 736	     0	68.9	131.8	1160	OK
 737	     0	69.3	134.3	1135	OK
 738	     0	70.2	133.8	1169	OK
 739	     0	72.4	139.1	1179	OK
 740	     0	71.1	136.1	1153	OK
 741	     0	66.9	131.2	1151	OK
 742	     0	69.2	134.2	1168	OK
 743	     0	71.6	139.1	1198	OK
 744	     0	68.8	131.6	1160	OK
 745	     0	71.0	135.0	1172	OK
 746	     0	71.6	139.1	1174	OK
 747	     0	69.7	132.6	1176	OK
 748	     0	69.3	132.3	1199	OK
 749	     0	71.2	135.3	1194	OK
 750	     0	70.3	134.6	1176	OK
 751	     0	70.5	133.8	1197	OK
 752	     0	71.6	136.6	1177	OK
 753	     0	71.3	135.2	1216	OK
 754	     0	70.4	134.2	1187	OK
 755	     0	70.4	136.0	1165	OK
 756	     0	69.1	133.6	1201	OK
 757	     0	71.1	133.9	1198	OK
 758	     0	70.6	135.1	1205	OK
 759	     0	70.6	134.5	1199	OK
 760	     0	70.9	136.4	1210	OK
 761	     0	69.9	135.3	1180	OK
 762	     0	70.9	135.5	1224	OK
 763	     0	69.8	133.7	1206	OK
 764	     0	71.3	137.9	1226	OK
 765	     0	68.3	131.8	1236	OK
 766	  4000	68.7	131.5	1248	high noise
 767	  4000	68.7	132.7	1251	high noise
 768	  4000	69.7	133.1	1291	high noise
 769	  4000	72.0	136.2	1277	high noise
 770	  4000	71.1	136.2	1281	high noise
 771	  4000	71.3	135.7	1286	high noise
 772	  4000	70.7	133.1	1273	high noise
 773	  4000	72.5	140.1	1268	high noise
 774	  4000	75.5	141.4	1268	high noise
 775	     0	73.2	140.4	1253	OK
 776	     0	70.4	135.0	1262	OK
 777	     0	70.0	133.5	1260	OK
 778	     0	69.8	134.6	1243	OK
 779	     0	70.5	134.5	1246	OK
 780	     0	74.5	140.1	1257	OK
 781	     0	72.5	138.6	1241	OK
 782	     0	69.0	132.0	1243	OK
 783	     0	69.5	131.8	1237	OK
 784	     0	71.5	134.0	1242	OK
 785	     0	71.1	138.8	1257	OK
 786	     0	69.4	130.8	1234	OK
 787	     0	71.5	137.1	1228	OK
 788	  4000	71.6	137.6	1269	high noise
 789	     0	71.2	136.8	1219	OK
 790	     0	70.4	135.7	1239	OK
 791	     0	70.1	134.3	1251	OK
 792	     0	71.3	136.5	1217	OK
 793	     0	72.4	136.5	1223	OK
 794	  4000	69.4	131.7	1269	high noise
 795	     0	70.0	132.9	1225	OK
 796	     0	69.2	133.7	1240	OK
 797	     0	69.8	133.9	1229	OK
 798	     0	72.4	137.3	1215	OK
 799	     0	71.4	136.8	1225	OK
 800	     0	69.6	132.7	1215	OK
 801	     0	71.3	134.5	1242	OK
 802	     0	69.7	135.5	1206	OK
 803	     0	70.9	137.7	1233	OK
 804	     0	72.4	137.4	1214	OK
 805	     0	71.8	137.6	1245	OK
 806	     0	71.4	134.7	1234	OK
 807	     0	71.7	138.6	1245	OK
 808	     0	73.5	138.9	1218	OK
 809	     0	68.8	130.9	1233	OK
 810	     0	70.2	136.1	1236	OK
 811	     0	71.0	136.4	1242	OK
 812	     0	71.5	137.0	1232	OK
 813	     0	69.0	135.1	1232	OK
 814	     0	71.2	136.0	1263	OK
 815	     0	73.5	138.3	1230	OK
 816	     0	69.0	133.2	1254	OK
 817	     0	68.9	134.2	1252	OK
 818	  4000	70.6	134.8	1265	high noise
 819	     0	70.6	134.4	1238	OK
 820	     0	70.8	132.6	1233	OK
 821	     0	71.0	137.2	1236	OK
 822	     0	72.4	137.5	1238	OK
 823	     0	69.8	136.3	1226	OK
 824	     0	69.1	134.4	1208	OK
 825	     0	70.7	135.0	1223	OK
 826	     0	72.5	136.3	1225	OK
 827	     0	72.1	136.2	1214	OK
 828	     0	72.9	136.9	1223	OK
 829	     0	69.7	132.5	1191	OK
 830	     0	69.8	135.2	1225	OK
 831	     0	73.7	138.7	1193	OK
 832	     0	72.7	138.6	1183	OK
 833	     0	71.0	136.8	1181	OK
 834	     0	68.8	132.7	1179	OK
 835	     0	71.8	137.4	1179	OK
 836	     0	71.5	138.1	1188	OK
 837	     0	71.9	136.3	1213	OK
 838	     0	70.2	134.8	1198	OK
 839	     0	71.3	138.2	1183	OK
 840	     0	70.4	135.5	1219	OK
 841	     0	70.5	133.8	1196	OK
 842	     0	71.7	136.6	1184	OK
 843	     0	71.5	138.2	1210	OK
 844	     0	70.4	134.6	1229	OK
 845	     0	69.1	134.4	1180	OK
 846	     0	69.5	131.6	1236	OK
 847	     0	68.0	130.4	1211	OK
 848	     0	69.0	131.8	1218	OK
 849	     0	71.8	138.9	1203	OK
 850	     0	70.5	135.9	1216	OK
 851	     0	69.6	132.9	1235	OK
 852	     0	71.8	136.3	1184	OK
 853	     0	71.4	138.6	1177	OK
 854	     0	68.5	131.4	1198	OK
 855	     0	71.0	135.9	1235	OK
 856	     0	71.4	135.3	1199	OK
 857	     0	72.2	136.4	1201	OK
 858	     0	71.1	134.2	1223	OK
 859	     0	72.8	137.6	1191	OK
 860	     0	71.1	139.7	1186	OK
 861	     0	72.1	137.1	1209	OK
 862	     0	71.9	136.4	1199	OK
 863	     0	70.9	135.2	1182	OK
 864	     0	70.6	135.4	1186	OK
 865	     0	72.4	140.5	1176	OK
 866	     0	69.4	132.2	1198	OK
 867	     0	72.7	137.9	1191	OK
 868	     0	70.0	133.7	1190	OK
 869	     0	69.7	135.0	1184	OK
 870	     0	68.9	133.2	1196	OK
 871	     0	71.4	137.7	1164	OK
 872	     0	70.4	136.5	1167	OK
 873	     0	71.1	138.0	1191	OK
 874	     0	70.1	134.6	1170	OK
 875	     0	70.7	134.8	1160	OK
 876	     0	72.0	137.5	1196	OK
 877	     0	69.1	132.5	1184	OK
 878	     0	71.9	137.0	1157	OK
 879	     0	70.6	133.6	1171	OK
 880	     0	69.7	131.8	1167	OK
 881	     0	72.7	138.1	1162	OK
 882	     0	69.7	133.6	1174	OK
 883	     0	70.2	136.1	1192	OK
 884	     0	71.5	136.5	1205	OK
 885	     0	70.7	137.5	1181	OK
 886	     0	71.4	134.7	1178	OK
 887	     0	73.7	140.6	1176	OK
 888	     0	69.5	131.8	1175	OK
 889	     0	71.3	138.5	1189	OK
 890	     0	71.8	138.4	1199	OK
 891	     0	70.9	134.0	1188	OK
 892	     0	75.1	142.4	1176	OK
 893	     0	71.4	136.2	1194	OK
 894	     0	71.0	136.8	1177	OK
 895	     0	72.3	137.5	1172	OK
 896	  4000	68.9	131.9	1152	high noise
 897	  4000	69.4	133.6	1146	high noise
 898	  4000	67.0	130.5	1177	high noise
 899	  4000	71.6	136.4	1168	high noise
 900	  4000	69.4	134.2	1174	high noise
 901	  4000	69.2	134.8	1184	high noise
 902	  4000	71.1	137.8	1190	high noise
 903	  4000	71.8	136.6	1167	high noise
 904	  4000	68.4	134.3	1175	high noise
 905	  4000	69.4	134.2	1194	high noise
 906	  4000	69.2	132.4	1198	high noise
 907	  4000	69.7	134.6	1183	high noise
 908	  4000	70.7	135.9	1186	high noise
 909	  4000	69.7	132.0	1177	high noise
 910	  4000	70.3	136.3	1189	high noise
 911	  4000	67.9	130.6	1162	high noise
 912	  4000	69.6	135.9	1195	high noise
 913	  4000	70.6	137.2	1223	high noise
 914	  4000	67.7	131.8	1189	high noise
 915	  4000	69.6	135.5	1191	high noise
 916	  4000	68.2	132.5	1176	high noise
 917	  4000	69.7	135.0	1174	high noise
 918	  4000	70.2	134.8	1179	high noise
 919	  4000	68.7	130.8	1168	high noise
 920	  4000	68.8	133.3	1137	high noise
 921	  4000	69.5	135.9	1157	high noise
 922	  4000	71.1	135.8	1152	high noise
 923	  4000	69.9	136.1	1146	high noise
 924	  4000	69.6	134.4	1145	high noise
 925	  4000	69.8	138.0	1156	high noise
 926	  4000	68.9	132.3	1135	high noise
 927	  4000	71.7	139.1	1186	high noise
 928	  4000	72.4	138.1	1164	high noise
 929	  4000	70.4	136.5	1170	high noise
 930	  4000	72.0	137.9	1164	high noise
 931	  4000	69.7	135.8	1160	high noise
 932	  4000	70.0	133.9	1137	high noise
 933	  4000	69.5	133.5	1146	high noise
 934	  4000	70.5	134.7	1151	high noise
 935	  4000	69.0	133.1	1145	high noise
 936	  4000	70.0	135.7	1150	high noise
 937	  4000	69.5	132.4	1147	high noise
 938	  4000	71.5	136.7	1135	high noise
 939	  4000	70.1	137.4	1133	high noise
 940	  4000	69.3	133.2	1143	high noise
 941	  4000	67.9	130.1	1144	high noise
 942	  4000	70.1	134.8	1153	high noise
 943	  4000	71.3	135.2	1134	high noise
 944	  4000	71.1	138.3	1140	high noise
 945	     0	68.3	133.5	1101	OK
 946	  4000	68.9	133.7	1130	high noise
 947	  4000	69.8	136.4	1124	high noise
 948	     0	68.2	130.7	1104	OK
 949	     0	69.6	133.9	1099	OK
 950	  4000	70.2	133.8	1128	high noise
 951	  4000	68.6	133.8	1121	high noise
 952	  4000	68.4	132.0	1117	high noise
 953	     0	71.6	139.0	1112	OK
 954	  4000	70.7	135.3	1127	high noise
 955	     0	70.6	137.2	1099	OK
 956	     0	70.1	135.0	1086	OK
 957	     0	72.2	139.7	1115	OK
 958	     0	69.8	135.0	1089	OK
 959	     0	69.7	133.7	1107	OK
 960	     0	69.3	135.3	1093	OK
 961	     0	71.3	137.6	1098	OK
 962	     0	69.0	133.5	1095	OK
 963	     0	69.1	134.2	1080	OK
 964	     0	71.0	137.2	1097	OK
 965	     0	67.5	132.3	1088	OK
 966	     0	70.3	135.8	1107	OK
 967	     0	67.4	131.1	1079	OK
 968	     0	67.4	129.4	1062	OK
 969	     0	67.6	129.6	1107	OK
 970	     0	68.8	132.2	1107	OK
 971	     0	67.5	131.6	1093	OK
 972	     0	71.0	137.5	1094	OK
 973	     0	67.7	130.7	1111	OK
 974	     0	69.0	134.7	1084	OK
 975	     0	69.4	135.0	1099	OK
 976	     0	71.1	135.7	1080	OK
 977	     0	68.3	132.9	1099	OK
 978	     0	68.8	132.8	1090	OK
 979	     0	70.6	135.4	1078	OK
 980	     0	69.3	133.8	1078	OK
 981	     0	67.8	131.4	1107	OK
 982	     0	70.0	136.1	1095	OK
 983	     0	70.2	135.8	1091	OK
 984	     0	69.3	135.3	1102	OK
 985	     0	70.5	136.9	1081	OK
 986	     0	67.5	130.3	1092	OK
 987	     0	67.3	131.6	1105	OK
 988	     0	70.2	137.0	1101	OK
 989	     0	68.1	130.2	1074	OK
 990	     0	68.4	131.6	1091	OK
 991	     0	68.8	133.0	1086	OK
 992	     0	68.1	131.7	1081	OK
 993	     0	67.2	129.6	1089	OK
 994	     0	70.0	135.4	1100	OK
 995	     0	68.2	133.9	1086	OK
 996	     0	67.9	130.5	1086	OK
 997	     0	68.4	130.0	1091	OK
 998	     0	67.7	132.0	1103	OK
 999	     0	68.9	132.4	1084	OK
1000	     0	66.7	129.2	1072	OK
1001	     0	69.5	136.0	1091	OK
1002	     0	69.1	134.0	1063	OK
1003	     0	67.4	131.7	1098	OK
1004	     0	68.3	131.9	1083	OK
1005	     0	67.4	128.9	1083	OK
1006	     0	69.8	133.3	1082	OK
1007	     0	70.9	134.6	1101	OK
1008	     0	68.9	131.1	1080	OK
1009	     0	69.0	134.4	1059	OK
1010	     0	71.7	138.1	1090	OK
1011	     0	69.1	133.8	1071	OK
1012	     0	72.4	138.3	1087	OK
1013	     0	71.0	135.8	1086	OK
1014	     0	67.8	134.4	1068	OK
1015	     0	68.1	129.1	1088	OK
1016	     0	67.5	128.7	1062	OK
1017	     0	66.7	129.0	1062	OK
1018	     0	70.4	135.2	1083	OK
1019	     0	68.4	131.8	1080	OK
1020	     0	69.3	133.9	1072	OK
1021	     0	70.2	135.9	1055	OK
1022	     0	71.8	136.3	1077	OK
1023	     0	72.0	139.7	1067	OK
1024	     0	72.2	135.9	1105	OK
1025	     0	74.2	140.9	1087	OK
1026	     0	73.1	138.4	1070	OK
1027	     0	73.0	140.1	1106	OK
1028	     0	73.8	142.5	1085	OK
1029	     0	71.7	139.4	1092	OK
1030	     0	72.5	137.9	1093	OK
1031	     0	73.6	139.3	1076	OK
1032	     0	73.3	140.1	1072	OK
1033	     0	72.0	138.5	1089	OK
1034	     0	73.9	141.3	1093	OK
1035	     0	72.5	140.2	1083	OK
1036	     0	71.4	137.3	1095	OK
1037	     0	71.7	139.0	1081	OK
1038	     0	72.6	140.0	1101	OK
1039	     0	74.2	142.6	1097	OK
1040	     0	74.6	141.4	1077	OK
1041	     0	73.4	139.4	1099	OK
1042	     0	70.9	134.1	1106	OK
1043	     0	74.1	141.1	1085	OK
1044	     0	74.4	142.4	1070	OK
1045	     0	73.1	141.8	1071	OK
1046	     0	72.3	137.3	1073	OK
1047	     0	73.1	138.8	1064	OK
1048	     0	73.5	140.5	1103	OK
1049	     0	73.7	140.5	1085	OK
1050	     0	71.9	136.5	1083	OK
1051	     0	73.4	138.5	1102	OK
1052	     0	74.3	139.7	1107	OK
1053	     0	71.8	138.4	1085	OK
1054	     0	72.0	137.7	1088	OK
1055	     0	71.7	137.8	1141	OK
1056	     0	73.6	140.4	1103	OK
1057	     0	73.8	140.4	1084	OK
1058	     0	72.5	140.3	1117	OK
1059	     0	73.7	139.0	1089	OK
1060	     0	73.0	139.7	1102	OK
1061	     0	74.4	141.7	1117	OK
1062	     0	71.8	136.2	1105	OK
1063	     0	72.1	136.2	1114	OK
1064	     0	72.0	136.2	1110	OK
1065	     0	74.1	140.9	1126	OK
1066	     0	72.6	138.0	1105	OK
1067	     0	71.6	136.6	1104	OK
1068	     0	73.7	141.0	1124	OK
1069	   100	68.9	131.4	1111	low gain
1070	     0	71.5	137.2	1119	OK
1071	     0	74.1	141.1	1117	OK
1072	     0	72.1	138.6	1114	OK
1073	     0	73.4	141.6	1108	OK
1074	     0	72.9	140.7	1128	OK
1075	     0	73.6	139.9	1124	OK
1076	     0	75.4	142.5	1127	OK
1077	     0	71.8	138.6	1102	OK
1078	     0	70.6	134.7	1132	OK
1079	     0	73.4	139.9	1091	OK
1080	     0	72.5	141.5	1131	OK
1081	     0	72.9	137.8	1115	OK
1082	     0	72.5	138.6	1119	OK
1083	     0	74.0	143.2	1117	OK
1084	     0	72.7	138.7	1112	OK
1085	     0	74.5	140.2	1106	OK
1086	     0	73.2	139.8	1105	OK
1087	     0	74.1	143.6	1136	OK
1088	     0	70.5	136.8	1099	OK
1089	     0	71.6	136.4	1099	OK
1090	     0	74.0	139.9	1098	OK
1091	     0	73.2	139.5	1114	OK
1092	     0	72.4	138.7	1137	OK
1093	     0	71.1	136.0	1104	OK
1094	     0	74.1	141.7	1114	OK
1095	     0	74.4	139.5	1098	OK
1096	     0	72.5	139.2	1124	OK
1097	     0	74.9	141.8	1104	OK
1098	     0	73.2	142.0	1110	OK
1099	     0	72.4	138.9	1101	OK
1100	     0	73.3	139.1	1105	OK
1101	     0	72.5	138.6	1094	OK
1102	     0	72.1	139.1	1111	OK
1103	     0	73.2	138.6	1138	OK
1104	     0	71.7	134.3	1086	OK
1105	     0	72.9	141.3	1123	OK
1106	     0	72.7	140.1	1101	OK
1107	     0	74.8	141.9	1087	OK
1108	     0	75.0	141.7	1108	OK
1109	     0	73.8	140.5	1105	OK
1110	     0	72.3	138.1	1117	OK
1111	     0	72.6	138.9	1106	OK
1112	     0	72.0	139.0	1100	OK
1113	     0	73.2	139.4	1128	OK
1114	     0	72.9	138.2	1101	OK
1115	     0	72.7	138.7	1099	OK
1116	     0	74.0	140.9	1090	OK
1117	     0	73.0	137.4	1102	OK
1118	     0	74.6	144.1	1081	OK
1119	     0	73.0	138.3	1098	OK
1120	     0	74.3	147.9	1098	OK
1121	     0	72.1	136.1	1105	OK
1122	     0	73.5	139.0	1104	OK
1123	     0	75.2	143.5	1082	OK
1124	     0	73.1	139.5	1104	OK
1125	     0	73.5	138.9	1102	OK
1126	     0	73.6	140.2	1073	OK
1127	     0	71.9	137.3	1085	OK
1128	     0	73.8	140.8	1092	OK
1129	     0	73.2	142.0	1105	OK
1130	     0	74.6	140.3	1076	OK
1131	     0	73.0	137.7	1111	OK
1132	     0	73.2	140.1	1086	OK
1133	     0	71.7	138.6	1123	OK
1134	     0	73.9	138.9	1080	OK
1135	     0	73.3	139.1	1103	OK
1136	     0	71.0	133.7	1048	OK
1137	     0	73.2	140.2	1102	OK
1138	     0	73.9	138.8	1100	OK
1139	     0	74.8	140.8	1084	OK
1140	     0	72.8	138.3	1090	OK
1141	     0	73.0	137.0	1112	OK
1142	     0	72.7	139.1	1095	OK
1143	     0	73.5	140.3	1096	OK
1144	     0	73.9	140.0	1096	OK
1145	     0	75.3	142.7	1091	OK
1146	     0	75.2	144.0	1096	OK
1147	     0	73.4	140.8	1118	OK
1148	     0	73.8	139.7	1105	OK
1149	     0	74.4	141.0	1089	OK
1150	     0	75.9	142.4	1106	OK
1151	     0	73.2	137.9	1095	OK
1152	     0	72.4	140.9	1064	OK
1153	     0	71.8	138.3	1084	OK
1154	     0	71.3	139.2	1072	OK
1155	     0	71.6	138.7	1065	OK
1156	     0	70.6	136.0	1079	OK
1157	     0	71.1	137.6	1087	OK
1158	     0	73.7	140.8	1097	OK
1159	     0	70.6	138.5	1074	OK
1160	     0	71.8	139.4	1077	OK
1161	     0	73.5	141.1	1082	OK
1162	     0	71.2	137.8	1074	OK
1163	     0	72.8	140.9	1072	OK
1164	     0	71.7	139.9	1094	OK
1165	     0	71.1	139.0	1100	OK
1166	     0	71.3	136.9	1079	OK
1167	     0	71.5	139.0	1072	OK
1168	     0	72.6	140.3	1073	OK
1169	     0	71.1	138.2	1083	OK
1170	     0	71.0	138.8	1053	OK
1171	     0	71.9	139.2	1051	OK
1172	     0	72.1	140.8	1075	OK
1173	     0	73.4	141.0	1081	OK
1174	     0	73.2	141.5	1083	OK
1175	     0	71.7	137.8	1071	OK
1176	     0	70.0	135.5	1066	OK
1177	     0	69.3	135.6	1070	OK
1178	     0	72.7	143.0	1083	OK
1179	     0	71.9	139.8	1055	OK
1180	     0	69.3	134.6	1075	OK
1181	     0	69.7	136.3	1076	OK
1182	     0	71.2	139.1	1080	OK
1183	     0	70.8	136.4	1067	OK
1184	     0	71.1	137.0	1065	OK
1185	     0	70.3	134.9	1051	OK
1186	     0	70.6	136.4	1090	OK
1187	     0	71.2	136.4	1080	OK
1188	     0	72.7	140.5	1080	OK
1189	     0	70.7	138.6	1089	OK
1190	     0	72.0	139.0	1081	OK
1191	     0	69.5	135.1	1083	OK
1192	     0	70.1	135.9	1095	OK
1193	     0	73.9	141.6	1097	OK
1194	     0	70.7	135.4	1070	OK
1195	     0	68.6	135.5	1099	OK
1196	     0	70.5	135.1	1071	OK
1197	     0	70.7	135.7	1085	OK
1198	     0	70.9	135.5	1078	OK
1199	     0	70.8	137.4	1089	OK
1200	     0	69.6	134.7	1098	OK
1201	     0	69.8	137.0	1067	OK
1202	     0	69.9	133.9	1087	OK
1203	     0	72.0	136.5	1077	OK
1204	     0	69.6	136.6	1087	OK
1205	     0	70.5	138.2	1076	OK
1206	     0	69.0	134.5	1073	OK
1207	     0	69.3	134.0	1073	OK
1208	     0	70.9	136.4	1076	OK
1209	     0	70.7	136.9	1086	OK
1210	     0	69.4	133.3	1083	OK
1211	     0	71.5	139.4	1111	OK
1212	     0	69.9	134.7	1059	OK
1213	     0	71.1	136.2	1101	OK
1214	     0	71.4	138.2	1087	OK
1215	     0	72.5	139.9	1081	OK
1216	     0	71.0	135.8	1076	OK
1217	     0	69.6	136.8	1087	OK
1218	     0	68.8	137.3	1076	OK
1219	     0	70.3	136.4	1080	OK
1220	     0	67.7	131.9	1082	OK
1221	     0	69.2	132.9	1074	OK
1222	     0	70.7	137.2	1064	OK
1223	     0	69.6	135.4	1079	OK
1224	     0	70.6	135.4	1060	OK
1225	     0	68.8	134.0	1070	OK
1226	     0	69.8	134.5	1051	OK
1227	     0	68.4	134.0	1066	OK
1228	     0	69.9	136.9	1070	OK
1229	     0	69.4	135.5	1060	OK
1230	     0	70.6	135.8	1067	OK
1231	     0	68.9	132.4	1071	OK
1232	     0	68.5	132.2	1066	OK
1233	     0	68.8	133.9	1057	OK
1234	     0	68.3	133.3	1065	OK
1235	     0	68.7	134.6	1055	OK
1236	     0	70.4	136.8	1068	OK
1237	     0	68.4	132.6	1062	OK
1238	     0	70.1	135.9	1098	OK
1239	     0	70.6	139.5	1082	OK
1240	     0	69.2	134.5	1034	OK
1241	     0	73.0	140.4	1082	OK
1242	     0	70.9	138.5	1072	OK
1243	     0	70.2	135.3	1074	OK
1244	     0	70.8	135.8	1057	OK
1245	     0	67.6	131.9	1052	OK
1246	     0	69.1	134.1	1023	OK
1247	     0	69.6	133.6	1047	OK
1248	     0	70.2	137.5	1052	OK
1249	     0	67.1	131.2	1079	OK
1250	     0	70.2	135.9	1039	OK
1251	     0	69.9	135.0	1060	OK
1252	     0	70.3	136.7	1053	OK
1253	     0	70.0	137.7	1053	OK
1254	     0	71.2	140.4	1050	OK
1255	     0	68.0	131.0	1038	OK
1256	     0	68.9	133.5	1032	OK
1257	     0	67.3	132.3	1029	OK
1258	     0	68.9	135.0	1045	OK
1259	     0	70.7	139.8	1052	OK
1260	     0	67.8	131.6	1052	OK
1261	     0	68.7	134.3	1024	OK
1262	     0	70.0	136.2	1023	OK
1263	     0	69.8	133.8	1057	OK
1264	     0	69.2	132.6	1020	OK
1265	     0	68.7	134.8	1033	OK
1266	     0	68.7	133.5	1025	OK
1267	     0	69.3	135.1	1007	OK
1268	     0	71.1	134.8	 997	OK
1269	     0	70.0	135.1	1019	OK
1270	     0	68.7	132.2	 998	OK
1271	     0	69.4	135.3	1026	OK
1272	     0	72.2	138.7	1008	OK
1273	     0	69.7	136.2	1028	OK
1274	     0	68.8	134.2	1031	OK
1275	     0	70.5	136.4	1015	OK
1276	     0	68.7	132.9	1026	OK
1277	     0	70.0	136.1	1026	OK
1278	     0	69.8	135.9	1063	OK
1279	     0	71.9	138.0	1046	OK
1280	     0	71.3	136.3	1062	OK
1281	     0	68.3	131.4	1019	OK
1282	     0	69.1	135.2	1044	OK
1283	     0	69.7	135.5	1037	OK
1284	     0	70.3	136.4	1045	OK
1285	     0	66.9	132.3	1036	OK
1286	     0	67.5	132.1	1034	OK
1287	     0	68.7	134.1	1036	OK
1288	     0	68.8	133.8	1034	OK
1289	     0	66.0	128.7	1023	OK
1290	     0	69.8	133.5	1018	OK
1291	     0	67.5	131.7	1039	OK
1292	     0	70.2	136.1	1050	OK
1293	     0	67.4	132.3	1037	OK
1294	     0	69.9	135.5	1034	OK
1295	     0	69.5	132.6	1044	OK
1296	     0	66.4	131.0	1031	OK
1297	     0	68.7	133.9	1032	OK
1298	     0	68.0	132.1	1046	OK
1299	     0	68.9	133.0	1037	OK
1300	     0	67.4	132.0	1014	OK
1301	     0	66.0	131.3	1046	OK
1302	     0	69.3	134.0	1040	OK
1303	     0	69.4	134.5	1052	OK
1304	     0	66.6	131.6	1038	OK
1305	     0	68.9	133.6	1049	OK
1306	     0	70.4	135.6	1049	OK
1307	     0	68.0	134.0	1013	OK
1308	     0	67.9	132.7	1028	OK
1309	     0	67.1	130.7	1058	OK
1310	     0	67.8	131.7	1033	OK
1311	     0	67.0	130.1	1031	OK
1312	     0	69.5	135.1	1046	OK
1313	     0	66.7	131.9	1035	OK
1314	     0	68.2	133.1	1054	OK
1315	     0	68.2	135.2	1046	OK
1316	     0	67.8	132.7	1037	OK
1317	     0	68.1	132.0	1041	OK
1318	     0	69.0	133.0	1029	OK
1319	     0	67.5	131.5	1047	OK
1320	     0	68.5	132.9	1045	OK
1321	     0	67.9	130.0	1055	OK
1322	     0	67.3	130.0	1011	OK
1323	     0	66.6	128.8	1052	OK
1324	     0	67.3	132.8	1067	OK
1325	     0	67.8	129.3	1044	OK
1326	     0	67.5	132.2	1052	OK
1327	     0	66.2	130.3	1053	OK
1328	     0	67.4	132.4	1061	OK
1329	     0	67.2	132.1	1024	OK
1330	     0	67.1	132.9	1044	OK
1331	     0	69.6	135.2	1045	OK
1332	     0	70.2	134.8	1061	OK
1333	     0	67.8	132.5	1046	OK
1334	     0	69.8	136.0	1072	OK
1335	     0	65.8	127.3	1042	OK
1336	     0	67.2	132.7	1025	OK
1337	     0	70.1	134.9	1057	OK
1338	     0	67.2	130.7	1064	OK
1339	     0	67.1	131.8	1050	OK
1340	     0	67.6	132.7	1065	OK
1341	     0	68.3	132.5	1058	OK
1342	     0	66.8	131.2	1040	OK
1343	     0	70.1	136.3	1042	OK
1344	     0	67.5	131.5	1012	OK
1345	     0	66.1	132.1	1055	OK
1346	     0	67.4	133.5	1063	OK
1347	     0	66.3	129.6	1046	OK
1348	     0	69.3	136.8	1077	OK
1349	     0	65.7	130.2	1036	OK
1350	     0	67.0	131.5	1065	OK
1351	     0	67.0	133.7	1068	OK
1352	     0	66.6	128.0	1056	OK
1353	     0	67.0	130.3	1042	OK
1354	     0	65.3	126.6	1056	OK
1355	     0	66.9	129.9	1051	OK
1356	     0	65.9	129.2	1056	OK
1357	     0	66.7	131.1	1040	OK
1358	     0	67.3	131.5	1054	OK
1359	     0	67.0	131.0	1052	OK
1360	     0	67.7	133.1	1057	OK
1361	     0	67.3	133.1	1050	OK
1362	     0	66.5	128.8	1050	OK
1363	     0	66.5	131.4	1042	OK
1364	     0	66.7	129.3	1046	OK
1365	     0	66.4	129.3	1058	OK
1366	     0	66.5	126.7	1044	OK
1367	     0	64.8	131.1	1036	OK
1368	     0	68.6	133.5	1065	OK
1369	     0	67.3	135.1	1040	OK
1370	     0	68.6	134.1	1033	OK
1371	     0	66.7	127.7	1058	OK
1372	     0	66.4	129.3	1033	OK
1373	     0	66.8	131.0	1037	OK
1374	     0	68.5	131.3	1052	OK
1375	     0	67.7	131.9	1079	OK
1376	     0	67.5	132.5	1048	OK
1377	     0	64.9	126.3	1032	OK
1378	     0	68.1	131.3	1044	OK
1379	     0	68.8	132.1	1039	OK
1380	     0	66.9	130.5	1029	OK
1381	     0	67.2	130.8	1027	OK
1382	     0	67.2	131.4	1041	OK
1383	     0	66.6	130.6	1025	OK
1384	     0	67.5	132.0	1041	OK
1385	     0	67.1	130.1	1053	OK
1386	     0	66.5	130.3	1046	OK
1387	     0	66.6	131.7	1020	OK
1388	     0	66.7	131.2	1029	OK
1389	     0	67.1	130.2	1034	OK
1390	     0	67.5	133.3	1048	OK
1391	     0	68.1	132.2	1036	OK
1392	     0	67.7	133.0	1025	OK
1393	     0	67.1	130.0	1056	OK
1394	     0	67.5	130.1	1033	OK
1395	     0	66.9	129.9	1054	OK
1396	     0	65.1	127.2	1044	OK
1397	     0	65.4	128.8	1043	OK
1398	     0	67.6	133.0	1042	OK
1399	     0	66.8	131.3	1046	OK
1400	     0	66.2	130.4	1044	OK
1401	     0	66.9	132.0	1042	OK
1402	     0	67.7	134.1	1024	OK
1403	     0	67.8	132.7	1032	OK
1404	     0	66.5	130.4	1060	OK
1405	     0	66.8	131.4	1016	OK
1406	     0	66.9	128.9	1039	OK
1407	     0	69.4	134.3	1055	OK
1408	     0	72.8	139.2	1049	OK
1409	     0	71.5	135.4	1042	OK
1410	     0	70.6	135.3	1025	OK
1411	     0	73.5	140.9	1044	OK
1412	     0	71.4	137.3	1036	OK
1413	     0	73.0	138.5	1050	OK
1414	     0	72.6	140.1	1038	OK
1415	     0	72.3	138.3	1047	OK
1416	     0	72.0	139.5	1024	OK
1417	     0	71.3	136.0	1042	OK
1418	     0	72.4	137.0	1012	OK
1419	     0	71.2	138.8	1037	OK
1420	     0	73.0	139.9	1019	OK
1421	     0	71.4	135.2	1042	OK
1422	     0	70.0	134.0	1030	OK
1423	     0	72.6	140.1	1024	OK
1424	     0	72.1	138.8	1037	OK
1425	     0	70.9	136.3	1048	OK
1426	     0	69.4	133.9	1031	OK
1427	     0	74.1	140.7	1025	OK
1428	     0	71.4	137.0	1027	OK
1429	     0	70.8	135.7	1013	OK
1430	     0	73.2	139.9	1043	OK
1431	     0	71.8	139.1	1038	OK
1432	     0	68.3	132.8	1009	OK
1433	     0	74.3	142.0	1042	OK
1434	     0	72.3	138.4	1026	OK
1435	     0	72.3	139.5	1017	OK
1436	     0	69.9	135.0	 996	OK
1437	     0	70.2	135.0	1030	OK
1438	     0	71.5	137.1	1039	OK
1439	     0	70.2	134.7	1024	OK
1440	     0	71.4	137.2	1034	OK
1441	     0	70.5	137.4	1023	OK
1442	     0	71.0	137.9	1050	OK
1443	     0	70.4	134.8	1031	OK
1444	     0	72.7	138.0	1024	OK
1445	     0	71.8	136.8	1031	OK
1446	     0	73.7	140.5	1056	OK
1447	     0	72.1	137.1	1040	OK
1448	     0	72.0	140.3	1054	OK
1449	     0	72.0	138.7	1043	OK
1450	     0	72.6	139.0	1035	OK
1451	     0	71.5	135.7	1038	OK
1452	     0	72.6	139.9	1041	OK
1453	     0	71.0	134.9	1019	OK
1454	     0	71.3	135.9	1026	OK
1455	     0	74.0	141.6	1028	OK
1456	     0	74.4	139.5	1018	OK
1457	     0	72.4	141.2	1028	OK
1458	     0	72.6	139.2	1034	OK
1459	     0	73.0	141.6	1010	OK
1460	     0	71.4	136.9	1058	OK
1461	     0	72.2	137.3	 998	OK
1462	     0	70.9	138.2	1051	OK
1463	     0	71.4	136.3	1018	OK
1464	     0	71.8	139.4	1044	OK
1465	     0	71.5	136.7	1047	OK
1466	     0	71.6	138.1	1033	OK
1467	     0	73.9	142.2	1027	OK
1468	     0	73.5	140.8	1027	OK
1469	     0	71.7	139.4	1047	OK
1470	     0	72.8	138.0	1018	OK
1471	     0	75.3	142.5	1045	OK
1472	     0	70.8	135.6	1006	OK
1473	     0	71.0	136.2	1043	OK
1474	     0	71.3	137.3	1026	OK
1475	     0	71.0	137.6	1057	OK
1476	     0	71.7	138.1	1039	OK
1477	     0	72.4	137.4	1047	OK
1478	     0	72.5	138.0	1019	OK
1479	     0	71.8	139.5	1048	OK
1480	     0	68.8	133.3	1019	OK
1481	     0	71.4	137.7	1038	OK
1482	     0	70.3	135.9	1032	OK
1483	     0	73.1	138.9	1036	OK
1484	     0	72.2	138.9	1015	OK
1485	     0	71.3	136.8	1038	OK
1486	     0	72.9	138.5	1043	OK
1487	     0	71.3	136.8	1029	OK
1488	     0	71.4	137.3	1031	OK
1489	     0	71.8	139.2	1044	OK
1490	     0	73.2	142.1	1026	OK
1491	     0	70.4	136.3	1036	OK
1492	     0	73.0	139.1	1020	OK
1493	     0	71.0	137.1	1024	OK
1494	     0	70.1	136.1	1015	OK
1495	     0	72.7	140.3	1017	OK
1496	     0	72.6	139.4	1024	OK
1497	     0	70.1	135.9	1020	OK
1498	     0	73.0	141.5	1027	OK
1499	     0	73.8	141.7	1012	OK
1500	     0	70.0	135.5	1021	OK
1501	     0	71.5	135.7	1025	OK
1502	     0	70.0	135.0	1017	OK
1503	     0	71.4	138.8	 999	OK
1504	     0	70.9	136.7	1034	OK
1505	     0	71.7	137.9	1035	OK
1506	     0	72.7	137.9	1010	OK
1507	     0	72.0	140.1	1033	OK
1508	     0	69.9	135.1	1028	OK
1509	     0	72.2	139.9	1026	OK
1510	     0	72.5	137.1	 999	OK
1511	     0	72.7	136.6	1017	OK
1512	     0	74.6	142.2	1008	OK
1513	     0	73.4	140.6	1020	OK
1514	     0	71.5	137.6	1025	OK
1515	     0	71.5	137.4	1013	OK
1516	     0	74.4	141.0	1010	OK
1517	     0	72.1	137.4	 990	OK
1518	     0	70.9	135.6	1013	OK
1519	     0	72.6	140.6	1031	OK
1520	     0	72.3	138.6	1022	OK
1521	     0	70.5	137.6	1035	OK
1522	     0	70.8	134.9	1036	OK
1523	     0	70.1	132.6	1020	OK
1524	     0	70.4	137.7	1012	OK
1525	     0	70.7	137.2	 995	OK
1526	     0	74.2	141.3	1017	OK
1527	     0	72.0	139.5	 986	OK
1528	     0	73.0	142.1	1017	OK
1529	     0	76.0	145.8	1027	OK
1530	     0	73.6	141.1	1037	OK
1531	     0	72.2	138.8	1013	OK
1532	     0	73.5	141.3	1043	OK
1533	     0	72.5	140.4	1015	OK
1534	     0	72.8	141.2	1024	OK
1535	     0	73.2	139.8	1018	OK
1536	     0	70.3	134.0	1023	OK
1537	     0	72.0	138.0	1049	OK
1538	     0	72.7	138.2	1020	OK
1539	     0	73.5	139.0	1021	OK
1540	     0	74.2	144.0	1043	OK
1541	     0	72.8	139.0	1030	OK
1542	     0	72.1	137.4	1022	OK
1543	     0	73.6	139.3	1027	OK
1544	     0	73.7	141.7	1043	OK
1545	     0	72.5	140.8	1033	OK
1546	     0	71.5	138.5	1037	OK
1547	     0	73.5	139.9	1015	OK
1548	     0	71.3	136.9	1012	OK
1549	     0	71.9	138.7	1026	OK
1550	     0	72.1	138.2	1021	OK
1551	     0	72.3	138.3	1026	OK
1552	     0	72.5	139.0	1040	OK
1553	     0	72.6	138.3	1018	OK
1554	     0	73.5	140.4	1033	OK
1555	     0	71.7	139.5	1037	OK
1556	     0	73.5	139.9	1015	OK
1557	     0	72.7	140.2	1024	OK
1558	     0	71.6	137.8	1047	OK
1559	     0	72.6	138.3	1033	OK
1560	     0	72.8	139.5	1038	OK
1561	     0	73.5	140.3	1044	OK
1562	     0	70.3	135.9	1010	OK
1563	     0	70.8	137.6	1039	OK
1564	     0	71.3	135.5	1024	OK
1565	     0	69.2	134.4	1026	OK
1566	     0	72.7	139.3	1021	OK
1567	     0	70.6	132.9	1025	OK
1568	     0	71.3	137.4	1040	OK
1569	     0	70.5	136.1	1032	OK
1570	     0	70.5	134.4	1056	OK
1571	     0	72.9	139.9	1032	OK
1572	     0	70.1	133.4	1028	OK
1573	     0	72.2	139.7	1046	OK
1574	     0	70.7	135.0	1033	OK
1575	     0	71.5	135.9	1068	OK
1576	     0	71.7	137.1	1040	OK
1577	     0	73.1	138.0	1022	OK
1578	     0	72.8	140.5	1029	OK
1579	     0	70.5	134.8	1032	OK
1580	     0	71.4	139.0	1050	OK
1581	     0	70.0	137.6	1048	OK
1582	     0	70.8	140.1	1038	OK
1583	     0	70.5	137.2	1050	OK
1584	     0	70.1	133.7	1034	OK
1585	     0	72.0	135.8	1031	OK
1586	     0	70.6	136.0	1031	OK
1587	     0	69.5	133.6	1049	OK
1588	     0	71.2	135.8	1040	OK
1589	     0	70.5	135.8	1048	OK
1590	     0	73.8	141.0	1034	OK
1591	     0	71.8	138.8	1039	OK
1592	     0	71.1	138.7	1041	OK
1593	     0	69.5	135.1	1044	OK
1594	     0	73.9	141.1	1045	OK
1595	     0	73.6	140.9	1075	OK
1596	     0	71.7	138.7	1045	OK
1597	     0	71.4	135.4	1034	OK
1598	     0	71.4	136.8	1050	OK
1599	     0	70.3	136.7	1036	OK
1600	     0	71.2	137.5	1048	OK
1601	     0	70.7	134.6	1023	OK
1602	     0	69.9	135.3	1042	OK
1603	     0	69.5	131.7	1029	OK
1604	     0	71.6	138.0	1050	OK
1605	     0	70.0	137.0	 998	OK
1606	     0	68.6	131.8	1016	OK
1607	     0	69.2	133.9	1063	OK
1608	     0	69.1	133.1	1027	OK
1609	     0	68.9	133.6	1005	OK
1610	     0	70.6	135.6	1031	OK
1611	     0	69.3	132.0	1034	OK
1612	     0	70.6	137.1	1042	OK
1613	     0	70.7	136.3	1024	OK
1614	     0	70.4	136.6	1026	OK
1615	     0	69.4	132.0	1012	OK
1616	     0	70.3	135.7	1047	OK
1617	     0	71.3	137.1	1045	OK
1618	     0	71.3	136.4	1062	OK
1619	     0	70.5	135.9	1041	OK
1620	     0	72.2	139.1	1028	OK
1621	     0	71.0	135.1	1044	OK
1622	     0	70.3	137.0	1015	OK
1623	     0	69.4	133.0	1017	OK
1624	     0	69.4	134.7	1040	OK
1625	     0	68.1	134.6	1016	OK
1626	     0	69.4	133.4	1028	OK
1627	     0	69.1	133.4	1004	OK
1628	     0	69.2	134.1	1007	OK
1629	     0	69.5	135.2	1038	OK
1630	     0	67.9	135.2	1009	OK
1631	     0	68.8	134.8	1034	OK
1632	     0	69.2	135.2	1038	OK
1633	     0	68.3	133.5	1009	OK
1634	     0	70.0	136.5	1015	OK
1635	     0	69.3	135.0	1031	OK
1636	     0	67.4	132.1	1013	OK
1637	     0	70.0	137.8	1010	OK
1638	     0	69.3	132.8	1009	OK
1639	     0	68.9	133.9	1022	OK
1640	     0	70.5	133.7	1024	OK
1641	     0	68.3	132.3	1005	OK
1642	     0	68.4	131.5	1024	OK
1643	     0	71.3	137.5	1030	OK
1644	     0	70.3	135.4	1025	OK
1645	     0	70.1	136.7	1022	OK
1646	     0	69.7	133.0	1019	OK
1647	     0	68.2	132.5	1032	OK
1648	     0	71.7	137.4	1025	OK
1649	     0	68.3	131.1	1013	OK
1650	     0	70.4	137.4	1023	OK
1651	     0	66.6	129.2	1022	OK
1652	     0	72.8	138.6	1022	OK
1653	     0	69.1	133.5	1035	OK
1654	     0	69.1	132.6	1016	OK
1655	     0	68.9	133.7	1032	OK
1656	     0	70.5	135.0	1006	OK
1657	     0	69.7	135.1	1033	OK
1658	     0	70.2	133.7	1022	OK
1659	     0	69.2	135.4	1022	OK
1660	     0	68.1	133.6	1011	OK
1661	     0	70.5	136.8	1030	OK
1662	     0	69.4	132.1	1031	OK
1663	     0	70.5	135.0	1025	OK
1664	     0	69.6	135.6	1028	OK
1665	     0	69.7	134.4	 999	OK
1666	     0	68.5	132.9	1007	OK
1667	     0	70.1	136.3	1010	OK
1668	     0	69.6	136.4	1022	OK
1669	     0	70.2	136.9	1014	OK
1670	     0	68.1	132.0	 993	OK
1671	     0	66.8	131.3	1014	OK
1672	     0	67.8	132.1	1013	OK
1673	     0	68.7	134.1	1014	OK
1674	     0	69.2	134.4	1019	OK
1675	     0	70.9	136.9	1020	OK
1676	     0	69.0	134.4	 992	OK
1677	     0	69.3	134.8	1018	OK
1678	     0	67.6	131.7	 992	OK
1679	     0	67.6	133.8	1013	OK
1680	     0	69.9	133.2	1018	OK
1681	     0	70.4	136.7	1017	OK
1682	     0	69.0	133.7	 993	OK
1683	     0	68.2	133.7	1028	OK
1684	     0	67.9	134.8	 996	OK
1685	     0	68.1	130.6	1004	OK
1686	     0	67.7	132.0	1000	OK
1687	     0	69.4	133.1	1012	OK
1688	     0	69.1	133.0	1011	OK
1689	     0	68.9	133.8	1012	OK
1690	     0	69.1	132.5	1010	OK
1691	     0	69.3	134.8	1006	OK
1692	     0	68.1	132.4	1008	OK
1693	     0	68.8	133.6	1026	OK
1694	     0	70.1	135.7	1010	OK
1695	     0	69.1	134.7	1010	OK
1696	     0	69.1	132.2	1015	OK
1697	     0	69.6	135.6	1009	OK
1698	     0	69.1	131.8	 986	OK
1699	     0	68.3	133.5	1011	OK
1700	     0	68.4	134.1	 992	OK
1701	     0	68.7	134.1	1019	OK
1702	     0	70.1	134.3	1006	OK
1703	     0	69.6	134.7	 999	OK
1704	     0	68.4	134.3	1005	OK
1705	     0	68.2	132.9	 998	OK
1706	     0	69.0	133.4	1021	OK
1707	     0	67.7	131.8	1006	OK
1708	     0	67.5	131.3	1031	OK
1709	     0	67.7	131.7	1002	OK
1710	     0	68.6	133.2	1039	OK
1711	     0	68.4	133.4	 993	OK
1712	     0	66.5	127.6	1021	OK
1713	     0	68.3	133.5	1027	OK
1714	     0	69.4	135.0	1008	OK
1715	     0	68.0	132.0	1020	OK
1716	     0	69.7	136.3	1002	OK
1717	     0	67.6	132.8	1015	OK
1718	     0	68.7	134.4	1012	OK
1719	     0	70.0	134.4	1003	OK
1720	     0	67.4	130.6	1021	OK
1721	     0	66.5	129.5	 994	OK
1722	     0	69.3	132.8	1020	OK
1723	     0	70.3	134.5	1001	OK
1724	     0	69.4	133.5	1026	OK
1725	     0	68.6	132.6	1004	OK
1726	     0	69.6	133.6	 994	OK
1727	     0	68.9	132.6	 995	OK
1728	     0	69.1	135.1	1015	OK
1729	     0	67.5	131.7	 987	OK
1730	     0	67.5	131.8	1007	OK
1731	     0	69.1	133.0	 999	OK
1732	     0	68.8	137.0	1015	OK
1733	     0	68.5	132.6	1001	OK
1734	     0	67.1	128.9	 985	OK
1735	     0	68.0	132.9	 990	OK
1736	     0	69.9	135.3	 988	OK
1737	     0	66.9	131.2	1003	OK
1738	     0	68.0	130.4	 978	OK
1739	     0	67.6	132.5	1027	OK
1740	     0	68.9	132.1	 989	OK
1741	     0	68.0	132.1	 982	OK
1742	     0	66.2	130.9	1009	OK
1743	     0	68.4	131.5	1005	OK
1744	     0	68.9	135.1	 999	OK
1745	     0	70.4	134.1	1007	OK
1746	     0	68.6	134.5	 998	OK
1747	     0	68.4	133.9	1014	OK
1748	     0	68.3	135.3	 998	OK
1749	     0	69.2	133.4	1003	OK
1750	     0	68.6	135.2	 984	OK
1751	     0	69.9	137.1	 975	OK
1752	     0	67.9	132.0	1011	OK
1753	     0	67.5	131.1	 999	OK
1754	     0	69.3	134.1	 996	OK
1755	     0	70.3	136.5	 989	OK
1756	     0	66.6	130.6	1007	OK
1757	     0	69.3	135.1	1012	OK
1758	     0	71.4	138.3	1013	OK
1759	     0	69.6	135.1	1001	OK
1760	     0	68.2	131.2	 984	OK
1761	     0	68.1	131.7	1019	OK
1762	     0	66.8	129.8	 991	OK
1763	     0	67.9	132.5	 971	OK
1764	     0	68.2	133.3	1004	OK
1765	     0	69.9	135.4	1009	OK
1766	     0	68.5	131.9	1009	OK
1767	     0	70.0	136.7	1000	OK
1768	     0	69.4	134.3	1011	OK
1769	     0	70.2	135.0	 988	OK
1770	     0	67.2	130.4	 994	OK
1771	     0	69.5	135.6	1018	OK
1772	     0	67.8	132.8	 989	OK
1773	     0	67.9	131.1	 993	OK
1774	     0	68.4	132.3	 978	OK
1775	     0	69.2	134.3	 994	OK
1776	     0	71.4	137.7	 994	OK
1777	     0	69.1	133.6	1004	OK
1778	     0	70.1	137.3	 991	OK
1779	     0	69.7	133.9	 994	OK
1780	     0	69.8	134.5	1009	OK
1781	     0	67.7	132.3	1015	OK
1782	     0	68.6	135.4	1003	OK
1783	     0	68.9	133.7	1000	OK
1784	     0	68.4	132.7	1005	OK
1785	     0	67.3	130.5	 969	OK
1786	     0	70.0	132.7	 993	OK
1787	     0	67.8	132.8	 995	OK
1788	     0	70.0	136.4	 973	OK
1789	     0	70.5	138.4	 991	OK
1790	     0	69.6	133.4	 969	OK
1791	     0	70.4	134.6	 997	OK
1792	     0	68.3	134.0	1049	OK
1793	     0	67.8	132.0	1053	OK
1794	     0	69.6	133.2	1025	OK
1795	     0	65.3	128.2	1027	OK
1796	     0	66.6	128.9	1029	OK
1797	     0	68.5	131.1	1031	OK
1798	     0	67.1	130.2	1029	OK
1799	     0	67.5	129.7	1031	OK
1800	     0	67.6	131.0	1048	OK
1801	     0	69.5	133.8	1019	OK
1802	     0	68.2	130.4	1057	OK
1803	     0	67.0	130.5	1012	OK
1804	     0	66.3	129.5	1009	OK
1805	     0	66.5	130.5	1034	OK
1806	     0	67.1	129.4	1055	OK
1807	     0	67.8	133.1	1026	OK
1808	     0	67.1	130.6	1063	OK
1809	     0	68.0	131.1	1027	OK
1810	     0	68.4	130.5	1023	OK
1811	     0	66.7	129.2	1038	OK
1812	     0	66.9	130.4	1040	OK
1813	     0	68.0	131.4	1032	OK
1814	     0	69.5	134.2	1041	OK
1815	     0	67.8	132.9	1047	OK
1816	     0	67.3	129.0	1017	OK
1817	     0	67.5	131.8	1053	OK
1818	     0	68.6	133.6	1020	OK
1819	     0	64.4	125.5	1043	OK
1820	     0	66.5	129.8	1032	OK
1821	     0	68.5	132.0	1029	OK
1822	     0	67.5	132.8	1071	OK
1823	     0	65.4	127.6	1025	OK
1824	     0	67.2	129.9	1035	OK
1825	     0	66.6	130.9	1033	OK
1826	     0	69.2	136.5	1038	OK
1827	     0	67.3	131.4	1035	OK
1828	     0	69.6	136.3	1041	OK
1829	     0	68.5	131.7	1029	OK
1830	     0	67.8	130.3	1040	OK
1831	     0	65.7	126.5	1034	OK
1832	     0	68.5	134.0	1048	OK
1833	     0	68.8	134.1	1034	OK
1834	     0	66.8	131.9	1023	OK
1835	     0	66.9	130.8	1027	OK
1836	     0	66.7	131.3	1036	OK
1837	     0	66.0	128.6	1023	OK
1838	     0	67.7	132.1	1043	OK
1839	     0	68.4	134.3	1037	OK
1840	     0	66.4	129.5	1020	OK
1841	     0	68.7	133.5	1034	OK
1842	     0	66.5	127.4	1022	OK
1843	     0	66.8	130.0	1017	OK
1844	     0	68.6	132.9	1058	OK
1845	     0	67.1	127.6	1041	OK
1846	     0	67.4	130.5	1047	OK
1847	     0	67.4	131.7	1028	OK
1848	     0	68.3	132.9	1044	OK
1849	     0	69.0	132.2	1038	OK
1850	     0	68.1	133.2	1049	OK
1851	     0	69.0	134.4	1036	OK
1852	     0	68.5	132.7	1019	OK
1853	     0	67.0	131.5	1048	OK
1854	     0	66.1	129.4	1034	OK
1855	     0	68.3	132.8	1063	OK
1856	     0	66.7	129.6	1040	OK
1857	     0	66.6	129.3	1036	OK
1858	     0	65.5	126.6	1037	OK
1859	     0	67.4	128.7	1070	OK
1860	     0	68.3	133.1	1045	OK
1861	     0	68.8	135.8	1051	OK
1862	     0	66.4	131.5	1060	OK
1863	     0	67.7	131.3	1042	OK
1864	     0	68.0	130.9	1029	OK
1865	     0	64.9	126.7	1032	OK
1866	     0	68.4	132.3	1029	OK
1867	     0	67.9	132.3	1036	OK
1868	     0	69.9	134.9	1056	OK
1869	     0	66.9	129.4	1030	OK
1870	     0	66.5	130.2	1052	OK
1871	     0	68.3	133.5	1052	OK
1872	     0	68.2	132.4	1040	OK
1873	     0	66.2	129.3	1027	OK
1874	     0	67.2	130.4	1042	OK
1875	     0	67.4	132.1	1052	OK
1876	     0	67.3	130.0	1048	OK
1877	     0	67.9	133.4	1024	OK
1878	     0	66.3	127.6	1049	OK
1879	     0	67.7	132.3	1051	OK
1880	     0	68.9	134.2	1035	OK
1881	     0	67.9	130.8	1043	OK
1882	     0	68.4	133.2	1046	OK
1883	     0	67.5	130.1	1030	OK
1884	     0	67.6	130.9	1046	OK
1885	     0	66.2	130.0	1018	OK
1886	     0	68.7	131.8	1053	OK
1887	     0	68.1	132.9	1028	OK
1888	     0	67.4	130.4	1026	OK
1889	     0	67.0	129.7	1035	OK
1890	     0	68.1	131.6	1036	OK
1891	     0	68.4	132.9	1037	OK
1892	     0	68.0	132.2	1030	OK
1893	     0	65.8	129.1	1004	OK
1894	     0	67.8	131.2	1025	OK
1895	     0	69.6	135.9	1032	OK
1896	     0	67.7	131.9	1047	OK
1897	     0	69.5	134.1	1037	OK
1898	     0	69.1	134.6	1025	OK
1899	     0	66.8	129.3	1032	OK
1900	     0	68.3	132.9	1037	OK
1901	     0	69.0	132.8	1051	OK
1902	     0	67.9	132.9	1034	OK
1903	     0	69.9	132.6	1039	OK
1904	     0	68.4	131.3	1014	OK
1905	     0	70.0	135.0	1051	OK
1906	     0	66.0	128.5	1020	OK
1907	     0	66.6	130.7	1032	OK
1908	     0	67.0	129.6	1042	OK
1909	     0	66.8	129.5	1022	OK
1910	     0	69.5	134.7	1040	OK
1911	     0	66.8	132.4	1026	OK
1912	     0	69.3	133.9	1055	OK
1913	     0	68.9	135.1	1018	OK
1914	     0	70.9	136.2	1029	OK
1915	     0	68.8	132.7	1043	OK
1916	     0	70.4	137.1	1042	OK
1917	     0	68.3	135.5	1030	OK
1918	     0	69.2	136.4	1018	OK
1919	     0	68.9	134.2	1015	OK
1920	     0	72.1	140.1	1034	OK
1921	     0	71.0	137.5	1032	OK
1922	     0	71.5	138.8	1039	OK
1923	     0	74.1	141.9	1042	OK
1924	     0	72.0	139.3	1038	OK
1925	     0	70.2	133.9	1040	OK
1926	     0	73.1	140.7	1055	OK
1927	     0	68.8	133.6	1045	OK
1928	     0	72.1	137.1	1063	OK
1929	     0	73.0	138.2	1047	OK
1930	     0	73.8	137.9	1056	OK
1931	     0	71.6	138.8	1050	OK
1932	     0	69.2	133.2	1043	OK
1933	     0	68.1	130.4	1054	OK
1934	     0	72.2	139.5	1063	OK
1935	     0	71.5	137.3	1053	OK
1936	     0	71.3	136.1	1030	OK
1937	     0	69.1	147.3	1056	OK
1938	     0	72.9	140.0	1037	OK
1939	     0	70.5	136.2	1046	OK
1940	     0	71.2	137.4	1054	OK
1941	     0	69.9	133.9	1053	OK
1942	     0	71.7	138.2	1020	OK
1943	     0	70.3	135.8	1042	OK
1944	     0	71.6	137.1	1043	OK
1945	     0	71.5	135.1	1046	OK
1946	     0	70.8	136.1	1032	OK
1947	     0	71.3	137.2	1049	OK
1948	     0	71.9	136.3	1032	OK
1949	     0	69.4	134.5	1023	OK
1950	     0	70.4	136.8	1050	OK
1951	     0	71.5	136.1	1029	OK
1952	     0	71.3	137.4	1052	OK
1953	     0	70.9	136.8	1050	OK
1954	     0	69.0	131.7	1051	OK
1955	     0	71.7	138.5	1041	OK
1956	     0	70.0	135.6	1053	OK
1957	     0	70.2	136.0	1076	OK
1958	     0	69.6	136.4	1053	OK
1959	     0	71.5	134.3	1067	OK
1960	     0	71.9	137.8	1069	OK
1961	     0	70.8	135.6	1042	OK
1962	     0	73.3	138.1	1045	OK
1963	     0	71.0	136.4	1041	OK
1964	     0	70.6	136.2	1060	OK
1965	     0	71.8	138.4	1046	OK
1966	     0	70.2	137.0	1059	OK
1967	     0	71.4	138.3	1045	OK
1968	     0	70.8	136.7	1046	OK
1969	     0	71.9	139.2	1057	OK
1970	     0	70.6	135.0	1060	OK
1971	     0	70.4	135.5	1052	OK
1972	     0	71.3	135.5	1068	OK
1973	     0	71.0	138.1	1049	OK
1974	     0	71.7	138.4	1043	OK
1975	     0	70.3	136.0	1059	OK
1976	     0	71.7	138.0	1054	OK
1977	     0	71.9	137.0	1051	OK
1978	     0	71.4	137.1	1032	OK
1979	     0	72.1	138.1	1052	OK
1980	     0	73.8	141.4	1070	OK
1981	     0	71.0	136.2	1063	OK
1982	     0	72.5	141.0	1073	OK
1983	     0	72.4	140.1	1063	OK
1984	     0	70.5	136.9	1045	OK
1985	     0	69.5	132.6	1069	OK
1986	     0	68.4	131.4	1052	OK
1987	     0	67.2	131.5	1042	OK
1988	     0	69.7	135.6	1051	OK
1989	     0	70.2	135.4	1034	OK
1990	     0	69.8	135.0	1057	OK
1991	     0	71.3	136.9	1061	OK
1992	     0	71.9	137.3	1044	OK
1993	     0	72.1	138.9	1073	OK
1994	     0	70.4	138.5	1059	OK
1995	     0	70.7	136.8	1070	OK
1996	     0	69.9	135.0	1041	OK
1997	     0	70.5	135.9	1059	OK
1998	     0	68.2	134.0	1070	OK
1999	     0	70.1	132.0	1057	OK
2000	     0	71.4	135.8	1064	OK
2001	     0	69.3	135.6	1046	OK
2002	     0	69.9	134.0	1045	OK
2003	     0	70.7	136.9	1060	OK
2004	     0	69.0	131.3	1040	OK
2005	     0	69.4	133.3	1037	OK
2006	     0	68.8	133.0	1063	OK
2007	     0	68.6	131.0	1051	OK
2008	     0	69.3	136.1	1038	OK
2009	     0	68.3	131.0	1044	OK
2010	     0	70.1	134.1	1068	OK
2011	     0	69.9	133.8	1014	OK
2012	     0	68.1	132.2	1049	OK
2013	     0	70.6	134.0	1058	OK
2014	     0	70.2	136.5	1052	OK
2015	     0	70.1	133.5	1036	OK
2016	     0	69.4	133.0	1051	OK
2017	     0	71.2	136.8	1054	OK
2018	     0	70.3	137.7	1055	OK
2019	     0	68.6	134.5	1030	OK
2020	     0	70.3	134.0	1049	OK
2021	     0	69.7	136.8	1052	OK
2022	     0	68.9	133.9	1051	OK
2023	     0	67.9	131.6	1021	OK
2024	     0	71.1	139.0	1044	OK
2025	     0	70.6	134.9	1051	OK
2026	     0	71.6	138.0	1061	OK
2027	     0	71.1	137.8	1059	OK
2028	     0	68.9	133.0	1043	OK
2029	     0	70.0	136.5	1047	OK
2030	     0	69.9	134.4	1065	OK
2031	     0	70.1	134.8	1054	OK
2032	     0	69.8	135.5	1063	OK
2033	     0	72.0	137.7	1035	OK
2034	     0	71.3	139.2	1063	OK
2035	     0	71.8	140.1	1040	OK
2036	     0	70.8	135.6	1042	OK
2037	     0	68.8	131.7	1046	OK
2038	     0	71.3	136.3	1058	OK
2039	     0	70.6	137.0	1043	OK
2040	     0	69.7	134.6	1050	OK
2041	     0	69.0	133.3	1027	OK
2042	     0	71.4	134.7	1049	OK
2043	     0	70.6	136.7	1052	OK
2044	     0	71.4	136.6	1054	OK
2045	     0	71.0	135.1	1031	OK
2046	     0	70.9	137.1	1065	OK
2047	     0	71.5	137.4	1057	OK
2048	     0	72.6	139.9	1085	OK
2049	     0	70.2	134.1	1071	OK
2050	     0	67.4	130.6	1081	OK
2051	     0	71.8	137.3	1070	OK
2052	     0	70.3	134.4	1067	OK
2053	     0	70.6	133.0	1041	OK
2054	     0	73.0	136.4	1080	OK
2055	     0	69.8	135.2	1065	OK
2056	     0	71.4	136.0	1063	OK
2057	     0	73.7	142.2	1063	OK
2058	     0	69.7	134.6	1065	OK
2059	     0	71.0	136.6	1041	OK
2060	     0	69.9	134.9	1075	OK
2061	     0	71.1	136.4	1042	OK
2062	     0	71.0	134.6	1070	OK
2063	     0	70.3	134.8	1047	OK
2064	     0	70.9	136.3	1073	OK
2065	     0	68.2	130.2	1062	OK
2066	     0	70.3	136.6	1064	OK
2067	     0	69.2	131.7	1080	OK
2068	     0	71.3	137.1	1045	OK
2069	     0	70.6	134.8	1068	OK
2070	     0	69.6	132.3	1067	OK
2071	     0	70.6	133.8	1057	OK
2072	     0	72.0	139.7	1070	OK
2073	     0	69.5	135.2	1062	OK
2074	     0	71.8	137.7	1042	OK
2075	     0	70.4	135.5	1056	OK
2076	     0	71.6	138.9	1089	OK
2077	     0	71.3	136.5	1053	OK
2078	     0	70.0	132.4	1055	OK
2079	     0	70.9	138.8	1067	OK
2080	     0	70.2	135.8	1051	OK
2081	     0	70.5	134.6	1077	OK
2082	     0	69.8	135.9	1081	OK
2083	     0	70.5	134.2	1070	OK
2084	     0	70.2	135.0	1068	OK
2085	     0	70.2	136.2	1096	OK
2086	     0	70.2	134.5	1072	OK
2087	     0	70.6	135.3	1065	OK
2088	     0	71.5	136.0	1070	OK
2089	     0	70.8	137.9	1076	OK
2090	     0	70.0	133.6	1068	OK
2091	     0	67.9	130.1	1039	OK
2092	     0	72.1	139.5	1073	OK
2093	     0	71.1	134.2	1047	OK
2094	     0	71.7	136.1	1053	OK
2095	     0	70.2	132.5	1067	OK
2096	     0	70.2	135.1	1070	OK
2097	     0	70.4	136.0	1059	OK
2098	     0	69.8	134.3	1083	OK
2099	     0	69.6	134.1	1062	OK
2100	     0	71.1	135.1	1071	OK
2101	     0	70.9	137.2	1074	OK
2102	     0	71.3	137.9	1080	OK
2103	     0	70.8	136.4	1081	OK
2104	     0	70.9	135.8	1052	OK
2105	     0	73.1	137.8	1078	OK
2106	     0	73.6	139.3	1068	OK
2107	     0	70.5	135.6	1085	OK
2108	     0	71.5	137.1	1064	OK
2109	     0	73.0	137.3	1077	OK
2110	     0	70.2	138.6	1057	OK
2111	     0	72.4	139.2	1047	OK
2112	     0	70.6	136.3	1080	OK
2113	     0	72.8	141.0	1084	OK
2114	     0	71.1	137.0	1038	OK
2115	     0	70.9	135.9	1064	OK
2116	     0	69.6	134.7	1065	OK
2117	     0	73.0	141.2	1070	OK
2118	     0	69.1	131.5	1064	OK
2119	     0	69.5	133.9	1036	OK
2120	     0	69.7	134.0	1045	OK
2121	     0	71.9	140.1	1083	OK
2122	     0	71.2	138.2	1083	OK
2123	     0	69.6	134.7	1068	OK
2124	     0	69.3	132.0	1064	OK
2125	     0	71.4	139.1	1063	OK
2126	     0	70.2	136.7	1057	OK
2127	     0	70.5	134.0	1055	OK
2128	     0	69.8	134.2	1051	OK
2129	     0	68.3	133.0	1052	OK
2130	     0	68.7	133.0	1067	OK
2131	     0	71.0	136.2	1054	OK
2132	     0	72.2	138.3	1065	OK
2133	     0	68.5	133.7	1050	OK
2134	     0	71.2	136.4	1070	OK
2135	     0	69.9	134.9	1063	OK
2136	     0	73.3	139.7	1053	OK
2137	     0	69.9	134.3	1052	OK
2138	     0	70.6	135.1	1054	OK
2139	     0	69.0	132.5	1063	OK
2140	     0	72.9	140.4	1070	OK
2141	     0	69.1	134.1	1050	OK
2142	     0	70.4	136.2	1052	OK
2143	     0	69.4	133.7	1048	OK
2144	     0	70.4	135.0	1060	OK
2145	     0	72.8	139.6	1064	OK
2146	     0	70.2	134.9	1047	OK
2147	     0	70.8	136.0	1042	OK
2148	     0	71.6	135.5	1054	OK
2149	     0	70.5	136.7	1065	OK
2150	     0	70.7	135.8	1064	OK
2151	     0	69.3	134.7	1048	OK
2152	     0	70.4	134.4	1062	OK
2153	     0	69.9	133.2	1067	OK
2154	     0	70.4	135.8	1056	OK
2155	     0	72.1	139.2	1037	OK
2156	     0	70.8	138.4	1092	OK
2157	     0	73.2	140.6	1054	OK
2158	     0	71.3	137.2	1035	OK
2159	     0	70.8	137.5	1048	OK
2160	     0	71.1	137.5	1069	OK
2161	     0	70.8	137.2	1046	OK
2162	     0	71.4	137.9	1055	OK
2163	     0	71.5	138.9	1065	OK
2164	     0	71.8	136.8	1037	OK
2165	     0	71.9	136.8	1055	OK
2166	     0	72.7	139.3	1049	OK
2167	     0	71.4	137.5	1052	OK
2168	     0	69.6	134.0	1041	OK
2169	     0	71.2	137.2	1023	OK
2170	     0	71.3	137.8	1053	OK
2171	     0	74.4	143.1	1048	OK
2172	     0	70.4	136.2	1070	OK
2173	     0	71.2	138.4	1046	OK
2174	     0	69.6	136.1	1046	OK
2175	     0	72.3	138.5	1060	OK
2176	     0	69.8	137.4	1037	OK
2177	     0	69.4	133.9	1050	OK
2178	     0	68.6	134.2	1049	OK
2179	     0	68.2	133.1	1025	OK
2180	     0	68.6	135.0	1040	OK
2181	     0	68.8	133.8	1051	OK
2182	     0	68.1	134.0	1037	OK
2183	     0	69.6	135.1	1035	OK
2184	     0	70.5	136.7	1069	OK
2185	     0	67.1	131.4	1053	OK
2186	     0	70.0	137.4	1077	OK
2187	     0	68.0	132.5	1029	OK
2188	     0	69.1	133.1	1051	OK
2189	     0	71.1	138.0	1054	OK
2190	     0	67.8	131.0	1058	OK
2191	     0	70.3	135.1	1060	OK
2192	     0	69.5	134.4	1050	OK
2193	     0	70.4	135.3	1055	OK
2194	     0	70.0	135.5	1079	OK
2195	     0	71.1	138.1	1073	OK
2196	     0	67.2	132.4	1026	OK
2197	     0	69.1	133.7	1067	OK
2198	     0	69.7	135.5	1059	OK
2199	     0	71.8	139.6	1026	OK
2200	     0	70.8	139.4	1080	OK
2201	     0	69.1	131.8	1031	OK
2202	     0	68.5	132.5	1034	OK
2203	     0	70.6	137.8	1054	OK
2204	     0	70.3	137.3	1027	OK
2205	     0	71.1	140.4	1056	OK
2206	     0	67.9	131.8	1059	OK
2207	     0	70.9	137.0	1059	OK
2208	     0	70.1	135.6	1065	OK
2209	     0	71.5	138.7	1059	OK
2210	     0	68.8	134.7	1033	OK
2211	     0	70.9	137.0	1056	OK
2212	     0	69.9	135.5	1043	OK
2213	     0	70.0	136.2	1062	OK
2214	     0	69.6	133.6	1033	OK
2215	     0	68.9	132.4	1046	OK
2216	     0	71.7	140.2	1065	OK
2217	     0	70.4	136.0	1047	OK
2218	     0	68.7	135.1	1061	OK
2219	     0	70.1	133.7	1069	OK
2220	     0	70.3	136.5	1068	OK
2221	     0	69.8	136.7	1079	OK
2222	     0	70.5	135.3	1039	OK
2223	     0	66.3	130.3	1041	OK
2224	     0	68.4	133.5	1068	OK
2225	     0	69.8	133.9	1049	OK
2226	     0	68.8	132.7	1065	OK
2227	     0	67.2	129.7	1046	OK
2228	     0	69.4	136.3	1062	OK
2229	     0	68.9	132.9	1053	OK
2230	     0	69.5	133.0	1055	OK
2231	     0	70.5	137.1	1064	OK
2232	     0	68.9	135.1	1055	OK
2233	     0	69.8	135.4	1071	OK
2234	     0	68.1	131.9	1042	OK
2235	     0	69.1	134.0	1030	OK
2236	     0	69.6	135.3	1062	OK
2237	     0	70.3	135.3	1066	OK
2238	     0	68.7	134.4	1043	OK
2239	     0	73.0	139.4	1053	OK
2240	     0	68.0	130.9	1070	OK
2241	     0	68.9	133.0	1073	OK
2242	     0	70.4	137.8	1069	OK
2243	     0	69.1	134.0	1041	OK
2244	     0	66.6	130.1	1046	OK
2245	     0	67.6	132.2	1045	OK
2246	     0	67.5	132.4	1062	OK
2247	     0	68.5	133.9	1057	OK
2248	     0	67.1	129.6	1053	OK
2249	     0	68.1	134.8	1065	OK
2250	     0	67.7	133.8	1063	OK
2251	     0	68.0	133.0	1059	OK
2252	     0	68.6	134.3	1063	OK
2253	     0	69.3	136.2	1052	OK
2254	     0	69.2	134.6	1022	OK
2255	     0	68.9	133.6	1047	OK
2256	     0	67.0	128.5	1036	OK
2257	     0	67.6	131.5	1053	OK
2258	     0	68.0	131.7	1067	OK
2259	     0	67.5	132.2	1022	OK
2260	     0	67.3	131.6	1038	OK
2261	     0	67.7	130.6	1058	OK
2262	     0	67.6	132.3	1050	OK
2263	     0	69.9	135.4	1062	OK
2264	     0	66.4	129.9	1038	OK
2265	     0	68.6	133.5	1033	OK
2266	     0	68.7	131.8	1054	OK
2267	     0	66.5	129.8	1006	OK
2268	     0	67.6	131.8	1051	OK
2269	     0	66.7	129.1	1048	OK
2270	     0	69.6	134.7	1038	OK
2271	     0	69.5	136.5	1078	OK
2272	     0	68.4	135.2	1044	OK
2273	     0	68.4	134.0	1048	OK
2274	     0	66.7	128.7	1032	OK
2275	     0	70.1	137.6	1038	OK
2276	     0	68.2	132.7	1042	OK
2277	     0	71.2	139.6	1059	OK
2278	     0	70.3	135.2	1036	OK
2279	     0	66.9	129.9	1043	OK
2280	     0	68.4	133.3	1060	OK
2281	     0	67.1	130.6	1052	OK
2282	     0	67.8	131.3	1046	OK
2283	     0	68.7	133.5	1065	OK
2284	     0	68.5	132.8	1029	OK
2285	     0	68.4	132.5	1047	OK
2286	     0	67.3	132.9	1056	OK
2287	     0	66.7	129.7	1055	OK
2288	     0	69.6	135.2	1057	OK
2289	     0	69.4	133.2	1041	OK
2290	     0	67.3	130.2	1040	OK
2291	     0	69.3	136.0	1039	OK
2292	     0	70.6	134.9	1044	OK
2293	     0	68.0	132.0	1075	OK
2294	     0	69.3	133.1	1077	OK
2295	     0	67.6	133.0	1076	OK
2296	     0	68.8	132.6	1036	OK
2297	     0	70.6	136.4	1050	OK
2298	     0	69.2	133.7	1056	OK
2299	     0	68.8	134.3	1061	OK
2300	     0	67.2	131.1	1053	OK
2301	     0	70.5	139.5	1054	OK
2302	     0	70.9	136.7	1054	OK
2303	     0	71.2	137.8	1041	OK
2304	     0	73.5	140.4	1067	OK
2305	     0	73.2	141.4	1061	OK
2306	     0	74.9	143.4	1057	OK
2307	     0	73.1	142.5	1068	OK
2308	     0	72.2	137.8	1062	OK
2309	     0	72.7	140.5	1060	OK
2310	     0	73.0	137.9	1051	OK
2311	     0	73.2	141.3	1083	OK
2312	     0	71.8	138.0	1028	OK
2313	     0	74.4	142.6	1063	OK
2314	     0	74.3	141.0	1066	OK
2315	     0	71.0	135.6	1048	OK
2316	     0	71.0	135.1	1059	OK
2317	     0	73.4	140.9	1051	OK
2318	     0	73.5	140.1	1079	OK
2319	     0	72.0	139.7	1045	OK
2320	     0	72.3	139.2	1075	OK
2321	     0	72.6	138.6	1080	OK
2322	     0	71.7	137.9	1065	OK
2323	     0	73.1	141.1	1058	OK
2324	     0	71.7	136.0	1082	OK
2325	     0	71.7	139.5	1054	OK
2326	     0	70.3	135.0	1053	OK
2327	     0	73.4	139.3	1051	OK
2328	     0	73.1	141.7	1054	OK
2329	     0	74.9	142.5	1050	OK
2330	     0	74.7	142.7	1065	OK
2331	     0	71.0	139.2	1057	OK
2332	     0	74.2	143.5	1063	OK
2333	     0	69.8	131.7	1075	OK
2334	     0	73.7	141.8	1059	OK
2335	     0	72.4	142.8	1058	OK
2336	     0	73.2	140.1	1074	OK
2337	     0	71.7	138.9	1065	OK
2338	     0	72.3	140.7	1067	OK
2339	     0	74.3	140.7	1065	OK
2340	     0	72.3	138.2	1068	OK
2341	     0	73.4	141.5	1081	OK
2342	     0	71.1	136.4	1038	OK
2343	     0	72.7	140.1	1081	OK
2344	     0	74.4	140.1	1064	OK
2345	     0	73.8	140.4	1077	OK
2346	     0	71.4	138.4	1061	OK
2347	     0	74.6	140.7	1075	OK
2348	     0	73.2	140.7	1052	OK
2349	     0	72.7	139.1	1071	OK
2350	     0	73.6	138.4	1071	OK
2351	     0	73.7	144.0	1059	OK
2352	     0	72.6	140.6	1093	OK
2353	     0	73.0	139.4	1074	OK
2354	     0	72.1	136.4	1070	OK
2355	     0	74.3	140.2	1033	OK
2356	     0	73.0	140.0	1073	OK
2357	     0	72.2	139.2	1064	OK
2358	     0	73.6	139.8	1064	OK
2359	     0	71.9	136.7	1078	OK
2360	     0	73.6	141.0	1077	OK
2361	     0	75.0	144.2	1044	OK
2362	     0	72.6	139.7	1065	OK
2363	     0	72.1	137.1	1075	OK
2364	     0	71.6	137.2	1056	OK
2365	     0	71.8	139.2	1046	OK
2366	     0	73.9	142.5	1055	OK
2367	     0	75.4	144.5	1073	OK
2368	     0	72.4	137.2	1033	OK
2369	     0	73.6	138.9	1052	OK
2370	     0	73.6	139.4	1069	OK
2371	     0	73.3	142.0	1060	OK
2372	     0	72.4	138.7	1054	OK
2373	     0	72.9	139.7	1058	OK
2374	     0	74.1	142.2	1044	OK
2375	     0	73.3	140.5	1065	OK
2376	     0	72.6	141.9	1075	OK
2377	     0	72.0	138.6	1056	OK
2378	     0	71.2	138.2	1056	OK
2379	     0	72.4	138.6	1058	OK
2380	     0	72.4	137.7	1029	OK
2381	     0	71.6	136.9	1053	OK
2382	     0	72.7	139.6	1043	OK
2383	     0	71.8	135.7	1052	OK
2384	     0	71.8	135.8	1055	OK
2385	     0	73.3	140.2	1079	OK
2386	     0	73.0	139.8	1056	OK
2387	     0	72.9	145.2	1071	OK
2388	     0	71.4	136.5	1056	OK
2389	     0	72.0	138.8	1023	OK
2390	     0	74.5	140.9	1067	OK
2391	     0	71.3	137.1	1069	OK
2392	     0	72.5	140.9	1041	OK
2393	     0	73.4	140.8	1049	OK
2394	     0	71.4	138.9	1061	OK
2395	     0	72.8	140.0	1055	OK
2396	     0	71.2	138.4	1050	OK
2397	     0	73.7	140.0	1067	OK
2398	     0	74.2	139.7	1038	OK
2399	     0	72.8	138.1	1041	OK
2400	     0	73.7	139.9	1053	OK
2401	     0	71.6	137.6	1032	OK
2402	     0	74.6	142.1	1046	OK
2403	     0	74.8	143.8	1049	OK
2404	     0	72.9	139.6	1066	OK
2405	     0	73.4	142.2	1049	OK
2406	     0	72.0	138.2	1058	OK
2407	     0	73.0	140.3	1039	OK
2408	     0	73.3	141.2	1060	OK
2409	     0	72.2	137.3	1047	OK
2410	     0	73.3	140.6	1061	OK
2411	     0	73.8	139.8	1044	OK
2412	     0	72.3	138.2	1033	OK
2413	     0	71.5	139.0	1035	OK
2414	     0	73.1	138.1	1033	OK
2415	     0	72.8	139.0	1043	OK
2416	     0	71.8	136.7	1027	OK
2417	     0	72.7	138.4	1048	OK
2418	     0	74.4	141.4	1051	OK
2419	     0	72.0	138.4	1045	OK
2420	     0	72.7	138.8	1039	OK
2421	     0	74.4	140.9	1036	OK
2422	     0	74.6	142.1	1037	OK
2423	     0	71.4	137.8	1053	OK
2424	     0	75.9	144.5	1030	OK
2425	     0	70.9	136.3	1034	OK
2426	     0	73.4	140.4	1017	OK
2427	     0	73.9	144.1	1063	OK
2428	     0	74.8	141.2	1049	OK
2429	     0	74.0	141.3	1014	OK
2430	     0	75.1	142.5	1039	OK
2431	     0	74.5	141.1	1051	OK
2432	     0	73.3	143.2	1018	OK
2433	     0	73.2	143.0	1028	OK
2434	     0	70.9	139.5	1015	OK
2435	     0	70.5	138.9	1036	OK
2436	     0	71.6	141.1	1043	OK
2437	     0	72.3	139.3	1027	OK
2438	     0	71.5	137.6	1028	OK
2439	     0	72.0	140.0	1028	OK
2440	     0	69.0	135.9	1035	OK
2441	     0	72.2	138.5	1039	OK
2442	     0	72.1	138.6	1019	OK
2443	     0	70.0	136.0	1030	OK
2444	     0	69.6	136.4	1013	OK
2445	     0	70.2	139.2	1025	OK
2446	     0	72.7	145.1	1026	OK
2447	     0	71.1	138.7	1025	OK
2448	     0	71.0	138.4	1034	OK
2449	     0	71.5	139.6	1022	OK
2450	     0	71.5	140.3	1038	OK
2451	     0	71.5	137.8	1012	OK
2452	     0	70.3	138.7	1047	OK
2453	     0	70.8	137.0	1018	OK
2454	     0	72.2	139.8	1037	OK
2455	     0	70.4	137.0	1037	OK
2456	     0	71.7	138.0	1033	OK
2457	     0	70.9	136.6	1007	OK
2458	     0	71.5	137.9	1031	OK
2459	     0	71.8	139.4	1032	OK
2460	     0	69.7	135.0	1028	OK
2461	     0	70.6	136.0	1019	OK
2462	     0	70.2	138.6	1024	OK
2463	     0	72.1	138.9	1015	OK
2464	     0	70.8	139.0	1034	OK
2465	     0	72.6	140.1	1020	OK
2466	     0	69.6	135.8	1022	OK
2467	     0	70.0	136.8	1033	OK
2468	     0	70.6	140.2	1040	OK
2469	     0	73.2	140.6	1053	OK
2470	     0	70.8	136.7	1034	OK
2471	     0	69.2	135.9	1036	OK
2472	     0	70.7	135.3	1021	OK
2473	     0	69.3	134.4	1007	OK
2474	     0	71.1	138.0	1041	OK
2475	     0	69.5	133.9	1020	OK
2476	     0	70.7	137.8	1036	OK
2477	     0	70.5	138.5	1048	OK
2478	     0	71.0	137.7	1052	OK
2479	     0	71.0	136.1	1015	OK
2480	     0	69.7	135.7	1047	OK
2481	     0	70.7	136.5	1020	OK
2482	     0	72.0	141.9	1028	OK
2483	     0	69.6	136.0	1024	OK
2484	     0	71.3	137.6	1027	OK
2485	     0	70.6	136.4	1045	OK
2486	     0	72.5	142.0	1042	OK
2487	     0	71.9	140.5	1042	OK
2488	     0	72.6	140.3	1036	OK
2489	     0	72.1	140.9	1047	OK
2490	     0	69.1	135.3	1033	OK
2491	     0	71.3	137.4	1028	OK
2492	     0	71.2	137.3	1021	OK
2493	     0	69.8	137.4	1030	OK
2494	     0	71.3	138.1	1047	OK
2495	     0	72.2	138.1	1027	OK
2496	     0	69.0	134.4	1029	OK
2497	     0	70.3	136.9	1033	OK
2498	     0	68.8	134.7	1021	OK
2499	     0	69.1	132.7	1023	OK
2500	     0	70.3	135.5	1025	OK
2501	     0	70.0	135.5	1033	OK
2502	     0	70.8	136.2	1008	OK
2503	     0	69.2	133.4	1038	OK
2504	     0	68.9	134.1	1026	OK
2505	     0	69.1	134.1	1027	OK
2506	     0	72.4	138.0	1021	OK
2507	     0	69.7	133.2	1040	OK
2508	     0	70.3	136.4	1019	OK
2509	     0	70.8	136.8	1018	OK
2510	     0	66.6	128.9	1037	OK
2511	     0	67.5	131.2	1008	OK
2512	     0	68.6	134.7	1027	OK
2513	     0	67.2	130.9	1029	OK
2514	     0	68.5	135.3	1039	OK
2515	     0	69.3	134.6	1024	OK
2516	     0	66.8	131.5	1032	OK
2517	     0	71.2	138.3	1017	OK
2518	     0	71.2	139.1	1031	OK
2519	     0	69.4	134.8	1033	OK
2520	     0	70.5	137.4	1046	OK
2521	     0	70.5	137.2	1000	OK
2522	     0	71.6	136.7	1033	OK
2523	     0	71.3	137.9	1031	OK
2524	     0	68.0	133.7	1017	OK
2525	     0	70.3	135.4	1026	OK
2526	     0	68.8	133.7	1041	OK
2527	     0	67.6	131.1	1013	OK
2528	     0	69.6	133.7	1017	OK
2529	     0	69.4	135.9	1043	OK
2530	     0	68.0	131.1	1048	OK
2531	     0	68.8	135.0	1034	OK
2532	     0	69.9	136.8	1013	OK
2533	     0	68.9	132.3	1010	OK
2534	     0	70.8	136.8	1038	OK
2535	     0	68.9	135.6	1012	OK
2536	     0	70.6	139.4	1040	OK
2537	     0	69.6	135.1	1010	OK
2538	     0	68.2	132.1	1018	OK
2539	     0	69.1	135.9	1006	OK
2540	     0	68.7	133.2	1024	OK
2541	     0	69.5	137.0	1033	OK
2542	     0	70.2	138.8	1032	OK
2543	     0	69.2	132.9	1010	OK
2544	     0	70.4	136.9	1023	OK
2545	     0	69.3	135.6	1041	OK
2546	     0	71.6	137.9	1041	OK
2547	     0	67.7	133.2	1022	OK
2548	     0	69.3	134.9	1039	OK
2549	     0	67.5	129.9	1016	OK
2550	     0	69.3	135.5	1033	OK
2551	     0	68.0	133.1	1028	OK
2552	     0	68.7	135.1	1008	OK
2553	     0	69.8	137.9	1012	OK
2554	     0	69.1	133.7	1012	OK
2555	     0	71.4	136.7	1023	OK
2556	     0	71.8	137.5	1034	OK
2557	     0	70.8	137.9	1033	OK
2558	     0	69.3	135.4	1030	OK
2559	   200	76.0	143.4	1062	high gain
