#chan	code	gain	vt50	innse	comment
   0	     0	90.5	120.6	 782	OK
   1	     0	83.8	113.9	 749	OK
   2	     0	82.4	113.1	 763	OK
   3	     0	87.8	118.3	 737	OK
   4	     0	86.0	116.0	 754	OK
   5	     0	85.8	115.5	 743	OK
   6	     0	84.1	114.3	 746	OK
   7	     0	83.2	114.5	 747	OK
   8	     0	88.8	119.1	 759	OK
   9	     0	82.4	114.8	 754	OK
  10	     0	82.5	112.6	 757	OK
  11	     0	85.3	116.7	 762	OK
  12	     0	85.5	117.4	 762	OK
  13	     0	85.5	115.6	 773	OK
  14	     0	81.6	111.6	 815	OK
  15	     0	83.7	116.7	 820	OK
  16	     0	83.0	116.1	 804	OK
  17	     0	81.9	113.3	 823	OK
  18	     0	85.6	116.3	 819	OK
  19	     0	85.2	114.9	 814	OK
  20	     0	85.8	116.0	 813	OK
  21	     0	86.4	116.9	 820	OK
  22	     0	86.0	117.0	 825	OK
  23	     0	84.6	115.6	 830	OK
  24	     0	85.9	115.5	 808	OK
  25	     0	86.9	120.3	 829	OK
  26	     0	87.2	119.3	 835	OK
  27	     0	84.8	114.6	 836	OK
  28	     0	81.6	113.8	 823	OK
  29	     0	82.8	112.6	 831	OK
  30	     0	81.8	111.8	 824	OK
  31	     0	83.8	115.9	 820	OK
  32	     0	82.7	114.0	 843	OK
  33	     0	83.8	114.7	 828	OK
  34	     0	86.3	115.8	 834	OK
  35	     0	84.4	115.9	 858	OK
  36	     0	83.3	113.2	 845	OK
  37	     0	83.0	112.6	 840	OK
  38	     0	82.3	113.4	 824	OK
  39	     0	86.0	117.4	 844	OK
  40	     0	88.4	119.9	 846	OK
  41	     0	84.5	114.8	 858	OK
  42	     0	84.3	115.2	 851	OK
  43	     0	83.4	112.9	 845	OK
  44	     0	82.1	113.3	 848	OK
  45	     0	85.8	116.6	 847	OK
  46	     0	84.4	116.6	 819	OK
  47	     0	84.3	113.2	 852	OK
  48	     0	83.9	111.3	 841	OK
  49	     0	82.1	111.5	 851	OK
  50	     0	84.8	116.4	 853	OK
  51	     0	84.7	117.8	 849	OK
  52	     0	82.7	113.8	 860	OK
  53	     0	87.6	116.6	 856	OK
  54	     0	84.9	114.7	 843	OK
  55	     0	87.3	118.3	 872	OK
  56	     0	82.0	112.1	 839	OK
  57	     0	86.4	116.9	 850	OK
  58	     0	81.0	110.8	 858	OK
  59	     0	81.0	112.0	 871	OK
  60	     0	85.0	114.0	 866	OK
  61	     0	83.6	114.8	 851	OK
  62	     0	84.2	115.2	 830	OK
  63	     0	84.0	116.9	 843	OK
  64	     0	87.2	118.2	 866	OK
  65	     0	83.5	113.2	 848	OK
  66	     0	87.8	118.8	 856	OK
  67	     0	83.9	113.0	 844	OK
  68	     0	83.1	114.0	 859	OK
  69	     0	81.6	112.6	 865	OK
  70	     0	85.2	117.1	 845	OK
  71	     0	82.4	110.4	 858	OK
  72	     0	82.4	111.4	 837	OK
  73	     0	82.1	114.6	 863	OK
  74	     0	85.1	115.1	 865	OK
  75	     0	82.8	112.0	 836	OK
  76	     0	81.8	112.9	 871	OK
  77	     0	82.6	113.6	 868	OK
  78	     0	84.0	112.9	 868	OK
  79	     0	83.2	115.5	 872	OK
  80	     0	83.5	114.4	 853	OK
  81	     0	81.8	112.9	 858	OK
  82	     0	79.3	108.7	 855	OK
  83	     0	84.8	114.5	 840	OK
  84	     0	80.1	111.0	 876	OK
  85	     0	82.4	113.3	 860	OK
  86	     0	82.8	114.2	 842	OK
  87	     0	83.5	111.5	 864	OK
  88	     0	86.1	114.5	 881	OK
  89	     0	81.9	112.0	 858	OK
  90	     0	80.9	110.2	 847	OK
  91	     0	84.9	113.7	 869	OK
  92	     0	82.2	114.1	 872	OK
  93	     0	84.0	113.1	 865	OK
  94	     0	83.0	113.7	 876	OK
  95	     0	83.7	113.5	 858	OK
  96	     0	82.5	111.3	 876	OK
  97	     0	81.0	110.1	 841	OK
  98	     0	81.8	111.2	 852	OK
  99	     0	82.5	111.2	 866	OK
 100	     0	83.4	116.1	 852	OK
 101	     0	84.2	113.9	 864	OK
 102	     0	85.7	115.1	 866	OK
 103	     0	84.1	114.5	 866	OK
 104	     0	86.4	117.3	 859	OK
 105	     0	86.2	116.7	 863	OK
 106	     0	87.1	117.9	 862	OK
 107	     0	84.4	116.7	 840	OK
 108	     0	85.2	117.9	 869	OK
 109	     0	84.3	113.4	 857	OK
 110	     0	84.2	117.6	 847	OK
 111	     0	78.0	109.2	 869	OK
 112	     0	82.0	112.5	 844	OK
 113	     0	80.4	110.1	 878	OK
 114	     0	82.3	114.7	 859	OK
 115	     0	81.1	110.9	 842	OK
 116	     0	84.4	116.0	 858	OK
 117	     0	84.5	114.3	 851	OK
 118	     0	82.9	111.7	 859	OK
 119	     0	82.7	113.6	 877	OK
 120	     0	84.5	113.6	 871	OK
 121	     0	84.1	116.4	 867	OK
 122	     0	83.5	113.2	 841	OK
 123	     0	84.7	117.2	 861	OK
 124	     0	84.1	112.3	 873	OK
 125	     0	81.7	112.1	 857	OK
 126	     0	80.9	112.3	 875	OK
 127	     0	81.4	112.2	 864	OK
 128	     0	83.9	115.1	 877	OK
 129	     0	84.1	114.3	 853	OK
 130	     0	82.0	112.4	 889	OK
 131	     0	80.7	109.3	 872	OK
 132	     0	82.5	110.0	 854	OK
 133	     0	82.6	112.5	 865	OK
 134	     0	81.7	111.8	 864	OK
 135	     0	82.1	112.7	 890	OK
 136	     0	83.2	112.8	 867	OK
 137	     0	83.4	114.2	 853	OK
 138	     0	84.7	116.2	 874	OK
 139	     0	82.9	113.4	 861	OK
 140	     0	80.7	111.7	 856	OK
 141	     0	82.3	111.1	 870	OK
 142	     0	82.7	111.9	 844	OK
 143	     0	82.9	114.2	 851	OK
 144	     0	85.0	117.4	 869	OK
 145	     0	81.9	112.9	 865	OK
 146	     0	79.4	110.8	 856	OK
 147	     0	81.7	111.2	 847	OK
 148	     0	84.4	114.6	 865	OK
 149	     0	80.6	110.8	 849	OK
 150	     0	81.3	111.1	 830	OK
 151	     0	86.0	115.1	 826	OK
 152	     0	82.0	111.4	 845	OK
 153	     0	83.9	115.9	 841	OK
 154	     0	81.2	111.1	 855	OK
 155	     0	80.3	109.1	 848	OK
 156	     0	80.8	110.2	 877	OK
 157	     0	82.5	111.5	 851	OK
 158	     0	81.3	111.5	 847	OK
 159	     0	83.7	112.5	 835	OK
 160	     0	81.0	111.5	 843	OK
 161	     0	80.3	109.3	 863	OK
 162	     0	79.7	111.7	 853	OK
 163	     0	82.0	113.9	 837	OK
 164	     0	81.8	111.6	 850	OK
 165	     0	79.3	109.7	 840	OK
 166	     0	82.9	113.2	 843	OK
 167	     0	80.9	108.1	 849	OK
 168	     0	85.4	114.8	 843	OK
 169	     0	85.4	117.5	 836	OK
 170	     0	85.5	115.5	 835	OK
 171	     0	82.3	111.3	 820	OK
 172	     0	81.6	113.2	 833	OK
 173	     0	84.6	115.1	 838	OK
 174	     0	81.3	113.2	 839	OK
 175	     0	81.7	112.3	 806	OK
 176	     0	82.9	114.6	 819	OK
 177	     0	83.7	115.0	 814	OK
 178	     0	80.5	111.9	 847	OK
 179	     0	79.9	112.8	 838	OK
 180	     0	85.4	113.9	 856	OK
 181	     0	83.3	114.6	 832	OK
 182	     0	86.9	116.4	 822	OK
 183	     0	83.9	112.8	 834	OK
 184	     0	83.5	114.8	 825	OK
 185	     0	81.4	112.4	 819	OK
 186	     0	81.6	111.1	 819	OK
 187	     0	86.9	114.4	 828	OK
 188	     0	82.9	115.0	 846	OK
 189	     0	81.7	110.7	 808	OK
 190	     0	85.6	117.2	 820	OK
 191	     0	83.9	115.0	 823	OK
 192	     0	83.5	113.5	 807	OK
 193	     0	84.3	114.2	 819	OK
 194	     0	82.4	114.8	 800	OK
 195	     0	82.6	112.3	 844	OK
 196	     0	81.3	112.2	 824	OK
 197	     0	81.6	111.1	 813	OK
 198	     0	84.2	114.5	 803	OK
 199	     0	86.7	119.6	 810	OK
 200	     0	84.1	114.1	 825	OK
 201	     0	82.1	112.7	 829	OK
 202	     0	84.3	114.2	 820	OK
 203	     0	82.4	110.7	 823	OK
 204	     0	84.9	112.9	 829	OK
 205	     0	82.5	114.0	 832	OK
 206	     0	79.6	109.0	 832	OK
 207	     0	81.4	110.5	 816	OK
 208	     0	82.6	112.2	 817	OK
 209	     0	82.8	114.1	 815	OK
 210	     0	80.9	111.7	 830	OK
 211	     0	84.5	117.1	 831	OK
 212	     0	83.9	112.7	 833	OK
 213	     0	80.4	110.0	 826	OK
 214	     0	80.8	109.9	 819	OK
 215	     0	81.8	112.5	 828	OK
 216	     0	81.1	112.6	 823	OK
 217	     0	80.8	112.1	 807	OK
 218	     0	83.9	116.7	 828	OK
 219	     0	83.8	113.4	 818	OK
 220	     0	83.6	115.6	 826	OK
 221	     0	82.5	112.9	 806	OK
 222	     0	84.4	116.1	 827	OK
 223	     0	81.7	111.9	 798	OK
 224	     0	82.0	114.2	 832	OK
 225	     0	81.2	112.6	 810	OK
 226	     0	80.5	108.9	 816	OK
 227	     0	81.7	112.2	 827	OK
 228	     0	80.9	111.3	 827	OK
 229	     0	83.1	112.4	 842	OK
 230	     0	84.3	113.8	 820	OK
 231	     0	82.8	113.5	 836	OK
 232	     0	83.3	114.0	 815	OK
 233	     0	84.9	115.7	 839	OK
 234	     0	83.5	110.9	 835	OK
 235	     0	84.0	113.6	 833	OK
 236	     0	81.5	110.4	 839	OK
 237	     0	79.9	110.1	 845	OK
 238	     0	81.0	113.9	 836	OK
 239	     0	84.1	115.1	 822	OK
 240	     0	83.4	113.6	 854	OK
 241	     0	83.0	111.7	 834	OK
 242	     0	83.4	115.3	 823	OK
 243	     0	83.6	112.9	 828	OK
 244	     0	82.0	111.9	 826	OK
 245	     0	79.6	111.1	 834	OK
 246	     0	82.2	111.2	 833	OK
 247	     0	80.7	110.2	 842	OK
 248	     0	81.7	112.0	 845	OK
 249	     0	87.0	117.8	 838	OK
 250	     0	86.0	114.9	 837	OK
 251	     0	81.8	113.4	 836	OK
 252	     0	85.9	114.6	 842	OK
 253	     0	85.9	116.2	 844	OK
 254	     0	83.6	112.2	 848	OK
 255	     0	83.2	113.6	 857	OK
 256	     0	80.7	113.2	 866	OK
 257	     0	81.1	111.6	 863	OK
 258	     0	82.6	110.9	 862	OK
 259	     0	80.1	111.1	 870	OK
 260	     0	79.3	107.5	 885	OK
 261	     0	81.8	111.2	 893	OK
 262	     0	81.0	110.1	 877	OK
 263	     0	80.8	110.6	 880	OK
 264	     0	83.4	112.9	 875	OK
 265	     0	81.3	109.2	 870	OK
 266	     0	83.0	113.6	 872	OK
 267	     0	78.9	108.1	 848	OK
 268	     0	79.5	108.8	 859	OK
 269	     0	79.7	110.6	 876	OK
 270	     0	79.3	110.3	 858	OK
 271	     0	79.3	110.0	 881	OK
 272	     0	77.9	106.1	 884	OK
 273	     0	78.8	110.6	 867	OK
 274	     0	78.4	109.2	 875	OK
 275	     0	78.8	110.6	 869	OK
 276	     0	78.6	107.1	 880	OK
 277	     0	79.6	109.4	 854	OK
 278	     0	79.8	110.6	 855	OK
 279	     0	79.8	108.0	 851	OK
 280	     0	77.7	110.0	 867	OK
 281	     0	77.9	106.3	 872	OK
 282	     0	81.1	108.6	 876	OK
 283	     0	78.2	108.3	 880	OK
 284	     0	82.0	110.8	 871	OK
 285	     0	80.1	108.1	 862	OK
 286	     0	79.8	108.4	 868	OK
 287	     0	79.0	109.6	 892	OK
 288	     0	80.2	109.2	 868	OK
 289	     0	80.5	111.0	 862	OK
 290	     0	80.6	109.5	 858	OK
 291	     0	78.7	108.7	 873	OK
 292	     0	79.8	112.2	 872	OK
 293	     0	78.6	107.0	 865	OK
 294	     0	79.8	108.6	 882	OK
 295	     0	79.3	111.0	 883	OK
 296	     0	77.4	106.7	 883	OK
 297	     0	79.5	108.2	 887	OK
 298	     0	80.3	113.1	 893	OK
 299	     0	76.2	107.1	 892	OK
 300	     0	77.4	108.5	 882	OK
 301	     0	77.8	108.9	 893	OK
 302	     0	81.5	111.7	 882	OK
 303	     0	80.5	108.8	 872	OK
 304	     0	81.3	113.6	 888	OK
 305	     0	78.6	107.8	 885	OK
 306	     0	79.6	109.7	 869	OK
 307	     0	80.5	111.5	 886	OK
 308	     0	78.8	110.1	 872	OK
 309	     0	80.7	108.7	 869	OK
 310	     0	78.3	108.8	 884	OK
 311	     0	81.4	112.6	 886	OK
 312	     0	78.9	107.7	 906	OK
 313	     0	79.9	108.7	 874	OK
 314	     0	77.5	108.1	 892	OK
 315	     0	82.9	112.3	 900	OK
 316	     0	80.6	112.2	 890	OK
 317	     0	77.8	106.9	 884	OK
 318	     0	82.4	112.5	 891	OK
 319	     0	79.5	109.0	 890	OK
 320	     0	80.4	112.9	 878	OK
 321	     0	82.7	114.6	 879	OK
 322	     0	82.6	112.4	 902	OK
 323	     0	77.4	106.2	 888	OK
 324	     0	78.5	108.2	 901	OK
 325	     0	79.1	108.1	 880	OK
 326	     0	79.6	109.5	 895	OK
 327	     0	78.0	107.9	 889	OK
 328	     0	78.8	107.4	 862	OK
 329	     0	81.1	108.2	 885	OK
 330	     0	77.6	105.7	 894	OK
 331	     0	75.8	104.6	 892	OK
 332	     0	78.5	109.2	 909	OK
 333	     0	78.1	107.3	 891	OK
 334	     0	75.1	103.0	 881	OK
 335	     0	75.1	105.4	 880	OK
 336	     0	78.0	108.0	 891	OK
 337	     0	74.6	104.4	 884	OK
 338	     0	79.8	111.6	 884	OK
 339	     0	76.2	107.3	 870	OK
 340	     0	78.7	109.0	 908	OK
 341	     0	79.4	107.3	 883	OK
 342	     0	79.0	109.0	 898	OK
 343	     0	80.3	113.6	 885	OK
 344	     0	79.0	107.0	 874	OK
 345	     0	79.5	109.7	 883	OK
 346	     0	80.3	110.9	 898	OK
 347	     0	80.2	111.4	 892	OK
 348	     0	78.2	108.7	 899	OK
 349	     0	77.3	108.4	 881	OK
 350	     0	82.4	110.2	 868	OK
 351	     0	80.8	109.4	 889	OK
 352	     0	76.2	106.3	 882	OK
 353	     0	78.6	108.1	 889	OK
 354	     0	78.6	109.6	 888	OK
 355	     0	77.0	108.6	 887	OK
 356	     0	75.2	104.3	 887	OK
 357	     0	76.2	105.0	 882	OK
 358	     0	80.0	111.0	 897	OK
 359	     0	75.7	105.0	 866	OK
 360	     0	78.6	108.0	 890	OK
 361	     0	77.3	107.6	 884	OK
 362	     0	77.7	107.7	 876	OK
 363	     0	76.4	106.5	 889	OK
 364	     0	78.8	109.9	 877	OK
 365	     0	78.4	107.6	 851	OK
 366	     0	74.6	105.0	 889	OK
 367	     0	79.2	109.0	 864	OK
 368	     0	77.4	106.9	 895	OK
 369	     0	79.2	109.6	 872	OK
 370	     0	82.2	112.7	 868	OK
 371	     0	78.7	110.7	 882	OK
 372	     0	79.0	106.7	 864	OK
 373	     0	77.8	106.3	 874	OK
 374	     0	78.7	108.8	 858	OK
 375	     0	79.6	108.9	 861	OK
 376	     0	79.2	107.7	 896	OK
 377	     0	79.5	110.6	 857	OK
 378	     0	81.1	110.1	 883	OK
 379	     0	74.5	103.5	 863	OK
 380	     0	75.4	104.8	 905	OK
 381	     0	80.4	111.0	 867	OK
 382	     0	78.7	109.4	 864	OK
 383	     0	76.8	106.7	 867	OK
 384	     0	82.0	114.5	 808	OK
 385	     0	85.0	119.0	 797	OK
 386	     0	84.5	116.4	 808	OK
 387	     0	83.5	112.9	 817	OK
 388	     0	81.9	112.1	 816	OK
 389	     0	80.5	113.5	 801	OK
 390	     0	82.7	114.8	 808	OK
 391	     0	81.1	111.5	 794	OK
 392	     0	81.8	112.2	 809	OK
 393	     0	80.8	109.6	 808	OK
 394	     0	80.2	111.9	 800	OK
 395	     0	81.0	113.3	 808	OK
 396	     0	79.3	109.7	 819	OK
 397	     0	80.0	110.8	 832	OK
 398	     0	81.2	109.9	 801	OK
 399	     0	77.9	109.7	 787	OK
 400	     0	81.8	113.4	 815	OK
 401	     0	79.2	108.5	 804	OK
 402	     0	82.0	112.7	 781	OK
 403	     0	79.6	110.8	 806	OK
 404	     0	81.9	113.4	 799	OK
 405	     0	80.7	111.2	 799	OK
 406	     0	80.4	110.3	 809	OK
 407	     0	81.7	113.5	 807	OK
 408	     0	80.9	111.9	 811	OK
 409	     0	81.9	112.1	 810	OK
 410	     0	79.4	111.2	 807	OK
 411	     0	81.9	113.9	 801	OK
 412	     0	81.1	111.6	 818	OK
 413	     0	80.6	113.8	 800	OK
 414	     0	81.1	111.4	 800	OK
 415	     0	82.0	111.4	 813	OK
 416	     0	81.8	110.8	 805	OK
 417	     0	79.8	109.4	 802	OK
 418	     0	81.8	114.0	 803	OK
 419	     0	81.0	113.5	 803	OK
 420	     0	81.3	111.8	 806	OK
 421	     0	83.8	114.4	 792	OK
 422	     0	79.6	111.1	 821	OK
 423	     0	78.1	111.0	 817	OK
 424	     0	80.8	111.5	 790	OK
 425	     0	80.2	112.9	 821	OK
 426	     0	78.7	109.0	 812	OK
 427	     0	79.7	109.9	 806	OK
 428	     0	79.1	109.8	 783	OK
 429	     0	81.7	114.5	 825	OK
 430	     0	81.7	112.2	 813	OK
 431	     0	80.1	109.9	 802	OK
 432	     0	79.1	110.4	 815	OK
 433	     0	81.2	113.4	 816	OK
 434	     0	79.8	110.8	 800	OK
 435	     0	86.0	118.6	 813	OK
 436	     0	81.3	111.9	 819	OK
 437	     0	81.4	111.8	 803	OK
 438	     0	78.5	110.2	 811	OK
 439	     0	85.3	114.8	 798	OK
 440	     0	79.8	112.8	 813	OK
 441	     0	79.8	110.1	 822	OK
 442	     0	81.5	111.5	 794	OK
 443	     0	84.7	115.3	 816	OK
 444	     0	77.4	108.7	 805	OK
 445	     0	80.6	112.8	 833	OK
 446	     0	84.9	116.2	 824	OK
 447	     0	80.9	111.2	 843	OK
 448	     0	82.1	112.7	 810	OK
 449	     0	79.2	108.6	 834	OK
 450	     0	81.7	113.2	 842	OK
 451	     0	79.4	111.4	 822	OK
 452	     0	82.0	111.9	 834	OK
 453	     0	79.8	110.4	 820	OK
 454	     0	82.5	113.8	 840	OK
 455	     0	79.3	111.6	 838	OK
 456	     0	80.3	112.9	 836	OK
 457	     0	79.4	112.0	 822	OK
 458	     0	79.9	108.6	 826	OK
 459	     0	81.8	113.3	 870	OK
 460	     0	79.7	108.6	 812	OK
 461	     0	80.4	112.0	 839	OK
 462	     0	80.4	111.7	 835	OK
 463	     0	79.0	108.8	 834	OK
 464	     0	80.9	113.1	 846	OK
 465	     0	80.3	111.8	 838	OK
 466	     0	79.7	112.0	 844	OK
 467	     0	78.1	110.3	 847	OK
 468	     0	80.3	111.4	 826	OK
 469	     0	77.5	110.6	 838	OK
 470	     0	81.4	111.9	 836	OK
 471	     0	82.4	113.0	 811	OK
 472	     0	83.9	114.8	 851	OK
 473	     0	79.2	111.7	 849	OK
 474	     0	81.8	114.2	 852	OK
 475	     0	78.6	110.9	 853	OK
 476	     0	79.1	111.1	 856	OK
 477	     0	84.2	114.0	 836	OK
 478	     0	79.1	111.9	 837	OK
 479	     0	82.8	113.7	 821	OK
 480	     0	80.7	111.7	 853	OK
 481	     0	80.6	110.0	 851	OK
 482	     0	78.0	108.4	 832	OK
 483	     0	81.8	112.6	 848	OK
 484	     0	79.2	108.6	 840	OK
 485	     0	79.1	109.7	 849	OK
 486	     0	79.7	111.7	 829	OK
 487	     0	84.7	114.9	 853	OK
 488	     0	82.7	114.6	 838	OK
 489	     0	81.3	115.3	 826	OK
 490	     0	82.6	115.0	 841	OK
 491	     0	82.1	113.5	 860	OK
 492	     0	78.6	111.4	 840	OK
 493	     0	81.6	110.8	 838	OK
 494	     0	79.8	109.3	 827	OK
 495	     0	81.2	112.9	 837	OK
 496	     0	80.9	111.4	 858	OK
 497	     0	80.0	109.5	 825	OK
 498	     0	78.1	109.3	 814	OK
 499	     0	81.6	110.2	 833	OK
 500	     0	83.3	115.1	 835	OK
 501	     0	80.7	112.2	 824	OK
 502	     0	80.7	112.1	 836	OK
 503	     0	81.7	113.1	 823	OK
 504	     0	81.8	114.1	 841	OK
 505	     0	84.6	116.2	 837	OK
 506	     0	82.5	113.8	 856	OK
 507	     0	81.5	113.7	 835	OK
 508	     0	79.4	110.4	 832	OK
 509	     0	84.4	116.9	 859	OK
 510	     0	82.0	114.5	 843	OK
 511	     0	81.3	113.0	 828	OK
 512	     0	80.1	109.4	 845	OK
 513	     0	78.2	109.8	 841	OK
 514	     0	78.9	107.9	 828	OK
 515	     0	78.7	109.5	 850	OK
 516	     0	80.3	111.5	 825	OK
 517	     0	77.2	107.2	 819	OK
 518	     0	82.9	114.6	 823	OK
 519	     0	79.0	111.2	 835	OK
 520	     0	76.1	108.4	 837	OK
 521	     0	77.2	107.4	 817	OK
 522	     0	77.2	107.9	 807	OK
 523	     0	78.3	108.7	 826	OK
 524	     0	78.0	110.9	 820	OK
 525	     0	76.2	106.2	 811	OK
 526	     0	79.9	111.7	 835	OK
 527	     0	77.4	108.4	 819	OK
 528	     0	78.2	110.1	 832	OK
 529	     0	79.0	110.1	 829	OK
 530	     0	81.6	112.5	 828	OK
 531	     0	78.3	108.1	 810	OK
 532	     0	79.7	109.0	 812	OK
 533	     0	78.3	106.9	 835	OK
 534	     0	79.7	109.7	 821	OK
 535	     0	79.4	109.8	 824	OK
 536	     0	78.1	110.7	 821	OK
 537	     0	76.0	105.2	 830	OK
 538	     0	79.1	111.4	 816	OK
 539	     0	75.5	107.0	 820	OK
 540	     0	77.8	108.0	 824	OK
 541	     0	76.5	107.7	 820	OK
 542	     0	78.5	108.3	 828	OK
 543	     0	74.8	103.3	 812	OK
 544	     0	78.9	106.0	 810	OK
 545	     0	78.1	109.8	 823	OK
 546	     0	75.5	106.6	 824	OK
 547	     0	80.4	112.4	 810	OK
 548	     0	78.8	107.3	 832	OK
 549	     0	80.0	109.6	 838	OK
 550	     0	75.8	106.8	 840	OK
 551	     0	76.2	106.8	 829	OK
 552	     0	78.0	109.3	 811	OK
 553	     0	81.5	110.6	 809	OK
 554	     0	77.7	109.0	 821	OK
 555	     0	76.7	105.5	 812	OK
 556	     0	79.9	109.2	 829	OK
 557	     0	77.7	108.1	 815	OK
 558	     0	80.0	111.6	 816	OK
 559	     0	80.9	110.7	 815	OK
 560	     0	81.0	112.1	 830	OK
 561	     0	77.5	106.5	 818	OK
 562	     0	79.3	107.5	 815	OK
 563	     0	82.3	112.7	 845	OK
 564	     0	78.7	109.2	 823	OK
 565	     0	76.6	106.3	 815	OK
 566	     0	76.2	105.1	 824	OK
 567	     0	73.6	105.4	 821	OK
 568	     0	78.7	108.4	 804	OK
 569	     0	78.3	108.0	 822	OK
 570	     0	77.7	107.3	 837	OK
 571	     0	77.9	109.5	 832	OK
 572	     0	79.4	109.2	 830	OK
 573	     0	76.4	106.9	 827	OK
 574	     0	78.0	107.4	 840	OK
 575	     0	75.7	107.0	 833	OK
 576	     0	80.0	111.5	 804	OK
 577	     0	80.8	110.5	 796	OK
 578	     0	80.3	109.3	 809	OK
 579	     0	77.4	108.1	 833	OK
 580	     0	78.3	108.0	 808	OK
 581	     0	76.4	106.5	 834	OK
 582	     0	76.4	105.8	 827	OK
 583	     0	79.1	111.3	 812	OK
 584	     0	78.7	109.2	 830	OK
 585	     0	78.1	109.4	 804	OK
 586	     0	77.8	107.6	 825	OK
 587	     0	79.4	109.2	 823	OK
 588	     0	82.4	111.6	 827	OK
 589	     0	77.8	109.3	 826	OK
 590	     0	80.6	108.5	 825	OK
 591	     0	80.2	110.5	 826	OK
 592	     0	81.2	111.0	 822	OK
 593	     0	78.1	108.2	 831	OK
 594	     0	74.8	103.3	 833	OK
 595	     0	79.1	111.0	 834	OK
 596	     0	78.0	111.8	 827	OK
 597	     0	79.1	111.2	 833	OK
 598	     0	78.8	109.7	 830	OK
 599	     0	79.8	109.7	 826	OK
 600	     0	78.2	110.3	 831	OK
 601	     0	78.1	107.9	 826	OK
 602	     0	81.3	111.0	 845	OK
 603	     0	79.3	109.3	 838	OK
 604	     0	81.4	111.4	 826	OK
 605	     0	78.6	109.8	 840	OK
 606	     0	82.0	111.2	 833	OK
 607	     0	81.8	111.5	 852	OK
 608	     0	78.6	110.0	 843	OK
 609	     0	77.8	109.6	 857	OK
 610	     0	75.3	105.5	 847	OK
 611	     0	78.5	111.6	 866	OK
 612	     0	77.3	106.5	 845	OK
 613	     0	79.2	102.1	 828	OK
 614	     0	80.7	109.6	 857	OK
 615	     0	83.4	112.9	 851	OK
 616	     0	77.8	108.1	 849	OK
 617	     0	80.1	111.2	 859	OK
 618	     0	80.0	111.3	 859	OK
 619	     0	77.1	107.5	 865	OK
 620	     0	79.4	109.9	 854	OK
 621	     0	81.5	112.0	 855	OK
 622	     0	79.7	111.3	 849	OK
 623	     0	80.4	113.1	 852	OK
 624	     0	78.8	108.9	 835	OK
 625	     0	80.4	113.1	 856	OK
 626	     0	75.8	107.7	 862	OK
 627	     0	80.6	112.6	 881	OK
 628	     0	80.8	112.2	 864	OK
 629	     0	78.8	109.0	 855	OK
 630	     0	83.5	114.7	 841	OK
 631	     0	82.2	111.3	 851	OK
 632	     0	81.7	113.0	 864	OK
 633	     0	81.7	110.5	 877	OK
 634	     0	84.7	115.1	 849	OK
 635	     0	78.6	108.1	 853	OK
 636	     0	79.8	110.9	 877	OK
 637	     0	79.6	110.8	 881	OK
 638	     0	82.2	110.8	 857	OK
 639	     0	81.7	112.6	 872	OK
 640	     0	84.6	117.8	 896	OK
 641	     0	83.5	120.2	 883	OK
 642	     0	80.7	115.0	 877	OK
 643	     0	79.7	113.6	 875	OK
 644	     0	79.2	111.9	 888	OK
 645	     0	81.9	115.3	 880	OK
 646	     0	78.7	111.5	 862	OK
 647	     0	81.7	116.8	 879	OK
 648	     0	80.9	115.5	 862	OK
 649	     0	83.1	118.5	 871	OK
 650	     0	79.9	113.7	 892	OK
 651	     0	81.5	113.1	 855	OK
 652	     0	79.3	113.9	 885	OK
 653	     0	80.0	114.3	 859	OK
 654	     0	80.6	112.0	 851	OK
 655	     0	78.8	112.5	 864	OK
 656	     0	79.7	113.2	 878	OK
 657	     0	79.3	110.7	 865	OK
 658	     0	80.8	112.4	 859	OK
 659	     0	79.5	112.6	 868	OK
 660	     0	80.2	113.7	 866	OK
 661	     0	78.5	109.2	 850	OK
 662	     0	81.9	115.7	 868	OK
 663	     0	80.6	111.4	 866	OK
 664	     0	81.5	114.2	 859	OK
 665	     0	80.7	113.6	 849	OK
 666	     0	80.0	112.8	 848	OK
 667	     0	80.9	112.1	 851	OK
 668	     0	79.4	111.3	 843	OK
 669	     0	77.7	109.9	 858	OK
 670	     0	77.8	109.4	 850	OK
 671	     0	78.2	112.6	 859	OK
 672	     0	80.6	113.7	 840	OK
 673	     0	78.5	111.6	 859	OK
 674	     0	79.8	111.3	 840	OK
 675	     0	77.9	111.5	 858	OK
 676	     0	78.0	110.7	 849	OK
 677	     0	81.0	114.4	 843	OK
 678	     0	78.6	111.1	 845	OK
 679	     0	79.8	111.4	 842	OK
 680	     0	78.1	109.5	 839	OK
 681	     0	78.0	109.0	 844	OK
 682	     0	76.3	109.7	 853	OK
 683	     0	77.5	107.9	 858	OK
 684	     0	77.9	111.2	 854	OK
 685	     0	77.1	106.6	 876	OK
 686	     0	80.2	114.8	 844	OK
 687	     0	78.3	109.4	 847	OK
 688	     0	79.2	111.9	 845	OK
 689	     0	78.6	109.4	 859	OK
 690	     0	80.1	110.6	 864	OK
 691	     0	76.6	108.8	 862	OK
 692	     0	82.4	116.5	 842	OK
 693	     0	80.6	113.6	 832	OK
 694	     0	81.8	113.3	 850	OK
 695	     0	78.7	112.0	 863	OK
 696	     0	78.5	110.3	 846	OK
 697	     0	82.0	113.8	 855	OK
 698	     0	77.9	107.7	 840	OK
 699	     0	77.8	111.8	 840	OK
 700	     0	80.9	113.7	 845	OK
 701	     0	80.1	111.6	 854	OK
 702	     0	81.9	114.4	 843	OK
 703	     0	78.2	109.2	 824	OK
 704	     0	81.1	113.4	 857	OK
 705	     0	80.0	110.4	 851	OK
 706	     0	76.6	108.6	 832	OK
 707	     0	79.9	114.5	 840	OK
 708	     0	79.6	111.6	 819	OK
 709	     0	79.0	112.5	 865	OK
 710	     0	79.5	109.7	 821	OK
 711	     0	77.9	110.4	 815	OK
 712	     0	81.0	112.2	 857	OK
 713	     0	77.2	107.7	 828	OK
 714	     0	79.1	110.3	 834	OK
 715	     0	79.0	111.4	 826	OK
 716	     0	79.2	110.5	 820	OK
 717	     0	76.2	111.3	 849	OK
 718	     0	78.0	110.9	 834	OK
 719	     0	77.3	108.9	 833	OK
 720	     0	77.5	108.5	 832	OK
 721	     0	78.9	111.4	 840	OK
 722	     0	78.2	110.0	 831	OK
 723	     0	77.8	111.4	 849	OK
 724	     0	76.5	107.2	 851	OK
 725	     0	75.5	108.2	 840	OK
 726	     0	77.7	111.0	 827	OK
 727	     0	79.0	111.0	 835	OK
 728	     0	79.0	111.6	 815	OK
 729	     0	74.9	107.1	 814	OK
 730	     0	77.1	107.1	 830	OK
 731	     0	76.0	106.4	 839	OK
 732	     0	77.9	107.9	 827	OK
 733	     0	74.9	108.7	 814	OK
 734	     0	78.7	108.4	 832	OK
 735	     0	78.8	108.6	 816	OK
 736	     0	78.9	110.8	 825	OK
 737	     0	74.8	105.1	 814	OK
 738	     0	78.2	109.6	 842	OK
 739	     0	81.0	113.0	 838	OK
 740	     0	78.2	111.5	 827	OK
 741	     0	78.6	113.9	 826	OK
 742	     0	75.0	105.9	 844	OK
 743	     0	79.7	111.0	 845	OK
 744	     0	78.6	110.0	 837	OK
 745	     0	80.0	112.1	 844	OK
 746	     0	78.1	110.3	 840	OK
 747	     0	76.1	108.6	 826	OK
 748	     0	75.7	108.1	 855	OK
 749	     0	77.4	110.3	 844	OK
 750	     0	79.2	111.0	 833	OK
 751	     0	77.5	109.8	 847	OK
 752	     0	80.7	112.3	 836	OK
 753	     0	79.2	110.5	 829	OK
 754	     0	77.7	111.2	 826	OK
 755	     0	76.6	106.5	 824	OK
 756	     0	79.0	109.6	 849	OK
 757	     0	78.7	110.5	 851	OK
 758	     0	79.8	111.6	 822	OK
 759	     0	80.5	109.8	 824	OK
 760	     0	79.2	112.6	 842	OK
 761	     0	79.6	111.1	 857	OK
 762	     0	78.8	109.3	 823	OK
 763	     0	80.1	110.2	 842	OK
 764	     0	78.3	108.9	 856	OK
 765	     0	79.4	110.4	 854	OK
 766	     0	79.8	111.2	 843	OK
 767	     0	81.1	111.8	 852	OK
 768	     0	80.2	110.6	 906	OK
 769	     0	80.6	110.2	 901	OK
 770	     0	80.4	108.9	 890	OK
 771	     0	79.1	109.6	 894	OK
 772	     0	77.5	107.1	 911	OK
 773	     0	74.6	106.0	 894	OK
 774	     0	79.0	110.2	 898	OK
 775	     0	75.5	106.5	 919	OK
 776	     0	81.2	111.6	 913	OK
 777	     0	77.7	106.8	 895	OK
 778	     0	78.4	106.1	 876	OK
 779	     0	78.1	110.9	 917	OK
 780	     0	80.1	110.2	 905	OK
 781	     0	76.4	104.8	 899	OK
 782	     0	76.9	107.0	 900	OK
 783	     0	75.8	104.8	 892	OK
 784	     0	77.6	110.2	 890	OK
 785	     0	74.8	103.7	 861	OK
 786	     0	79.0	110.1	 875	OK
 787	     0	76.9	106.1	 899	OK
 788	     0	81.0	113.0	 907	OK
 789	     0	76.6	108.7	 919	OK
 790	     0	81.6	112.6	 889	OK
 791	     0	74.8	104.0	 879	OK
 792	     0	77.3	107.1	 906	OK
 793	     0	76.9	108.9	 885	OK
 794	     0	78.6	108.4	 886	OK
 795	     0	78.2	109.2	 888	OK
 796	     0	76.4	107.4	 897	OK
 797	     0	77.6	105.7	 901	OK
 798	     0	80.1	112.1	 905	OK
 799	     0	78.0	110.4	 867	OK
 800	     0	75.1	103.8	 873	OK
 801	     0	79.1	110.3	 880	OK
 802	     0	77.3	108.1	 884	OK
 803	     0	77.6	107.5	 864	OK
 804	     0	77.8	108.1	 887	OK
 805	     0	77.6	105.0	 853	OK
 806	     0	79.7	109.3	 860	OK
 807	     0	75.8	103.2	 864	OK
 808	     0	77.4	105.6	 861	OK
 809	     0	78.8	109.4	 858	OK
 810	     0	77.2	108.7	 893	OK
 811	     0	77.8	110.4	 880	OK
 812	     0	79.3	111.5	 903	OK
 813	     0	76.4	108.9	 877	OK
 814	     0	78.6	109.3	 893	OK
 815	     0	77.6	107.4	 884	OK
 816	     0	74.6	103.8	 872	OK
 817	     0	74.8	105.5	 886	OK
 818	     0	77.5	106.3	 914	OK
 819	     0	77.1	108.5	 914	OK
 820	     0	79.3	107.0	 900	OK
 821	     0	75.9	107.7	 877	OK
 822	     0	77.9	106.8	 905	OK
 823	     0	77.5	108.1	 891	OK
 824	     0	77.0	107.2	 900	OK
 825	     0	78.5	109.8	 889	OK
 826	     0	76.3	106.6	 884	OK
 827	     0	75.4	104.4	 893	OK
 828	     0	78.3	109.5	 880	OK
 829	     0	78.7	108.6	 868	OK
 830	     0	79.3	108.8	 902	OK
 831	     0	78.9	109.7	 880	OK
 832	     0	80.2	112.0	 905	OK
 833	     0	79.5	109.4	 892	OK
 834	     0	78.6	109.4	 897	OK
 835	     0	80.8	111.7	 903	OK
 836	     0	77.2	105.4	 889	OK
 837	     0	75.8	107.3	 892	OK
 838	     0	76.4	107.5	 916	OK
 839	     0	78.3	108.1	 881	OK
 840	     0	79.2	111.3	 898	OK
 841	     0	78.4	108.2	 891	OK
 842	     0	78.0	108.0	 886	OK
 843	     0	79.0	108.5	 912	OK
 844	     0	78.4	107.0	 886	OK
 845	     0	77.4	107.7	 903	OK
 846	     0	78.1	106.0	 910	OK
 847	     0	76.9	106.8	 913	OK
 848	     0	78.9	109.9	 904	OK
 849	     0	76.4	109.4	 921	OK
 850	     0	76.9	108.2	 922	OK
 851	     0	77.5	109.7	 916	OK
 852	     0	79.9	112.8	 896	OK
 853	     0	79.4	111.1	 941	OK
 854	     0	77.8	106.8	 925	OK
 855	     0	79.0	109.5	 892	OK
 856	     0	82.1	113.8	 905	OK
 857	     0	76.0	107.7	 907	OK
 858	     0	78.4	108.9	 899	OK
 859	     0	76.8	106.2	 894	OK
 860	     0	76.6	108.0	 916	OK
 861	     0	76.4	107.4	 878	OK
 862	     0	78.6	106.8	 877	OK
 863	     0	80.6	111.4	 891	OK
 864	     0	78.8	109.1	 902	OK
 865	     0	81.2	110.6	 894	OK
 866	     0	79.5	110.7	 897	OK
 867	     0	76.3	107.1	 873	OK
 868	     0	77.4	107.0	 888	OK
 869	     0	76.9	106.0	 860	OK
 870	     0	76.6	107.4	 888	OK
 871	     0	80.6	109.2	 887	OK
 872	     0	75.6	106.0	 899	OK
 873	     0	79.6	107.6	 878	OK
 874	     0	75.6	106.5	 890	OK
 875	     0	79.0	108.6	 891	OK
 876	     0	79.7	111.6	 871	OK
 877	     0	76.7	109.5	 893	OK
 878	     0	78.2	108.5	 879	OK
 879	     0	81.6	111.8	 888	OK
 880	     0	78.3	109.2	 885	OK
 881	     0	79.0	108.8	 876	OK
 882	     0	79.3	109.9	 891	OK
 883	     0	79.7	109.1	 897	OK
 884	     0	81.3	109.8	 907	OK
 885	     0	74.5	106.6	 883	OK
 886	     0	77.3	108.0	 893	OK
 887	     0	77.6	108.6	 881	OK
 888	     0	78.3	108.6	 873	OK
 889	     0	79.7	108.7	 876	OK
 890	     0	78.2	106.2	 878	OK
 891	     0	80.0	111.1	 909	OK
 892	     0	78.6	106.9	 888	OK
 893	     0	79.9	109.1	 882	OK
 894	     0	80.3	109.0	 889	OK
 895	     0	81.4	109.9	 873	OK
 896	     0	81.9	113.4	 857	OK
 897	     0	85.8	118.3	 857	OK
 898	     0	81.3	112.6	 870	OK
 899	     0	79.9	112.3	 846	OK
 900	     0	82.9	112.5	 860	OK
 901	     0	83.4	113.2	 871	OK
 902	     0	79.4	108.8	 865	OK
 903	     0	78.3	111.4	 870	OK
 904	     0	81.7	115.1	 860	OK
 905	     0	81.0	111.4	 873	OK
 906	     0	81.5	113.8	 867	OK
 907	  4000	80.5	110.5	 879	high noise
 908	     0	83.2	115.2	 855	OK
 909	     0	83.2	115.3	 860	OK
 910	     0	81.1	112.9	 865	OK
 911	     0	78.9	109.4	 867	OK
 912	     0	83.5	116.2	 854	OK
 913	     0	81.7	114.0	 872	OK
 914	     0	84.5	116.4	 859	OK
 915	  4000	80.9	110.9	 880	high noise
 916	  4000	79.5	111.4	 882	high noise
 917	     0	79.7	110.4	 845	OK
 918	     0	80.0	110.3	 855	OK
 919	     0	80.7	112.2	 865	OK
 920	     0	80.1	112.4	 854	OK
 921	     0	78.9	111.9	 854	OK
 922	     0	81.4	113.5	 856	OK
 923	     0	84.7	117.1	 848	OK
 924	     0	80.0	109.0	 857	OK
 925	     0	81.9	112.4	 828	OK
 926	     0	81.9	116.9	 853	OK
 927	     0	82.6	113.3	 845	OK
 928	     0	78.8	110.3	 860	OK
 929	     0	82.5	112.8	 848	OK
 930	     0	82.3	115.3	 855	OK
 931	     0	78.9	108.9	 853	OK
 932	     0	82.3	114.8	 822	OK
 933	     0	82.6	113.1	 821	OK
 934	     0	83.8	114.7	 844	OK
 935	     0	83.6	114.6	 859	OK
 936	     0	78.9	110.4	 843	OK
 937	     0	83.2	115.6	 830	OK
 938	     0	82.4	112.9	 841	OK
 939	     0	80.5	112.8	 822	OK
 940	     0	78.8	108.6	 845	OK
 941	     0	85.0	114.6	 831	OK
 942	     0	83.8	115.5	 838	OK
 943	     0	82.6	112.6	 822	OK
 944	     0	83.3	115.9	 835	OK
 945	     0	83.5	116.6	 830	OK
 946	     0	81.1	114.7	 817	OK
 947	     0	79.5	111.3	 833	OK
 948	     0	82.1	113.2	 829	OK
 949	     0	81.4	112.0	 828	OK
 950	     0	83.2	116.3	 821	OK
 951	     0	80.3	110.8	 809	OK
 952	     0	80.4	111.3	 824	OK
 953	     0	81.2	113.3	 788	OK
 954	     0	82.2	112.6	 821	OK
 955	     0	83.2	114.9	 786	OK
 956	     0	82.7	112.4	 802	OK
 957	     0	83.7	114.2	 792	OK
 958	     0	82.1	112.2	 801	OK
 959	     0	79.4	109.7	 792	OK
 960	     0	84.4	116.1	 802	OK
 961	     0	85.2	117.5	 800	OK
 962	     0	84.1	114.7	 781	OK
 963	     0	84.2	115.1	 794	OK
 964	     0	83.8	117.6	 791	OK
 965	     0	84.3	117.5	 803	OK
 966	     0	78.2	111.3	 802	OK
 967	     0	83.5	114.8	 782	OK
 968	     0	83.4	114.3	 812	OK
 969	     0	80.0	111.0	 794	OK
 970	     0	78.9	111.3	 797	OK
 971	     0	81.7	112.4	 790	OK
 972	     0	83.9	114.3	 812	OK
 973	     0	83.5	113.5	 796	OK
 974	     0	81.7	112.8	 803	OK
 975	     0	82.3	115.8	 811	OK
 976	     0	80.9	112.8	 800	OK
 977	     0	82.2	113.1	 783	OK
 978	     0	82.9	115.0	 779	OK
 979	     0	81.9	114.8	 806	OK
 980	     0	82.7	112.4	 813	OK
 981	     0	82.2	113.2	 817	OK
 982	     0	78.6	109.7	 794	OK
 983	     0	81.5	111.9	 813	OK
 984	     0	81.1	112.6	 808	OK
 985	     0	83.2	113.6	 789	OK
 986	     0	81.8	114.1	 781	OK
 987	     0	84.3	118.2	 786	OK
 988	     0	83.3	113.6	 787	OK
 989	     0	84.4	117.1	 784	OK
 990	     0	84.1	115.5	 775	OK
 991	     0	80.4	111.8	 780	OK
 992	     0	79.8	111.3	 797	OK
 993	     0	83.9	114.0	 795	OK
 994	     0	84.5	114.7	 792	OK
 995	     0	85.3	115.8	 780	OK
 996	     0	85.8	116.8	 779	OK
 997	     0	84.9	114.4	 799	OK
 998	     0	83.9	116.6	 803	OK
 999	     0	84.8	116.4	 781	OK
1000	     0	85.4	116.8	 794	OK
1001	     0	83.6	115.4	 785	OK
1002	     0	82.8	115.1	 784	OK
1003	     0	83.8	116.8	 793	OK
1004	     0	85.0	117.4	 776	OK
1005	     0	82.8	113.6	 771	OK
1006	     0	83.3	114.5	 787	OK
1007	     0	86.0	118.3	 765	OK
1008	     0	84.0	118.1	 774	OK
1009	     0	81.6	113.7	 777	OK
1010	     0	82.3	112.7	 772	OK
1011	     0	84.6	116.9	 764	OK
1012	     0	85.7	117.9	 785	OK
1013	     0	83.0	114.8	 770	OK
1014	     0	82.2	114.0	 774	OK
1015	     0	85.3	115.4	 781	OK
1016	     0	81.7	114.1	 774	OK
1017	     0	84.1	116.4	 773	OK
1018	     0	87.0	120.4	 750	OK
1019	     0	85.0	115.7	 760	OK
1020	     0	85.9	118.5	 767	OK
1021	     0	88.1	121.4	 757	OK
1022	     0	84.0	116.8	 764	OK
1023	     0	84.9	117.4	 770	OK
1024	     0	80.0	111.3	 807	OK
1025	     0	77.9	108.2	 822	OK
1026	     0	77.9	107.4	 812	OK
1027	     0	76.2	106.4	 802	OK
1028	     0	79.8	110.4	 815	OK
1029	     0	77.4	106.8	 826	OK
1030	     0	76.3	106.4	 810	OK
1031	     0	80.0	109.5	 800	OK
1032	     0	80.3	110.5	 803	OK
1033	     0	77.5	107.0	 811	OK
1034	     0	78.2	109.7	 816	OK
1035	     0	76.4	108.9	 814	OK
1036	     0	77.6	107.7	 794	OK
1037	     0	80.2	112.8	 813	OK
1038	     0	80.6	109.9	 801	OK
1039	     0	78.2	106.6	 804	OK
1040	     0	77.7	107.2	 803	OK
1041	     0	77.6	106.8	 801	OK
1042	     0	77.0	106.8	 809	OK
1043	     0	76.9	107.4	 809	OK
1044	     0	79.2	111.5	 800	OK
1045	     0	77.0	106.1	 813	OK
1046	     0	76.9	107.2	 813	OK
1047	     0	79.1	109.8	 818	OK
1048	     0	77.5	107.4	 800	OK
1049	     0	74.8	106.4	 827	OK
1050	     0	78.5	108.3	 808	OK
1051	     0	78.9	108.8	 836	OK
1052	     0	78.0	108.1	 813	OK
1053	     0	75.9	107.6	 833	OK
1054	     0	77.1	106.1	 826	OK
1055	     0	77.0	107.6	 832	OK
1056	     0	77.3	108.7	 834	OK
1057	     0	78.6	109.9	 837	OK
1058	     0	83.1	113.0	 825	OK
1059	     0	77.8	108.2	 840	OK
1060	     0	77.3	109.9	 842	OK
1061	     0	78.3	106.7	 842	OK
1062	     0	78.3	108.2	 828	OK
1063	     0	78.0	109.3	 847	OK
1064	     0	78.7	109.3	 842	OK
1065	     0	78.5	108.8	 863	OK
1066	     0	74.6	104.8	 838	OK
1067	     0	76.6	109.5	 842	OK
1068	     0	76.8	105.9	 847	OK
1069	     0	78.8	107.2	 840	OK
1070	     0	78.4	107.6	 829	OK
1071	     0	79.3	108.7	 859	OK
1072	     0	73.8	103.2	 854	OK
1073	     0	75.6	104.9	 849	OK
1074	     0	77.3	108.2	 846	OK
1075	     0	80.1	109.5	 854	OK
1076	     0	81.3	113.6	 858	OK
1077	     0	78.5	109.0	 852	OK
1078	     0	75.8	106.3	 850	OK
1079	     0	76.5	105.8	 848	OK
1080	     0	77.1	107.9	 834	OK
1081	     0	79.0	110.5	 844	OK
1082	     0	79.0	107.6	 869	OK
1083	     0	77.0	104.9	 848	OK
1084	     0	80.6	110.6	 865	OK
1085	     0	79.2	107.9	 856	OK
1086	     0	80.5	112.2	 864	OK
1087	     0	77.3	107.5	 872	OK
1088	     0	80.7	110.9	 867	OK
1089	     0	81.2	110.7	 866	OK
1090	     0	80.3	111.0	 853	OK
1091	     0	79.0	108.0	 865	OK
1092	     0	80.4	110.8	 880	OK
1093	     0	78.2	108.5	 859	OK
1094	     0	74.7	100.5	 843	OK
1095	     0	77.8	108.0	 859	OK
1096	     0	77.3	106.1	 867	OK
1097	     0	76.1	107.0	 856	OK
1098	     0	77.2	105.9	 853	OK
1099	     0	76.6	107.3	 873	OK
1100	     0	77.0	106.7	 861	OK
1101	     0	77.3	109.0	 877	OK
1102	     0	76.6	106.2	 854	OK
1103	     0	75.7	105.2	 845	OK
1104	     0	75.5	110.1	 856	OK
1105	     0	75.2	104.2	 853	OK
1106	     0	76.7	105.2	 867	OK
1107	     0	77.4	106.1	 876	OK
1108	     0	76.0	104.1	 849	OK
1109	     0	77.1	107.4	 861	OK
1110	     0	78.4	109.4	 859	OK
1111	     0	78.9	109.8	 846	OK
1112	     0	80.4	108.5	 887	OK
1113	     0	77.7	107.0	 858	OK
1114	     0	76.2	106.0	 848	OK
1115	     0	80.6	109.2	 856	OK
1116	     0	76.2	107.5	 880	OK
1117	     0	76.4	106.5	 843	OK
1118	     0	73.6	104.9	 855	OK
1119	     0	74.3	105.3	 859	OK
1120	     0	77.0	106.3	 861	OK
1121	     0	78.9	109.7	 833	OK
1122	     0	77.1	107.9	 856	OK
1123	     0	75.4	105.3	 853	OK
1124	     0	77.9	106.1	 869	OK
1125	     0	77.2	107.1	 844	OK
1126	     0	78.9	108.6	 836	OK
1127	     0	78.1	107.3	 878	OK
1128	     0	79.6	108.3	 863	OK
1129	     0	76.8	106.3	 862	OK
1130	     0	77.4	106.2	 851	OK
1131	     0	79.6	108.0	 830	OK
1132	     0	80.0	110.2	 855	OK
1133	     0	77.8	106.0	 855	OK
1134	     0	80.5	109.9	 862	OK
1135	     0	77.7	109.7	 857	OK
1136	     0	78.3	107.9	 874	OK
1137	     0	79.3	108.1	 854	OK
1138	     0	80.1	107.5	 849	OK
1139	     0	76.9	108.0	 844	OK
1140	     0	77.6	107.1	 849	OK
1141	     0	78.0	106.3	 870	OK
1142	     0	77.6	107.7	 873	OK
1143	     0	74.6	102.8	 831	OK
1144	     0	76.7	104.8	 855	OK
1145	     0	77.1	106.7	 869	OK
1146	     0	76.8	104.6	 845	OK
1147	     0	81.2	112.5	 860	OK
1148	     0	79.9	107.1	 842	OK
1149	     0	82.4	112.7	 855	OK
1150	     0	81.8	113.9	 867	OK
1151	     0	78.2	107.3	 868	OK
1152	     0	86.2	113.5	 844	OK
1153	     0	82.8	111.8	 854	OK
1154	     0	84.6	114.6	 834	OK
1155	     0	81.8	111.7	 846	OK
1156	     0	82.0	112.1	 865	OK
1157	     0	80.6	110.5	 839	OK
1158	     0	78.2	108.7	 834	OK
1159	     0	82.5	112.5	 842	OK
1160	     0	81.6	111.9	 814	OK
1161	     0	84.5	115.1	 832	OK
1162	     0	79.2	112.2	 840	OK
1163	     0	81.6	112.7	 841	OK
1164	     0	81.3	110.7	 830	OK
1165	     0	82.9	114.0	 830	OK
1166	     0	82.2	111.0	 841	OK
1167	     0	83.4	112.3	 818	OK
1168	     0	84.0	112.9	 842	OK
1169	     0	82.6	113.8	 813	OK
1170	     0	82.1	111.3	 833	OK
1171	     0	83.9	113.1	 837	OK
1172	     0	83.7	112.6	 814	OK
1173	     0	82.5	113.4	 844	OK
1174	     0	82.4	114.1	 810	OK
1175	     0	81.3	112.7	 824	OK
1176	     0	81.0	110.7	 843	OK
1177	     0	87.0	120.0	 837	OK
1178	     0	82.4	114.8	 839	OK
1179	     0	82.2	114.0	 838	OK
1180	     0	82.9	112.7	 846	OK
1181	     0	81.4	110.9	 854	OK
1182	     0	84.4	115.5	 838	OK
1183	     0	84.3	117.6	 840	OK
1184	     0	81.4	110.8	 821	OK
1185	     0	85.2	115.6	 825	OK
1186	     0	83.1	113.1	 808	OK
1187	     0	81.7	113.4	 820	OK
1188	     0	83.3	113.2	 852	OK
1189	     0	82.5	111.4	 834	OK
1190	     0	80.8	111.2	 838	OK
1191	     0	83.9	113.7	 825	OK
1192	     0	83.5	114.0	 819	OK
1193	     0	84.1	114.5	 836	OK
1194	     0	83.0	114.6	 843	OK
1195	     0	83.7	115.1	 837	OK
1196	     0	81.2	110.1	 831	OK
1197	     0	80.8	110.9	 830	OK
1198	     0	82.6	113.7	 828	OK
1199	     0	82.7	112.1	 847	OK
1200	     0	82.1	111.6	 827	OK
1201	     0	84.0	112.4	 833	OK
1202	     0	81.8	113.9	 851	OK
1203	     0	85.5	116.9	 812	OK
1204	     0	82.9	113.5	 831	OK
1205	     0	84.2	113.2	 835	OK
1206	     0	80.0	110.9	 850	OK
1207	     0	86.8	118.0	 840	OK
1208	     0	84.4	116.5	 834	OK
1209	     0	84.6	115.3	 860	OK
1210	     0	82.2	111.9	 857	OK
1211	     0	84.4	115.4	 831	OK
1212	     0	84.6	115.9	 820	OK
1213	     0	79.5	110.7	 855	OK
1214	     0	84.4	114.4	 826	OK
1215	     0	83.9	114.0	 837	OK
1216	     0	81.8	112.4	 824	OK
1217	     0	84.7	117.2	 823	OK
1218	     0	82.8	114.0	 826	OK
1219	     0	80.3	110.4	 838	OK
1220	     0	83.0	113.6	 829	OK
1221	     0	84.0	116.2	 845	OK
1222	     0	80.0	110.3	 817	OK
1223	     0	84.0	116.5	 825	OK
1224	     0	83.3	114.2	 845	OK
1225	     0	84.0	113.3	 817	OK
1226	     0	79.3	111.3	 817	OK
1227	     0	81.2	112.3	 822	OK
1228	     0	83.6	113.5	 832	OK
1229	     0	86.5	116.1	 823	OK
1230	     0	82.7	112.9	 822	OK
1231	     0	80.8	112.1	 817	OK
1232	     0	83.9	115.8	 833	OK
1233	     0	87.9	118.6	 816	OK
1234	     0	82.7	111.5	 826	OK
1235	     0	82.2	112.3	 829	OK
1236	     0	84.4	114.1	 831	OK
1237	     0	84.9	114.3	 844	OK
1238	     0	81.3	113.0	 798	OK
1239	     0	80.1	110.2	 837	OK
1240	     0	85.9	114.3	 823	OK
1241	     0	84.1	117.7	 817	OK
1242	     0	83.4	113.4	 810	OK
1243	     0	84.7	115.8	 824	OK
1244	     0	82.4	113.5	 832	OK
1245	     0	84.3	113.6	 810	OK
1246	     0	82.1	113.0	 826	OK
1247	     0	81.1	110.5	 833	OK
1248	     0	82.7	111.9	 807	OK
1249	     0	82.7	112.0	 825	OK
1250	     0	84.2	113.5	 810	OK
1251	     0	84.9	114.7	 800	OK
1252	     0	83.3	113.6	 807	OK
1253	     0	87.5	117.9	 820	OK
1254	     0	84.4	114.7	 800	OK
1255	     0	82.5	112.7	 795	OK
1256	     0	83.8	115.4	 811	OK
1257	     0	83.4	112.3	 796	OK
1258	     0	85.5	116.7	 797	OK
1259	     0	83.5	114.8	 801	OK
1260	     0	81.9	113.2	 813	OK
1261	     0	82.4	114.4	 803	OK
1262	     0	80.4	112.8	 784	OK
1263	     0	85.7	117.0	 789	OK
1264	     0	84.6	112.8	 823	OK
1265	     0	84.3	116.7	 790	OK
1266	     0	84.4	114.3	 797	OK
1267	     0	83.8	114.7	 786	OK
1268	     0	81.6	112.0	 793	OK
1269	     0	86.0	115.9	 787	OK
1270	     0	80.6	113.0	 787	OK
1271	     0	84.0	114.3	 795	OK
1272	     0	86.0	117.1	 772	OK
1273	     0	84.0	116.4	 774	OK
1274	     0	86.2	117.0	 815	OK
1275	     0	86.0	117.7	 781	OK
1276	     0	85.7	117.2	 782	OK
1277	     0	85.9	116.1	 771	OK
1278	     0	87.3	118.7	 785	OK
1279	     0	87.7	117.7	 783	OK
1280	     0	86.1	116.0	 749	OK
1281	     0	84.9	116.4	 746	OK
1282	     0	85.8	116.9	 744	OK
1283	     0	86.9	117.9	 741	OK
1284	     0	83.2	116.1	 761	OK
1285	     0	84.1	117.5	 744	OK
1286	     0	86.0	117.1	 738	OK
1287	     0	82.1	112.4	 760	OK
1288	     0	84.8	119.6	 761	OK
1289	     0	83.7	116.4	 740	OK
1290	     0	84.4	114.9	 741	OK
1291	     0	80.5	112.0	 739	OK
1292	     0	84.2	113.9	 745	OK
1293	     0	84.7	114.6	 745	OK
1294	     0	84.5	115.5	 750	OK
1295	     0	84.0	114.9	 725	OK
1296	     0	84.3	115.0	 758	OK
1297	     0	86.9	118.1	 741	OK
1298	     0	86.2	120.0	 755	OK
1299	     0	84.3	115.4	 745	OK
1300	     0	85.0	115.3	 739	OK
1301	     0	86.3	118.1	 748	OK
1302	     0	85.1	117.5	 735	OK
1303	     0	83.0	114.6	 745	OK
1304	     0	83.9	114.0	 738	OK
1305	     0	84.1	117.7	 753	OK
1306	     0	85.9	116.5	 736	OK
1307	     0	83.0	113.5	 751	OK
1308	     0	84.2	115.2	 759	OK
1309	     0	85.1	116.5	 736	OK
1310	     0	84.8	116.0	 739	OK
1311	     0	85.2	117.3	 756	OK
1312	     0	88.5	119.7	 741	OK
1313	     0	86.3	118.8	 736	OK
1314	     0	83.2	114.3	 745	OK
1315	     0	84.3	114.6	 746	OK
1316	     0	84.5	115.0	 751	OK
1317	     0	82.1	114.2	 748	OK
1318	     0	84.9	116.6	 743	OK
1319	     0	87.0	116.0	 752	OK
1320	     0	85.5	116.0	 773	OK
1321	     0	84.9	118.1	 736	OK
1322	     0	87.2	120.2	 754	OK
1323	     0	85.0	116.2	 749	OK
1324	     0	81.4	112.9	 762	OK
1325	     0	86.4	116.7	 743	OK
1326	     0	84.4	116.8	 766	OK
1327	     0	83.0	114.5	 756	OK
1328	     0	83.4	113.1	 745	OK
1329	     0	85.1	117.3	 762	OK
1330	     0	84.2	112.4	 754	OK
1331	     0	87.8	118.3	 735	OK
1332	     0	83.5	114.8	 763	OK
1333	     0	83.5	114.3	 740	OK
1334	     0	85.0	116.9	 771	OK
1335	     0	83.6	115.4	 754	OK
1336	     0	82.2	114.3	 762	OK
1337	     0	84.6	115.6	 756	OK
1338	     0	81.3	111.6	 764	OK
1339	     0	81.8	114.8	 768	OK
1340	     0	85.0	115.0	 749	OK
1341	     0	83.1	114.8	 759	OK
1342	     0	81.9	113.2	 763	OK
1343	     0	88.1	119.1	 746	OK
1344	     0	82.5	114.0	 764	OK
1345	     0	85.7	118.3	 739	OK
1346	     0	83.9	116.3	 765	OK
1347	     0	82.9	113.9	 758	OK
1348	     0	84.4	116.3	 766	OK
1349	     0	82.6	114.0	 735	OK
1350	     0	80.5	112.6	 781	OK
1351	     0	84.0	117.2	 752	OK
1352	     0	81.9	114.2	 769	OK
1353	     0	83.7	114.0	 758	OK
1354	     0	85.3	114.9	 776	OK
1355	     0	80.9	113.1	 756	OK
1356	     0	81.7	114.3	 767	OK
1357	     0	81.8	112.7	 757	OK
1358	     0	83.3	115.4	 752	OK
1359	     0	82.3	114.9	 772	OK
1360	     0	84.3	114.3	 761	OK
1361	     0	82.5	112.4	 761	OK
1362	     0	80.2	111.1	 744	OK
1363	     0	82.4	114.6	 757	OK
1364	     0	84.6	115.2	 773	OK
1365	     0	83.5	113.6	 758	OK
1366	     0	84.8	114.8	 763	OK
1367	     0	80.9	112.8	 741	OK
1368	     0	81.9	112.2	 756	OK
1369	     0	79.9	109.8	 758	OK
1370	     0	81.8	114.4	 786	OK
1371	     0	83.1	113.2	 764	OK
1372	     0	85.4	115.2	 758	OK
1373	     0	79.2	110.8	 778	OK
1374	     0	79.0	112.2	 757	OK
1375	     0	85.5	118.3	 751	OK
1376	     0	82.6	114.1	 770	OK
1377	     0	81.5	113.7	 769	OK
1378	     0	81.9	112.9	 790	OK
1379	     0	81.1	113.0	 739	OK
1380	     0	82.9	118.1	 756	OK
1381	     0	83.7	116.3	 742	OK
1382	     0	83.4	114.5	 749	OK
1383	     0	82.6	116.0	 754	OK
1384	     0	81.0	112.5	 782	OK
1385	     0	84.0	117.7	 754	OK
1386	     0	83.4	116.0	 744	OK
1387	     0	80.7	110.5	 751	OK
1388	     0	84.6	114.7	 751	OK
1389	     0	83.5	114.7	 764	OK
1390	     0	81.0	111.1	 757	OK
1391	     0	82.3	115.4	 762	OK
1392	     0	83.3	112.7	 767	OK
1393	     0	81.9	112.2	 763	OK
1394	     0	82.8	113.7	 754	OK
1395	     0	80.8	112.3	 758	OK
1396	     0	81.9	112.0	 770	OK
1397	     0	82.5	113.9	 739	OK
1398	     0	81.4	113.0	 738	OK
1399	     0	84.2	115.0	 758	OK
1400	     0	83.7	113.1	 772	OK
1401	     0	84.1	113.6	 747	OK
1402	     0	83.8	116.4	 751	OK
1403	     0	81.8	114.5	 751	OK
1404	     0	81.9	113.0	 757	OK
1405	     0	85.6	117.3	 751	OK
1406	     0	86.2	116.7	 753	OK
1407	     0	84.3	116.3	 750	OK
1408	     0	80.9	109.6	 771	OK
1409	     0	84.8	116.0	 753	OK
1410	     0	81.0	111.9	 775	OK
1411	     0	83.9	116.4	 766	OK
1412	     0	85.1	116.8	 757	OK
1413	     0	81.5	113.4	 755	OK
1414	     0	82.6	114.1	 778	OK
1415	     0	84.6	116.9	 747	OK
1416	     0	79.5	109.1	 757	OK
1417	     0	82.3	114.3	 751	OK
1418	     0	81.1	111.7	 770	OK
1419	     0	79.9	111.3	 755	OK
1420	     0	82.3	113.9	 750	OK
1421	     0	83.3	115.9	 769	OK
1422	     0	83.5	113.7	 760	OK
1423	     0	80.7	113.4	 750	OK
1424	     0	81.7	112.5	 764	OK
1425	     0	80.5	111.0	 755	OK
1426	     0	79.3	108.4	 749	OK
1427	     0	82.9	114.5	 752	OK
1428	     0	82.1	114.5	 745	OK
1429	     0	82.5	112.7	 751	OK
1430	     0	83.2	114.3	 745	OK
1431	     0	81.3	112.7	 745	OK
1432	     0	81.6	112.4	 766	OK
1433	     0	80.9	113.7	 734	OK
1434	     0	81.3	113.4	 747	OK
1435	     0	80.7	110.8	 757	OK
1436	     0	79.5	111.9	 760	OK
1437	     0	79.5	111.6	 754	OK
1438	     0	83.8	113.6	 757	OK
1439	     0	79.4	112.4	 764	OK
1440	     0	84.7	114.6	 737	OK
1441	     0	80.6	110.5	 754	OK
1442	     0	82.1	112.3	 751	OK
1443	     0	81.8	112.9	 771	OK
1444	     0	82.1	113.7	 756	OK
1445	     0	79.1	110.5	 755	OK
1446	     0	82.6	112.6	 758	OK
1447	     0	84.2	115.0	 768	OK
1448	     0	83.7	113.2	 753	OK
1449	     0	80.7	112.0	 763	OK
1450	     0	80.7	111.4	 747	OK
1451	     0	83.0	113.0	 746	OK
1452	     0	78.7	110.0	 767	OK
1453	     0	80.6	112.2	 756	OK
1454	     0	82.0	112.7	 765	OK
1455	     0	80.4	114.3	 760	OK
1456	     0	86.9	118.5	 745	OK
1457	     0	80.2	111.8	 749	OK
1458	     0	82.0	114.4	 735	OK
1459	     0	81.8	113.2	 770	OK
1460	     0	86.2	117.2	 750	OK
1461	     0	81.8	111.5	 766	OK
1462	     0	86.5	118.3	 748	OK
1463	     0	81.0	111.8	 771	OK
1464	     0	81.2	114.9	 747	OK
1465	     0	82.7	111.7	 743	OK
1466	     0	81.7	111.8	 766	OK
1467	     0	81.3	109.8	 746	OK
1468	     0	84.7	114.4	 748	OK
1469	     0	81.2	111.7	 763	OK
1470	     0	82.7	113.1	 756	OK
1471	     0	82.8	112.7	 768	OK
1472	     0	84.4	117.2	 738	OK
1473	     0	82.8	113.0	 770	OK
1474	     0	79.4	109.2	 746	OK
1475	     0	83.6	113.2	 750	OK
1476	     0	83.9	114.9	 745	OK
1477	     0	79.2	112.1	 737	OK
1478	     0	82.3	111.4	 764	OK
1479	     0	81.3	112.6	 734	OK
1480	     0	84.7	117.1	 758	OK
1481	     0	82.5	114.2	 758	OK
1482	     0	83.1	115.7	 766	OK
1483	     0	87.8	117.8	 743	OK
1484	     0	80.6	112.2	 757	OK
1485	     0	81.9	112.0	 749	OK
1486	     0	79.1	110.9	 738	OK
1487	     0	86.6	118.8	 748	OK
1488	     0	84.1	113.8	 753	OK
1489	     0	85.0	118.2	 761	OK
1490	     0	82.7	114.9	 751	OK
1491	     0	81.4	114.8	 753	OK
1492	     0	80.6	110.2	 739	OK
1493	     0	84.6	118.9	 734	OK
1494	     0	81.8	112.6	 776	OK
1495	     0	83.0	112.8	 754	OK
1496	     0	79.7	111.4	 746	OK
1497	     0	80.3	112.7	 744	OK
1498	     0	85.3	115.1	 751	OK
1499	     0	81.2	113.3	 731	OK
1500	     0	84.2	113.6	 738	OK
1501	     0	86.8	118.3	 739	OK
1502	     0	82.9	112.8	 750	OK
1503	     0	78.4	109.3	 748	OK
1504	     0	83.8	114.0	 752	OK
1505	     0	86.0	116.0	 746	OK
1506	     0	82.1	112.2	 744	OK
1507	     0	82.2	113.8	 757	OK
1508	     0	83.4	114.2	 737	OK
1509	     0	85.3	116.2	 763	OK
1510	     0	86.1	116.9	 744	OK
1511	     0	82.1	114.0	 735	OK
1512	     0	81.0	112.0	 740	OK
1513	     0	83.0	114.1	 737	OK
1514	     0	76.5	107.0	 736	OK
1515	     0	82.3	112.7	 726	OK
1516	     0	82.6	114.4	 722	OK
1517	     0	83.9	113.1	 731	OK
1518	     0	85.0	115.3	 745	OK
1519	     0	82.4	112.5	 737	OK
1520	     0	80.9	112.7	 740	OK
1521	     0	83.3	116.0	 762	OK
1522	     0	81.1	111.5	 753	OK
1523	     0	86.4	118.3	 734	OK
1524	     0	88.1	117.8	 732	OK
1525	     0	82.0	114.0	 723	OK
1526	     0	80.7	112.5	 740	OK
1527	     0	82.6	113.8	 726	OK
1528	     0	80.6	112.5	 754	OK
1529	     0	82.5	114.7	 727	OK
1530	     0	84.7	116.5	 747	OK
1531	     0	83.4	115.3	 737	OK
1532	     0	84.8	113.6	 738	OK
1533	     0	88.5	121.5	 745	OK
1534	     0	82.2	112.8	 732	OK
1535	     0	85.5	117.9	 754	OK
1536	     0	80.6	112.2	 786	OK
1537	     0	81.6	113.2	 753	OK
1538	     0	79.6	109.9	 764	OK
1539	     0	78.7	111.4	 777	OK
1540	     0	80.3	110.1	 767	OK
1541	     0	79.7	110.3	 752	OK
1542	     0	81.5	112.0	 767	OK
1543	     0	82.9	111.8	 746	OK
1544	     0	79.2	110.0	 744	OK
1545	     0	78.4	110.2	 742	OK
1546	     0	80.1	113.3	 751	OK
1547	     0	79.3	110.2	 753	OK
1548	     0	79.3	109.4	 762	OK
1549	     0	80.2	112.2	 773	OK
1550	     0	81.6	111.5	 758	OK
1551	     0	80.4	111.0	 764	OK
1552	     0	77.6	106.1	 757	OK
1553	     0	79.2	109.5	 781	OK
1554	     0	78.3	108.7	 771	OK
1555	     0	81.0	112.4	 776	OK
1556	     0	77.8	108.2	 791	OK
1557	     0	76.9	107.3	 762	OK
1558	     0	78.6	110.5	 771	OK
1559	     0	81.3	110.9	 766	OK
1560	     0	82.0	112.5	 753	OK
1561	     0	80.5	110.6	 781	OK
1562	     0	82.2	112.9	 761	OK
1563	     0	79.4	109.9	 773	OK
1564	     0	78.4	109.5	 764	OK
1565	     0	79.0	108.7	 778	OK
1566	     0	78.1	110.3	 773	OK
1567	     0	81.0	110.9	 757	OK
1568	     0	77.6	109.3	 766	OK
1569	     0	79.4	111.5	 764	OK
1570	     0	77.9	108.5	 760	OK
1571	     0	79.8	109.5	 782	OK
1572	     0	78.9	108.9	 774	OK
1573	     0	75.8	109.2	 781	OK
1574	     0	79.5	108.4	 761	OK
1575	     0	79.0	109.4	 766	OK
1576	     0	78.2	109.6	 775	OK
1577	     0	79.6	108.2	 776	OK
1578	     0	79.0	110.0	 785	OK
1579	     0	79.4	108.7	 767	OK
1580	     0	83.0	115.8	 780	OK
1581	     0	78.1	107.0	 788	OK
1582	     0	75.6	107.9	 768	OK
1583	     0	78.8	107.4	 783	OK
1584	     0	79.3	108.8	 790	OK
1585	     0	78.1	107.6	 792	OK
1586	     0	79.5	110.4	 765	OK
1587	     0	78.8	108.9	 790	OK
1588	     0	81.8	113.1	 788	OK
1589	     0	79.6	112.4	 798	OK
1590	     0	77.9	109.3	 755	OK
1591	     0	79.5	109.8	 776	OK
1592	     0	78.8	108.7	 779	OK
1593	     0	76.7	107.7	 795	OK
1594	     0	78.7	107.3	 784	OK
1595	     0	79.4	110.8	 786	OK
1596	     0	82.3	112.9	 782	OK
1597	     0	79.2	109.4	 772	OK
1598	     0	79.9	108.9	 768	OK
1599	     0	80.5	112.1	 774	OK
1600	     0	82.0	112.4	 769	OK
1601	     0	79.4	109.5	 774	OK
1602	     0	78.5	108.5	 769	OK
1603	     0	80.4	112.2	 778	OK
1604	     0	78.2	107.8	 764	OK
1605	     0	80.6	112.5	 777	OK
1606	     0	77.1	107.4	 793	OK
1607	     0	76.5	107.2	 777	OK
1608	     0	78.4	109.8	 781	OK
1609	     0	78.9	108.2	 776	OK
1610	     0	80.5	109.4	 798	OK
1611	     0	77.4	108.9	 775	OK
1612	     0	78.1	106.8	 771	OK
1613	     0	75.1	105.3	 776	OK
1614	     0	76.2	107.1	 786	OK
1615	     0	77.9	107.4	 775	OK
1616	     0	81.2	110.6	 767	OK
1617	     0	75.6	107.0	 786	OK
1618	     0	79.9	109.0	 768	OK
1619	     0	74.6	103.8	 772	OK
1620	     0	78.9	108.2	 783	OK
1621	     0	77.9	107.8	 800	OK
1622	     0	77.0	109.3	 783	OK
1623	     0	81.1	111.0	 777	OK
1624	     0	79.7	110.3	 796	OK
1625	     0	74.8	106.1	 768	OK
1626	     0	80.1	109.9	 762	OK
1627	     0	79.4	111.0	 772	OK
1628	     0	79.1	110.8	 776	OK
1629	     0	80.4	112.2	 769	OK
1630	     0	81.8	112.8	 763	OK
1631	     0	78.2	109.7	 771	OK
1632	     0	75.3	106.6	 796	OK
1633	     0	75.8	107.2	 771	OK
1634	     0	78.4	107.3	 790	OK
1635	     0	77.3	106.8	 781	OK
1636	     0	80.7	110.2	 777	OK
1637	     0	78.1	106.7	 772	OK
1638	     0	73.9	104.9	 788	OK
1639	     0	78.6	109.1	 792	OK
1640	     0	79.9	110.5	 785	OK
1641	     0	77.8	109.8	 775	OK
1642	     0	77.0	107.0	 791	OK
1643	     0	77.8	107.9	 768	OK
1644	     0	77.0	106.1	 776	OK
1645	     0	78.4	109.5	 795	OK
1646	     0	79.5	111.6	 766	OK
1647	     0	79.8	109.7	 778	OK
1648	     0	78.3	109.0	 772	OK
1649	     0	80.9	111.4	 779	OK
1650	     0	76.9	106.8	 758	OK
1651	     0	79.4	109.3	 780	OK
1652	     0	75.5	105.7	 788	OK
1653	     0	79.6	109.3	 759	OK
1654	     0	79.3	109.6	 777	OK
1655	     0	77.1	107.7	 776	OK
1656	     0	79.3	109.5	 782	OK
1657	     0	80.7	113.6	 789	OK
1658	     0	77.1	106.8	 777	OK
1659	     0	78.9	110.3	 769	OK
1660	     0	80.1	112.1	 786	OK
1661	     0	81.7	112.2	 780	OK
1662	     0	81.6	112.3	 761	OK
1663	     0	81.1	111.1	 794	OK
1664	     0	83.7	115.1	 737	OK
1665	     0	83.2	116.1	 725	OK
1666	     0	79.9	111.6	 747	OK
1667	     0	82.4	113.7	 732	OK
1668	     0	82.0	113.4	 729	OK
1669	     0	80.0	110.5	 716	OK
1670	     0	82.8	113.8	 739	OK
1671	     0	82.2	116.0	 732	OK
1672	     0	79.4	111.2	 747	OK
1673	     0	80.8	113.0	 726	OK
1674	     0	79.7	112.1	 741	OK
1675	     0	81.2	112.1	 745	OK
1676	     0	80.4	112.8	 714	OK
1677	     0	80.4	113.7	 729	OK
1678	     0	82.8	114.1	 732	OK
1679	     0	84.3	116.5	 738	OK
1680	     0	79.5	109.2	 746	OK
1681	     0	78.9	110.8	 735	OK
1682	     0	80.6	112.0	 731	OK
1683	     0	80.4	114.4	 720	OK
1684	     0	80.2	113.0	 713	OK
1685	     0	77.1	107.2	 724	OK
1686	     0	81.5	113.0	 740	OK
1687	     0	80.7	112.9	 728	OK
1688	     0	80.1	112.3	 735	OK
1689	     0	82.1	113.4	 742	OK
1690	     0	78.4	112.0	 723	OK
1691	     0	80.6	113.1	 729	OK
1692	     0	81.7	115.1	 733	OK
1693	     0	77.4	108.4	 723	OK
1694	     0	80.5	114.1	 741	OK
1695	     0	81.8	113.5	 729	OK
1696	     0	78.3	109.2	 737	OK
1697	     0	81.6	113.1	 740	OK
1698	     0	81.3	113.8	 734	OK
1699	     0	80.9	113.1	 741	OK
1700	     0	83.4	116.0	 730	OK
1701	     0	81.1	112.5	 730	OK
1702	     0	82.0	112.3	 743	OK
1703	     0	83.1	113.5	 735	OK
1704	     0	78.6	107.9	 743	OK
1705	     0	80.5	114.7	 731	OK
1706	     0	79.4	113.2	 765	OK
1707	     0	81.9	113.8	 728	OK
1708	     0	81.9	113.7	 736	OK
1709	     0	82.2	113.4	 741	OK
1710	     0	80.8	111.5	 754	OK
1711	     0	82.3	112.7	 732	OK
1712	     0	84.0	117.3	 746	OK
1713	     0	78.1	110.1	 743	OK
1714	     0	81.6	113.5	 732	OK
1715	     0	81.6	114.7	 738	OK
1716	     0	82.2	114.0	 753	OK
1717	     0	82.8	115.8	 733	OK
1718	     0	82.4	116.3	 749	OK
1719	     0	82.4	115.6	 726	OK
1720	     0	82.1	114.0	 743	OK
1721	     0	83.4	114.5	 754	OK
1722	  4000	80.2	112.9	 817	high noise
1723	     0	81.8	116.1	 762	OK
1724	     0	83.1	115.8	 742	OK
1725	     0	81.4	114.3	 730	OK
1726	     0	80.7	115.2	 741	OK
1727	     0	82.6	112.6	 728	OK
1728	     0	84.0	116.3	 747	OK
1729	     0	80.1	113.9	 741	OK
1730	  4000	82.7	113.1	 780	high noise
1731	     0	80.8	113.0	 747	OK
1732	     0	80.6	111.5	 734	OK
1733	     0	81.2	113.8	 739	OK
1734	     0	78.7	110.1	 747	OK
1735	     0	80.5	113.0	 732	OK
1736	     0	80.2	111.0	 739	OK
1737	     0	81.2	112.3	 747	OK
1738	     0	79.8	111.9	 742	OK
1739	     0	79.8	112.4	 754	OK
1740	     0	80.0	113.7	 734	OK
1741	     0	82.9	113.7	 755	OK
1742	     0	82.6	115.0	 747	OK
1743	     0	82.0	111.7	 754	OK
1744	     0	79.9	111.6	 748	OK
1745	     0	82.4	114.3	 750	OK
1746	     0	80.6	112.0	 738	OK
1747	     0	78.1	113.1	 755	OK
1748	     0	78.9	109.5	 733	OK
1749	     0	78.1	110.4	 752	OK
1750	     0	79.1	112.3	 748	OK
1751	     0	82.8	115.4	 751	OK
1752	     0	82.5	115.6	 763	OK
1753	     0	79.1	110.7	 753	OK
1754	     0	76.9	107.2	 738	OK
1755	     0	79.9	113.2	 742	OK
1756	     0	78.5	111.1	 754	OK
1757	     0	84.0	115.4	 736	OK
1758	     0	80.9	112.4	 730	OK
1759	     0	77.8	108.5	 734	OK
1760	     0	82.4	115.2	 753	OK
1761	     0	79.4	109.9	 743	OK
1762	     0	81.2	111.2	 722	OK
1763	     0	81.8	111.1	 731	OK
1764	     0	82.6	114.1	 756	OK
1765	     0	83.2	116.8	 738	OK
1766	     0	82.4	113.8	 747	OK
1767	     0	81.5	114.6	 743	OK
1768	     0	80.3	111.0	 744	OK
1769	     0	82.1	114.4	 730	OK
1770	     0	81.5	114.5	 732	OK
1771	     0	82.1	115.4	 760	OK
1772	     0	82.0	114.2	 751	OK
1773	     0	83.0	114.6	 722	OK
1774	     0	80.9	112.5	 734	OK
1775	     0	82.7	113.2	 741	OK
1776	     0	81.3	112.5	 735	OK
1777	     0	82.3	113.2	 737	OK
1778	     0	82.1	113.5	 765	OK
1779	     0	82.3	113.9	 736	OK
1780	     0	81.4	111.9	 742	OK
1781	     0	80.1	112.8	 737	OK
1782	     0	78.5	109.5	 759	OK
1783	     0	81.7	112.6	 735	OK
1784	     0	81.5	112.3	 764	OK
1785	     0	82.3	114.3	 746	OK
1786	     0	86.8	118.7	 745	OK
1787	     0	83.9	115.8	 744	OK
1788	     0	85.1	119.5	 745	OK
1789	     0	82.4	113.6	 736	OK
1790	     0	81.9	113.2	 741	OK
1791	     0	84.3	116.4	 738	OK
1792	     0	77.1	108.4	 737	OK
1793	     0	79.3	112.9	 758	OK
1794	     0	76.5	106.2	 734	OK
1795	     0	80.2	113.6	 741	OK
1796	     0	78.6	108.9	 738	OK
1797	     0	77.1	109.9	 733	OK
1798	     0	78.8	110.6	 728	OK
1799	     0	76.9	106.5	 739	OK
1800	     0	78.0	109.1	 742	OK
1801	     0	77.2	110.2	 734	OK
1802	     0	77.1	109.3	 736	OK
1803	     0	78.3	108.6	 731	OK
1804	     0	81.2	112.5	 757	OK
1805	     0	74.8	106.9	 739	OK
1806	     0	79.3	109.7	 744	OK
1807	     0	78.1	109.3	 755	OK
1808	     0	78.2	108.3	 748	OK
1809	     0	84.3	114.3	 731	OK
1810	     0	81.9	115.3	 746	OK
1811	     0	76.7	107.4	 739	OK
1812	     0	76.4	106.2	 715	OK
1813	     0	81.8	112.0	 736	OK
1814	     0	80.0	112.0	 745	OK
1815	     0	79.3	111.2	 748	OK
1816	     0	80.3	111.9	 739	OK
1817	     0	76.8	109.3	 744	OK
1818	     0	77.3	109.7	 728	OK
1819	     0	76.7	105.6	 732	OK
1820	     0	75.6	107.4	 714	OK
1821	     0	80.9	113.6	 746	OK
1822	     0	78.2	107.8	 756	OK
1823	     0	79.1	110.6	 756	OK
1824	     0	78.0	109.8	 728	OK
1825	     0	79.9	111.7	 747	OK
1826	     0	77.7	110.0	 743	OK
1827	     0	78.8	109.7	 726	OK
1828	     0	78.8	109.0	 747	OK
1829	     0	79.2	110.7	 746	OK
1830	     0	78.4	110.6	 739	OK
1831	     0	81.6	111.1	 733	OK
1832	     0	79.1	110.9	 734	OK
1833	     0	78.4	108.8	 738	OK
1834	     0	78.1	109.5	 734	OK
1835	     0	77.5	107.4	 743	OK
1836	     0	76.5	106.8	 742	OK
1837	     0	77.3	109.0	 743	OK
1838	     0	76.5	110.0	 741	OK
1839	     0	77.8	108.9	 745	OK
1840	     0	82.2	113.4	 737	OK
1841	     0	75.0	107.2	 758	OK
1842	     0	78.1	108.4	 729	OK
1843	     0	77.2	108.0	 736	OK
1844	     0	77.7	109.2	 747	OK
1845	     0	78.8	109.0	 760	OK
1846	     0	82.1	114.5	 739	OK
1847	     0	78.2	110.8	 736	OK
1848	     0	78.5	109.2	 735	OK
1849	     0	80.3	112.9	 728	OK
1850	     0	78.1	111.4	 719	OK
1851	     0	80.8	113.6	 731	OK
1852	     0	80.8	111.1	 751	OK
1853	     0	79.1	111.6	 730	OK
1854	     0	83.0	113.0	 722	OK
1855	     0	80.3	111.1	 749	OK
1856	     0	78.2	110.9	 722	OK
1857	     0	83.1	114.7	 731	OK
1858	     0	79.0	111.8	 755	OK
1859	     0	80.7	111.2	 748	OK
1860	     0	78.3	110.6	 737	OK
1861	     0	75.6	107.5	 750	OK
1862	     0	77.8	108.8	 736	OK
1863	     0	78.0	110.1	 759	OK
1864	     0	79.4	111.4	 725	OK
1865	     0	77.5	107.9	 725	OK
1866	     0	80.6	113.0	 738	OK
1867	     0	79.3	110.8	 747	OK
1868	     0	74.7	105.5	 732	OK
1869	     0	80.8	113.7	 714	OK
1870	     0	81.0	111.9	 761	OK
1871	     0	79.1	109.8	 741	OK
1872	     0	78.8	109.0	 744	OK
1873	     0	77.6	108.7	 754	OK
1874	     0	80.0	110.6	 722	OK
1875	     0	78.5	108.0	 742	OK
1876	     0	79.2	109.8	 731	OK
1877	     0	78.7	110.4	 751	OK
1878	     0	80.6	110.0	 757	OK
1879	     0	80.5	111.1	 723	OK
1880	     0	78.3	109.8	 752	OK
1881	     0	79.3	110.4	 729	OK
1882	     0	76.9	110.4	 728	OK
1883	     0	78.5	110.4	 732	OK
1884	     0	80.5	111.7	 733	OK
1885	     0	80.0	110.3	 751	OK
1886	     0	77.4	109.0	 744	OK
1887	     0	79.5	111.1	 730	OK
1888	     0	76.9	108.1	 742	OK
1889	     0	80.6	112.4	 722	OK
1890	     0	78.9	111.3	 723	OK
1891	     0	76.8	107.2	 742	OK
1892	     0	75.8	105.1	 754	OK
1893	     0	81.9	113.9	 728	OK
1894	     0	81.4	110.8	 712	OK
1895	     0	80.3	111.1	 739	OK
1896	     0	79.5	112.2	 711	OK
1897	     0	78.8	108.7	 724	OK
1898	     0	80.4	111.5	 722	OK
1899	     0	78.9	108.4	 733	OK
1900	     0	80.1	111.9	 745	OK
1901	     0	79.2	110.9	 739	OK
1902	     0	80.7	110.2	 741	OK
1903	     0	80.5	113.7	 720	OK
1904	     0	80.7	111.4	 740	OK
1905	     0	78.9	110.5	 733	OK
1906	     0	82.6	114.7	 724	OK
1907	     0	81.2	112.2	 718	OK
1908	     0	80.6	110.9	 722	OK
1909	     0	80.3	111.5	 737	OK
1910	     0	79.9	110.6	 731	OK
1911	     0	81.2	112.2	 752	OK
1912	     0	81.9	113.4	 725	OK
1913	     0	77.9	109.7	 721	OK
1914	     0	81.3	111.9	 731	OK
1915	     0	82.1	113.1	 720	OK
1916	     0	78.8	109.6	 732	OK
1917	     0	79.9	109.9	 728	OK
1918	     0	83.6	114.2	 732	OK
1919	     0	83.4	114.7	 722	OK
1920	     0	83.2	118.6	 747	OK
1921	     0	83.6	118.2	 719	OK
1922	     0	84.5	117.6	 744	OK
1923	     0	79.7	115.3	 730	OK
1924	     0	81.5	115.4	 710	OK
1925	     0	82.6	116.8	 739	OK
1926	     0	83.1	117.7	 736	OK
1927	     0	82.0	116.2	 724	OK
1928	     0	82.4	114.9	 743	OK
1929	     0	81.1	114.3	 733	OK
1930	     0	82.1	115.2	 731	OK
1931	     0	83.4	115.6	 730	OK
1932	     0	81.1	113.4	 714	OK
1933	     0	83.6	118.8	 733	OK
1934	     0	79.7	114.3	 744	OK
1935	     0	79.8	112.1	 736	OK
1936	     0	82.0	115.3	 719	OK
1937	     0	76.6	108.6	 727	OK
1938	     0	78.4	113.8	 722	OK
1939	     0	78.9	113.6	 721	OK
1940	     0	81.6	116.3	 727	OK
1941	     0	79.7	112.3	 738	OK
1942	     0	76.3	110.5	 728	OK
1943	     0	79.1	112.4	 721	OK
1944	     0	80.8	111.0	 731	OK
1945	     0	81.0	114.0	 728	OK
1946	     0	80.0	113.8	 710	OK
1947	     0	81.1	114.0	 733	OK
1948	     0	79.8	112.6	 727	OK
1949	     0	77.9	109.5	 726	OK
1950	     0	80.5	113.7	 735	OK
1951	     0	77.2	110.6	 721	OK
1952	     0	81.5	114.8	 713	OK
1953	     0	78.9	113.7	 729	OK
1954	     0	79.9	113.7	 703	OK
1955	     0	79.3	112.0	 728	OK
1956	     0	77.1	108.9	 735	OK
1957	     0	78.6	110.6	 722	OK
1958	     0	79.4	112.5	 750	OK
1959	     0	77.3	109.9	 734	OK
1960	     0	77.2	111.1	 716	OK
1961	     0	81.2	114.1	 718	OK
1962	     0	80.1	111.2	 724	OK
1963	     0	82.1	114.0	 741	OK
1964	     0	78.6	110.5	 731	OK
1965	     0	80.0	111.7	 733	OK
1966	     0	80.7	113.2	 716	OK
1967	     0	78.3	111.8	 740	OK
1968	     0	77.8	110.1	 710	OK
1969	     0	80.3	114.0	 724	OK
1970	     0	77.1	109.8	 741	OK
1971	     0	76.8	110.2	 736	OK
1972	     0	80.7	114.3	 726	OK
1973	     0	78.9	112.3	 719	OK
1974	     0	75.7	109.3	 735	OK
1975	     0	79.9	114.3	 725	OK
1976	     0	79.8	111.3	 741	OK
1977	     0	82.7	117.2	 735	OK
1978	     0	76.2	108.5	 746	OK
1979	     0	81.0	116.2	 716	OK
1980	     0	78.6	110.1	 747	OK
1981	     0	80.1	112.8	 732	OK
1982	     0	82.1	113.6	 717	OK
1983	     0	82.9	117.4	 710	OK
1984	     0	80.0	111.6	 709	OK
1985	     0	77.0	109.9	 742	OK
1986	     0	75.7	107.2	 722	OK
1987	     0	80.4	112.2	 712	OK
1988	     0	80.2	113.1	 711	OK
1989	     0	77.4	109.7	 711	OK
1990	     0	78.2	110.0	 723	OK
1991	     0	78.5	111.6	 722	OK
1992	     0	75.2	107.2	 722	OK
1993	     0	78.5	111.5	 717	OK
1994	     0	79.1	111.5	 717	OK
1995	     0	76.1	107.9	 707	OK
1996	     0	79.7	113.0	 709	OK
1997	     0	78.6	113.6	 726	OK
1998	     0	76.6	109.4	 710	OK
1999	     0	75.8	111.1	 706	OK
2000	     0	78.9	113.9	 729	OK
2001	     0	80.8	113.4	 715	OK
2002	     0	81.3	113.9	 708	OK
2003	     0	79.3	110.6	 724	OK
2004	     0	80.1	111.6	 716	OK
2005	     0	77.6	110.3	 727	OK
2006	     0	80.5	113.8	 719	OK
2007	     0	78.7	112.2	 730	OK
2008	     0	73.7	107.7	 707	OK
2009	     0	77.5	109.5	 732	OK
2010	     0	78.5	111.9	 726	OK
2011	     0	78.7	110.6	 721	OK
2012	     0	76.4	109.5	 716	OK
2013	     0	76.9	108.3	 730	OK
2014	     0	75.8	109.7	 712	OK
2015	     0	78.5	110.8	 714	OK
2016	     0	78.9	109.6	 720	OK
2017	     0	77.8	109.9	 719	OK
2018	     0	77.5	110.4	 703	OK
2019	     0	77.6	109.0	 711	OK
2020	     0	79.3	112.4	 690	OK
2021	     0	78.5	113.8	 714	OK
2022	     0	78.4	112.0	 719	OK
2023	     0	77.4	109.4	 714	OK
2024	     0	79.5	112.8	 710	OK
2025	     0	77.0	110.6	 706	OK
2026	     0	79.0	113.6	 713	OK
2027	     0	76.9	108.2	 696	OK
2028	     0	77.2	111.5	 719	OK
2029	     0	77.0	110.4	 696	OK
2030	     0	75.1	105.5	 724	OK
2031	     0	81.1	113.7	 700	OK
2032	     0	77.0	110.1	 709	OK
2033	     0	79.6	111.8	 709	OK
2034	     0	79.2	112.2	 703	OK
2035	     0	81.2	113.4	 716	OK
2036	     0	79.7	112.0	 711	OK
2037	     0	77.6	110.0	 708	OK
2038	     0	79.1	109.3	 698	OK
2039	     0	78.7	112.1	 706	OK
2040	     0	79.1	110.9	 711	OK
2041	     0	78.9	110.8	 707	OK
2042	     0	81.3	113.1	 694	OK
2043	     0	79.4	111.5	 720	OK
2044	     0	80.7	112.8	 715	OK
2045	     0	81.7	114.2	 729	OK
2046	     0	81.2	113.5	 727	OK
2047	     0	81.4	111.1	 705	OK
2048	     0	79.7	110.0	 760	OK
2049	     0	80.2	112.0	 761	OK
2050	     0	75.5	106.1	 748	OK
2051	     0	77.4	107.2	 734	OK
2052	     0	80.5	110.4	 741	OK
2053	     0	79.8	111.7	 753	OK
2054	     0	76.3	106.3	 758	OK
2055	     0	77.6	108.0	 753	OK
2056	     0	80.3	110.0	 746	OK
2057	     0	78.0	109.9	 732	OK
2058	     0	75.8	106.1	 746	OK
2059	     0	77.2	105.9	 784	OK
2060	     0	79.0	109.6	 746	OK
2061	     0	73.9	104.4	 756	OK
2062	     0	76.6	108.0	 771	OK
2063	     0	77.3	106.6	 762	OK
2064	     0	81.6	111.7	 761	OK
2065	     0	76.9	105.4	 742	OK
2066	     0	77.7	109.7	 777	OK
2067	     0	77.7	108.1	 764	OK
2068	     0	79.5	109.2	 753	OK
2069	     0	73.2	104.0	 742	OK
2070	     0	79.2	108.7	 744	OK
2071	     0	80.0	110.4	 767	OK
2072	     0	77.5	106.8	 728	OK
2073	     0	76.5	108.9	 743	OK
2074	     0	78.5	108.7	 758	OK
2075	     0	76.9	107.6	 745	OK
2076	     0	77.3	109.0	 759	OK
2077	     0	78.0	109.8	 756	OK
2078	     0	74.5	105.0	 789	OK
2079	     0	73.9	105.1	 770	OK
2080	     0	76.0	107.0	 762	OK
2081	     0	78.1	109.9	 753	OK
2082	     0	78.2	107.6	 760	OK
2083	     0	79.1	110.1	 761	OK
2084	     0	76.1	108.8	 772	OK
2085	     0	76.8	106.9	 753	OK
2086	     0	76.5	107.8	 742	OK
2087	     0	78.6	107.7	 759	OK
2088	     0	77.4	105.9	 761	OK
2089	     0	75.9	105.8	 761	OK
2090	     0	75.3	106.7	 766	OK
2091	     0	77.8	109.2	 761	OK
2092	     0	76.9	106.3	 767	OK
2093	     0	77.3	108.8	 758	OK
2094	     0	78.1	109.7	 760	OK
2095	     0	77.3	108.7	 755	OK
2096	     0	77.8	108.1	 774	OK
2097	     0	79.8	109.8	 754	OK
2098	     0	78.6	108.8	 752	OK
2099	     0	77.8	108.5	 768	OK
2100	     0	76.5	106.0	 754	OK
2101	     0	78.1	110.2	 768	OK
2102	     0	76.5	108.2	 761	OK
2103	     0	80.6	111.7	 781	OK
2104	     0	75.3	105.7	 782	OK
2105	     0	74.8	103.8	 765	OK
2106	     0	76.7	109.8	 783	OK
2107	     0	79.3	110.4	 761	OK
2108	     0	78.5	109.5	 756	OK
2109	     0	76.9	106.5	 762	OK
2110	     0	77.4	109.1	 770	OK
2111	     0	80.5	112.1	 753	OK
2112	     0	79.4	108.5	 775	OK
2113	     0	76.6	107.7	 769	OK
2114	     0	76.6	107.1	 785	OK
2115	     0	76.0	106.2	 748	OK
2116	     0	76.0	106.4	 774	OK
2117	     0	76.0	106.4	 771	OK
2118	     0	81.2	110.4	 774	OK
2119	     0	77.1	109.0	 756	OK
2120	     0	79.0	108.3	 783	OK
2121	     0	76.6	106.3	 764	OK
2122	     0	78.5	108.8	 762	OK
2123	     0	77.0	108.8	 773	OK
2124	     0	79.8	111.0	 763	OK
2125	     0	75.9	106.9	 757	OK
2126	     0	78.9	107.7	 756	OK
2127	     0	78.6	111.0	 763	OK
2128	     0	80.0	108.5	 756	OK
2129	     0	78.1	109.4	 780	OK
2130	     0	80.6	109.9	 753	OK
2131	     0	79.2	111.0	 753	OK
2132	     0	77.6	106.8	 767	OK
2133	     0	76.9	109.0	 776	OK
2134	     0	76.1	106.8	 760	OK
2135	     0	78.3	108.5	 781	OK
2136	     0	77.4	110.2	 753	OK
2137	     0	77.6	107.8	 760	OK
2138	     0	80.5	111.3	 766	OK
2139	     0	77.4	107.5	 777	OK
2140	     0	79.6	111.0	 769	OK
2141	     0	78.4	109.5	 770	OK
2142	     0	79.2	110.4	 753	OK
2143	   200	84.4	115.3	 756	high gain
2144	     0	77.9	111.2	 766	OK
2145	     0	80.4	112.9	 747	OK
2146	     0	75.5	104.6	 795	OK
2147	     0	76.3	107.6	 753	OK
2148	     0	79.2	110.9	 775	OK
2149	     0	74.0	103.6	 748	OK
2150	     0	79.2	110.2	 770	OK
2151	     0	77.8	108.5	 742	OK
2152	     0	77.2	106.7	 762	OK
2153	     0	78.2	110.9	 752	OK
2154	     0	78.2	108.4	 762	OK
2155	     0	77.6	107.0	 755	OK
2156	     0	76.4	108.2	 779	OK
2157	     0	79.1	108.2	 764	OK
2158	     0	77.2	108.5	 764	OK
2159	     0	77.5	107.7	 766	OK
2160	     0	80.5	109.6	 754	OK
2161	     0	76.2	107.4	 768	OK
2162	     0	76.8	108.0	 756	OK
2163	     0	79.2	110.3	 745	OK
2164	     0	78.9	110.2	 764	OK
2165	     0	80.4	109.4	 776	OK
2166	     0	79.5	110.4	 745	OK
2167	     0	75.2	105.2	 771	OK
2168	     0	83.7	113.5	 777	OK
2169	     0	78.6	109.4	 762	OK
2170	     0	78.5	110.0	 747	OK
2171	     0	80.7	112.7	 756	OK
2172	     0	80.2	113.0	 781	OK
2173	     0	78.3	109.8	 751	OK
2174	     0	79.4	110.3	 772	OK
2175	     0	77.8	109.5	 780	OK
2176	     0	83.0	117.3	 739	OK
2177	     0	82.4	114.5	 728	OK
2178	     0	82.4	115.3	 736	OK
2179	     0	82.4	114.4	 760	OK
2180	     0	85.2	118.5	 737	OK
2181	     0	81.4	113.2	 749	OK
2182	     0	82.2	115.1	 759	OK
2183	     0	81.7	115.7	 749	OK
2184	     0	82.5	116.0	 755	OK
2185	     0	79.1	110.6	 746	OK
2186	     0	82.9	117.3	 734	OK
2187	     0	84.5	118.3	 749	OK
2188	     0	82.8	116.2	 727	OK
2189	     0	79.9	111.1	 754	OK
2190	     0	81.4	112.3	 757	OK
2191	     0	82.8	113.6	 753	OK
2192	     0	83.8	116.5	 745	OK
2193	     0	82.1	114.5	 730	OK
2194	     0	79.0	111.8	 749	OK
2195	     0	82.8	113.9	 754	OK
2196	     0	81.2	111.0	 754	OK
2197	     0	83.5	117.5	 765	OK
2198	     0	79.1	111.0	 743	OK
2199	     0	79.6	110.1	 748	OK
2200	     0	79.7	112.8	 739	OK
2201	     0	84.2	116.8	 752	OK
2202	     0	80.3	114.5	 753	OK
2203	     0	78.2	109.7	 752	OK
2204	     0	81.9	113.1	 745	OK
2205	     0	82.0	113.4	 751	OK
2206	     0	78.3	111.4	 731	OK
2207	     0	77.9	111.1	 754	OK
2208	     0	80.4	110.4	 751	OK
2209	     0	81.0	112.5	 728	OK
2210	     0	80.2	111.3	 761	OK
2211	     0	84.4	117.5	 737	OK
2212	     0	82.8	114.0	 748	OK
2213	     0	79.8	111.5	 755	OK
2214	     0	83.1	116.4	 764	OK
2215	     0	81.4	112.4	 746	OK
2216	     0	80.1	111.8	 749	OK
2217	     0	83.0	115.0	 766	OK
2218	     0	83.3	116.4	 763	OK
2219	     0	81.0	113.0	 736	OK
2220	     0	79.3	111.6	 766	OK
2221	     0	81.4	116.0	 748	OK
2222	     0	79.2	108.7	 739	OK
2223	     0	81.6	113.7	 748	OK
2224	     0	79.9	111.9	 769	OK
2225	     0	80.4	111.9	 736	OK
2226	     0	84.3	118.6	 761	OK
2227	     0	84.3	118.2	 723	OK
2228	     0	81.4	113.8	 724	OK
2229	     0	83.1	114.5	 764	OK
2230	     0	83.1	116.8	 767	OK
2231	     0	84.0	115.3	 753	OK
2232	     0	80.6	114.6	 731	OK
2233	     0	81.3	114.0	 768	OK
2234	     0	83.0	115.8	 758	OK
2235	     0	80.9	111.9	 740	OK
2236	     0	83.2	116.7	 773	OK
2237	     0	79.1	111.5	 747	OK
2238	     0	79.0	111.5	 739	OK
2239	     0	83.2	116.2	 725	OK
2240	     0	84.8	115.1	 742	OK
2241	     0	81.8	115.2	 738	OK
2242	     0	86.3	117.1	 767	OK
2243	     0	85.8	120.2	 744	OK
2244	     0	80.7	112.7	 753	OK
2245	     0	80.9	112.8	 754	OK
2246	     0	82.7	114.0	 743	OK
2247	     0	85.0	119.2	 756	OK
2248	     0	83.9	115.2	 744	OK
2249	     0	83.8	116.5	 747	OK
2250	     0	86.9	121.4	 752	OK
2251	     0	84.5	117.1	 739	OK
2252	     0	82.9	115.2	 767	OK
2253	     0	83.6	114.1	 756	OK
2254	     0	82.5	116.0	 750	OK
2255	     0	84.7	115.3	 743	OK
2256	     0	83.2	116.3	 748	OK
2257	     0	82.2	115.1	 752	OK
2258	     0	81.9	112.4	 739	OK
2259	     0	79.6	110.5	 741	OK
2260	     0	81.8	114.0	 743	OK
2261	     0	82.2	115.2	 722	OK
2262	     0	79.3	110.6	 738	OK
2263	     0	83.3	116.8	 741	OK
2264	     0	79.8	112.8	 738	OK
2265	     0	83.1	115.7	 742	OK
2266	     0	81.5	112.7	 746	OK
2267	     0	84.3	116.2	 737	OK
2268	     0	81.6	113.4	 732	OK
2269	     0	81.4	112.4	 750	OK
2270	     0	82.6	114.9	 736	OK
2271	     0	80.6	113.9	 761	OK
2272	     0	85.6	115.7	 747	OK
2273	     0	85.8	118.0	 728	OK
2274	     0	82.2	114.2	 739	OK
2275	     0	82.1	117.3	 719	OK
2276	     0	81.7	114.7	 750	OK
2277	     0	83.9	113.1	 725	OK
2278	     0	84.2	116.2	 730	OK
2279	     0	82.6	113.9	 723	OK
2280	     0	83.0	115.3	 737	OK
2281	     0	79.3	110.7	 742	OK
2282	     0	84.0	115.4	 737	OK
2283	     0	81.8	114.4	 756	OK
2284	     0	83.9	117.6	 745	OK
2285	     0	82.5	111.9	 727	OK
2286	     0	83.9	114.2	 742	OK
2287	     0	81.5	114.0	 733	OK
2288	     0	84.5	115.4	 773	OK
2289	   200	89.9	120.5	 731	high gain
2290	     0	83.3	117.0	 733	OK
2291	     0	84.0	114.7	 732	OK
2292	     0	84.5	115.8	 744	OK
2293	     0	84.4	116.3	 729	OK
2294	     0	84.4	117.3	 730	OK
2295	     0	82.5	115.3	 739	OK
2296	     0	87.0	121.4	 737	OK
2297	     0	84.4	114.5	 732	OK
2298	     0	84.0	114.8	 753	OK
2299	     0	84.1	116.4	 749	OK
2300	     0	84.4	114.5	 741	OK
2301	     0	86.9	119.3	 726	OK
2302	     0	85.3	115.5	 748	OK
2303	     0	85.2	116.5	 741	OK
2304	     0	80.8	110.7	 778	OK
2305	     0	78.5	110.5	 782	OK
2306	     0	78.9	108.8	 776	OK
2307	     0	74.7	105.7	 788	OK
2308	     0	80.3	111.2	 786	OK
2309	     0	75.6	105.8	 778	OK
2310	     0	75.4	104.5	 783	OK
2311	     0	76.0	106.4	 786	OK
2312	     0	77.1	105.9	 790	OK
2313	     0	78.5	110.0	 798	OK
2314	     0	78.2	105.9	 774	OK
2315	     0	75.3	103.4	 785	OK
2316	     0	77.8	109.1	 770	OK
2317	     0	77.9	109.5	 802	OK
2318	     0	79.9	109.2	 776	OK
2319	     0	75.8	105.0	 778	OK
2320	     0	75.4	105.0	 780	OK
2321	     0	78.0	109.3	 812	OK
2322	     0	74.5	105.2	 766	OK
2323	     0	77.1	107.5	 783	OK
2324	     0	77.9	107.6	 797	OK
2325	     0	80.7	112.7	 779	OK
2326	     0	77.0	106.7	 767	OK
2327	     0	80.9	112.3	 773	OK
2328	     0	78.8	108.6	 795	OK
2329	     0	76.3	106.3	 782	OK
2330	     0	74.3	105.0	 803	OK
2331	     0	78.5	110.3	 772	OK
2332	     0	79.4	109.3	 797	OK
2333	     0	76.7	106.2	 783	OK
2334	     0	75.9	108.3	 801	OK
2335	     0	76.9	108.5	 765	OK
2336	     0	79.6	109.7	 788	OK
2337	     0	79.6	108.0	 783	OK
2338	     0	77.4	106.6	 797	OK
2339	     0	79.1	110.8	 796	OK
2340	     0	77.8	107.8	 780	OK
2341	     0	76.7	108.5	 774	OK
2342	     0	77.3	107.0	 809	OK
2343	     0	79.7	112.6	 803	OK
2344	     0	75.3	107.3	 803	OK
2345	     0	79.3	108.5	 798	OK
2346	     0	77.5	106.4	 798	OK
2347	     0	78.6	109.5	 779	OK
2348	     0	78.5	110.1	 800	OK
2349	     0	77.2	107.0	 782	OK
2350	     0	77.4	107.9	 812	OK
2351	     0	77.6	107.1	 804	OK
2352	     0	77.7	107.1	 786	OK
2353	     0	78.3	108.7	 774	OK
2354	     0	80.0	112.1	 801	OK
2355	     0	76.9	106.5	 784	OK
2356	     0	78.2	110.8	 789	OK
2357	     0	80.3	110.0	 803	OK
2358	     0	77.0	106.1	 795	OK
2359	     0	76.6	109.1	 776	OK
2360	     0	79.6	112.6	 792	OK
2361	     0	77.1	108.5	 785	OK
2362	     0	81.6	112.4	 787	OK
2363	     0	79.0	109.6	 804	OK
2364	     0	79.9	111.5	 793	OK
2365	     0	77.5	107.3	 803	OK
2366	     0	77.1	105.8	 784	OK
2367	     0	79.4	109.1	 778	OK
2368	     0	76.4	108.0	 785	OK
2369	     0	78.6	111.2	 776	OK
2370	     0	76.3	104.9	 800	OK
2371	     0	76.7	108.2	 794	OK
2372	     0	78.4	109.8	 784	OK
2373	     0	77.1	109.9	 804	OK
2374	     0	78.3	109.4	 802	OK
2375	     0	76.6	105.7	 785	OK
2376	     0	80.2	111.4	 811	OK
2377	     0	77.5	108.8	 797	OK
2378	     0	78.2	106.4	 792	OK
2379	     0	78.0	107.1	 782	OK
2380	     0	77.6	108.3	 787	OK
2381	     0	78.0	109.1	 783	OK
2382	     0	76.0	105.2	 804	OK
2383	     0	77.5	107.5	 805	OK
2384	     0	76.2	106.6	 788	OK
2385	     0	75.6	104.5	 790	OK
2386	     0	75.5	107.8	 803	OK
2387	     0	75.8	105.7	 773	OK
2388	     0	76.4	107.2	 800	OK
2389	     0	78.0	110.2	 777	OK
2390	     0	78.1	107.1	 787	OK
2391	     0	75.0	106.6	 793	OK
2392	     0	76.0	106.9	 807	OK
2393	     0	74.7	106.4	 790	OK
2394	     0	75.3	108.1	 776	OK
2395	     0	77.3	107.3	 800	OK
2396	     0	77.0	106.8	 810	OK
2397	     0	76.2	105.3	 790	OK
2398	     0	77.6	106.7	 785	OK
2399	     0	77.8	110.1	 800	OK
2400	     0	79.7	111.8	 788	OK
2401	     0	81.6	112.8	 805	OK
2402	     0	79.8	108.9	 803	OK
2403	     0	78.4	108.1	 786	OK
2404	     0	76.4	104.8	 783	OK
2405	     0	75.7	107.2	 772	OK
2406	     0	80.0	109.2	 786	OK
2407	     0	77.8	107.5	 788	OK
2408	     0	77.8	107.2	 790	OK
2409	     0	77.9	107.6	 788	OK
2410	     0	75.3	106.2	 792	OK
2411	     0	77.0	107.8	 788	OK
2412	     0	78.9	108.4	 799	OK
2413	     0	79.8	112.5	 793	OK
2414	     0	78.7	109.1	 786	OK
2415	     0	75.7	105.0	 778	OK
2416	     0	76.9	107.3	 788	OK
2417	     0	78.9	110.9	 772	OK
2418	     0	77.4	107.1	 793	OK
2419	     0	79.6	109.0	 803	OK
2420	     0	76.6	105.8	 783	OK
2421	     0	80.1	112.2	 783	OK
2422	     0	79.2	108.8	 769	OK
2423	     0	75.2	103.4	 794	OK
2424	     0	74.9	103.6	 782	OK
2425	     0	76.4	105.7	 804	OK
2426	     0	77.7	109.1	 792	OK
2427	     0	81.4	112.3	 779	OK
2428	     0	79.1	108.2	 793	OK
2429	     0	77.8	107.4	 788	OK
2430	     0	80.8	109.7	 790	OK
2431	     0	81.1	111.8	 790	OK
2432	     0	85.9	115.4	 766	OK
2433	     0	84.8	116.6	 771	OK
2434	     0	82.5	112.9	 768	OK
2435	     0	82.2	113.8	 756	OK
2436	     0	81.5	110.1	 774	OK
2437	     0	84.2	117.5	 762	OK
2438	     0	85.4	117.3	 788	OK
2439	     0	83.9	115.3	 766	OK
2440	     0	84.4	118.2	 790	OK
2441	     0	81.3	111.3	 767	OK
2442	     0	81.8	113.0	 776	OK
2443	     0	85.8	116.8	 749	OK
2444	     0	79.9	111.9	 764	OK
2445	     0	82.0	114.7	 778	OK
2446	     0	85.0	114.3	 776	OK
2447	     0	82.9	112.4	 781	OK
2448	     0	80.5	110.2	 770	OK
2449	     0	82.2	114.9	 763	OK
2450	     0	85.5	115.5	 755	OK
2451	     0	82.5	114.9	 779	OK
2452	     0	84.5	115.2	 767	OK
2453	     0	83.8	116.0	 776	OK
2454	     0	83.6	115.1	 767	OK
2455	     0	82.7	116.4	 766	OK
2456	     0	81.4	112.3	 777	OK
2457	     0	81.7	112.6	 780	OK
2458	     0	80.7	113.8	 770	OK
2459	     0	82.3	112.3	 756	OK
2460	     0	82.8	113.8	 772	OK
2461	     0	82.1	114.2	 774	OK
2462	     0	83.2	112.4	 782	OK
2463	     0	82.1	114.8	 763	OK
2464	     0	82.4	115.1	 769	OK
2465	     0	83.1	113.2	 780	OK
2466	     0	83.3	113.0	 780	OK
2467	     0	83.1	113.9	 775	OK
2468	     0	82.3	113.5	 768	OK
2469	     0	83.9	114.9	 780	OK
2470	     0	83.7	113.9	 753	OK
2471	     0	84.0	114.4	 773	OK
2472	     0	82.0	114.2	 776	OK
2473	     0	80.1	110.7	 785	OK
2474	     0	83.1	115.2	 768	OK
2475	     0	82.5	115.2	 761	OK
2476	     0	84.2	114.3	 757	OK
2477	     0	84.4	113.6	 767	OK
2478	     0	83.5	115.6	 766	OK
2479	     0	81.4	116.3	 780	OK
2480	     0	81.8	112.5	 786	OK
2481	     0	82.6	114.3	 781	OK
2482	     0	78.3	111.3	 774	OK
2483	     0	82.7	113.6	 776	OK
2484	     0	83.1	113.0	 773	OK
2485	     0	83.3	115.8	 792	OK
2486	     0	83.0	113.9	 758	OK
2487	     0	84.7	117.0	 789	OK
2488	     0	82.9	113.2	 797	OK
2489	     0	84.9	115.7	 751	OK
2490	     0	83.7	114.3	 770	OK
2491	     0	84.6	114.5	 770	OK
2492	     0	83.9	118.9	 772	OK
2493	     0	83.4	112.9	 760	OK
2494	     0	85.9	117.7	 765	OK
2495	     0	85.8	118.7	 759	OK
2496	     0	84.4	118.5	 772	OK
2497	     0	83.6	115.1	 774	OK
2498	     0	83.5	113.0	 749	OK
2499	     0	80.6	110.1	 761	OK
2500	     0	82.2	111.1	 771	OK
2501	     0	84.8	117.1	 770	OK
2502	     0	82.6	114.0	 765	OK
2503	     0	83.1	114.7	 773	OK
2504	     0	84.1	117.9	 759	OK
2505	     0	85.8	116.9	 761	OK
2506	     0	83.6	115.3	 758	OK
2507	     0	83.1	113.3	 773	OK
2508	     0	85.4	119.1	 768	OK
2509	     0	82.8	113.7	 764	OK
2510	     0	84.8	117.1	 768	OK
2511	     0	82.7	113.5	 763	OK
2512	     0	84.8	114.9	 774	OK
2513	     0	82.6	114.5	 772	OK
2514	     0	82.2	114.6	 747	OK
2515	     0	83.2	114.3	 758	OK
2516	     0	83.2	115.2	 770	OK
2517	     0	83.3	114.3	 759	OK
2518	     0	83.9	115.2	 773	OK
2519	     0	82.9	113.2	 770	OK
2520	     0	82.5	113.5	 755	OK
2521	     0	82.0	112.3	 747	OK
2522	     0	80.1	111.0	 750	OK
2523	     0	81.9	116.6	 747	OK
2524	     0	79.9	111.7	 771	OK
2525	     0	83.7	114.4	 750	OK
2526	     0	81.8	115.8	 748	OK
2527	     0	80.0	112.5	 767	OK
2528	     0	83.6	114.2	 763	OK
2529	     0	83.7	114.5	 769	OK
2530	     0	83.6	114.9	 757	OK
2531	     0	83.1	114.3	 727	OK
2532	     0	86.0	118.5	 779	OK
2533	     0	82.4	115.2	 754	OK
2534	     0	83.1	114.6	 765	OK
2535	     0	82.0	112.8	 734	OK
2536	     0	79.8	111.3	 777	OK
2537	     0	84.4	116.6	 755	OK
2538	     0	81.7	115.4	 764	OK
2539	     0	85.3	118.2	 749	OK
2540	     0	83.0	114.3	 756	OK
2541	     0	83.3	114.4	 746	OK
2542	     0	83.6	116.9	 766	OK
2543	     0	84.2	115.8	 764	OK
2544	     0	80.4	113.5	 771	OK
2545	     0	82.3	115.6	 761	OK
2546	     0	84.3	114.5	 748	OK
2547	     0	86.8	115.3	 766	OK
2548	     0	85.3	116.2	 745	OK
2549	     0	84.7	117.7	 743	OK
2550	     0	83.2	113.3	 759	OK
2551	     0	84.9	116.2	 717	OK
2552	     0	83.7	117.2	 740	OK
2553	     0	84.7	117.0	 743	OK
2554	     0	82.9	113.9	 758	OK
2555	     0	81.0	111.4	 738	OK
2556	     0	85.4	115.7	 752	OK
2557	     0	85.8	116.2	 750	OK
2558	     0	88.0	118.3	 759	OK
2559	   200	90.9	120.8	 755	high gain
