#chan	code	gain	vt50	innse	comment
   0	     0	81.8	102.0	1349	OK
   1	     0	79.9	102.6	1335	OK
   2	     0	77.9	99.1	1399	OK
   3	     0	78.5	99.4	1390	OK
   4	     0	79.1	101.9	1369	OK
   5	     0	79.5	100.5	1379	OK
   6	     0	75.7	99.5	1377	OK
   7	     0	78.7	103.1	1338	OK
   8	     0	78.6	102.1	1381	OK
   9	     0	80.7	102.6	1354	OK
  10	     0	76.4	98.8	1400	OK
  11	     0	77.7	101.9	1336	OK
  12	     0	77.0	96.6	1441	OK
  13	     0	78.9	99.9	1397	OK
  14	     0	78.3	99.7	1416	OK
  15	     0	75.9	97.3	1399	OK
  16	     0	76.9	101.6	1349	OK
  17	     0	77.9	100.5	1371	OK
  18	     0	76.6	101.7	1370	OK
  19	     0	78.1	102.4	1326	OK
  20	     0	75.5	96.2	1536	OK
  21	     0	76.4	98.4	1499	OK
  22	     0	75.1	96.2	1474	OK
  23	     0	75.5	97.3	1472	OK
  24	     0	76.6	100.4	1440	OK
  25	     0	78.5	111.0	1377	OK
  26	     0	77.2	100.4	1422	OK
  27	     0	77.3	99.4	1433	OK
  28	     0	76.0	96.3	1538	OK
  29	     0	75.6	97.7	1506	OK
  30	     0	76.1	100.3	1438	OK
  31	     0	77.4	98.6	1461	OK
  32	     0	78.0	99.8	1479	OK
  33	     0	79.7	99.9	1491	OK
  34	     0	77.0	96.6	1520	OK
  35	     0	77.5	102.0	1394	OK
  36	     0	77.2	99.7	1500	OK
  37	     0	75.9	97.4	1478	OK
  38	     0	77.3	102.5	1421	OK
  39	     0	75.9	98.7	1454	OK
  40	     0	77.3	99.0	1494	OK
  41	     0	75.2	97.8	1471	OK
  42	     0	77.5	102.7	1395	OK
  43	     0	77.2	102.1	1433	OK
  44	     0	79.6	103.5	1424	OK
  45	  4000	76.6	94.6	1568	high noise
  46	     0	77.8	100.9	1471	OK
  47	     0	77.5	99.8	1475	OK
  48	  4000	76.7	96.0	1561	high noise
  49	     0	75.4	98.5	1490	OK
  50	  4000	76.0	95.2	1593	high noise
  51	     0	72.9	121.9	1393	OK
  52	     0	77.5	99.7	1484	OK
  53	     0	77.4	101.5	1447	OK
  54	  4000	75.1	96.8	1564	high noise
  55	     0	79.5	102.0	1445	OK
  56	     0	75.7	97.9	1533	OK
  57	     0	77.5	100.6	1467	OK
  58	  4000	75.2	95.7	1552	high noise
  59	     0	76.9	99.2	1459	OK
  60	     0	77.4	101.7	1452	OK
  61	     0	75.2	98.8	1480	OK
  62	     0	77.1	102.6	1460	OK
  63	     0	76.3	96.5	1525	OK
  64	     0	78.6	101.2	1414	OK
  65	     0	77.0	97.4	1513	OK
  66	     0	76.2	98.2	1542	OK
  67	     0	76.9	101.3	1447	OK
  68	     0	76.4	100.6	1474	OK
  69	     0	76.7	102.8	1425	OK
  70	     0	79.6	103.1	1441	OK
  71	     0	77.7	101.2	1480	OK
  72	     0	79.1	102.9	1446	OK
  73	     0	73.5	96.5	1510	OK
  74	     0	75.7	100.6	1457	OK
  75	     0	74.8	95.4	1528	OK
  76	  4000	75.1	95.4	1586	high noise
  77	     0	78.1	97.4	1523	OK
  78	     0	76.2	101.9	1438	OK
  79	     0	76.8	99.8	1437	OK
  80	     0	78.6	101.8	1415	OK
  81	     0	78.9	101.2	1494	OK
  82	     0	79.3	103.5	1421	OK
  83	     0	76.1	100.8	1466	OK
  84	     0	79.1	101.5	1464	OK
  85	     0	77.6	99.5	1459	OK
  86	     0	76.3	98.3	1498	OK
  87	     0	74.7	99.8	1420	OK
  88	     0	77.6	100.4	1482	OK
  89	     0	78.6	101.8	1440	OK
  90	     0	75.5	98.7	1481	OK
  91	     0	78.6	102.3	1440	OK
  92	     0	79.7	100.8	1485	OK
  93	     0	77.6	100.9	1458	OK
  94	     0	75.8	100.7	1447	OK
  95	     0	75.1	99.0	1484	OK
  96	  4000	74.4	94.4	1549	high noise
  97	     0	77.1	99.8	1480	OK
  98	     0	76.6	98.5	1492	OK
  99	     0	78.4	101.5	1465	OK
 100	     0	77.8	102.6	1435	OK
 101	     0	78.1	100.4	1454	OK
 102	     0	75.7	99.8	1464	OK
 103	     0	76.7	98.4	1508	OK
 104	     0	80.0	103.0	1432	OK
 105	     0	77.4	98.8	1476	OK
 106	     0	78.1	104.0	1417	OK
 107	     0	76.7	98.4	1465	OK
 108	     0	78.1	99.6	1484	OK
 109	     0	80.3	104.3	1409	OK
 110	     0	76.2	102.1	1389	OK
 111	     0	79.3	99.3	1516	OK
 112	     0	77.4	99.2	1490	OK
 113	     0	79.2	101.1	1482	OK
 114	     0	75.8	97.4	1517	OK
 115	     0	75.4	97.1	1540	OK
 116	     0	77.4	102.7	1438	OK
 117	     0	76.6	98.9	1477	OK
 118	     0	77.7	99.8	1487	OK
 119	     0	77.0	104.3	1389	OK
 120	     0	77.7	99.5	1433	OK
 121	     0	78.3	97.9	1541	OK
 122	     0	78.5	102.9	1416	OK
 123	     0	80.3	105.2	1386	OK
 124	     0	75.9	99.8	1488	OK
 125	     0	77.3	99.2	1474	OK
 126	     0	79.7	102.9	1463	OK
 127	     0	76.1	99.8	1480	OK
 128	     0	80.6	103.8	1347	OK
 129	     0	80.3	101.4	1394	OK
 130	  4000	80.9	100.0	1464	high noise
 131	     0	77.0	99.8	1418	OK
 132	     0	79.1	99.3	1419	OK
 133	  4000	75.0	97.1	1440	high noise
 134	     0	75.4	96.6	1434	OK
 135	     0	76.4	99.7	1396	OK
 136	     0	77.4	101.4	1396	OK
 137	     0	78.9	103.2	1363	OK
 138	     0	78.2	99.7	1415	OK
 139	     0	77.9	102.4	1374	OK
 140	     0	77.9	102.0	1386	OK
 141	     0	78.1	102.9	1350	OK
 142	  4000	75.2	95.1	1521	high noise
 143	     0	77.1	100.1	1403	OK
 144	     0	78.4	98.8	1398	OK
 145	     0	77.8	102.2	1321	OK
 146	     0	78.6	100.3	1415	OK
 147	     0	80.6	103.1	1381	OK
 148	     0	76.5	98.0	1419	OK
 149	     0	79.7	103.2	1380	OK
 150	     0	79.4	101.0	1375	OK
 151	     0	72.6	96.3	1429	OK
 152	     0	78.7	102.6	1350	OK
 153	     0	79.5	100.7	1385	OK
 154	     0	80.0	105.1	1307	OK
 155	     0	79.2	98.9	1424	OK
 156	     0	77.2	97.9	1422	OK
 157	     0	78.4	102.4	1408	OK
 158	     0	77.3	99.3	1425	OK
 159	     0	75.8	97.2	1432	OK
 160	     0	77.2	99.1	1393	OK
 161	  4000	76.1	97.3	1443	high noise
 162	     0	79.1	103.7	1334	OK
 163	     0	78.8	104.4	1350	OK
 164	     0	76.1	98.9	1419	OK
 165	     0	77.7	102.8	1367	OK
 166	     0	75.0	98.2	1408	OK
 167	     0	78.3	99.6	1375	OK
 168	     0	75.5	97.9	1379	OK
 169	     0	76.3	98.9	1367	OK
 170	     0	77.7	98.8	1417	OK
 171	     0	80.7	104.4	1369	OK
 172	     0	75.3	99.4	1392	OK
 173	     0	76.6	101.9	1330	OK
 174	     0	80.8	104.7	1346	OK
 175	     0	82.0	105.5	1336	OK
 176	     0	80.3	103.4	1373	OK
 177	     0	74.7	98.3	1391	OK
 178	     0	79.4	104.2	1346	OK
 179	     0	78.2	100.1	1369	OK
 180	     0	76.4	99.3	1385	OK
 181	     0	78.1	100.2	1375	OK
 182	     0	78.9	101.1	1352	OK
 183	     0	76.6	99.7	1386	OK
 184	     0	77.2	99.9	1346	OK
 185	     0	78.5	99.9	1413	OK
 186	     0	79.3	102.5	1391	OK
 187	     0	76.3	101.5	1354	OK
 188	     0	78.3	100.6	1392	OK
 189	     0	80.1	103.8	1343	OK
 190	     0	76.5	98.0	1378	OK
 191	     0	80.8	103.4	1351	OK
 192	     0	76.4	101.0	1376	OK
 193	     0	78.3	101.0	1362	OK
 194	     0	78.0	104.5	1324	OK
 195	     0	77.7	100.9	1355	OK
 196	     0	78.4	103.2	1352	OK
 197	     0	80.6	104.6	1353	OK
 198	     0	78.0	102.2	1360	OK
 199	     0	77.7	102.0	1367	OK
 200	     0	77.6	100.8	1388	OK
 201	     0	77.8	101.1	1354	OK
 202	     0	73.0	101.8	1348	OK
 203	     0	76.5	100.1	1378	OK
 204	     0	79.2	101.5	1373	OK
 205	     0	78.0	105.4	1333	OK
 206	     0	75.1	96.9	1410	OK
 207	     0	79.3	103.4	1342	OK
 208	     0	76.0	99.3	1352	OK
 209	     0	77.1	100.4	1367	OK
 210	     0	79.7	104.1	1362	OK
 211	     0	79.3	103.4	1361	OK
 212	     0	78.1	98.7	1387	OK
 213	  4000	75.5	95.9	1469	high noise
 214	     0	75.9	100.3	1395	OK
 215	     0	76.8	104.4	1316	OK
 216	     0	79.7	103.8	1338	OK
 217	     0	77.6	101.9	1377	OK
 218	  4000	74.1	95.7	1477	high noise
 219	     0	75.9	99.5	1397	OK
 220	     0	79.0	105.0	1363	OK
 221	     0	77.6	99.9	1414	OK
 222	     0	78.6	103.0	1368	OK
 223	     0	79.1	102.8	1410	OK
 224	     0	79.7	101.0	1410	OK
 225	  4000	76.0	97.0	1509	high noise
 226	     0	79.4	104.2	1358	OK
 227	     0	78.1	99.1	1408	OK
 228	     0	77.7	100.7	1394	OK
 229	     0	78.2	99.0	1433	OK
 230	     0	78.1	101.7	1393	OK
 231	     0	79.3	104.5	1380	OK
 232	     0	80.4	103.6	1376	OK
 233	     0	78.1	100.1	1401	OK
 234	     0	77.0	99.2	1419	OK
 235	     0	78.4	102.6	1366	OK
 236	     0	77.7	101.8	1376	OK
 237	  4000	74.7	94.9	1508	high noise
 238	     0	76.5	99.2	1412	OK
 239	     0	76.5	99.9	1396	OK
 240	     0	76.9	100.2	1419	OK
 241	     0	78.7	101.4	1403	OK
 242	  4000	76.2	97.4	1473	high noise
 243	     0	80.6	105.4	1352	OK
 244	     0	78.2	100.7	1435	OK
 245	     0	77.6	100.0	1410	OK
 246	  4000	76.5	97.5	1489	high noise
 247	     0	79.2	100.6	1428	OK
 248	     0	82.6	105.3	1392	OK
 249	  4000	77.4	98.1	1446	high noise
 250	     0	79.9	103.4	1386	OK
 251	     0	76.3	100.2	1411	OK
 252	     0	76.6	99.0	1424	OK
 253	     0	78.1	100.4	1434	OK
 254	     0	76.2	102.0	1351	OK
 255	     0	78.6	101.1	1393	OK
 256	     0	76.5	96.8	1529	OK
 257	     0	78.4	100.3	1515	OK
 258	     0	78.9	101.1	1483	OK
 259	  4000	78.8	99.5	1547	high noise
 260	     0	77.3	102.3	1459	OK
 261	     0	76.3	101.2	1422	OK
 262	     0	79.1	99.1	1530	OK
 263	     0	78.8	102.7	1444	OK
 264	     0	76.3	97.5	1511	OK
 265	     0	75.6	98.6	1488	OK
 266	 80000	72.7	86.5	1804	very high noise
 267	     0	78.3	97.4	1540	OK
 268	     0	76.1	99.0	1476	OK
 269	     0	75.4	97.1	1540	OK
 270	     0	76.2	100.9	1457	OK
 271	     0	76.4	100.3	1471	OK
 272	  4000	74.9	96.2	1557	high noise
 273	     0	75.8	99.9	1476	OK
 274	  4000	76.4	96.1	1574	high noise
 275	     0	76.5	99.6	1460	OK
 276	     0	74.5	97.2	1527	OK
 277	     0	74.3	99.8	1453	OK
 278	  4000	74.0	95.6	1562	high noise
 279	     0	75.5	101.8	1443	OK
 280	     0	77.7	98.1	1472	OK
 281	     0	76.0	101.2	1422	OK
 282	     0	77.7	100.3	1465	OK
 283	  4000	74.3	95.6	1565	high noise
 284	     0	78.6	102.6	1470	OK
 285	     0	77.0	100.2	1475	OK
 286	     0	76.4	100.0	1488	OK
 287	     0	78.6	102.4	1406	OK
 288	     0	78.2	102.6	1470	OK
 289	     0	76.6	102.1	1464	OK
 290	     0	76.1	98.4	1484	OK
 291	     0	76.2	101.9	1447	OK
 292	     0	75.3	98.0	1499	OK
 293	  4000	75.5	96.9	1545	high noise
 294	     0	78.6	102.8	1452	OK
 295	     0	79.2	103.4	1455	OK
 296	     0	76.4	99.5	1507	OK
 297	     0	80.5	103.2	1464	OK
 298	     0	77.7	100.1	1518	OK
 299	     0	77.5	101.9	1471	OK
 300	     0	75.3	98.2	1486	OK
 301	     0	76.5	111.1	1374	OK
 302	     0	75.1	98.8	1524	OK
 303	     0	74.7	97.3	1503	OK
 304	     0	74.4	97.5	1541	OK
 305	     0	74.2	98.6	1502	OK
 306	     0	77.2	99.1	1527	OK
 307	     0	77.4	100.8	1478	OK
 308	  4000	75.6	96.4	1565	high noise
 309	     0	76.6	98.8	1525	OK
 310	  4000	76.2	94.5	1632	high noise
 311	     0	76.5	99.8	1493	OK
 312	     0	77.8	100.5	1467	OK
 313	     0	75.5	98.7	1502	OK
 314	     0	77.1	97.9	1527	OK
 315	  4000	75.0	96.1	1572	high noise
 316	     0	75.8	102.4	1472	OK
 317	  4000	77.5	98.7	1551	high noise
 318	     0	76.6	102.1	1421	OK
 319	     0	76.4	101.2	1436	OK
 320	     0	77.8	100.3	1472	OK
 321	     0	76.4	99.1	1484	OK
 322	     0	75.9	100.6	1459	OK
 323	     0	76.3	100.6	1444	OK
 324	     0	76.1	96.6	1508	OK
 325	     0	76.3	99.2	1457	OK
 326	     0	76.4	101.0	1435	OK
 327	     0	77.3	101.7	1452	OK
 328	     0	73.2	123.4	1432	OK
 329	     0	77.1	100.3	1458	OK
 330	     0	78.2	99.9	1509	OK
 331	     0	77.3	100.7	1439	OK
 332	  4000	75.4	95.5	1585	high noise
 333	     0	79.5	100.4	1501	OK
 334	     0	73.5	94.4	1527	OK
 335	     0	76.4	99.3	1485	OK
 336	     0	77.5	102.2	1479	OK
 337	     0	79.1	103.6	1419	OK
 338	     0	74.1	95.5	1533	OK
 339	     0	77.2	103.9	1435	OK
 340	     0	76.0	98.4	1464	OK
 341	     0	76.8	99.3	1462	OK
 342	     0	74.0	99.7	1481	OK
 343	     0	76.0	99.8	1450	OK
 344	     0	77.9	100.5	1486	OK
 345	     0	75.4	94.9	1540	OK
 346	     0	77.5	102.2	1432	OK
 347	     0	75.8	103.8	1394	OK
 348	     0	74.9	97.0	1472	OK
 349	     0	77.1	103.5	1409	OK
 350	     0	76.8	97.4	1486	OK
 351	     0	77.8	97.5	1482	OK
 352	     0	75.5	96.9	1498	OK
 353	     0	74.4	97.8	1465	OK
 354	     0	76.0	96.8	1511	OK
 355	     0	75.8	97.0	1494	OK
 356	     0	77.1	104.5	1398	OK
 357	     0	78.1	100.9	1426	OK
 358	     0	77.5	100.1	1455	OK
 359	     0	79.0	103.7	1405	OK
 360	     0	74.0	97.2	1470	OK
 361	     0	74.4	102.7	1373	OK
 362	     0	73.9	96.5	1471	OK
 363	     0	75.7	98.5	1482	OK
 364	     0	76.0	98.0	1511	OK
 365	     0	78.1	101.8	1431	OK
 366	     0	76.0	100.1	1436	OK
 367	     0	74.7	99.0	1425	OK
 368	     0	74.2	95.3	1506	OK
 369	     0	76.1	100.2	1412	OK
 370	     0	76.2	96.8	1514	OK
 371	     0	78.2	100.1	1454	OK
 372	     0	77.5	99.2	1447	OK
 373	     0	77.7	98.7	1477	OK
 374	     0	76.2	97.5	1448	OK
 375	     0	76.8	100.9	1406	OK
 376	     0	77.9	101.1	1419	OK
 377	     0	80.3	101.9	1390	OK
 378	     0	78.5	102.9	1412	OK
 379	     0	76.8	100.8	1371	OK
 380	     0	75.7	97.8	1441	OK
 381	     0	77.7	100.5	1415	OK
 382	     0	80.2	102.7	1425	OK
 383	     0	78.7	104.1	1374	OK
 384	     0	72.8	94.9	1484	OK
 385	     0	76.4	98.7	1467	OK
 386	     0	75.5	99.2	1377	OK
 387	     0	72.1	95.0	1437	OK
 388	     0	74.2	97.4	1399	OK
 389	     0	75.6	97.0	1465	OK
 390	     0	73.1	94.4	1463	OK
 391	  4000	70.7	90.2	1591	high noise
 392	     0	76.9	100.5	1410	OK
 393	     0	73.1	95.5	1482	OK
 394	     0	74.9	97.0	1468	OK
 395	     0	73.9	98.9	1401	OK
 396	     0	75.6	98.0	1421	OK
 397	     0	76.2	97.8	1467	OK
 398	     0	73.4	98.1	1427	OK
 399	     0	74.8	97.6	1412	OK
 400	     0	74.3	96.0	1461	OK
 401	     0	71.9	93.7	1492	OK
 402	     0	71.8	94.7	1488	OK
 403	     0	73.8	97.1	1444	OK
 404	     0	73.1	95.8	1461	OK
 405	     0	72.9	96.0	1439	OK
 406	     0	73.0	95.0	1472	OK
 407	     0	73.8	110.4	1312	OK
 408	     0	75.0	96.7	1468	OK
 409	     0	72.8	94.2	1487	OK
 410	     0	74.7	94.6	1497	OK
 411	     0	74.0	95.7	1464	OK
 412	     0	73.0	94.2	1473	OK
 413	     0	73.1	97.3	1412	OK
 414	     0	73.5	98.4	1420	OK
 415	     0	72.5	93.8	1492	OK
 416	     0	73.9	98.3	1446	OK
 417	     0	74.5	96.1	1434	OK
 418	     0	71.8	95.4	1437	OK
 419	     0	76.1	100.1	1378	OK
 420	     0	72.0	108.1	1322	OK
 421	     0	76.8	104.7	1357	OK
 422	     0	74.2	95.5	1481	OK
 423	     0	72.7	97.8	1418	OK
 424	  4000	71.3	92.1	1558	high noise
 425	     0	75.2	100.0	1405	OK
 426	     0	75.1	98.6	1406	OK
 427	     0	72.2	93.1	1502	OK
 428	  4000	74.4	94.4	1530	high noise
 429	     0	73.5	96.5	1463	OK
 430	     0	76.3	95.8	1503	OK
 431	     0	74.4	95.2	1494	OK
 432	     0	72.7	98.3	1443	OK
 433	  4000	74.0	94.0	1527	high noise
 434	  4000	72.8	94.1	1515	high noise
 435	     0	73.6	97.4	1456	OK
 436	     0	75.4	97.3	1461	OK
 437	  4000	76.5	96.7	1521	high noise
 438	     0	71.9	96.4	1442	OK
 439	     0	73.3	98.3	1420	OK
 440	     0	74.1	97.6	1434	OK
 441	  4000	71.6	93.9	1519	high noise
 442	     0	73.6	100.4	1402	OK
 443	  4000	73.6	92.1	1575	high noise
 444	     0	75.6	99.4	1448	OK
 445	  4000	74.8	93.8	1570	high noise
 446	     0	75.5	98.5	1437	OK
 447	     0	75.7	99.9	1394	OK
 448	     0	72.7	97.5	1429	OK
 449	     0	75.8	98.6	1427	OK
 450	     0	75.3	96.5	1458	OK
 451	     0	75.1	99.6	1411	OK
 452	     0	73.3	95.4	1508	OK
 453	     0	72.2	95.8	1501	OK
 454	     0	73.5	97.8	1446	OK
 455	     0	77.4	99.3	1408	OK
 456	  4000	74.1	94.7	1523	high noise
 457	     0	72.6	93.4	1473	OK
 458	  4000	70.4	91.9	1535	high noise
 459	     0	72.7	94.2	1497	OK
 460	     0	75.4	100.5	1398	OK
 461	     0	76.1	97.5	1461	OK
 462	     0	76.1	98.7	1427	OK
 463	     0	73.0	95.8	1497	OK
 464	     0	72.6	98.6	1390	OK
 465	     0	73.9	94.3	1490	OK
 466	     0	71.5	94.0	1468	OK
 467	     0	73.9	98.2	1387	OK
 468	     0	74.6	97.5	1426	OK
 469	     0	70.5	95.5	1476	OK
 470	     0	73.7	95.8	1457	OK
 471	     0	72.9	96.3	1416	OK
 472	     0	74.2	96.8	1473	OK
 473	     0	72.7	96.4	1462	OK
 474	     0	73.5	97.1	1384	OK
 475	     0	71.8	94.1	1479	OK
 476	     0	72.5	96.6	1453	OK
 477	     0	74.7	99.0	1402	OK
 478	     0	75.3	98.9	1407	OK
 479	     0	72.6	99.1	1388	OK
 480	     0	72.8	98.5	1403	OK
 481	     0	75.4	99.6	1437	OK
 482	     0	74.5	97.5	1434	OK
 483	     0	75.2	97.8	1416	OK
 484	     0	74.0	98.8	1407	OK
 485	     0	72.6	95.6	1460	OK
 486	     0	74.6	99.9	1404	OK
 487	     0	73.3	96.5	1448	OK
 488	     0	73.7	97.9	1395	OK
 489	     0	69.8	115.7	1351	OK
 490	     0	75.7	99.2	1366	OK
 491	     0	72.9	96.4	1428	OK
 492	     0	72.1	98.2	1380	OK
 493	     0	73.3	97.8	1407	OK
 494	     0	73.1	96.2	1401	OK
 495	     0	75.6	97.4	1397	OK
 496	     0	76.7	101.9	1327	OK
 497	     0	75.6	103.3	1368	OK
 498	     0	71.1	96.2	1438	OK
 499	     0	74.0	97.2	1415	OK
 500	     0	73.8	96.8	1408	OK
 501	     0	74.7	97.6	1406	OK
 502	     0	71.3	94.9	1436	OK
 503	     0	73.5	96.0	1441	OK
 504	     0	74.0	97.7	1404	OK
 505	     0	73.1	97.1	1398	OK
 506	     0	73.1	93.3	1470	OK
 507	     0	74.1	96.9	1402	OK
 508	     0	74.0	100.4	1317	OK
 509	     0	73.5	99.1	1367	OK
 510	     0	74.7	98.6	1362	OK
 511	     0	69.9	163.8	1371	OK
 512	     0	73.5	96.4	1409	OK
 513	     0	72.9	97.5	1351	OK
 514	     0	72.0	97.1	1402	OK
 515	     0	72.9	96.3	1402	OK
 516	     0	72.2	95.5	1405	OK
 517	     0	71.1	95.8	1363	OK
 518	     0	75.7	101.9	1326	OK
 519	     0	71.3	97.8	1380	OK
 520	     0	73.2	95.5	1393	OK
 521	     0	71.9	96.5	1389	OK
 522	     0	71.3	93.1	1442	OK
 523	     0	71.3	97.1	1370	OK
 524	     0	70.7	96.5	1346	OK
 525	     0	73.4	96.1	1398	OK
 526	     0	72.5	95.4	1398	OK
 527	     0	75.1	99.2	1368	OK
 528	     0	72.8	98.6	1373	OK
 529	     0	69.9	94.2	1377	OK
 530	     0	68.9	92.3	1452	OK
 531	     0	75.1	98.8	1400	OK
 532	     0	71.8	96.1	1372	OK
 533	     0	72.4	104.1	1324	OK
 534	     0	72.0	98.6	1354	OK
 535	     0	76.3	97.2	1400	OK
 536	     0	72.2	94.8	1416	OK
 537	     0	74.9	97.5	1351	OK
 538	     0	73.9	97.4	1411	OK
 539	     0	73.4	97.0	1374	OK
 540	     0	71.7	98.2	1379	OK
 541	     0	70.9	97.2	1382	OK
 542	     0	76.7	98.9	1370	OK
 543	     0	71.7	93.6	1436	OK
 544	     0	74.0	99.0	1339	OK
 545	     0	71.4	92.4	1460	OK
 546	     0	71.8	94.3	1453	OK
 547	     0	74.0	98.6	1370	OK
 548	     0	71.7	96.4	1348	OK
 549	     0	69.7	93.3	1451	OK
 550	     0	72.4	96.8	1406	OK
 551	     0	75.9	100.6	1375	OK
 552	  4000	70.4	91.8	1464	high noise
 553	     0	70.5	103.0	1294	OK
 554	  4000	70.4	91.0	1534	high noise
 555	     0	71.4	94.8	1410	OK
 556	     0	72.7	95.6	1420	OK
 557	     0	74.1	97.9	1400	OK
 558	     0	73.1	98.3	1356	OK
 559	     0	72.3	95.1	1430	OK
 560	     0	74.5	100.1	1406	OK
 561	     0	74.9	99.6	1371	OK
 562	     0	73.9	100.6	1373	OK
 563	     0	73.7	98.9	1376	OK
 564	     0	72.1	94.5	1451	OK
 565	     0	73.2	99.0	1342	OK
 566	     0	71.8	96.8	1439	OK
 567	     0	70.7	94.7	1444	OK
 568	  4000	70.4	91.4	1509	high noise
 569	     0	73.4	98.8	1381	OK
 570	     0	75.4	99.7	1382	OK
 571	     0	72.7	97.8	1402	OK
 572	     0	73.6	98.2	1389	OK
 573	     0	74.5	97.6	1404	OK
 574	     0	69.5	95.6	1463	OK
 575	     0	75.2	99.5	1395	OK
 576	  4000	67.4	91.6	1486	high noise
 577	     0	73.6	98.1	1398	OK
 578	     0	71.5	95.7	1440	OK
 579	  4000	70.5	95.0	1469	high noise
 580	  4000	69.9	91.0	1562	high noise
 581	     0	72.7	96.8	1461	OK
 582	  4000	73.4	96.2	1472	high noise
 583	     0	70.7	96.4	1372	OK
 584	     0	73.7	111.4	1356	OK
 585	  4000	73.3	94.8	1492	high noise
 586	     0	73.5	98.5	1417	OK
 587	     0	73.1	104.1	1332	OK
 588	  4000	71.6	91.3	1572	high noise
 589	     0	73.3	97.1	1424	OK
 590	     0	73.5	99.0	1403	OK
 591	     0	72.1	99.2	1403	OK
 592	  4000	70.8	91.6	1634	high noise
 593	  4000	70.4	93.2	1562	high noise
 594	     0	73.7	98.7	1424	OK
 595	  4000	71.5	94.4	1511	high noise
 596	  4000	72.0	94.0	1588	high noise
 597	  4000	72.3	94.3	1566	high noise
 598	  4000	73.1	96.2	1535	high noise
 599	  4000	71.1	93.1	1556	high noise
 600	  4000	73.8	97.3	1533	high noise
 601	  4000	71.0	91.0	1646	high noise
 602	  4000	73.2	95.0	1606	high noise
 603	  4000	74.2	97.1	1558	high noise
 604	 80000	71.2	92.0	1700	very high noise
 605	 80000	71.6	78.4	2082	very high noise
 606	 80000	71.2	91.2	1736	very high noise
 607	 80000	73.2	94.2	1702	very high noise
 608	  4000	72.8	93.9	1692	high noise
 609	  4000	70.5	92.1	1678	high noise
 610	 80000	72.2	91.8	1837	very high noise
 611	 80000	71.3	88.5	1913	very high noise
 612	 80000	69.0	80.6	2105	very high noise
 613	 80000	73.3	91.8	1836	very high noise
 614	 80000	71.1	90.4	1860	very high noise
 615	 80000	71.2	89.1	1946	very high noise
 616	 80000	76.6	97.6	1724	very high noise
 617	 80000	73.4	95.6	1778	very high noise
 618	 80000	74.2	93.6	1838	very high noise
 619	 80000	73.4	96.0	1731	very high noise
 620	 80000	72.7	94.1	1804	very high noise
 621	 80000	70.1	91.4	1869	very high noise
 622	 80000	72.2	93.2	1840	very high noise
 623	 80000	70.5	94.2	1791	very high noise
 624	 80000	75.0	96.2	1807	very high noise
 625	 80000	72.1	92.7	1861	very high noise
 626	 80000	70.6	88.8	2001	very high noise
 627	 80000	70.5	87.0	2080	very high noise
 628	 80000	69.1	84.9	2188	very high noise
 629	 80000	74.6	98.8	1754	very high noise
 630	 80000	73.3	91.9	1942	very high noise
 631	 80000	73.9	94.9	1888	very high noise
 632	 80000	73.8	93.7	1916	very high noise
 633	 80000	76.1	95.8	1904	very high noise
 634	 80000	75.3	93.2	1948	very high noise
 635	 80000	73.0	87.8	2096	very high noise
 636	 80000	73.7	87.8	2126	very high noise
 637	  4000	75.8	102.3	1695	high noise
 638	 80000	74.1	91.7	2035	very high noise
 639	 80000	73.2	93.0	1939	very high noise
 640	 80000	70.2	86.0	2340	very high noise
 641	 80000	72.9	91.6	2157	very high noise
 642	 80000	73.2	90.1	2224	very high noise
 643	 80000	73.2	92.6	2168	very high noise
 644	 80000	72.4	89.5	2216	very high noise
 645	 80000	69.5	84.9	2330	very high noise
 646	 80000	71.8	89.8	2189	very high noise
 647	     0	74.9	106.7	1598	OK
 648	 80000	69.2	85.7	2273	very high noise
 649	 80000	73.2	95.3	1988	very high noise
 650	 80000	70.4	88.7	2163	very high noise
 651	 80000	71.4	91.0	2053	very high noise
 652	 80000	67.1	89.4	2133	very high noise
 653	 80000	72.0	92.0	2050	very high noise
 654	 80000	71.1	90.6	2121	very high noise
 655	 80000	72.2	94.9	1937	very high noise
 656	 80000	73.2	95.1	1951	very high noise
 657	 80000	72.1	93.5	1962	very high noise
 658	 80000	71.1	89.4	2126	very high noise
 659	 80000	70.0	91.8	1991	very high noise
 660	 80000	72.5	95.9	1903	very high noise
 661	 80000	72.4	92.4	2018	very high noise
 662	 80000	71.7	93.2	1926	very high noise
 663	 80000	73.8	94.4	1942	very high noise
 664	 80000	73.0	95.8	1850	very high noise
 665	 80000	72.9	96.2	1891	very high noise
 666	 80000	72.7	94.9	1915	very high noise
 667	 80000	71.0	92.6	1950	very high noise
 668	 80000	72.2	88.4	2100	very high noise
 669	 80000	71.8	96.7	1748	very high noise
 670	 80000	70.2	90.7	2001	very high noise
 671	 80000	71.8	89.8	2034	very high noise
 672	 80000	69.1	91.2	1910	very high noise
 673	 80000	70.4	92.0	1869	very high noise
 674	 80000	70.9	92.8	1865	very high noise
 675	 80000	73.3	97.7	1757	very high noise
 676	 80000	71.4	96.3	1744	very high noise
 677	 80000	72.9	92.8	1915	very high noise
 678	 80000	70.7	88.8	2026	very high noise
 679	 80000	73.8	94.2	1833	very high noise
 680	 80000	72.9	96.2	1786	very high noise
 681	 80000	72.5	94.2	1844	very high noise
 682	 80000	72.0	93.7	1846	very high noise
 683	 80000	69.9	85.9	2078	very high noise
 684	 80000	72.1	95.7	1706	very high noise
 685	 80000	72.3	93.3	1808	very high noise
 686	 80000	72.1	91.8	1891	very high noise
 687	 80000	71.1	95.8	1763	very high noise
 688	 80000	73.7	94.7	1745	very high noise
 689	 80000	69.5	83.7	2084	very high noise
 690	 80000	71.1	87.7	2023	very high noise
 691	 80000	75.2	98.4	1725	very high noise
 692	 80000	72.3	95.3	1750	very high noise
 693	 80000	73.0	93.9	1807	very high noise
 694	 80000	69.7	90.6	1894	very high noise
 695	 80000	73.4	92.4	1843	very high noise
 696	 80000	70.5	90.0	1859	very high noise
 697	 80000	70.2	90.1	1907	very high noise
 698	     0	72.2	115.2	1442	OK
 699	 80000	72.8	92.3	1851	very high noise
 700	     0	74.8	98.9	1641	OK
 701	 80000	70.1	89.6	1903	very high noise
 702	 80000	71.7	91.9	1776	very high noise
 703	 80000	69.9	90.2	1875	very high noise
 704	     0	76.2	96.4	1694	OK
 705	 80000	72.0	94.8	1725	very high noise
 706	     0	73.7	97.5	1664	OK
 707	 80000	73.1	94.1	1778	very high noise
 708	 80000	71.4	91.1	1865	very high noise
 709	     0	72.7	97.7	1625	OK
 710	 80000	73.6	95.3	1733	very high noise
 711	 80000	71.9	92.8	1801	very high noise
 712	 80000	70.5	89.6	1880	very high noise
 713	 80000	71.3	91.8	1821	very high noise
 714	 80000	72.1	93.3	1777	very high noise
 715	     0	74.6	110.5	1461	OK
 716	     0	72.3	95.1	1699	OK
 717	     0	71.3	97.0	1633	OK
 718	     0	75.4	100.7	1631	OK
 719	 80000	71.8	92.0	1861	very high noise
 720	 80000	69.5	90.1	1901	very high noise
 721	 80000	75.0	96.9	1720	very high noise
 722	 80000	72.7	95.6	1751	very high noise
 723	 80000	74.1	95.9	1760	very high noise
 724	 80000	74.4	95.6	1758	very high noise
 725	 80000	71.3	95.1	1709	very high noise
 726	 80000	73.4	95.1	1786	very high noise
 727	 80000	72.3	93.0	1858	very high noise
 728	 80000	71.2	95.5	1700	very high noise
 729	 80000	72.2	94.2	1736	very high noise
 730	 80000	74.5	94.5	1812	very high noise
 731	     0	73.5	98.9	1623	OK
 732	 80000	74.0	95.6	1759	very high noise
 733	     0	74.5	98.2	1658	OK
 734	 80000	72.5	91.3	1849	very high noise
 735	     0	71.8	96.9	1654	OK
 736	 80000	71.5	91.1	1870	very high noise
 737	 80000	74.4	97.3	1707	very high noise
 738	 80000	73.3	96.3	1720	very high noise
 739	 80000	70.7	93.2	1773	very high noise
 740	     0	73.8	99.2	1649	OK
 741	 80000	73.5	93.0	1874	very high noise
 742	 80000	72.8	93.3	1808	very high noise
 743	 80000	72.5	94.0	1795	very high noise
 744	 80000	72.2	92.7	1838	very high noise
 745	 80000	73.2	96.2	1769	very high noise
 746	 80000	74.1	96.9	1729	very high noise
 747	 80000	70.7	91.3	1858	very high noise
 748	 80000	74.5	97.3	1709	very high noise
 749	 80000	71.9	92.7	1852	very high noise
 750	 80000	72.4	92.7	1829	very high noise
 751	 80000	72.8	96.5	1742	very high noise
 752	 80000	74.7	94.0	1816	very high noise
 753	 80000	73.3	92.6	1863	very high noise
 754	 80000	71.3	89.8	1939	very high noise
 755	 80000	71.1	88.5	2046	very high noise
 756	 80000	73.6	97.8	1724	very high noise
 757	     0	76.8	101.2	1654	OK
 758	 80000	74.6	94.4	1810	very high noise
 759	 80000	72.7	92.9	1845	very high noise
 760	 80000	72.7	93.8	1837	very high noise
 761	 80000	71.7	95.0	1742	very high noise
 762	 80000	74.1	95.1	1801	very high noise
 763	 80000	74.3	95.6	1742	very high noise
 764	 80000	74.5	97.1	1736	very high noise
 765	 80000	75.1	97.5	1747	very high noise
 766	     0	77.4	101.4	1667	OK
 767	     0	75.6	99.9	1689	OK
 768	 80000	73.3	88.3	1979	very high noise
 769	 80000	74.3	96.5	1773	very high noise
 770	 80000	71.9	92.7	1891	very high noise
 771	 80000	73.2	95.7	1818	very high noise
 772	 80000	72.8	91.4	1936	very high noise
 773	 80000	75.3	97.2	1804	very high noise
 774	 80000	71.6	90.5	1907	very high noise
 775	 80000	73.4	94.2	1841	very high noise
 776	 80000	72.8	91.7	1884	very high noise
 777	 80000	71.0	89.9	1905	very high noise
 778	 80000	71.6	93.0	1832	very high noise
 779	 80000	73.3	93.7	1747	very high noise
 780	 80000	73.8	95.6	1746	very high noise
 781	 80000	71.1	93.4	1775	very high noise
 782	     0	75.9	99.9	1598	OK
 783	 80000	73.5	95.5	1709	very high noise
 784	 80000	73.8	95.1	1721	very high noise
 785	 80000	76.2	94.3	1789	very high noise
 786	 80000	72.6	95.5	1721	very high noise
 787	 80000	75.6	96.2	1742	very high noise
 788	 80000	74.0	94.2	1791	very high noise
 789	 80000	75.3	95.9	1756	very high noise
 790	 80000	73.1	96.3	1769	very high noise
 791	     0	76.1	100.2	1638	OK
 792	 80000	71.3	91.5	1822	very high noise
 793	     0	77.2	100.5	1668	OK
 794	 80000	71.6	91.3	1912	very high noise
 795	 80000	73.0	93.8	1803	very high noise
 796	 80000	72.6	91.3	1881	very high noise
 797	 80000	73.6	95.7	1794	very high noise
 798	 80000	75.1	95.8	1779	very high noise
 799	 80000	74.3	94.7	1745	very high noise
 800	 80000	72.4	93.4	1785	very high noise
 801	     0	78.3	101.9	1616	OK
 802	 80000	73.8	97.0	1711	very high noise
 803	 80000	72.3	93.1	1807	very high noise
 804	     0	77.6	98.6	1683	OK
 805	 80000	74.6	96.5	1775	very high noise
 806	 80000	72.6	93.5	1840	very high noise
 807	 80000	75.3	93.5	1847	very high noise
 808	 80000	74.1	93.6	1862	very high noise
 809	 80000	74.2	95.5	1865	very high noise
 810	 80000	73.8	96.1	1810	very high noise
 811	 80000	73.1	94.7	1853	very high noise
 812	 80000	74.4	95.2	1848	very high noise
 813	 80000	72.7	93.1	1866	very high noise
 814	 80000	72.1	91.6	1902	very high noise
 815	 80000	74.8	96.3	1780	very high noise
 816	 80000	73.9	92.4	1850	very high noise
 817	 80000	72.9	94.2	1787	very high noise
 818	 80000	74.1	94.3	1774	very high noise
 819	     0	74.6	98.7	1696	OK
 820	 80000	74.5	94.9	1754	very high noise
 821	 80000	73.0	92.5	1786	very high noise
 822	     0	75.4	99.1	1642	OK
 823	 80000	71.7	91.7	1821	very high noise
 824	 80000	72.6	92.3	1767	very high noise
 825	 80000	72.1	90.1	1880	very high noise
 826	 80000	74.4	96.3	1718	very high noise
 827	     0	76.5	98.0	1689	OK
 828	 80000	73.4	94.4	1819	very high noise
 829	     0	77.1	100.7	1634	OK
 830	 80000	75.7	97.8	1702	very high noise
 831	     0	74.8	97.1	1690	OK
 832	 80000	77.5	98.6	1727	very high noise
 833	     0	75.7	97.1	1682	OK
 834	 80000	76.7	97.3	1722	very high noise
 835	 80000	74.2	93.0	1812	very high noise
 836	 80000	74.6	96.7	1759	very high noise
 837	 80000	75.7	97.4	1729	very high noise
 838	 80000	74.2	96.4	1802	very high noise
 839	 80000	74.9	97.5	1776	very high noise
 840	 80000	75.1	97.6	1781	very high noise
 841	 80000	73.1	92.1	2002	very high noise
 842	 80000	76.2	96.9	1927	very high noise
 843	 80000	76.7	101.1	1821	very high noise
 844	 80000	77.3	99.1	1920	very high noise
 845	 80000	78.2	100.8	1888	very high noise
 846	 80000	75.2	99.1	1966	very high noise
 847	 80000	76.8	100.3	1926	very high noise
 848	 80000	75.2	100.2	1964	very high noise
 849	 80000	81.1	103.5	1927	very high noise
 850	 80000	77.0	99.2	2024	very high noise
 851	 80000	72.7	92.8	2174	very high noise
 852	 80000	73.2	94.3	2128	very high noise
 853	 80000	72.6	92.5	2162	very high noise
 854	 80000	74.5	97.2	2015	very high noise
 855	 80000	75.2	99.0	1967	very high noise
 856	 80000	73.6	92.4	2203	very high noise
 857	 80000	75.4	96.0	2082	very high noise
 858	 80000	74.0	95.3	2076	very high noise
 859	 80000	74.3	94.6	2102	very high noise
 860	 80000	74.3	97.8	2021	very high noise
 861	 80000	74.7	97.2	1999	very high noise
 862	 80000	74.4	97.9	1999	very high noise
 863	 80000	75.7	95.4	2077	very high noise
 864	 80000	73.3	95.3	2067	very high noise
 865	 80000	74.1	98.1	1977	very high noise
 866	 80000	76.0	96.8	1979	very high noise
 867	 80000	75.9	95.8	1993	very high noise
 868	 80000	71.6	93.6	2006	very high noise
 869	 80000	73.7	97.5	1881	very high noise
 870	 80000	75.5	94.9	1963	very high noise
 871	 80000	72.6	95.6	1965	very high noise
 872	 80000	74.6	95.3	1906	very high noise
 873	 80000	75.1	95.3	1924	very high noise
 874	 80000	76.2	98.1	1885	very high noise
 875	 80000	76.7	98.7	1852	very high noise
 876	 80000	71.6	93.3	1960	very high noise
 877	 80000	76.1	100.3	1795	very high noise
 878	 80000	79.4	104.7	1758	very high noise
 879	 80000	76.2	94.0	2033	very high noise
 880	 80000	75.8	97.3	1931	very high noise
 881	 80000	77.1	100.5	1841	very high noise
 882	 80000	74.4	93.4	2050	very high noise
 883	 80000	74.6	97.2	1934	very high noise
 884	 80000	77.4	98.6	1908	very high noise
 885	 80000	76.8	98.9	1913	very high noise
 886	 80000	74.8	93.4	2084	very high noise
 887	 80000	74.4	97.4	1941	very high noise
 888	 80000	71.8	86.8	2201	very high noise
 889	 80000	77.1	99.0	1930	very high noise
 890	 80000	76.4	93.2	2079	very high noise
 891	 80000	75.6	96.7	1993	very high noise
 892	 80000	76.0	99.1	1930	very high noise
 893	 80000	76.1	98.1	1954	very high noise
 894	 80000	75.6	97.5	1943	very high noise
 895	 80000	74.2	93.2	2145	very high noise
 896	 80000	74.2	98.5	1918	very high noise
 897	 80000	73.8	95.4	2046	very high noise
 898	 80000	73.8	92.7	2119	very high noise
 899	 80000	71.8	90.2	2216	very high noise
 900	 80000	74.1	96.7	2008	very high noise
 901	 80000	72.9	95.6	2106	very high noise
 902	 80000	72.2	89.7	2289	very high noise
 903	 80000	72.6	92.5	2213	very high noise
 904	 80000	73.7	96.2	2171	very high noise
 905	 80000	71.8	94.6	2130	very high noise
 906	 80000	69.4	90.5	2281	very high noise
 907	 80000	71.2	94.5	2220	very high noise
 908	 80000	68.7	88.0	2398	very high noise
 909	 80000	70.2	90.6	2341	very high noise
 910	 80000	73.1	101.0	2028	very high noise
 911	 80000	71.4	95.2	2208	very high noise
 912	 80000	70.0	91.9	2263	very high noise
 913	 80000	70.8	91.5	2263	very high noise
 914	 80000	66.8	86.7	2319	very high noise
 915	 80000	66.8	86.8	2335	very high noise
 916	 80000	73.3	98.3	1985	very high noise
 917	 80000	72.5	94.7	2074	very high noise
 918	 80000	73.3	92.5	2122	very high noise
 919	 80000	69.4	91.0	2071	very high noise
 920	 80000	70.2	90.1	2080	very high noise
 921	 80000	70.8	86.2	2121	very high noise
 922	 80000	74.9	99.5	1803	very high noise
 923	 80000	71.2	89.3	2040	very high noise
 924	 80000	73.1	95.9	1802	very high noise
 925	 80000	73.1	90.9	1955	very high noise
 926	 80000	72.8	93.2	1869	very high noise
 927	 80000	71.7	96.4	1713	very high noise
 928	 80000	74.0	96.5	1746	very high noise
 929	 80000	73.3	94.1	1834	very high noise
 930	 80000	72.5	92.9	1867	very high noise
 931	 80000	69.9	90.5	1830	very high noise
 932	 80000	72.4	95.7	1752	very high noise
 933	 80000	72.5	94.8	1771	very high noise
 934	 80000	72.9	95.5	1773	very high noise
 935	 80000	71.6	92.2	1844	very high noise
 936	 80000	73.3	97.6	1708	very high noise
 937	 80000	73.3	94.7	1745	very high noise
 938	 80000	73.0	95.6	1710	very high noise
 939	 80000	72.6	96.6	1710	very high noise
 940	     0	73.9	96.3	1695	OK
 941	 80000	70.9	90.4	1892	very high noise
 942	 80000	73.8	92.3	1856	very high noise
 943	 80000	73.4	90.2	1905	very high noise
 944	 80000	71.0	92.2	1784	very high noise
 945	 80000	72.9	93.9	1808	very high noise
 946	 80000	72.7	91.6	1841	very high noise
 947	 80000	74.6	94.9	1761	very high noise
 948	 80000	73.3	96.3	1705	very high noise
 949	     0	71.7	96.7	1654	OK
 950	 80000	72.1	94.9	1733	very high noise
 951	     0	71.8	95.4	1664	OK
 952	     0	75.5	98.8	1622	OK
 953	 80000	70.4	92.6	1764	very high noise
 954	 80000	71.8	92.2	1786	very high noise
 955	 80000	71.6	94.8	1749	very high noise
 956	 80000	73.9	96.8	1723	very high noise
 957	     0	73.5	96.4	1668	OK
 958	     0	74.6	99.0	1640	OK
 959	 80000	70.8	91.3	1899	very high noise
 960	 80000	76.8	97.7	1715	very high noise
 961	     0	72.6	96.1	1685	OK
 962	 80000	71.7	95.1	1713	very high noise
 963	 80000	72.5	93.5	1770	very high noise
 964	 80000	72.0	92.3	1847	very high noise
 965	 80000	70.2	88.9	1883	very high noise
 966	 80000	70.7	90.3	1871	very high noise
 967	     0	75.6	98.6	1681	OK
 968	 80000	70.5	87.9	1922	very high noise
 969	 80000	69.1	85.2	2029	very high noise
 970	 80000	72.5	92.6	1818	very high noise
 971	 80000	72.0	93.5	1798	very high noise
 972	 80000	73.0	94.3	1791	very high noise
 973	 80000	71.8	90.7	1884	very high noise
 974	 80000	71.2	87.8	1973	very high noise
 975	 80000	74.4	95.2	1760	very high noise
 976	 80000	73.0	93.2	1808	very high noise
 977	 80000	69.6	88.1	1937	very high noise
 978	 80000	71.8	92.5	1806	very high noise
 979	 80000	74.6	94.0	1811	very high noise
 980	 80000	70.8	92.7	1834	very high noise
 981	 80000	74.8	96.0	1730	very high noise
 982	 80000	73.2	93.6	1794	very high noise
 983	 80000	71.3	93.1	1755	very high noise
 984	     0	72.7	97.3	1678	OK
 985	 80000	72.4	93.5	1804	very high noise
 986	 80000	73.3	93.1	1834	very high noise
 987	 80000	72.1	92.1	1851	very high noise
 988	 80000	74.6	96.1	1749	very high noise
 989	 80000	73.0	95.3	1709	very high noise
 990	 80000	70.5	90.1	1879	very high noise
 991	     0	73.6	98.8	1619	OK
 992	 80000	70.0	90.7	1869	very high noise
 993	 80000	71.6	93.6	1778	very high noise
 994	 80000	71.4	92.2	1847	very high noise
 995	     0	71.5	97.2	1648	OK
 996	 80000	69.4	90.0	1844	very high noise
 997	 80000	69.7	92.3	1785	very high noise
 998	 80000	67.6	86.8	1950	very high noise
 999	 80000	71.6	94.5	1750	very high noise
1000	 80000	73.0	93.3	1801	very high noise
1001	     0	72.9	97.1	1677	OK
1002	 80000	72.8	92.3	1825	very high noise
1003	 80000	72.4	93.7	1762	very high noise
1004	 80000	75.8	96.9	1721	very high noise
1005	 80000	71.6	92.5	1782	very high noise
1006	 80000	73.1	93.7	1782	very high noise
1007	     0	72.1	109.4	1444	OK
1008	 80000	72.9	91.4	1824	very high noise
1009	 80000	68.6	91.1	1781	very high noise
1010	 80000	71.7	92.3	1844	very high noise
1011	 80000	70.1	92.0	1818	very high noise
1012	 80000	71.0	90.1	1860	very high noise
1013	 80000	71.7	90.8	1838	very high noise
1014	 80000	72.4	89.6	1873	very high noise
1015	     0	76.3	99.6	1661	OK
1016	 80000	75.8	91.9	1881	very high noise
1017	 80000	74.2	94.4	1729	very high noise
1018	 80000	72.8	94.7	1725	very high noise
1019	     0	72.8	96.9	1699	OK
1020	 80000	70.8	91.6	1794	very high noise
1021	     0	74.0	96.7	1653	OK
1022	 80000	74.6	90.0	1892	very high noise
1023	     0	75.0	101.2	1551	OK
1024	     0	78.5	102.6	1509	OK
1025	     0	77.7	99.3	1598	OK
1026	     0	77.2	102.6	1542	OK
1027	     0	77.2	97.5	1632	OK
1028	     0	79.3	102.4	1528	OK
1029	     0	77.7	97.0	1631	OK
1030	     0	79.7	102.5	1526	OK
1031	     0	79.2	101.5	1492	OK
1032	     0	75.5	96.8	1634	OK
1033	     0	81.0	102.7	1529	OK
1034	     0	77.0	96.4	1666	OK
1035	     0	75.2	95.7	1670	OK
1036	     0	80.5	102.9	1561	OK
1037	     0	77.6	99.0	1583	OK
1038	     0	78.3	100.9	1547	OK
1039	     0	76.4	99.6	1543	OK
1040	     0	76.3	100.5	1526	OK
1041	     0	76.0	97.6	1598	OK
1042	     0	75.8	96.8	1626	OK
1043	     0	76.4	97.8	1613	OK
1044	     0	77.9	101.3	1520	OK
1045	     0	76.4	99.2	1556	OK
1046	     0	75.0	97.4	1615	OK
1047	     0	79.5	102.3	1508	OK
1048	     0	74.9	95.1	1698	OK
1049	     0	78.1	102.6	1530	OK
1050	     0	76.9	98.6	1610	OK
1051	     0	77.8	101.2	1498	OK
1052	 80000	71.7	78.9	2136	very high noise
1053	     0	78.3	98.8	1563	OK
1054	     0	76.5	97.8	1664	OK
1055	     0	76.1	96.4	1668	OK
1056	     0	77.8	101.3	1552	OK
1057	     0	77.5	102.6	1504	OK
1058	     0	75.4	96.4	1687	OK
1059	     0	75.6	99.1	1603	OK
1060	     0	76.8	98.6	1595	OK
1061	     0	76.1	100.4	1553	OK
1062	     0	78.3	99.9	1595	OK
1063	 80000	75.8	96.7	1704	very high noise
1064	     0	77.3	96.3	1669	OK
1065	     0	76.5	97.1	1691	OK
1066	     0	77.3	100.1	1557	OK
1067	     0	78.0	98.4	1630	OK
1068	 80000	75.5	96.1	1705	very high noise
1069	 80000	75.1	91.4	1822	very high noise
1070	 80000	77.4	97.4	1705	very high noise
1071	     0	76.6	99.7	1585	OK
1072	     0	76.1	96.5	1696	OK
1073	     0	81.9	105.6	1537	OK
1074	     0	76.3	97.0	1672	OK
1075	     0	80.6	100.3	1617	OK
1076	     0	77.4	97.6	1692	OK
1077	     0	77.6	103.0	1517	OK
1078	     0	76.2	100.3	1571	OK
1079	 80000	74.8	94.7	1745	very high noise
1080	     0	76.6	98.9	1618	OK
1081	     0	75.4	97.8	1652	OK
1082	     0	79.1	100.2	1646	OK
1083	     0	77.9	99.5	1599	OK
1084	     0	76.0	96.5	1688	OK
1085	 80000	76.6	92.2	1848	very high noise
1086	     0	80.7	104.7	1553	OK
1087	 80000	75.8	94.9	1762	very high noise
1088	     0	77.8	101.4	1568	OK
1089	     0	78.6	100.1	1592	OK
1090	     0	77.5	99.0	1629	OK
1091	     0	75.9	100.1	1588	OK
1092	     0	77.6	100.1	1601	OK
1093	     0	76.5	97.9	1674	OK
1094	     0	77.0	98.1	1647	OK
1095	     0	76.1	96.6	1672	OK
1096	     0	77.3	97.9	1657	OK
1097	     0	77.1	99.9	1603	OK
1098	     0	76.7	99.3	1605	OK
1099	     0	76.8	101.1	1537	OK
1100	     0	75.8	99.7	1612	OK
1101	     0	78.4	102.7	1566	OK
1102	     0	77.4	98.9	1660	OK
1103	     0	76.4	97.0	1650	OK
1104	 80000	77.1	96.2	1702	very high noise
1105	     0	78.6	99.8	1619	OK
1106	 80000	77.0	95.7	1703	very high noise
1107	     0	77.5	99.3	1623	OK
1108	     0	78.0	103.0	1517	OK
1109	     0	76.5	95.9	1688	OK
1110	     0	75.8	97.7	1664	OK
1111	     0	81.1	104.8	1530	OK
1112	     0	78.7	108.4	1457	OK
1113	     0	76.4	98.0	1662	OK
1114	     0	76.9	99.0	1651	OK
1115	     0	77.0	100.7	1568	OK
1116	     0	76.0	97.8	1639	OK
1117	     0	76.3	97.1	1669	OK
1118	     0	76.7	98.2	1652	OK
1119	 80000	75.2	93.1	1803	very high noise
1120	     0	74.4	95.1	1691	OK
1121	     0	78.3	98.4	1676	OK
1122	     0	77.7	100.8	1587	OK
1123	     0	76.9	116.9	1409	OK
1124	     0	79.0	100.6	1578	OK
1125	     0	78.3	103.2	1522	OK
1126	     0	77.8	98.7	1657	OK
1127	     0	76.6	98.1	1676	OK
1128	     0	78.3	104.3	1507	OK
1129	     0	78.7	99.9	1616	OK
1130	 80000	76.7	95.6	1769	very high noise
1131	 80000	75.5	89.7	1891	very high noise
1132	     0	75.5	97.2	1646	OK
1133	     0	77.9	102.9	1548	OK
1134	     0	78.1	99.1	1638	OK
1135	     0	74.4	95.4	1689	OK
1136	     0	77.9	99.5	1596	OK
1137	 80000	76.9	95.6	1710	very high noise
1138	     0	76.4	121.0	1424	OK
1139	     0	80.3	104.9	1532	OK
1140	 80000	74.2	90.3	1818	very high noise
1141	     0	78.6	102.4	1562	OK
1142	     0	77.8	100.3	1621	OK
1143	     0	78.0	99.4	1581	OK
1144	     0	75.9	98.1	1645	OK
1145	     0	79.8	101.5	1573	OK
1146	 80000	75.3	92.6	1812	very high noise
1147	     0	78.4	99.9	1624	OK
1148	     0	77.9	99.3	1638	OK
1149	     0	78.2	98.5	1676	OK
1150	     0	77.8	101.2	1573	OK
1151	     0	77.6	101.5	1603	OK
1152	     0	77.7	100.3	1663	OK
1153	     0	74.8	97.4	1684	OK
1154	 80000	76.2	97.5	1795	very high noise
1155	 80000	76.9	96.6	1820	very high noise
1156	     0	73.9	99.2	1673	OK
1157	 80000	75.4	94.2	1822	very high noise
1158	 80000	76.5	97.7	1738	very high noise
1159	 80000	75.1	96.6	1761	very high noise
1160	 80000	74.3	94.5	1806	very high noise
1161	 80000	73.3	91.3	1942	very high noise
1162	     0	76.5	102.2	1607	OK
1163	 80000	73.6	90.9	1930	very high noise
1164	     0	78.2	101.9	1684	OK
1165	     0	75.3	99.1	1675	OK
1166	     0	77.6	101.0	1644	OK
1167	 80000	75.3	97.0	1782	very high noise
1168	 80000	78.2	98.9	1742	very high noise
1169	 80000	78.6	99.3	1720	very high noise
1170	 80000	75.2	95.4	1745	very high noise
1171	 80000	75.7	96.7	1770	very high noise
1172	 80000	77.1	99.9	1706	very high noise
1173	     0	76.1	98.5	1688	OK
1174	 80000	77.7	97.3	1729	very high noise
1175	 80000	76.5	96.7	1797	very high noise
1176	 80000	74.7	94.4	1833	very high noise
1177	 80000	73.3	93.8	1829	very high noise
1178	     0	75.9	99.4	1681	OK
1179	 80000	75.0	95.5	1770	very high noise
1180	 80000	75.7	96.9	1768	very high noise
1181	     0	75.2	97.2	1695	OK
1182	     0	76.2	99.5	1694	OK
1183	 80000	76.9	98.4	1723	very high noise
1184	 80000	71.7	91.8	1880	very high noise
1185	 80000	77.0	99.9	1703	very high noise
1186	     0	74.7	98.4	1647	OK
1187	 80000	72.3	95.8	1803	very high noise
1188	 80000	73.2	94.2	1802	very high noise
1189	 80000	75.4	98.4	1742	very high noise
1190	 80000	73.7	93.7	1808	very high noise
1191	 80000	75.7	96.1	1776	very high noise
1192	 80000	75.2	89.9	2002	very high noise
1193	 80000	73.0	93.7	1828	very high noise
1194	 80000	72.3	93.2	1867	very high noise
1195	     0	76.2	100.6	1700	OK
1196	 80000	74.6	94.0	1803	very high noise
1197	 80000	71.2	92.3	1866	very high noise
1198	 80000	73.3	95.3	1748	very high noise
1199	     0	76.1	100.6	1638	OK
1200	 80000	73.5	91.9	1917	very high noise
1201	 80000	75.8	97.1	1779	very high noise
1202	     0	76.3	99.7	1652	OK
1203	 80000	74.5	97.8	1704	very high noise
1204	 80000	74.4	91.5	1919	very high noise
1205	 80000	75.4	96.9	1731	very high noise
1206	 80000	74.3	96.9	1755	very high noise
1207	     0	75.8	99.8	1653	OK
1208	 80000	74.1	93.8	1861	very high noise
1209	 80000	74.9	98.1	1725	very high noise
1210	 80000	76.3	93.9	1919	very high noise
1211	 80000	74.9	96.7	1730	very high noise
1212	     0	76.1	101.9	1636	OK
1213	 80000	74.2	95.7	1770	very high noise
1214	 80000	77.4	96.8	1784	very high noise
1215	 80000	75.6	96.3	1774	very high noise
1216	 80000	74.9	85.9	2092	very high noise
1217	 80000	73.6	94.6	1821	very high noise
1218	 80000	76.6	97.3	1754	very high noise
1219	 80000	72.5	92.4	1858	very high noise
1220	 80000	73.1	92.1	1905	very high noise
1221	     0	74.9	100.5	1660	OK
1222	 80000	75.6	96.3	1822	very high noise
1223	 80000	72.3	90.7	1910	very high noise
1224	 80000	73.0	93.3	1879	very high noise
1225	     0	74.6	98.5	1669	OK
1226	 80000	73.8	97.9	1744	very high noise
1227	 80000	73.4	94.9	1797	very high noise
1228	 80000	77.9	98.6	1711	very high noise
1229	 80000	71.5	78.4	2198	very high noise
1230	 80000	73.9	96.1	1764	very high noise
1231	 80000	76.1	96.0	1806	very high noise
1232	 80000	73.1	93.7	1813	very high noise
1233	     0	77.7	104.4	1558	OK
1234	 80000	73.7	95.1	1823	very high noise
1235	     0	77.0	99.8	1652	OK
1236	 80000	75.1	98.1	1715	very high noise
1237	 80000	72.8	93.8	1802	very high noise
1238	 80000	75.3	95.8	1762	very high noise
1239	     0	74.9	97.0	1699	OK
1240	 80000	72.8	92.5	1861	very high noise
1241	 80000	72.4	92.1	1850	very high noise
1242	 80000	74.8	93.5	1853	very high noise
1243	     0	74.3	97.8	1661	OK
1244	 80000	75.7	95.9	1760	very high noise
1245	     0	73.5	99.2	1676	OK
1246	     0	76.5	98.7	1664	OK
1247	     0	76.9	100.1	1641	OK
1248	     0	75.2	99.1	1646	OK
1249	 80000	72.2	86.6	2042	very high noise
1250	 80000	74.0	96.5	1715	very high noise
1251	 80000	74.1	95.2	1770	very high noise
1252	 80000	74.3	95.4	1734	very high noise
1253	 80000	75.1	95.4	1744	very high noise
1254	     0	76.3	102.7	1527	OK
1255	     0	75.4	97.8	1672	OK
1256	 80000	74.4	94.4	1733	very high noise
1257	     0	76.8	98.2	1684	OK
1258	     0	72.9	97.1	1661	OK
1259	     0	74.2	97.2	1683	OK
1260	 80000	74.4	93.3	1846	very high noise
1261	 80000	75.8	95.3	1737	very high noise
1262	 80000	76.0	96.9	1731	very high noise
1263	 80000	75.9	95.2	1784	very high noise
1264	 80000	73.5	94.5	1723	very high noise
1265	 80000	70.9	86.1	2004	very high noise
1266	 80000	74.4	94.0	1789	very high noise
1267	 80000	74.3	96.1	1741	very high noise
1268	     0	75.3	97.9	1660	OK
1269	     0	73.5	96.8	1698	OK
1270	     0	76.4	98.5	1620	OK
1271	 80000	76.5	97.3	1713	very high noise
1272	 80000	74.1	94.9	1722	very high noise
1273	     0	75.5	97.7	1643	OK
1274	     0	77.0	99.2	1649	OK
1275	     0	76.7	96.7	1686	OK
1276	     0	78.2	101.4	1556	OK
1277	     0	79.7	102.8	1572	OK
1278	     0	79.2	97.2	1689	OK
1279	     0	78.0	96.7	1598	OK
1280	  4000	82.9	103.4	1274	high noise
1281	  4000	76.8	98.4	1353	high noise
1282	  4000	74.1	94.4	1386	high noise
1283	  4000	79.3	103.5	1269	high noise
1284	  4000	77.8	101.8	1246	high noise
1285	  4000	76.9	102.5	1223	high noise
1286	     0	77.8	103.1	1199	OK
1287	  4000	77.0	100.2	1226	high noise
1288	     0	75.4	100.6	1184	OK
1289	     0	79.5	104.3	1139	OK
1290	     0	78.3	102.2	1151	OK
1291	     0	79.4	99.0	1185	OK
1292	     0	78.3	103.0	1141	OK
1293	     0	79.0	100.8	1147	OK
1294	     0	79.9	101.7	1161	OK
1295	     0	77.5	99.0	1152	OK
1296	     0	79.1	104.5	1128	OK
1297	     0	78.3	104.8	1125	OK
1298	     0	77.2	99.8	1153	OK
1299	     0	75.9	99.0	1154	OK
1300	     0	78.1	99.7	1134	OK
1301	     0	77.2	102.0	1099	OK
1302	     0	79.2	103.7	1133	OK
1303	     0	77.5	102.6	1123	OK
1304	     0	78.4	98.8	1166	OK
1305	     0	76.2	96.5	1212	OK
1306	     0	78.5	99.5	1156	OK
1307	     0	79.8	104.0	1122	OK
1308	     0	78.9	104.2	1110	OK
1309	     0	81.2	101.9	1168	OK
1310	     0	76.7	98.2	1175	OK
1311	     0	77.8	104.3	1097	OK
1312	     0	76.8	102.8	1101	OK
1313	     0	77.5	100.4	1140	OK
1314	     0	79.0	99.9	1154	OK
1315	     0	79.3	103.6	1110	OK
1316	     0	75.5	98.1	1160	OK
1317	     0	77.9	99.1	1174	OK
1318	     0	79.3	103.0	1130	OK
1319	     0	77.6	97.7	1211	OK
1320	     0	80.1	105.1	1125	OK
1321	     0	77.9	100.2	1150	OK
1322	     0	77.4	96.4	1197	OK
1323	     0	78.5	117.1	1134	OK
1324	     0	77.3	100.1	1145	OK
1325	     0	78.7	103.3	1116	OK
1326	     0	79.1	103.0	1144	OK
1327	     0	73.7	100.0	1154	OK
1328	     0	79.3	102.1	1095	OK
1329	     0	80.7	102.9	1130	OK
1330	     0	78.6	102.4	1149	OK
1331	     0	77.3	104.5	1142	OK
1332	     0	78.0	102.9	1172	OK
1333	     0	79.9	100.8	1159	OK
1334	     0	76.9	102.1	1162	OK
1335	     0	78.9	105.1	1144	OK
1336	     0	76.6	101.4	1160	OK
1337	     0	81.4	107.9	1143	OK
1338	  4000	80.0	98.4	1231	high noise
1339	     0	78.8	104.2	1133	OK
1340	     0	79.4	102.4	1196	OK
1341	     0	78.8	102.4	1153	OK
1342	     0	80.3	101.5	1187	OK
1343	     0	80.0	105.3	1174	OK
1344	     0	77.2	114.5	1151	OK
1345	     0	79.2	103.2	1132	OK
1346	     0	78.3	103.4	1167	OK
1347	     0	81.4	102.9	1147	OK
1348	     0	77.9	101.1	1182	OK
1349	     0	77.6	100.2	1176	OK
1350	     0	77.0	99.3	1192	OK
1351	     0	78.1	102.3	1162	OK
1352	     0	78.9	103.2	1152	OK
1353	     0	78.8	101.2	1192	OK
1354	     0	78.8	100.7	1209	OK
1355	     0	80.0	105.8	1144	OK
1356	     0	80.0	102.5	1173	OK
1357	     0	77.9	101.0	1163	OK
1358	     0	79.7	101.3	1163	OK
1359	     0	79.9	105.7	1150	OK
1360	     0	78.4	103.0	1143	OK
1361	     0	77.8	102.5	1139	OK
1362	     0	80.4	102.6	1162	OK
1363	     0	77.3	103.1	1185	OK
1364	     0	81.3	105.2	1152	OK
1365	     0	80.4	103.2	1147	OK
1366	     0	80.2	104.7	1157	OK
1367	     0	78.2	101.7	1165	OK
1368	     0	77.5	100.9	1178	OK
1369	     0	81.2	104.6	1139	OK
1370	     0	79.2	102.8	1155	OK
1371	     0	80.4	101.9	1156	OK
1372	     0	79.9	103.6	1175	OK
1373	     0	79.2	102.4	1155	OK
1374	     0	76.2	100.6	1186	OK
1375	     0	77.1	100.3	1166	OK
1376	     0	79.7	104.8	1123	OK
1377	     0	77.0	103.0	1143	OK
1378	     0	76.9	98.6	1193	OK
1379	     0	79.0	104.6	1145	OK
1380	     0	79.3	103.3	1121	OK
1381	     0	78.8	100.3	1162	OK
1382	     0	80.8	105.0	1148	OK
1383	     0	84.0	107.6	1119	OK
1384	     0	78.0	103.3	1163	OK
1385	     0	81.2	100.8	1173	OK
1386	     0	81.3	105.8	1165	OK
1387	     0	80.5	104.2	1151	OK
1388	     0	78.6	100.2	1188	OK
1389	     0	80.0	106.6	1110	OK
1390	     0	78.7	100.8	1161	OK
1391	     0	80.4	105.5	1163	OK
1392	     0	79.7	106.1	1138	OK
1393	  4000	78.6	97.1	1219	high noise
1394	     0	79.1	107.8	1130	OK
1395	     0	80.7	105.4	1146	OK
1396	     0	82.1	104.9	1141	OK
1397	     0	77.2	98.3	1178	OK
1398	     0	78.7	102.1	1125	OK
1399	     0	78.2	103.2	1139	OK
1400	     0	80.9	105.0	1160	OK
1401	     0	81.5	107.2	1152	OK
1402	     0	78.1	100.7	1173	OK
1403	     0	78.1	102.5	1159	OK
1404	     0	81.3	104.3	1152	OK
1405	     0	78.4	102.7	1138	OK
1406	     0	79.8	103.1	1142	OK
1407	     0	81.2	106.9	1188	OK
1408	     0	79.0	102.3	1098	OK
1409	     0	83.2	106.9	1095	OK
1410	     0	81.7	103.5	1105	OK
1411	     0	77.7	99.7	1114	OK
1412	     0	77.1	102.5	1079	OK
1413	     0	80.6	103.3	1093	OK
1414	     0	80.4	102.6	1120	OK
1415	     0	83.6	108.3	1106	OK
1416	     0	80.1	105.1	1117	OK
1417	     0	77.4	99.2	1138	OK
1418	     0	77.4	100.4	1115	OK
1419	     0	78.8	102.9	1112	OK
1420	     0	80.8	102.7	1105	OK
1421	     0	82.6	108.2	1089	OK
1422	     0	80.3	106.9	1095	OK
1423	     0	76.9	100.2	1099	OK
1424	     0	77.8	100.6	1098	OK
1425	     0	77.6	100.5	1104	OK
1426	     0	78.8	103.9	1080	OK
1427	     0	82.0	105.0	1089	OK
1428	     0	78.7	104.4	1091	OK
1429	     0	77.7	101.9	1099	OK
1430	     0	79.8	103.6	1098	OK
1431	     0	79.0	102.0	1134	OK
1432	     0	79.2	101.9	1133	OK
1433	     0	79.5	102.6	1108	OK
1434	     0	80.5	105.4	1108	OK
1435	     0	80.4	103.7	1108	OK
1436	     0	80.6	103.4	1107	OK
1437	     0	79.1	100.1	1089	OK
1438	     0	79.1	103.0	1098	OK
1439	     0	80.5	103.6	1092	OK
1440	     0	78.5	101.2	1136	OK
1441	     0	79.4	102.5	1102	OK
1442	     0	78.4	100.6	1142	OK
1443	     0	76.0	100.1	1100	OK
1444	     0	78.4	100.7	1138	OK
1445	     0	78.0	101.0	1110	OK
1446	     0	81.4	106.4	1107	OK
1447	     0	77.8	104.6	1085	OK
1448	     0	82.3	105.3	1110	OK
1449	     0	78.5	100.8	1114	OK
1450	     0	76.6	100.0	1141	OK
1451	     0	78.9	102.3	1092	OK
1452	     0	82.3	102.0	1105	OK
1453	     0	78.8	102.6	1099	OK
1454	     0	82.1	105.0	1105	OK
1455	     0	77.9	100.7	1116	OK
1456	     0	79.6	104.9	1101	OK
1457	     0	80.6	103.7	1113	OK
1458	     0	77.7	105.4	1094	OK
1459	     0	80.6	104.4	1092	OK
1460	     0	77.2	104.2	1095	OK
1461	     0	80.1	103.9	1097	OK
1462	     0	76.6	99.9	1129	OK
1463	     0	79.3	101.1	1109	OK
1464	     0	82.0	104.8	1105	OK
1465	     0	80.3	105.3	1087	OK
1466	     0	80.8	104.2	1122	OK
1467	     0	80.5	102.4	1116	OK
1468	     0	81.4	106.7	1097	OK
1469	     0	81.1	109.4	1091	OK
1470	     0	79.9	105.4	1081	OK
1471	     0	80.4	104.8	1113	OK
1472	     0	80.7	102.6	1136	OK
1473	     0	77.4	103.3	1109	OK
1474	     0	81.0	107.8	1085	OK
1475	     0	82.1	103.7	1119	OK
1476	     0	79.2	103.8	1109	OK
1477	     0	76.0	101.8	1089	OK
1478	     0	80.4	104.0	1105	OK
1479	     0	77.3	100.6	1104	OK
1480	     0	82.0	108.6	1090	OK
1481	     0	79.8	103.3	1105	OK
1482	     0	79.0	105.4	1098	OK
1483	     0	81.7	106.8	1103	OK
1484	     0	80.9	108.3	1124	OK
1485	     0	77.2	102.1	1103	OK
1486	     0	79.3	102.2	1110	OK
1487	     0	78.9	103.1	1102	OK
1488	     0	76.8	99.7	1119	OK
1489	     0	79.5	104.6	1095	OK
1490	     0	81.0	107.4	1097	OK
1491	     0	75.6	101.2	1117	OK
1492	     0	80.0	104.1	1092	OK
1493	     0	78.3	101.6	1141	OK
1494	     0	82.2	106.5	1103	OK
1495	     0	77.1	99.2	1135	OK
1496	     0	80.5	106.6	1106	OK
1497	     0	81.5	105.0	1116	OK
1498	     0	80.3	104.8	1104	OK
1499	     0	79.6	103.8	1071	OK
1500	     0	79.9	105.0	1123	OK
1501	     0	80.6	106.1	1082	OK
1502	     0	79.8	102.6	1101	OK
1503	     0	80.2	104.0	1084	OK
1504	     0	79.9	101.0	1139	OK
1505	     0	79.3	103.9	1094	OK
1506	     0	78.3	100.8	1140	OK
1507	     0	79.9	102.1	1132	OK
1508	     0	80.7	102.3	1134	OK
1509	     0	79.0	99.2	1149	OK
1510	     0	80.0	101.5	1111	OK
1511	     0	79.7	102.4	1106	OK
1512	     0	79.1	101.5	1110	OK
1513	     0	78.6	103.3	1114	OK
1514	     0	79.9	102.8	1103	OK
1515	     0	78.1	101.6	1113	OK
1516	     0	81.9	108.2	1104	OK
1517	     0	77.5	101.7	1096	OK
1518	     0	78.6	102.4	1105	OK
1519	     0	78.3	103.1	1111	OK
1520	     0	79.6	103.2	1078	OK
1521	     0	80.3	106.3	1077	OK
1522	     0	76.2	100.6	1122	OK
1523	     0	81.1	107.2	1080	OK
1524	     0	80.4	102.4	1104	OK
1525	     0	80.8	102.7	1117	OK
1526	     0	79.8	105.2	1099	OK
1527	     0	79.1	102.2	1108	OK
1528	     0	81.5	104.6	1098	OK
1529	     0	78.9	102.4	1085	OK
1530	     0	78.2	102.4	1119	OK
1531	     0	79.7	102.4	1113	OK
1532	     0	79.3	102.3	1100	OK
1533	     0	81.8	106.6	1100	OK
1534	     0	82.0	105.0	1101	OK
1535	     0	81.6	104.9	1120	OK
1536	     0	77.2	103.1	1157	OK
1537	     0	78.6	103.7	1179	OK
1538	     0	79.9	104.4	1172	OK
1539	     0	78.0	101.6	1146	OK
1540	     0	81.6	104.3	1160	OK
1541	     0	78.7	103.4	1138	OK
1542	     0	78.5	104.7	1165	OK
1543	     0	79.2	105.1	1156	OK
1544	     0	75.9	99.3	1180	OK
1545	     0	79.6	103.5	1153	OK
1546	     0	80.1	104.1	1139	OK
1547	     0	78.9	102.0	1159	OK
1548	     0	81.3	104.5	1148	OK
1549	     0	79.1	100.3	1194	OK
1550	     0	77.6	101.5	1154	OK
1551	     0	79.1	103.9	1162	OK
1552	     0	79.2	103.6	1161	OK
1553	     0	77.6	101.7	1162	OK
1554	     0	77.9	101.4	1194	OK
1555	     0	80.8	107.4	1163	OK
1556	     0	78.4	101.0	1170	OK
1557	     0	76.9	100.1	1167	OK
1558	     0	76.6	100.6	1161	OK
1559	     0	78.8	102.1	1185	OK
1560	     0	77.5	102.4	1137	OK
1561	     0	79.2	101.8	1182	OK
1562	     0	77.1	99.9	1179	OK
1563	     0	78.0	102.5	1175	OK
1564	     0	76.4	100.5	1176	OK
1565	     0	80.5	104.7	1174	OK
1566	     0	77.2	119.3	1170	OK
1567	     0	77.7	109.7	1157	OK
1568	     0	80.4	102.1	1196	OK
1569	     0	80.5	105.6	1137	OK
1570	     0	77.1	102.5	1148	OK
1571	     0	79.4	101.0	1215	OK
1572	     0	77.4	99.5	1180	OK
1573	     0	79.1	104.2	1170	OK
1574	     0	78.8	101.6	1190	OK
1575	     0	78.8	103.8	1186	OK
1576	     0	75.6	99.8	1184	OK
1577	     0	78.3	103.2	1156	OK
1578	     0	78.6	100.8	1204	OK
1579	     0	76.7	100.6	1166	OK
1580	     0	77.6	101.2	1164	OK
1581	     0	77.5	101.1	1182	OK
1582	     0	80.8	104.7	1162	OK
1583	     0	77.0	100.9	1158	OK
1584	     0	78.2	102.2	1166	OK
1585	     0	76.9	101.8	1203	OK
1586	     0	78.2	105.7	1186	OK
1587	     0	79.1	104.5	1167	OK
1588	     0	76.4	96.2	1238	OK
1589	     0	78.7	100.8	1211	OK
1590	     0	79.3	101.3	1191	OK
1591	     0	77.5	102.3	1169	OK
1592	     0	78.6	103.3	1190	OK
1593	     0	80.7	102.6	1207	OK
1594	     0	77.7	101.8	1170	OK
1595	     0	79.2	101.8	1180	OK
1596	     0	79.1	103.8	1184	OK
1597	     0	77.8	102.1	1175	OK
1598	     0	78.9	104.8	1170	OK
1599	     0	80.1	102.1	1194	OK
1600	     0	76.6	100.6	1174	OK
1601	     0	76.2	99.2	1181	OK
1602	     0	79.6	104.2	1163	OK
1603	     0	74.3	98.1	1176	OK
1604	     0	79.1	104.0	1136	OK
1605	     0	77.8	102.5	1167	OK
1606	     0	77.6	103.2	1156	OK
1607	     0	75.1	94.5	1239	OK
1608	     0	74.8	98.8	1197	OK
1609	     0	77.7	103.5	1158	OK
1610	     0	79.7	105.3	1157	OK
1611	     0	78.7	100.6	1190	OK
1612	     0	75.6	100.3	1148	OK
1613	     0	78.4	104.0	1160	OK
1614	     0	75.4	99.4	1179	OK
1615	     0	77.7	98.3	1231	OK
1616	     0	79.4	105.2	1115	OK
1617	     0	79.7	104.5	1158	OK
1618	     0	76.4	101.7	1166	OK
1619	     0	75.8	100.2	1157	OK
1620	     0	75.9	102.5	1149	OK
1621	     0	75.9	100.0	1180	OK
1622	     0	76.4	97.2	1221	OK
1623	     0	76.7	99.8	1178	OK
1624	     0	79.4	101.6	1153	OK
1625	     0	77.3	99.5	1178	OK
1626	     0	80.6	109.8	1157	OK
1627	     0	80.3	103.8	1173	OK
1628	     0	77.6	99.4	1187	OK
1629	     0	77.3	99.9	1154	OK
1630	     0	81.2	102.5	1172	OK
1631	     0	76.1	99.2	1167	OK
1632	     0	78.3	104.0	1136	OK
1633	     0	79.8	105.8	1126	OK
1634	     0	80.0	102.7	1150	OK
1635	     0	77.2	100.7	1145	OK
1636	     0	77.2	105.1	1166	OK
1637	     0	77.6	104.4	1134	OK
1638	     0	76.8	100.5	1171	OK
1639	     0	75.2	97.9	1182	OK
1640	     0	76.9	102.4	1148	OK
1641	     0	78.3	101.3	1168	OK
1642	     0	75.7	100.9	1155	OK
1643	     0	78.0	103.6	1170	OK
1644	     0	76.4	101.2	1165	OK
1645	     0	76.0	98.7	1155	OK
1646	     0	79.5	102.7	1167	OK
1647	     0	78.1	100.2	1184	OK
1648	     0	77.5	100.7	1175	OK
1649	     0	77.5	99.4	1177	OK
1650	     0	79.6	101.4	1183	OK
1651	     0	79.9	104.9	1153	OK
1652	     0	78.2	101.2	1178	OK
1653	     0	75.6	101.0	1168	OK
1654	     0	81.1	103.4	1148	OK
1655	     0	77.0	101.7	1162	OK
1656	     0	77.6	101.6	1177	OK
1657	     0	77.5	98.9	1212	OK
1658	     0	77.1	101.2	1134	OK
1659	     0	79.1	106.0	1134	OK
1660	     0	79.8	103.4	1169	OK
1661	     0	77.6	101.8	1135	OK
1662	     0	79.0	102.9	1170	OK
1663	     0	79.5	101.7	1174	OK
1664	     0	77.0	103.2	1155	OK
1665	     0	76.3	99.7	1213	OK
1666	     0	76.0	98.9	1191	OK
1667	     0	75.9	103.4	1148	OK
1668	     0	76.3	98.9	1200	OK
1669	     0	72.9	97.5	1194	OK
1670	     0	77.2	102.9	1164	OK
1671	     0	76.1	99.9	1192	OK
1672	     0	72.8	96.1	1231	OK
1673	     0	73.8	97.3	1198	OK
1674	     0	72.6	95.5	1232	OK
1675	     0	74.3	96.0	1226	OK
1676	     0	75.7	99.6	1193	OK
1677	     0	74.9	101.7	1180	OK
1678	  4000	72.4	94.2	1280	high noise
1679	     0	74.2	97.2	1215	OK
1680	     0	72.5	98.0	1175	OK
1681	     0	71.9	95.7	1236	OK
1682	     0	74.7	98.6	1157	OK
1683	     0	77.2	100.9	1186	OK
1684	     0	75.3	97.9	1221	OK
1685	     0	73.5	96.6	1236	OK
1686	     0	74.2	97.7	1221	OK
1687	     0	77.1	102.9	1158	OK
1688	     0	76.3	101.2	1170	OK
1689	     0	74.5	96.6	1234	OK
1690	     0	74.7	99.9	1183	OK
1691	     0	75.7	97.5	1179	OK
1692	     0	73.1	97.6	1199	OK
1693	     0	73.5	95.2	1230	OK
1694	     0	75.7	96.9	1213	OK
1695	     0	74.5	97.0	1218	OK
1696	     0	75.3	99.3	1211	OK
1697	     0	74.7	97.7	1214	OK
1698	     0	74.9	95.9	1226	OK
1699	     0	74.7	97.6	1230	OK
1700	     0	75.4	99.0	1185	OK
1701	     0	75.9	99.3	1200	OK
1702	     0	74.2	98.2	1212	OK
1703	     0	74.8	98.7	1186	OK
1704	     0	75.7	98.5	1228	OK
1705	     0	73.2	97.8	1231	OK
1706	  4000	74.0	96.7	1265	high noise
1707	     0	73.6	97.4	1225	OK
1708	     0	76.3	98.7	1221	OK
1709	     0	75.0	100.2	1210	OK
1710	     0	75.4	97.5	1232	OK
1711	     0	74.5	98.9	1233	OK
1712	     0	74.9	101.1	1185	OK
1713	     0	75.7	97.9	1226	OK
1714	     0	76.8	102.7	1162	OK
1715	     0	75.1	99.4	1179	OK
1716	     0	73.6	95.7	1247	OK
1717	     0	76.3	97.9	1220	OK
1718	  4000	72.2	93.6	1281	high noise
1719	     0	74.3	102.5	1180	OK
1720	     0	77.0	102.6	1161	OK
1721	     0	70.9	94.0	1233	OK
1722	     0	76.9	99.9	1191	OK
1723	  4000	75.2	95.2	1256	high noise
1724	     0	75.8	99.1	1223	OK
1725	     0	74.5	97.8	1226	OK
1726	     0	75.0	98.5	1224	OK
1727	     0	75.7	98.6	1195	OK
1728	     0	77.4	104.4	1151	OK
1729	     0	74.1	97.8	1234	OK
1730	     0	76.3	100.0	1188	OK
1731	     0	75.5	98.1	1183	OK
1732	     0	74.6	100.2	1193	OK
1733	     0	77.1	101.6	1168	OK
1734	     0	74.6	95.6	1238	OK
1735	     0	76.6	100.2	1202	OK
1736	     0	77.0	100.2	1204	OK
1737	     0	78.7	104.4	1173	OK
1738	     0	78.8	106.1	1133	OK
1739	     0	75.7	98.1	1221	OK
1740	     0	75.9	99.4	1181	OK
1741	     0	75.5	99.0	1180	OK
1742	     0	76.6	102.0	1142	OK
1743	     0	75.9	101.8	1176	OK
1744	     0	76.6	97.8	1225	OK
1745	     0	75.9	100.5	1175	OK
1746	     0	74.2	97.9	1186	OK
1747	     0	76.9	100.1	1205	OK
1748	     0	75.5	103.2	1181	OK
1749	     0	75.3	98.2	1190	OK
1750	     0	74.4	97.4	1224	OK
1751	     0	75.0	99.6	1182	OK
1752	     0	74.9	99.6	1216	OK
1753	     0	73.6	97.5	1191	OK
1754	     0	74.1	98.5	1220	OK
1755	     0	76.0	98.8	1207	OK
1756	     0	76.3	99.7	1218	OK
1757	  4000	73.5	97.7	1253	high noise
1758	     0	73.9	94.9	1229	OK
1759	     0	74.1	99.1	1182	OK
1760	     0	75.4	99.9	1191	OK
1761	     0	76.9	99.8	1195	OK
1762	     0	77.2	97.3	1244	OK
1763	     0	75.8	100.9	1168	OK
1764	     0	76.4	101.2	1183	OK
1765	     0	73.7	98.6	1187	OK
1766	     0	73.4	99.8	1174	OK
1767	     0	76.1	99.1	1187	OK
1768	     0	72.6	94.5	1234	OK
1769	     0	76.7	99.0	1183	OK
1770	  4000	74.1	94.6	1268	high noise
1771	     0	74.8	100.6	1217	OK
1772	     0	75.0	97.4	1208	OK
1773	     0	74.6	97.0	1227	OK
1774	     0	76.3	99.0	1191	OK
1775	  4000	74.1	90.2	1406	high noise
1776	     0	75.1	97.2	1201	OK
1777	     0	76.3	97.9	1230	OK
1778	     0	74.8	98.2	1211	OK
1779	     0	74.4	98.1	1167	OK
1780	  4000	77.0	97.2	1292	high noise
1781	     0	73.2	98.9	1180	OK
1782	     0	73.8	101.5	1211	OK
1783	  4000	72.5	80.0	1651	high noise
1784	     0	75.9	101.0	1195	OK
1785	     0	76.2	105.5	1162	OK
1786	     0	76.7	101.8	1199	OK
1787	     0	76.6	100.1	1183	OK
1788	     0	76.7	101.3	1209	OK
1789	     0	76.0	97.8	1214	OK
1790	     0	75.5	98.6	1203	OK
1791	  4000	73.7	93.5	1266	high noise
1792	     0	76.2	100.7	1197	OK
1793	     0	76.7	95.9	1258	OK
1794	     0	74.2	96.6	1228	OK
1795	     0	75.2	99.3	1244	OK
1796	     0	71.5	92.4	1291	OK
1797	     0	76.0	98.5	1218	OK
1798	     0	73.4	95.8	1249	OK
1799	     0	74.6	100.6	1203	OK
1800	     0	71.6	97.0	1210	OK
1801	     0	74.5	94.8	1279	OK
1802	     0	72.6	95.6	1272	OK
1803	     0	72.2	99.3	1195	OK
1804	     0	74.3	95.4	1271	OK
1805	     0	75.0	99.3	1199	OK
1806	     0	73.2	95.9	1254	OK
1807	     0	75.2	100.5	1207	OK
1808	     0	72.7	97.4	1260	OK
1809	     0	70.4	90.5	1327	OK
1810	     0	75.4	97.3	1257	OK
1811	     0	74.2	96.5	1255	OK
1812	     0	73.7	93.9	1354	OK
1813	     0	76.8	100.8	1190	OK
1814	     0	74.9	98.0	1269	OK
1815	     0	74.0	95.2	1273	OK
1816	     0	74.8	98.2	1237	OK
1817	     0	72.3	102.9	1176	OK
1818	     0	72.7	97.7	1225	OK
1819	     0	72.7	95.2	1303	OK
1820	     0	75.0	97.7	1239	OK
1821	     0	74.8	96.2	1267	OK
1822	     0	74.5	96.3	1297	OK
1823	     0	75.6	98.3	1255	OK
1824	     0	72.5	96.0	1280	OK
1825	     0	74.7	95.5	1326	OK
1826	     0	75.9	101.2	1227	OK
1827	     0	73.2	95.0	1264	OK
1828	     0	74.8	97.0	1289	OK
1829	     0	72.2	94.7	1275	OK
1830	     0	74.9	96.7	1313	OK
1831	     0	74.3	96.2	1317	OK
1832	     0	74.3	96.8	1303	OK
1833	     0	76.2	99.8	1272	OK
1834	     0	75.7	98.4	1280	OK
1835	     0	75.8	100.9	1242	OK
1836	     0	77.5	101.4	1246	OK
1837	     0	78.0	99.5	1303	OK
1838	     0	72.5	97.3	1253	OK
1839	     0	74.7	98.2	1242	OK
1840	     0	72.8	96.8	1266	OK
1841	     0	73.4	97.4	1312	OK
1842	     0	71.5	94.1	1313	OK
1843	     0	73.8	97.5	1288	OK
1844	     0	74.6	98.2	1278	OK
1845	  4000	70.6	90.0	1441	high noise
1846	     0	73.0	95.3	1302	OK
1847	     0	73.3	97.3	1310	OK
1848	     0	71.8	92.8	1379	OK
1849	     0	72.4	96.2	1273	OK
1850	     0	74.4	98.8	1278	OK
1851	     0	74.6	98.6	1287	OK
1852	     0	74.3	99.3	1282	OK
1853	     0	70.4	92.9	1366	OK
1854	     0	75.0	96.5	1337	OK
1855	     0	74.6	94.4	1381	OK
1856	     0	75.0	96.8	1387	OK
1857	     0	77.7	101.7	1303	OK
1858	     0	72.4	95.3	1367	OK
1859	     0	72.8	97.8	1272	OK
1860	     0	72.6	96.0	1329	OK
1861	     0	74.0	100.8	1266	OK
1862	     0	72.1	94.4	1364	OK
1863	     0	72.7	96.2	1333	OK
1864	     0	75.9	99.7	1312	OK
1865	  4000	74.4	95.1	1418	high noise
1866	     0	74.3	97.8	1326	OK
1867	     0	74.9	96.8	1345	OK
1868	     0	75.1	97.5	1371	OK
1869	     0	75.1	101.6	1294	OK
1870	     0	73.2	98.5	1293	OK
1871	     0	76.0	100.4	1330	OK
1872	  4000	73.9	93.9	1452	high noise
1873	     0	73.6	98.1	1330	OK
1874	     0	74.3	97.3	1366	OK
1875	  4000	73.7	92.1	1496	high noise
1876	     0	71.0	94.6	1376	OK
1877	     0	74.5	98.3	1322	OK
1878	     0	73.7	95.8	1364	OK
1879	     0	71.7	95.4	1395	OK
1880	     0	72.6	95.6	1359	OK
1881	  4000	71.8	93.1	1416	high noise
1882	     0	72.9	96.1	1362	OK
1883	     0	74.0	94.8	1397	OK
1884	     0	74.6	97.6	1357	OK
1885	  4000	72.8	93.1	1458	high noise
1886	     0	75.0	98.3	1334	OK
1887	     0	73.2	97.3	1344	OK
1888	     0	72.6	98.7	1318	OK
1889	  4000	71.7	93.9	1419	high noise
1890	  4000	70.0	90.8	1518	high noise
1891	     0	74.7	97.0	1374	OK
1892	  4000	73.8	94.6	1430	high noise
1893	     0	74.8	97.1	1375	OK
1894	     0	71.9	98.4	1331	OK
1895	  4000	73.4	94.1	1449	high noise
1896	     0	71.7	96.5	1390	OK
1897	     0	75.3	96.4	1388	OK
1898	     0	73.2	101.1	1290	OK
1899	     0	73.2	95.9	1377	OK
1900	  4000	71.2	90.1	1555	high noise
1901	     0	72.3	97.4	1370	OK
1902	  4000	72.3	94.2	1432	high noise
1903	     0	75.4	101.5	1308	OK
1904	     0	74.4	96.0	1398	OK
1905	  4000	70.0	90.6	1552	high noise
1906	     0	76.2	100.6	1357	OK
1907	     0	74.1	100.7	1323	OK
1908	  4000	71.6	93.1	1489	high noise
1909	     0	72.5	95.4	1412	OK
1910	     0	76.7	99.5	1346	OK
1911	     0	74.4	97.0	1402	OK
1912	     0	75.8	97.9	1354	OK
1913	     0	76.6	100.1	1346	OK
1914	  4000	72.3	95.2	1460	high noise
1915	  4000	73.1	93.4	1491	high noise
1916	     0	77.0	100.6	1325	OK
1917	  4000	76.3	97.2	1440	high noise
1918	     0	76.8	99.4	1372	OK
1919	     0	76.3	100.0	1347	OK
1920	     0	74.2	98.0	1479	OK
1921	     0	77.0	97.6	1519	OK
1922	     0	72.5	93.7	1587	OK
1923	     0	74.0	98.7	1450	OK
1924	     0	74.4	99.1	1447	OK
1925	     0	75.0	99.0	1431	OK
1926	     0	70.2	92.3	1597	OK
1927	     0	72.0	93.2	1591	OK
1928	     0	72.4	96.2	1462	OK
1929	     0	71.0	96.7	1474	OK
1930	     0	73.1	97.6	1461	OK
1931	     0	73.3	103.9	1325	OK
1932	     0	72.0	92.3	1606	OK
1933	     0	73.8	100.3	1401	OK
1934	     0	74.8	98.1	1448	OK
1935	     0	71.9	109.6	1310	OK
1936	     0	71.1	93.7	1559	OK
1937	     0	75.7	101.3	1389	OK
1938	     0	75.1	96.7	1522	OK
1939	     0	74.4	99.1	1447	OK
1940	     0	76.3	95.6	1591	OK
1941	     0	74.3	100.6	1465	OK
1942	     0	70.8	91.9	1640	OK
1943	 80000	70.3	87.7	1765	very high noise
1944	     0	74.4	99.5	1456	OK
1945	     0	72.6	96.2	1502	OK
1946	     0	74.8	98.6	1469	OK
1947	     0	71.8	91.7	1620	OK
1948	     0	72.0	95.4	1538	OK
1949	     0	72.7	96.3	1573	OK
1950	     0	70.2	91.5	1639	OK
1951	     0	71.2	94.1	1544	OK
1952	     0	72.6	94.7	1577	OK
1953	     0	73.5	97.0	1492	OK
1954	     0	72.4	94.6	1565	OK
1955	     0	72.9	95.9	1502	OK
1956	 80000	70.7	89.1	1733	very high noise
1957	     0	74.8	99.1	1444	OK
1958	  4000	71.7	91.7	1669	high noise
1959	     0	73.9	94.1	1630	OK
1960	     0	72.4	95.9	1536	OK
1961	     0	71.9	96.5	1512	OK
1962	     0	71.3	93.4	1575	OK
1963	 80000	70.5	87.9	1729	very high noise
1964	     0	71.2	93.1	1597	OK
1965	     0	71.8	96.3	1464	OK
1966	     0	75.8	95.4	1574	OK
1967	     0	71.9	94.8	1558	OK
1968	     0	72.0	95.8	1514	OK
1969	     0	75.9	100.3	1420	OK
1970	     0	75.4	99.4	1442	OK
1971	     0	74.1	99.7	1424	OK
1972	     0	74.1	98.0	1482	OK
1973	     0	72.4	93.4	1603	OK
1974	     0	71.8	92.3	1630	OK
1975	 80000	70.9	90.4	1705	very high noise
1976	     0	71.2	93.0	1615	OK
1977	     0	72.7	93.1	1629	OK
1978	     0	73.2	97.0	1522	OK
1979	     0	70.9	92.5	1597	OK
1980	     0	73.8	99.7	1455	OK
1981	     0	72.5	96.1	1491	OK
1982	     0	74.0	99.1	1423	OK
1983	     0	75.7	98.5	1490	OK
1984	     0	74.2	95.3	1549	OK
1985	     0	75.9	98.0	1456	OK
1986	 80000	71.7	84.1	1857	very high noise
1987	     0	73.1	93.9	1568	OK
1988	     0	76.1	105.1	1315	OK
1989	     0	73.1	94.3	1520	OK
1990	     0	74.6	97.5	1482	OK
1991	     0	74.2	99.4	1406	OK
1992	     0	77.9	100.1	1403	OK
1993	     0	71.9	96.2	1482	OK
1994	     0	75.8	97.8	1493	OK
1995	     0	72.2	94.6	1536	OK
1996	     0	71.6	92.5	1587	OK
1997	 80000	71.7	85.4	1844	very high noise
1998	     0	74.6	98.6	1431	OK
1999	     0	74.2	94.2	1556	OK
2000	     0	71.7	93.6	1601	OK
2001	     0	71.7	93.3	1554	OK
2002	     0	74.6	96.9	1490	OK
2003	     0	72.9	98.0	1481	OK
2004	     0	71.9	92.8	1582	OK
2005	     0	75.5	99.3	1440	OK
2006	     0	73.3	95.4	1517	OK
2007	     0	75.9	99.5	1458	OK
2008	     0	74.2	95.0	1519	OK
2009	     0	74.7	98.7	1434	OK
2010	     0	75.1	99.6	1425	OK
2011	     0	73.1	93.9	1617	OK
2012	     0	74.8	99.2	1439	OK
2013	     0	73.8	95.8	1529	OK
2014	     0	74.1	95.7	1493	OK
2015	     0	72.6	95.5	1519	OK
2016	     0	71.4	93.7	1573	OK
2017	     0	73.1	94.4	1542	OK
2018	     0	73.0	96.2	1479	OK
2019	     0	72.8	96.6	1470	OK
2020	     0	76.3	98.8	1439	OK
2021	     0	74.7	96.8	1473	OK
2022	     0	74.1	94.8	1574	OK
2023	     0	74.8	98.4	1472	OK
2024	     0	72.7	95.8	1509	OK
2025	     0	74.0	94.1	1558	OK
2026	     0	76.0	99.9	1450	OK
2027	     0	73.6	99.0	1455	OK
2028	     0	72.8	93.9	1603	OK
2029	     0	75.5	99.4	1453	OK
2030	     0	75.0	95.4	1563	OK
2031	     0	73.3	93.7	1617	OK
2032	     0	77.6	102.0	1418	OK
2033	     0	75.8	97.5	1487	OK
2034	     0	77.2	101.6	1390	OK
2035	     0	76.1	99.2	1482	OK
2036	     0	77.2	104.3	1372	OK
2037	     0	74.3	93.1	1626	OK
2038	     0	72.8	97.6	1475	OK
2039	     0	75.9	99.9	1438	OK
2040	     0	76.3	95.6	1579	OK
2041	     0	75.8	97.6	1505	OK
2042	     0	75.5	95.2	1571	OK
2043	     0	74.4	97.2	1469	OK
2044	     0	76.6	97.5	1508	OK
2045	     0	74.0	93.6	1591	OK
2046	     0	75.1	99.5	1477	OK
2047	     0	75.8	98.6	1498	OK
2048	     0	76.9	99.1	1489	OK
2049	     0	73.6	96.7	1463	OK
2050	     0	78.4	102.6	1410	OK
2051	     0	75.9	98.4	1450	OK
2052	     0	75.8	98.2	1456	OK
2053	     0	75.0	96.5	1454	OK
2054	     0	74.3	93.9	1575	OK
2055	     0	78.1	99.7	1452	OK
2056	     0	77.1	99.5	1473	OK
2057	     0	77.3	101.2	1389	OK
2058	     0	77.3	96.5	1488	OK
2059	     0	74.0	96.2	1486	OK
2060	     0	74.6	94.7	1515	OK
2061	     0	75.9	96.6	1518	OK
2062	     0	76.4	97.3	1536	OK
2063	     0	78.1	105.0	1344	OK
2064	     0	75.8	95.1	1520	OK
2065	     0	78.3	99.7	1418	OK
2066	     0	75.8	101.5	1387	OK
2067	  4000	72.9	89.9	1679	high noise
2068	     0	75.6	97.3	1469	OK
2069	     0	73.3	96.5	1484	OK
2070	  4000	72.7	89.3	1692	high noise
2071	     0	77.1	99.4	1466	OK
2072	  4000	75.6	94.0	1594	high noise
2073	     0	75.8	95.7	1567	OK
2074	     0	77.0	99.8	1455	OK
2075	  4000	74.5	94.7	1581	high noise
2076	     0	76.8	99.4	1444	OK
2077	     0	76.0	96.3	1519	OK
2078	     0	75.5	97.8	1480	OK
2079	     0	76.8	100.3	1423	OK
2080	     0	74.7	98.5	1444	OK
2081	     0	78.5	100.6	1457	OK
2082	     0	73.9	94.5	1572	OK
2083	     0	74.7	97.2	1464	OK
2084	     0	75.1	96.9	1474	OK
2085	     0	75.3	97.5	1497	OK
2086	     0	72.7	93.5	1566	OK
2087	  4000	72.7	92.8	1595	high noise
2088	     0	76.0	97.7	1489	OK
2089	     0	77.0	98.1	1506	OK
2090	     0	76.4	96.4	1569	OK
2091	     0	73.9	95.4	1536	OK
2092	     0	75.0	99.5	1446	OK
2093	     0	73.8	96.0	1562	OK
2094	  4000	74.5	93.0	1635	high noise
2095	     0	74.8	95.0	1537	OK
2096	     0	75.4	100.3	1439	OK
2097	     0	78.6	101.1	1447	OK
2098	     0	75.1	97.5	1504	OK
2099	     0	75.6	97.8	1448	OK
2100	     0	75.2	99.2	1458	OK
2101	     0	74.4	98.1	1439	OK
2102	     0	78.1	97.8	1496	OK
2103	     0	74.8	96.3	1559	OK
2104	     0	71.3	94.0	1549	OK
2105	     0	77.1	99.1	1483	OK
2106	 80000	72.6	89.7	1778	very high noise
2107	     0	76.7	99.8	1430	OK
2108	     0	76.9	99.1	1508	OK
2109	  4000	75.5	95.8	1589	high noise
2110	     0	76.5	97.5	1546	OK
2111	  4000	77.6	94.8	1619	high noise
2112	     0	73.4	94.8	1565	OK
2113	     0	78.2	100.2	1454	OK
2114	  4000	74.3	92.1	1661	high noise
2115	     0	76.8	100.4	1437	OK
2116	     0	76.1	100.0	1477	OK
2117	  4000	75.3	93.3	1635	high noise
2118	     0	77.0	98.7	1488	OK
2119	     0	75.9	98.0	1475	OK
2120	     0	77.0	99.6	1442	OK
2121	     0	76.9	99.0	1472	OK
2122	  4000	74.9	93.7	1621	high noise
2123	     0	75.9	96.6	1541	OK
2124	     0	77.6	98.9	1519	OK
2125	     0	74.8	98.4	1460	OK
2126	     0	77.9	100.9	1432	OK
2127	     0	78.9	104.1	1375	OK
2128	     0	77.4	101.7	1407	OK
2129	     0	77.9	103.5	1391	OK
2130	     0	76.3	97.4	1506	OK
2131	     0	77.8	101.2	1392	OK
2132	     0	77.9	98.4	1527	OK
2133	     0	78.0	102.8	1405	OK
2134	  4000	75.1	94.0	1586	high noise
2135	     0	77.1	103.0	1389	OK
2136	     0	77.0	97.5	1546	OK
2137	     0	80.0	103.9	1405	OK
2138	     0	79.4	98.4	1541	OK
2139	     0	77.2	101.6	1422	OK
2140	     0	78.2	101.1	1435	OK
2141	     0	78.1	100.0	1458	OK
2142	     0	77.5	98.9	1498	OK
2143	     0	77.3	98.7	1502	OK
2144	     0	79.4	104.7	1360	OK
2145	     0	78.6	98.7	1490	OK
2146	     0	76.5	99.7	1443	OK
2147	     0	75.5	100.5	1438	OK
2148	     0	75.7	96.8	1535	OK
2149	     0	77.0	102.1	1430	OK
2150	     0	77.4	100.0	1440	OK
2151	     0	75.9	97.6	1515	OK
2152	     0	76.2	100.0	1458	OK
2153	     0	77.1	99.3	1469	OK
2154	     0	75.9	97.4	1526	OK
2155	     0	74.9	95.8	1536	OK
2156	  4000	75.4	95.1	1580	high noise
2157	     0	75.4	97.7	1503	OK
2158	     0	75.9	98.1	1462	OK
2159	     0	77.1	99.7	1467	OK
2160	  4000	77.0	94.7	1614	high noise
2161	  4000	74.3	93.1	1637	high noise
2162	  4000	74.2	93.4	1622	high noise
2163	     0	73.8	95.9	1544	OK
2164	     0	77.1	98.1	1569	OK
2165	     0	77.7	102.2	1380	OK
2166	  4000	73.3	94.2	1620	high noise
2167	     0	78.6	101.5	1436	OK
2168	 80000	68.3	69.9	2110	very high noise
2169	     0	78.0	101.4	1459	OK
2170	     0	76.8	100.3	1489	OK
2171	     0	76.9	98.5	1565	OK
2172	     0	77.2	102.1	1447	OK
2173	     0	80.3	100.7	1504	OK
2174	     0	79.5	102.9	1450	OK
2175	     0	75.9	99.2	1474	OK
2176	     0	73.4	94.2	1654	OK
2177	     0	74.1	93.3	1682	OK
2178	     0	74.3	94.0	1609	OK
2179	     0	73.5	95.5	1611	OK
2180	     0	73.1	98.3	1563	OK
2181	     0	76.7	99.6	1505	OK
2182	     0	73.8	98.3	1555	OK
2183	     0	71.2	93.7	1637	OK
2184	 80000	71.7	89.8	1761	very high noise
2185	     0	74.1	95.6	1619	OK
2186	     0	72.7	93.7	1628	OK
2187	 80000	71.8	87.7	1855	very high noise
2188	     0	76.9	101.0	1463	OK
2189	 80000	71.8	91.8	1707	very high noise
2190	     0	72.5	95.3	1592	OK
2191	 80000	71.8	91.1	1742	very high noise
2192	     0	73.1	98.7	1529	OK
2193	     0	73.1	94.8	1621	OK
2194	     0	75.7	99.1	1570	OK
2195	     0	72.3	94.5	1658	OK
2196	 80000	73.6	90.8	1794	very high noise
2197	 80000	72.0	90.5	1744	very high noise
2198	     0	71.6	93.8	1654	OK
2199	 80000	68.8	88.0	1832	very high noise
2200	 80000	71.5	93.0	1707	very high noise
2201	     0	76.6	100.4	1498	OK
2202	     0	71.2	94.0	1623	OK
2203	 80000	70.0	87.6	1854	very high noise
2204	 80000	70.9	91.8	1729	very high noise
2205	     0	74.0	97.9	1578	OK
2206	     0	73.6	96.1	1616	OK
2207	     0	74.7	94.4	1687	OK
2208	     0	76.2	98.1	1547	OK
2209	     0	75.4	97.0	1601	OK
2210	     0	70.2	92.0	1689	OK
2211	     0	74.8	99.1	1520	OK
2212	     0	69.5	93.5	1665	OK
2213	     0	75.2	97.9	1587	OK
2214	     0	74.8	100.1	1543	OK
2215	     0	72.4	94.2	1693	OK
2216	     0	73.0	93.6	1679	OK
2217	     0	73.5	95.3	1629	OK
2218	     0	70.9	93.4	1668	OK
2219	 80000	70.4	89.4	1798	very high noise
2220	     0	72.4	96.1	1607	OK
2221	     0	75.3	95.5	1640	OK
2222	     0	72.9	97.1	1603	OK
2223	 80000	70.3	90.5	1717	very high noise
2224	     0	75.2	96.5	1648	OK
2225	     0	72.0	93.5	1679	OK
2226	 80000	72.0	91.9	1741	very high noise
2227	     0	75.6	98.7	1510	OK
2228	     0	75.7	98.4	1573	OK
2229	     0	75.0	97.3	1616	OK
2230	     0	75.8	96.9	1677	OK
2231	     0	74.0	96.6	1622	OK
2232	 80000	71.2	87.5	1852	very high noise
2233	 80000	70.3	92.3	1718	very high noise
2234	 80000	74.1	92.8	1750	very high noise
2235	 80000	70.3	90.1	1792	very high noise
2236	     0	73.9	99.7	1509	OK
2237	     0	74.6	96.7	1600	OK
2238	 80000	74.1	92.4	1749	very high noise
2239	     0	73.3	96.6	1604	OK
2240	     0	73.9	97.5	1577	OK
2241	     0	76.0	100.8	1496	OK
2242	 80000	70.7	90.0	1763	very high noise
2243	 80000	70.1	91.1	1720	very high noise
2244	     0	71.8	93.4	1636	OK
2245	     0	73.2	97.4	1531	OK
2246	     0	75.0	95.3	1673	OK
2247	 80000	72.7	92.1	1752	very high noise
2248	     0	73.0	97.9	1540	OK
2249	   100	67.8	93.2	1663	low gain
2250	 80000	72.3	93.3	1724	very high noise
2251	     0	74.0	96.5	1607	OK
2252	     0	72.5	94.3	1684	OK
2253	     0	74.0	97.3	1594	OK
2254	 80000	73.7	93.6	1736	very high noise
2255	 80000	72.0	93.6	1728	very high noise
2256	     0	71.8	96.6	1633	OK
2257	 80000	71.6	91.4	1802	very high noise
2258	 80000	71.1	92.4	1729	very high noise
2259	     0	73.1	95.3	1670	OK
2260	 80000	71.0	90.5	1769	very high noise
2261	     0	73.6	96.6	1607	OK
2262	 80000	70.5	92.3	1745	very high noise
2263	 80000	69.7	84.4	2011	very high noise
2264	 80000	72.0	92.5	1797	very high noise
2265	     0	75.1	112.6	1383	OK
2266	     0	75.1	97.6	1607	OK
2267	     0	74.9	98.5	1577	OK
2268	     0	72.7	97.6	1581	OK
2269	     0	74.3	96.1	1663	OK
2270	     0	72.8	95.5	1641	OK
2271	     0	72.2	95.1	1686	OK
2272	 80000	72.3	92.0	1774	very high noise
2273	     0	75.1	97.8	1570	OK
2274	 80000	72.5	93.2	1738	very high noise
2275	     0	73.4	97.6	1595	OK
2276	     0	72.7	94.2	1664	OK
2277	     0	74.9	98.7	1595	OK
2278	     0	75.6	109.0	1390	OK
2279	     0	74.6	97.7	1606	OK
2280	     0	72.4	94.4	1683	OK
2281	     0	73.3	95.4	1602	OK
2282	 80000	70.6	93.2	1722	very high noise
2283	 80000	67.9	84.6	1973	very high noise
2284	     0	73.1	95.2	1665	OK
2285	 80000	70.0	92.3	1760	very high noise
2286	     0	73.4	97.5	1593	OK
2287	 80000	72.8	92.6	1765	very high noise
2288	     0	72.8	95.1	1638	OK
2289	     0	73.2	97.9	1568	OK
2290	 80000	71.4	93.5	1721	very high noise
2291	 80000	71.5	92.8	1729	very high noise
2292	     0	72.4	95.7	1632	OK
2293	 80000	70.7	91.4	1766	very high noise
2294	 80000	70.6	92.6	1700	very high noise
2295	     0	74.0	95.6	1668	OK
2296	 80000	70.1	89.7	1826	very high noise
2297	     0	73.7	96.6	1663	OK
2298	 80000	69.5	91.1	1759	very high noise
2299	     0	72.7	95.1	1664	OK
2300	 80000	69.7	89.2	1885	very high noise
2301	 80000	73.5	92.6	1786	very high noise
2302	 80000	70.8	89.7	1867	very high noise
2303	     0	72.8	96.6	1600	OK
2304	     0	77.2	99.4	1548	OK
2305	     0	82.3	103.7	1481	OK
2306	     0	76.6	98.7	1510	OK
2307	 80000	56.0	48.0	2016	very high noise
2308	     0	76.4	99.9	1518	OK
2309	     0	77.9	99.8	1529	OK
2310	     0	76.4	98.0	1556	OK
2311	     0	79.0	100.7	1508	OK
2312	     0	76.5	101.2	1446	OK
2313	     0	79.9	102.9	1483	OK
2314	     0	77.9	100.8	1499	OK
2315	     0	76.5	97.7	1574	OK
2316	     0	77.3	97.2	1587	OK
2317	 80000	72.0	90.6	1765	very high noise
2318	     0	79.5	101.3	1495	OK
2319	  4000	77.0	96.9	1616	high noise
2320	     0	78.0	100.0	1557	OK
2321	     0	77.4	97.6	1559	OK
2322	     0	77.9	100.7	1539	OK
2323	     0	75.1	97.5	1556	OK
2324	     0	78.2	99.8	1506	OK
2325	     0	79.0	100.1	1516	OK
2326	     0	77.5	98.6	1519	OK
2327	     0	75.8	97.0	1575	OK
2328	     0	77.0	96.4	1590	OK
2329	     0	75.0	97.5	1548	OK
2330	     0	78.9	102.7	1474	OK
2331	  4000	77.1	95.1	1675	high noise
2332	     0	76.4	98.5	1596	OK
2333	     0	79.5	103.1	1431	OK
2334	     0	76.7	101.8	1462	OK
2335	     0	77.4	98.9	1516	OK
2336	     0	76.9	100.9	1467	OK
2337	     0	75.3	97.9	1552	OK
2338	     0	77.5	99.3	1527	OK
2339	     0	77.8	101.7	1478	OK
2340	  4000	76.9	94.5	1684	high noise
2341	     0	77.1	99.6	1518	OK
2342	     0	78.0	100.1	1548	OK
2343	     0	75.3	98.5	1535	OK
2344	     0	77.2	101.4	1522	OK
2345	     0	76.2	99.8	1497	OK
2346	     0	79.4	100.7	1514	OK
2347	 80000	73.0	93.2	1720	very high noise
2348	 80000	74.3	92.9	1725	very high noise
2349	     0	75.9	98.6	1534	OK
2350	  4000	75.3	93.9	1698	high noise
2351	     0	78.7	100.8	1503	OK
2352	     0	77.1	103.1	1419	OK
2353	 80000	73.9	91.7	1738	very high noise
2354	     0	77.0	100.8	1511	OK
2355	     0	77.5	102.6	1474	OK
2356	     0	76.8	102.0	1507	OK
2357	     0	78.3	99.1	1536	OK
2358	     0	74.8	98.8	1536	OK
2359	     0	78.0	100.0	1507	OK
2360	     0	78.1	99.9	1519	OK
2361	     0	78.3	104.9	1400	OK
2362	  4000	73.9	93.8	1649	high noise
2363	  4000	75.4	95.6	1641	high noise
2364	     0	81.3	104.3	1464	OK
2365	     0	78.8	100.9	1524	OK
2366	     0	75.2	96.0	1598	OK
2367	     0	79.3	100.8	1531	OK
2368	     0	74.9	96.5	1585	OK
2369	     0	76.4	97.0	1576	OK
2370	  4000	74.7	95.4	1624	high noise
2371	     0	78.8	102.4	1505	OK
2372	     0	78.2	100.2	1527	OK
2373	     0	78.6	103.2	1425	OK
2374	     0	76.7	96.9	1600	OK
2375	     0	78.5	100.7	1493	OK
2376	     0	76.0	98.5	1523	OK
2377	     0	75.2	96.7	1566	OK
2378	     0	77.4	99.9	1469	OK
2379	     0	78.8	100.3	1530	OK
2380	     0	77.9	101.4	1458	OK
2381	     0	77.7	100.2	1535	OK
2382	  4000	75.1	95.0	1635	high noise
2383	     0	78.5	101.3	1475	OK
2384	     0	76.4	98.9	1493	OK
2385	     0	79.0	103.9	1435	OK
2386	     0	76.4	98.9	1509	OK
2387	     0	77.2	101.8	1452	OK
2388	  4000	76.7	95.7	1648	high noise
2389	     0	78.1	102.3	1435	OK
2390	     0	79.6	103.0	1493	OK
2391	     0	77.8	100.3	1494	OK
2392	     0	77.4	100.8	1488	OK
2393	     0	80.1	104.7	1434	OK
2394	     0	78.9	101.5	1528	OK
2395	     0	78.4	101.1	1479	OK
2396	     0	76.9	100.9	1482	OK
2397	     0	78.4	102.8	1461	OK
2398	     0	78.8	103.8	1430	OK
2399	     0	79.0	100.0	1518	OK
2400	     0	78.0	100.4	1507	OK
2401	     0	77.5	98.7	1542	OK
2402	     0	76.5	97.4	1552	OK
2403	     0	75.6	97.2	1584	OK
2404	     0	78.9	99.3	1565	OK
2405	     0	77.6	99.5	1530	OK
2406	     0	77.5	102.6	1421	OK
2407	     0	78.6	98.0	1572	OK
2408	     0	78.4	99.2	1559	OK
2409	     0	80.1	105.8	1413	OK
2410	     0	78.8	102.6	1476	OK
2411	 80000	77.0	93.0	1720	very high noise
2412	     0	77.8	100.4	1500	OK
2413	     0	78.6	100.9	1532	OK
2414	     0	79.8	106.2	1404	OK
2415	     0	73.3	97.0	1550	OK
2416	     0	77.6	105.9	1399	OK
2417	     0	80.9	101.0	1509	OK
2418	     0	77.8	101.1	1485	OK
2419	     0	79.5	100.5	1505	OK
2420	     0	79.4	101.8	1513	OK
2421	     0	77.3	98.7	1528	OK
2422	     0	76.4	100.3	1506	OK
2423	     0	76.5	101.2	1456	OK
2424	     0	77.3	100.7	1480	OK
2425	     0	80.9	100.8	1523	OK
2426	     0	78.7	102.3	1470	OK
2427	     0	79.9	111.9	1322	OK
2428	  4000	78.4	96.2	1646	high noise
2429	     0	77.7	101.2	1480	OK
2430	     0	77.0	98.7	1534	OK
2431	     0	78.9	102.8	1485	OK
2432	 80000	75.5	97.1	1707	very high noise
2433	     0	79.4	102.0	1575	OK
2434	     0	79.4	101.0	1618	OK
2435	     0	78.5	97.7	1668	OK
2436	 80000	76.9	97.4	1720	very high noise
2437	     0	79.2	102.5	1536	OK
2438	 80000	75.7	95.3	1732	very high noise
2439	     0	79.4	104.8	1497	OK
2440	 80000	73.7	95.0	1718	very high noise
2441	     0	76.3	102.5	1531	OK
2442	     0	78.2	100.2	1585	OK
2443	 80000	76.7	97.4	1704	very high noise
2444	     0	78.7	99.4	1615	OK
2445	     0	76.8	98.9	1626	OK
2446	     0	76.2	96.8	1696	OK
2447	     0	77.0	98.6	1618	OK
2448	     0	74.2	95.6	1665	OK
2449	     0	77.4	108.9	1409	OK
2450	     0	76.9	96.6	1666	OK
2451	     0	75.6	98.6	1633	OK
2452	     0	79.4	105.4	1475	OK
2453	     0	77.6	101.1	1597	OK
2454	 80000	62.3	60.9	2140	very high noise
2455	     0	77.0	97.4	1676	OK
2456	 80000	73.9	94.5	1704	very high noise
2457	     0	76.3	96.8	1699	OK
2458	     0	77.1	97.9	1675	OK
2459	     0	74.5	98.2	1641	OK
2460	     0	74.7	98.4	1639	OK
2461	 80000	73.8	93.6	1776	very high noise
2462	     0	75.9	97.9	1665	OK
2463	     0	75.7	98.1	1656	OK
2464	     0	73.8	96.1	1650	OK
2465	     0	74.0	97.3	1616	OK
2466	     0	73.6	96.2	1690	OK
2467	 80000	73.4	90.8	1841	very high noise
2468	 80000	74.3	87.7	1944	very high noise
2469	 80000	74.5	96.0	1706	very high noise
2470	     0	76.1	98.0	1656	OK
2471	 80000	74.7	92.7	1803	very high noise
2472	 80000	74.3	95.8	1702	very high noise
2473	 80000	76.5	96.4	1710	very high noise
2474	 80000	74.5	93.1	1788	very high noise
2475	     0	76.9	97.4	1694	OK
2476	 80000	74.8	94.8	1708	very high noise
2477	 80000	75.1	95.3	1739	very high noise
2478	     0	77.7	99.4	1605	OK
2479	     0	76.3	98.2	1674	OK
2480	     0	76.2	101.3	1583	OK
2481	     0	77.8	98.3	1639	OK
2482	 80000	74.9	93.7	1770	very high noise
2483	     0	76.4	97.1	1671	OK
2484	     0	75.8	98.0	1643	OK
2485	     0	75.2	99.7	1556	OK
2486	 80000	76.3	97.4	1714	very high noise
2487	 80000	72.0	86.6	1952	very high noise
2488	     0	77.5	100.7	1625	OK
2489	 80000	75.5	97.0	1706	very high noise
2490	 80000	73.5	95.8	1705	very high noise
2491	     0	72.1	95.5	1652	OK
2492	     0	74.6	98.2	1622	OK
2493	     0	77.9	103.4	1512	OK
2494	 80000	75.8	96.7	1749	very high noise
2495	     0	75.9	98.6	1593	OK
2496	     0	74.3	96.9	1657	OK
2497	     0	76.3	99.7	1646	OK
2498	     0	73.8	98.5	1606	OK
2499	     0	76.5	97.8	1631	OK
2500	 80000	74.8	93.8	1812	very high noise
2501	     0	76.3	97.7	1640	OK
2502	 80000	76.0	92.3	1827	very high noise
2503	     0	77.0	100.8	1559	OK
2504	     0	75.0	98.5	1587	OK
2505	     0	76.1	100.5	1541	OK
2506	     0	75.5	97.4	1654	OK
2507	     0	73.3	95.4	1699	OK
2508	     0	75.3	98.6	1599	OK
2509	     0	76.1	97.6	1675	OK
2510	     0	75.7	98.1	1630	OK
2511	     0	75.6	97.5	1698	OK
2512	     0	75.9	99.7	1590	OK
2513	 80000	72.5	86.8	1954	very high noise
2514	     0	77.6	100.0	1667	OK
2515	     0	75.1	97.0	1689	OK
2516	 80000	72.9	92.2	1813	very high noise
2517	 80000	74.0	92.4	1834	very high noise
2518	     0	75.2	96.2	1685	OK
2519	     0	76.3	99.6	1584	OK
2520	     0	74.9	98.4	1628	OK
2521	     0	77.0	100.3	1588	OK
2522	     0	76.5	98.0	1641	OK
2523	     0	77.7	99.7	1592	OK
2524	 80000	72.1	91.6	1797	very high noise
2525	     0	77.0	98.8	1657	OK
2526	     0	75.2	96.9	1665	OK
2527	     0	75.1	100.3	1548	OK
2528	     0	78.3	99.3	1646	OK
2529	     0	75.8	97.5	1644	OK
2530	     0	77.2	100.4	1607	OK
2531	     0	75.5	98.6	1591	OK
2532	     0	76.7	101.3	1563	OK
2533	 80000	73.3	93.6	1776	very high noise
2534	     0	75.5	97.2	1668	OK
2535	 80000	71.4	89.8	1822	very high noise
2536	     0	75.4	95.7	1695	OK
2537	 80000	71.1	90.8	1801	very high noise
2538	 80000	74.9	92.8	1805	very high noise
2539	     0	77.6	100.0	1577	OK
2540	     0	76.9	101.1	1519	OK
2541	 80000	75.5	94.7	1718	very high noise
2542	     0	75.2	97.3	1640	OK
2543	     0	75.1	97.2	1646	OK
2544	     0	77.2	98.5	1634	OK
2545	     0	79.0	102.5	1509	OK
2546	     0	73.6	95.1	1686	OK
2547	     0	75.8	98.9	1549	OK
2548	     0	79.0	104.8	1483	OK
2549	 80000	74.7	94.8	1706	very high noise
2550	     0	75.9	96.9	1649	OK
2551	 80000	77.7	94.6	1717	very high noise
2552	     0	73.7	95.9	1688	OK
2553	     0	77.2	98.6	1584	OK
2554	 80000	73.8	93.4	1744	very high noise
2555	     0	76.0	101.0	1498	OK
2556	 80000	72.7	94.6	1729	very high noise
2557	     0	78.6	103.0	1476	OK
2558	     0	77.5	100.7	1530	OK
2559	   200	84.2	106.6	1447	high gain
