#chan	code	gain	vt50	innse	comment
   0	     0	81.9	100.8	1299	OK
   1	     0	80.4	103.5	1258	OK
   2	     0	79.2	105.7	1217	OK
   3	     0	78.7	100.6	1315	OK
   4	     0	79.9	103.5	1255	OK
   5	     0	79.8	104.3	1279	OK
   6	     0	76.6	100.8	1269	OK
   7	     0	79.1	104.1	1256	OK
   8	     0	79.2	103.3	1299	OK
   9	     0	81.3	100.4	1305	OK
  10	     0	77.0	100.1	1271	OK
  11	     0	77.8	102.1	1257	OK
  12	     0	78.0	102.3	1254	OK
  13	     0	80.1	104.2	1245	OK
  14	     0	78.5	103.9	1227	OK
  15	     0	76.5	102.0	1255	OK
  16	     0	77.6	102.4	1275	OK
  17	     0	78.6	98.3	1342	OK
  18	     0	76.6	96.7	1344	OK
  19	     0	78.6	97.8	1363	OK
  20	     0	76.5	100.1	1335	OK
  21	     0	77.5	100.1	1346	OK
  22	     0	75.5	97.4	1368	OK
  23	     0	76.3	98.7	1349	OK
  24	     0	76.9	98.0	1372	OK
  25	     0	79.4	100.4	1338	OK
  26	     0	77.9	101.7	1327	OK
  27	     0	77.2	100.7	1357	OK
  28	     0	76.7	98.4	1372	OK
  29	     0	76.5	102.2	1303	OK
  30	     0	77.4	101.1	1326	OK
  31	     0	77.3	103.1	1331	OK
  32	     0	78.8	103.9	1327	OK
  33	     0	81.0	103.9	1339	OK
  34	     0	78.2	101.9	1286	OK
  35	     0	77.6	100.5	1351	OK
  36	     0	77.9	101.6	1346	OK
  37	     0	76.5	101.4	1336	OK
  38	     0	78.0	100.6	1375	OK
  39	     0	76.6	99.9	1313	OK
  40	     0	78.3	100.4	1361	OK
  41	     0	75.1	96.1	1396	OK
  42	     0	78.0	100.5	1332	OK
  43	     0	77.7	97.9	1386	OK
  44	     0	79.6	101.4	1329	OK
  45	     0	77.6	102.9	1339	OK
  46	     0	78.7	102.3	1342	OK
  47	     0	77.7	97.5	1385	OK
  48	     0	77.7	101.0	1337	OK
  49	     0	76.1	99.7	1336	OK
  50	     0	76.9	96.8	1436	OK
  51	     0	75.7	96.2	1388	OK
  52	     0	78.4	101.0	1406	OK
  53	     0	77.7	102.1	1397	OK
  54	     0	76.3	98.2	1428	OK
  55	     0	79.3	103.5	1378	OK
  56	     0	76.2	96.1	1434	OK
  57	     0	78.1	101.6	1383	OK
  58	     0	75.8	97.5	1400	OK
  59	  4000	76.7	97.1	1473	high noise
  60	     0	77.8	103.2	1363	OK
  61	     0	75.5	99.7	1410	OK
  62	     0	77.4	100.8	1372	OK
  63	     0	77.0	100.9	1405	OK
  64	     0	78.1	101.7	1368	OK
  65	     0	77.0	97.9	1398	OK
  66	     0	76.5	99.6	1414	OK
  67	     0	77.0	102.3	1384	OK
  68	     0	76.1	98.4	1414	OK
  69	     0	76.9	99.9	1382	OK
  70	     0	79.7	101.8	1372	OK
  71	     0	77.4	99.5	1427	OK
  72	     0	79.8	101.4	1380	OK
  73	     0	73.4	95.4	1408	OK
  74	     0	76.1	101.6	1354	OK
  75	     0	74.9	96.9	1426	OK
  76	     0	75.9	97.1	1420	OK
  77	     0	78.9	98.1	1407	OK
  78	     0	75.9	99.8	1404	OK
  79	     0	77.1	98.2	1433	OK
  80	     0	78.7	102.5	1367	OK
  81	     0	79.0	99.4	1426	OK
  82	     0	79.4	102.2	1364	OK
  83	     0	76.3	102.3	1360	OK
  84	     0	80.0	102.0	1381	OK
  85	     0	77.8	101.5	1355	OK
  86	     0	76.8	99.5	1385	OK
  87	     0	75.0	97.2	1404	OK
  88	     0	77.5	98.0	1414	OK
  89	     0	78.4	100.0	1397	OK
  90	     0	75.7	96.0	1417	OK
  91	     0	78.7	103.6	1352	OK
  92	     0	79.8	102.0	1400	OK
  93	     0	77.5	102.2	1376	OK
  94	  4000	75.9	95.8	1492	high noise
  95	     0	75.3	99.2	1390	OK
  96	     0	74.7	95.7	1410	OK
  97	     0	77.2	98.0	1414	OK
  98	     0	76.5	99.5	1429	OK
  99	     0	78.4	99.6	1400	OK
 100	     0	77.9	100.7	1373	OK
 101	     0	78.3	98.3	1438	OK
 102	     0	75.4	97.8	1424	OK
 103	     0	76.5	99.9	1417	OK
 104	     0	80.6	103.3	1377	OK
 105	     0	77.6	101.8	1366	OK
 106	     0	78.2	101.5	1399	OK
 107	     0	76.4	99.0	1408	OK
 108	     0	78.9	103.1	1382	OK
 109	     0	80.6	104.7	1351	OK
 110	     0	76.1	100.7	1351	OK
 111	     0	80.2	103.4	1389	OK
 112	     0	78.0	100.4	1355	OK
 113	     0	79.4	102.2	1397	OK
 114	  4000	75.5	95.0	1467	high noise
 115	     0	76.0	99.4	1380	OK
 116	     0	77.8	101.2	1392	OK
 117	     0	76.6	100.5	1408	OK
 118	     0	78.2	100.4	1384	OK
 119	     0	76.0	99.4	1403	OK
 120	     0	78.4	100.2	1393	OK
 121	     0	78.9	102.2	1410	OK
 122	     0	78.4	101.0	1410	OK
 123	     0	79.8	103.7	1367	OK
 124	     0	76.1	100.4	1396	OK
 125	     0	77.7	98.3	1447	OK
 126	     0	79.9	101.2	1400	OK
 127	     0	77.7	102.2	1345	OK
 128	     0	78.6	99.8	1367	OK
 129	     0	79.6	101.1	1359	OK
 130	     0	80.0	102.4	1334	OK
 131	     0	76.0	100.0	1371	OK
 132	     0	78.7	98.9	1364	OK
 133	     0	74.4	97.4	1351	OK
 134	  4000	74.8	96.3	1391	high noise
 135	     0	75.0	96.1	1358	OK
 136	     0	76.9	101.7	1328	OK
 137	     0	77.8	99.7	1347	OK
 138	     0	77.4	102.6	1311	OK
 139	  4000	77.0	97.0	1388	high noise
 140	     0	77.6	99.0	1352	OK
 141	     0	76.7	100.0	1334	OK
 142	     0	74.9	102.0	1315	OK
 143	     0	76.4	102.5	1304	OK
 144	     0	77.6	98.8	1354	OK
 145	     0	77.0	99.0	1323	OK
 146	  4000	77.1	96.6	1393	high noise
 147	     0	80.1	103.3	1333	OK
 148	     0	75.9	100.6	1314	OK
 149	     0	79.4	102.9	1293	OK
 150	     0	78.7	101.4	1319	OK
 151	  4000	72.0	91.4	1419	high noise
 152	     0	77.2	99.4	1346	OK
 153	     0	78.6	103.7	1290	OK
 154	     0	78.4	99.3	1370	OK
 155	     0	78.5	102.2	1339	OK
 156	     0	76.8	98.4	1366	OK
 157	     0	77.5	102.0	1334	OK
 158	     0	76.0	98.7	1367	OK
 159	     0	75.1	100.7	1377	OK
 160	     0	76.3	96.2	1382	OK
 161	     0	75.7	97.3	1351	OK
 162	     0	77.8	103.6	1316	OK
 163	     0	77.3	101.2	1360	OK
 164	     0	75.4	96.4	1353	OK
 165	     0	76.2	99.4	1332	OK
 166	     0	74.4	98.1	1347	OK
 167	     0	77.3	100.2	1306	OK
 168	     0	75.0	97.6	1331	OK
 169	     0	75.6	98.2	1334	OK
 170	     0	76.8	99.2	1317	OK
 171	     0	79.5	101.2	1328	OK
 172	     0	74.7	99.4	1294	OK
 173	     0	75.8	99.0	1330	OK
 174	     0	80.3	104.4	1306	OK
 175	     0	81.3	105.7	1270	OK
 176	     0	79.7	101.1	1333	OK
 177	     0	74.2	98.3	1326	OK
 178	     0	77.9	115.1	1282	OK
 179	     0	77.2	99.9	1314	OK
 180	     0	75.9	99.2	1319	OK
 181	     0	77.7	100.3	1291	OK
 182	     0	78.4	101.0	1315	OK
 183	     0	76.0	99.9	1310	OK
 184	     0	76.0	97.6	1345	OK
 185	     0	77.9	99.7	1317	OK
 186	     0	78.4	102.1	1322	OK
 187	     0	76.0	98.5	1320	OK
 188	     0	77.4	100.9	1377	OK
 189	     0	78.7	100.9	1312	OK
 190	     0	75.6	97.9	1341	OK
 191	     0	80.3	105.8	1299	OK
 192	     0	75.4	100.2	1288	OK
 193	     0	77.4	106.7	1298	OK
 194	     0	77.1	97.9	1339	OK
 195	     0	76.2	100.6	1302	OK
 196	     0	77.9	102.5	1311	OK
 197	     0	80.2	107.0	1260	OK
 198	     0	77.3	98.8	1335	OK
 199	     0	76.2	98.8	1317	OK
 200	     0	76.4	97.0	1378	OK
 201	     0	76.7	101.3	1305	OK
 202	     0	72.6	98.3	1286	OK
 203	     0	76.3	99.5	1328	OK
 204	     0	78.6	100.6	1309	OK
 205	     0	76.9	99.8	1336	OK
 206	     0	74.6	96.0	1354	OK
 207	     0	78.0	102.3	1312	OK
 208	     0	75.3	104.6	1298	OK
 209	     0	76.1	100.6	1314	OK
 210	     0	78.7	101.3	1310	OK
 211	     0	78.5	99.9	1322	OK
 212	     0	77.2	99.3	1331	OK
 213	     0	75.8	98.7	1309	OK
 214	     0	76.0	99.5	1333	OK
 215	     0	75.8	101.0	1301	OK
 216	  4000	78.1	97.1	1388	high noise
 217	     0	76.7	99.1	1308	OK
 218	     0	73.6	98.7	1325	OK
 219	  4000	74.9	96.0	1399	high noise
 220	     0	78.6	101.4	1321	OK
 221	     0	76.8	99.9	1342	OK
 222	     0	78.2	100.0	1352	OK
 223	     0	77.7	102.6	1367	OK
 224	     0	78.3	100.9	1352	OK
 225	     0	75.3	97.5	1353	OK
 226	     0	77.9	100.5	1371	OK
 227	     0	78.0	99.2	1335	OK
 228	     0	76.6	100.5	1333	OK
 229	  4000	77.2	98.5	1390	high noise
 230	     0	77.5	101.1	1352	OK
 231	  4000	77.8	98.4	1394	high noise
 232	     0	79.8	103.1	1325	OK
 233	     0	77.6	99.7	1349	OK
 234	     0	76.3	98.7	1356	OK
 235	     0	77.1	99.5	1353	OK
 236	     0	76.9	106.7	1308	OK
 237	     0	75.2	98.2	1330	OK
 238	     0	76.3	98.8	1344	OK
 239	     0	75.2	96.7	1360	OK
 240	     0	76.3	99.5	1366	OK
 241	     0	78.2	100.5	1340	OK
 242	     0	75.1	97.0	1351	OK
 243	     0	79.0	102.5	1333	OK
 244	     0	77.7	97.4	1347	OK
 245	  4000	76.5	96.7	1444	high noise
 246	     0	76.0	100.0	1350	OK
 247	     0	78.3	100.9	1347	OK
 248	     0	81.7	105.1	1339	OK
 249	     0	77.3	101.2	1336	OK
 250	     0	79.3	102.8	1330	OK
 251	     0	75.3	97.5	1351	OK
 252	     0	75.8	98.5	1363	OK
 253	     0	77.6	102.9	1342	OK
 254	     0	74.8	98.5	1331	OK
 255	     0	77.2	97.7	1368	OK
 256	     0	76.0	96.0	1467	OK
 257	     0	78.0	100.0	1405	OK
 258	     0	78.4	100.9	1397	OK
 259	     0	78.5	102.1	1384	OK
 260	     0	76.2	99.1	1455	OK
 261	     0	74.9	101.2	1404	OK
 262	     0	78.8	101.9	1402	OK
 263	     0	78.2	105.4	1390	OK
 264	     0	76.5	101.0	1389	OK
 265	     0	74.7	99.2	1387	OK
 266	     0	74.8	96.9	1458	OK
 267	     0	78.1	99.9	1427	OK
 268	     0	75.3	96.1	1437	OK
 269	     0	75.1	97.6	1445	OK
 270	     0	75.0	97.1	1418	OK
 271	     0	75.9	97.4	1417	OK
 272	     0	74.4	95.9	1447	OK
 273	     0	74.6	96.9	1418	OK
 274	     0	76.1	100.1	1421	OK
 275	     0	75.4	102.6	1372	OK
 276	     0	73.7	97.4	1446	OK
 277	     0	73.0	96.7	1403	OK
 278	     0	73.6	92.5	1465	OK
 279	     0	74.8	98.5	1408	OK
 280	     0	76.8	98.3	1410	OK
 281	     0	75.0	100.4	1401	OK
 282	     0	77.0	100.4	1378	OK
 283	     0	74.3	98.8	1385	OK
 284	     0	77.0	98.8	1434	OK
 285	     0	75.4	97.4	1430	OK
 286	     0	75.7	100.6	1447	OK
 287	     0	77.7	98.7	1417	OK
 288	     0	77.6	100.3	1403	OK
 289	     0	75.9	102.4	1388	OK
 290	     0	75.5	99.0	1382	OK
 291	     0	75.3	97.9	1390	OK
 292	  4000	74.7	95.2	1486	high noise
 293	     0	74.8	96.6	1463	OK
 294	     0	77.3	99.9	1458	OK
 295	     0	78.6	103.6	1378	OK
 296	     0	75.3	99.6	1399	OK
 297	     0	78.9	99.9	1428	OK
 298	     0	77.0	100.5	1427	OK
 299	     0	76.3	98.6	1418	OK
 300	     0	74.4	95.0	1463	OK
 301	     0	75.7	110.5	1365	OK
 302	     0	74.4	95.5	1450	OK
 303	     0	74.5	97.2	1415	OK
 304	  4000	73.3	94.3	1488	high noise
 305	     0	73.4	98.9	1412	OK
 306	     0	76.2	99.3	1406	OK
 307	     0	77.4	99.3	1434	OK
 308	     0	75.6	99.6	1411	OK
 309	     0	76.0	97.8	1414	OK
 310	     0	76.5	98.6	1422	OK
 311	     0	75.7	99.3	1424	OK
 312	     0	76.9	98.2	1446	OK
 313	     0	75.3	98.4	1433	OK
 314	     0	76.8	97.4	1458	OK
 315	     0	75.0	96.2	1451	OK
 316	     0	74.9	98.8	1426	OK
 317	     0	77.5	98.4	1425	OK
 318	     0	75.7	99.0	1411	OK
 319	  4000	75.1	94.6	1488	high noise
 320	     0	77.4	99.2	1391	OK
 321	     0	75.6	101.3	1363	OK
 322	     0	75.2	100.4	1406	OK
 323	     0	75.4	97.4	1450	OK
 324	     0	75.3	99.3	1390	OK
 325	     0	75.4	98.4	1391	OK
 326	     0	75.4	97.3	1429	OK
 327	     0	76.7	98.0	1408	OK
 328	     0	75.0	100.4	1402	OK
 329	     0	76.9	103.6	1363	OK
 330	     0	76.9	99.8	1395	OK
 331	     0	76.4	97.7	1430	OK
 332	     0	74.8	95.6	1456	OK
 333	     0	79.6	103.4	1367	OK
 334	     0	73.1	97.0	1423	OK
 335	     0	75.1	96.5	1420	OK
 336	     0	76.7	99.4	1388	OK
 337	     0	77.7	100.3	1386	OK
 338	     0	73.5	95.4	1421	OK
 339	     0	76.1	97.3	1433	OK
 340	     0	75.1	97.6	1411	OK
 341	     0	76.7	98.9	1411	OK
 342	     0	73.3	95.9	1442	OK
 343	     0	74.7	95.9	1432	OK
 344	     0	77.2	100.4	1403	OK
 345	     0	75.1	95.4	1452	OK
 346	     0	76.1	101.9	1367	OK
 347	     0	75.1	98.4	1398	OK
 348	     0	73.9	96.3	1430	OK
 349	     0	76.3	100.2	1362	OK
 350	     0	76.1	100.8	1354	OK
 351	     0	76.7	101.0	1395	OK
 352	     0	74.9	96.7	1408	OK
 353	     0	73.0	95.3	1455	OK
 354	     0	75.2	99.8	1361	OK
 355	     0	75.2	100.1	1359	OK
 356	     0	75.4	97.4	1410	OK
 357	     0	77.2	101.0	1379	OK
 358	     0	76.4	99.5	1398	OK
 359	     0	77.9	100.1	1399	OK
 360	     0	73.3	94.2	1444	OK
 361	     0	72.4	96.2	1374	OK
 362	     0	72.9	95.9	1377	OK
 363	     0	75.3	98.3	1403	OK
 364	     0	75.1	97.7	1441	OK
 365	     0	77.3	98.4	1408	OK
 366	     0	75.2	96.4	1368	OK
 367	     0	73.4	95.3	1400	OK
 368	     0	72.8	95.3	1420	OK
 369	     0	75.1	100.1	1358	OK
 370	     0	75.3	97.0	1392	OK
 371	     0	77.9	99.9	1364	OK
 372	     0	76.7	98.8	1393	OK
 373	     0	77.2	101.8	1346	OK
 374	     0	75.0	97.8	1367	OK
 375	     0	76.5	100.3	1357	OK
 376	     0	76.6	97.1	1418	OK
 377	     0	79.2	104.5	1297	OK
 378	     0	77.5	99.5	1371	OK
 379	     0	76.1	99.7	1323	OK
 380	     0	75.3	100.4	1302	OK
 381	     0	77.4	107.0	1285	OK
 382	     0	79.8	102.3	1318	OK
 383	     0	78.0	100.9	1328	OK
 384	  4000	72.8	95.3	1396	high noise
 385	     0	75.8	101.6	1312	OK
 386	     0	74.7	98.9	1348	OK
 387	     0	71.6	98.2	1314	OK
 388	     0	73.1	94.1	1357	OK
 389	     0	74.9	100.7	1343	OK
 390	     0	72.7	94.3	1360	OK
 391	     0	71.1	94.1	1372	OK
 392	     0	76.0	97.8	1315	OK
 393	     0	73.4	99.4	1312	OK
 394	     0	74.2	94.1	1370	OK
 395	     0	73.6	95.5	1375	OK
 396	     0	75.4	97.8	1329	OK
 397	     0	76.2	97.9	1348	OK
 398	     0	72.8	94.8	1350	OK
 399	     0	73.5	94.5	1355	OK
 400	     0	74.7	98.8	1320	OK
 401	     0	71.8	97.2	1332	OK
 402	     0	71.5	97.6	1304	OK
 403	     0	73.0	97.7	1313	OK
 404	     0	72.3	95.6	1371	OK
 405	     0	72.3	93.8	1376	OK
 406	     0	72.5	94.8	1357	OK
 407	     0	72.3	91.3	1387	OK
 408	     0	74.6	101.5	1296	OK
 409	     0	72.8	98.3	1305	OK
 410	     0	74.4	98.8	1335	OK
 411	     0	73.8	95.9	1340	OK
 412	     0	72.8	97.2	1335	OK
 413	     0	72.9	96.6	1310	OK
 414	     0	73.3	96.0	1348	OK
 415	  4000	72.2	94.1	1391	high noise
 416	     0	73.7	98.4	1333	OK
 417	     0	73.7	96.9	1327	OK
 418	     0	70.9	97.9	1281	OK
 419	     0	75.0	97.6	1347	OK
 420	     0	71.4	95.3	1323	OK
 421	     0	76.6	98.7	1327	OK
 422	     0	74.1	99.0	1298	OK
 423	     0	71.0	95.1	1347	OK
 424	     0	71.7	95.7	1315	OK
 425	     0	73.5	96.7	1352	OK
 426	     0	74.7	98.2	1313	OK
 427	     0	71.2	94.2	1362	OK
 428	     0	74.6	98.2	1346	OK
 429	     0	73.3	97.1	1346	OK
 430	     0	75.9	101.7	1298	OK
 431	     0	74.1	96.3	1384	OK
 432	  4000	72.0	95.6	1399	high noise
 433	     0	74.1	97.2	1371	OK
 434	  4000	72.8	94.8	1392	high noise
 435	     0	73.5	97.6	1353	OK
 436	     0	75.1	97.2	1356	OK
 437	     0	77.0	102.5	1347	OK
 438	  4000	70.3	93.8	1411	high noise
 439	     0	72.5	95.6	1370	OK
 440	     0	73.4	98.4	1363	OK
 441	     0	71.2	94.6	1379	OK
 442	  4000	72.6	96.6	1400	high noise
 443	  4000	73.4	95.8	1413	high noise
 444	  4000	74.2	97.1	1402	high noise
 445	     0	73.8	98.5	1359	OK
 446	     0	75.1	97.8	1374	OK
 447	     0	73.9	96.4	1377	OK
 448	     0	72.2	95.9	1342	OK
 449	     0	75.2	98.2	1354	OK
 450	  4000	74.3	96.2	1396	high noise
 451	  4000	74.0	96.9	1394	high noise
 452	     0	73.2	98.2	1335	OK
 453	  4000	71.6	95.9	1407	high noise
 454	     0	73.1	97.7	1321	OK
 455	     0	76.2	99.7	1345	OK
 456	  4000	70.9	78.1	1673	high noise
 457	     0	72.8	96.7	1344	OK
 458	     0	70.1	95.5	1375	OK
 459	     0	72.2	97.3	1351	OK
 460	     0	74.3	97.0	1380	OK
 461	     0	75.5	100.7	1337	OK
 462	     0	74.9	95.5	1380	OK
 463	     0	72.8	96.0	1357	OK
 464	   100	67.2	123.9	1348	low gain
 465	  4000	73.0	94.5	1405	high noise
 466	     0	70.9	94.2	1355	OK
 467	     0	72.7	97.3	1356	OK
 468	     0	73.6	100.3	1336	OK
 469	     0	69.9	95.5	1355	OK
 470	     0	72.9	99.0	1344	OK
 471	     0	71.8	96.0	1343	OK
 472	     0	73.7	96.6	1357	OK
 473	  4000	71.6	93.5	1404	high noise
 474	     0	72.4	97.0	1335	OK
 475	     0	71.4	96.7	1317	OK
 476	     0	72.0	96.6	1357	OK
 477	     0	73.8	99.0	1313	OK
 478	     0	74.4	95.5	1372	OK
 479	     0	71.8	96.0	1372	OK
 480	     0	72.4	95.5	1335	OK
 481	     0	74.6	99.3	1333	OK
 482	     0	73.5	100.1	1316	OK
 483	  4000	73.7	95.0	1396	high noise
 484	     0	73.3	95.7	1345	OK
 485	     0	72.3	98.5	1332	OK
 486	     0	73.6	97.4	1311	OK
 487	     0	73.1	99.6	1291	OK
 488	     0	72.5	94.5	1368	OK
 489	     0	70.2	94.1	1341	OK
 490	     0	74.7	99.2	1296	OK
 491	     0	72.0	97.2	1333	OK
 492	     0	71.5	95.3	1338	OK
 493	     0	72.2	94.0	1379	OK
 494	     0	72.7	98.5	1302	OK
 495	     0	74.8	97.1	1341	OK
 496	     0	75.5	96.9	1330	OK
 497	     0	74.5	99.4	1288	OK
 498	     0	70.2	91.0	1387	OK
 499	     0	73.2	95.9	1344	OK
 500	     0	72.9	96.8	1302	OK
 501	     0	73.5	97.5	1289	OK
 502	     0	71.3	95.1	1333	OK
 503	     0	73.5	96.3	1316	OK
 504	     0	73.7	97.4	1292	OK
 505	     0	72.6	96.8	1342	OK
 506	     0	72.6	96.4	1311	OK
 507	     0	73.2	96.3	1322	OK
 508	     0	73.0	97.2	1286	OK
 509	     0	73.1	95.8	1318	OK
 510	     0	73.9	95.5	1338	OK
 511	     0	69.8	140.8	1295	OK
 512	     0	73.8	99.4	1305	OK
 513	     0	72.6	94.5	1315	OK
 514	     0	72.0	97.2	1313	OK
 515	     0	72.7	95.8	1302	OK
 516	     0	71.7	95.4	1323	OK
 517	     0	70.3	95.5	1297	OK
 518	     0	74.9	98.5	1310	OK
 519	     0	71.2	94.6	1312	OK
 520	     0	72.6	94.9	1278	OK
 521	     0	71.7	95.8	1322	OK
 522	     0	71.1	98.0	1295	OK
 523	     0	70.1	94.1	1351	OK
 524	     0	70.0	96.3	1306	OK
 525	     0	72.5	95.6	1337	OK
 526	     0	71.8	98.0	1273	OK
 527	     0	74.7	99.3	1286	OK
 528	     0	72.4	97.0	1300	OK
 529	     0	69.8	96.1	1287	OK
 530	     0	68.7	92.0	1336	OK
 531	     0	74.8	96.2	1312	OK
 532	     0	71.1	93.6	1331	OK
 533	     0	72.2	98.7	1267	OK
 534	     0	71.8	98.4	1282	OK
 535	     0	75.4	100.1	1293	OK
 536	     0	72.2	97.6	1266	OK
 537	     0	74.1	100.0	1287	OK
 538	     0	73.5	99.6	1284	OK
 539	     0	72.9	97.0	1268	OK
 540	     0	71.0	104.4	1270	OK
 541	     0	70.8	94.5	1280	OK
 542	     0	76.1	102.0	1271	OK
 543	     0	71.6	95.9	1270	OK
 544	     0	73.7	98.9	1270	OK
 545	     0	71.4	95.6	1315	OK
 546	     0	71.2	94.3	1340	OK
 547	     0	73.5	98.8	1297	OK
 548	     0	71.7	97.7	1273	OK
 549	     0	69.6	95.9	1302	OK
 550	     0	72.0	99.2	1286	OK
 551	     0	75.9	97.8	1295	OK
 552	     0	70.4	95.8	1271	OK
 553	     0	70.0	92.1	1323	OK
 554	  4000	70.6	91.4	1374	high noise
 555	     0	70.7	94.9	1325	OK
 556	     0	72.7	95.2	1273	OK
 557	     0	73.2	98.5	1290	OK
 558	     0	72.5	98.7	1274	OK
 559	     0	72.6	94.6	1354	OK
 560	     0	73.8	97.0	1336	OK
 561	     0	74.7	98.8	1287	OK
 562	     0	73.7	100.2	1279	OK
 563	     0	73.8	98.1	1293	OK
 564	     0	70.8	94.8	1317	OK
 565	     0	72.5	96.3	1291	OK
 566	     0	71.3	96.6	1297	OK
 567	     0	70.4	94.6	1332	OK
 568	     0	70.2	95.4	1299	OK
 569	     0	73.0	96.9	1304	OK
 570	     0	74.8	100.0	1292	OK
 571	     0	72.3	94.7	1320	OK
 572	     0	73.0	95.6	1296	OK
 573	     0	74.1	97.5	1305	OK
 574	     0	68.8	94.4	1328	OK
 575	     0	74.5	99.2	1304	OK
 576	     0	67.6	92.0	1305	OK
 577	     0	73.2	97.3	1301	OK
 578	     0	71.0	98.2	1298	OK
 579	     0	70.1	94.8	1339	OK
 580	  4000	70.0	93.9	1378	high noise
 581	  4000	72.4	95.0	1356	high noise
 582	     0	74.1	99.4	1293	OK
 583	     0	70.6	94.7	1309	OK
 584	     0	73.1	95.6	1344	OK
 585	     0	73.4	98.0	1273	OK
 586	     0	72.9	98.0	1324	OK
 587	     0	71.8	97.8	1275	OK
 588	  4000	71.7	95.3	1361	high noise
 589	     0	72.3	94.1	1351	OK
 590	     0	73.0	96.1	1322	OK
 591	     0	71.4	96.4	1335	OK
 592	  4000	71.0	95.0	1376	high noise
 593	  4000	70.2	93.3	1386	high noise
 594	  4000	73.0	96.0	1374	high noise
 595	  4000	70.9	94.5	1392	high noise
 596	  4000	71.7	94.5	1392	high noise
 597	  4000	71.6	94.1	1428	high noise
 598	  4000	72.8	95.6	1362	high noise
 599	  4000	71.1	96.4	1395	high noise
 600	  4000	73.0	95.0	1442	high noise
 601	  4000	71.4	94.7	1425	high noise
 602	  4000	73.0	94.7	1428	high noise
 603	  4000	74.2	96.7	1409	high noise
 604	  4000	71.1	92.2	1489	high noise
 605	  4000	76.9	101.7	1383	high noise
 606	  4000	71.5	92.7	1476	high noise
 607	  4000	72.6	95.0	1502	high noise
 608	  4000	72.6	94.2	1468	high noise
 609	  4000	70.0	92.6	1527	high noise
 610	  4000	72.1	92.8	1579	high noise
 611	  4000	73.0	96.9	1435	high noise
 612	  4000	71.9	95.7	1482	high noise
 613	  4000	73.8	95.9	1500	high noise
 614	  4000	71.4	95.5	1522	high noise
 615	  4000	71.7	93.9	1533	high noise
 616	  4000	76.0	96.1	1562	high noise
 617	  4000	72.9	93.7	1584	high noise
 618	  4000	73.3	91.1	1673	high noise
 619	  4000	72.7	97.3	1490	high noise
 620	  4000	72.5	92.5	1637	high noise
 621	 80000	69.6	88.9	1706	very high noise
 622	  4000	72.0	94.3	1583	high noise
 623	 80000	68.3	88.7	1726	very high noise
 624	  4000	74.1	96.7	1571	high noise
 625	  4000	71.0	90.8	1699	high noise
 626	 80000	70.1	89.4	1787	very high noise
 627	  4000	71.5	91.7	1661	high noise
 628	  4000	70.1	114.8	1410	high noise
 629	 80000	72.3	89.5	1780	very high noise
 630	  4000	73.6	96.7	1569	high noise
 631	 80000	72.8	92.4	1715	very high noise
 632	  4000	73.3	95.1	1635	high noise
 633	  4000	75.8	96.7	1641	high noise
 634	 80000	73.5	86.4	1930	very high noise
 635	  4000	74.3	99.9	1559	high noise
 636	  4000	75.3	99.8	1527	high noise
 637	  4000	74.5	96.3	1593	high noise
 638	 80000	74.0	93.0	1743	very high noise
 639	 80000	71.6	91.5	1740	very high noise
 640	 80000	72.4	89.7	1898	very high noise
 641	     0	75.2	99.3	1604	OK
 642	 80000	74.2	93.4	1791	very high noise
 643	 80000	74.2	95.9	1720	very high noise
 644	 80000	73.1	92.9	1829	very high noise
 645	 80000	71.8	92.9	1790	very high noise
 646	 80000	73.4	92.8	1766	very high noise
 647	     0	74.2	107.3	1455	OK
 648	 80000	71.5	92.3	1766	very high noise
 649	     0	73.7	97.3	1684	OK
 650	 80000	70.9	91.0	1821	very high noise
 651	     0	73.1	99.8	1584	OK
 652	 80000	67.4	89.1	1825	very high noise
 653	     0	73.2	95.2	1657	OK
 654	     0	72.8	97.2	1577	OK
 655	   100	67.2	129.6	1557	low gain
 656	     0	73.7	96.1	1678	OK
 657	 80000	72.6	92.2	1787	very high noise
 658	 80000	72.3	92.3	1717	very high noise
 659	 80000	70.3	91.6	1749	very high noise
 660	     0	72.4	94.7	1664	OK
 661	 80000	72.2	90.7	1817	very high noise
 662	     0	72.1	95.3	1618	OK
 663	     0	74.2	96.5	1665	OK
 664	     0	73.7	97.7	1568	OK
 665	     0	73.7	95.7	1646	OK
 666	     0	73.8	97.2	1578	OK
 667	     0	71.5	95.1	1592	OK
 668	     0	74.0	94.4	1680	OK
 669	     0	71.7	94.7	1611	OK
 670	     0	71.7	96.2	1591	OK
 671	     0	73.3	97.0	1570	OK
 672	     0	69.5	94.3	1558	OK
 673	     0	70.9	94.3	1594	OK
 674	 80000	71.3	91.5	1705	very high noise
 675	     0	74.1	99.4	1499	OK
 676	 80000	71.0	90.2	1722	very high noise
 677	     0	74.2	98.5	1516	OK
 678	 80000	72.0	91.2	1721	very high noise
 679	     0	74.1	96.2	1578	OK
 680	     0	72.8	94.2	1606	OK
 681	  4000	71.9	90.1	1697	high noise
 682	     0	72.3	96.2	1605	OK
 683	     0	71.6	96.0	1504	OK
 684	     0	72.5	96.6	1537	OK
 685	     0	73.0	95.1	1553	OK
 686	     0	72.8	97.2	1491	OK
 687	     0	70.6	91.3	1655	OK
 688	     0	74.0	96.8	1538	OK
 689	     0	71.2	92.8	1616	OK
 690	     0	73.0	96.9	1542	OK
 691	     0	75.6	100.0	1483	OK
 692	     0	72.6	97.3	1487	OK
 693	     0	74.2	99.9	1462	OK
 694	     0	70.2	93.7	1562	OK
 695	     0	75.1	101.7	1444	OK
 696	     0	71.2	91.9	1620	OK
 697	     0	71.2	92.3	1601	OK
 698	 80000	68.2	75.0	2055	very high noise
 699	     0	73.5	94.9	1545	OK
 700	     0	74.8	97.3	1492	OK
 701	     0	71.0	94.8	1579	OK
 702	     0	72.4	95.4	1553	OK
 703	     0	70.5	92.4	1583	OK
 704	     0	75.9	95.0	1567	OK
 705	     0	72.9	97.1	1457	OK
 706	     0	73.8	95.6	1492	OK
 707	     0	73.4	95.6	1528	OK
 708	 80000	60.0	52.3	1966	very high noise
 709	     0	72.3	95.9	1523	OK
 710	     0	74.3	100.5	1463	OK
 711	     0	72.2	94.7	1551	OK
 712	     0	71.2	94.9	1516	OK
 713	     0	71.5	97.0	1489	OK
 714	     0	73.0	98.2	1476	OK
 715	     0	73.1	95.5	1580	OK
 716	     0	72.0	93.0	1589	OK
 717	     0	70.7	91.3	1682	OK
 718	     0	74.9	98.7	1508	OK
 719	     0	71.6	93.3	1612	OK
 720	     0	70.5	92.6	1629	OK
 721	     0	74.8	94.8	1594	OK
 722	     0	72.8	97.0	1488	OK
 723	 80000	73.3	90.9	1721	very high noise
 724	     0	74.0	97.5	1545	OK
 725	     0	70.5	89.9	1688	OK
 726	 80000	73.0	90.8	1703	very high noise
 727	     0	72.4	94.5	1598	OK
 728	     0	70.9	92.8	1621	OK
 729	     0	71.6	92.4	1667	OK
 730	     0	74.9	97.0	1549	OK
 731	     0	72.9	93.5	1560	OK
 732	     0	74.1	93.7	1627	OK
 733	     0	74.7	99.4	1482	OK
 734	     0	72.4	92.9	1673	OK
 735	     0	71.7	94.6	1549	OK
 736	     0	71.2	93.1	1637	OK
 737	     0	74.1	98.7	1525	OK
 738	     0	73.7	97.8	1553	OK
 739	     0	70.6	94.8	1593	OK
 740	     0	73.3	94.3	1584	OK
 741	     0	73.7	94.4	1612	OK
 742	     0	72.2	92.9	1660	OK
 743	     0	72.4	94.9	1555	OK
 744	     0	72.8	95.3	1588	OK
 745	     0	73.6	96.9	1559	OK
 746	     0	73.5	94.7	1656	OK
 747	     0	71.6	97.1	1521	OK
 748	     0	75.1	98.5	1547	OK
 749	     0	71.7	94.1	1597	OK
 750	     0	72.2	94.5	1614	OK
 751	     0	73.2	94.0	1650	OK
 752	     0	75.5	99.7	1522	OK
 753	     0	74.1	95.2	1611	OK
 754	     0	73.3	98.6	1515	OK
 755	     0	72.2	93.3	1666	OK
 756	     0	74.6	95.5	1632	OK
 757	     0	77.0	98.8	1551	OK
 758	     0	75.4	96.4	1607	OK
 759	     0	73.1	94.9	1638	OK
 760	     0	73.4	95.3	1601	OK
 761	     0	71.8	96.0	1571	OK
 762	     0	75.0	99.7	1514	OK
 763	     0	74.2	97.7	1525	OK
 764	     0	74.7	95.3	1621	OK
 765	     0	75.5	98.4	1605	OK
 766	     0	77.0	98.9	1574	OK
 767	     0	75.3	97.6	1599	OK
 768	     0	76.0	97.8	1585	OK
 769	     0	74.8	96.2	1612	OK
 770	     0	73.5	94.8	1625	OK
 771	     0	73.7	94.8	1610	OK
 772	     0	73.6	93.0	1690	OK
 773	     0	75.7	99.5	1576	OK
 774	     0	72.7	95.8	1609	OK
 775	     0	75.1	100.1	1532	OK
 776	     0	73.5	97.4	1576	OK
 777	     0	71.5	92.1	1654	OK
 778	     0	72.8	95.3	1590	OK
 779	     0	74.4	96.5	1539	OK
 780	     0	73.4	94.2	1594	OK
 781	     0	71.6	92.3	1641	OK
 782	     0	76.0	98.8	1532	OK
 783	     0	73.3	94.5	1549	OK
 784	     0	75.4	99.8	1497	OK
 785	     0	77.8	99.9	1525	OK
 786	     0	73.6	94.1	1583	OK
 787	     0	75.8	94.9	1562	OK
 788	     0	75.8	100.2	1480	OK
 789	     0	76.6	101.2	1495	OK
 790	     0	73.3	92.8	1632	OK
 791	     0	76.4	98.2	1526	OK
 792	     0	72.1	94.0	1557	OK
 793	     0	77.3	98.1	1566	OK
 794	     0	73.3	97.2	1534	OK
 795	 80000	72.5	90.3	1712	very high noise
 796	     0	73.8	100.3	1508	OK
 797	     0	74.7	97.8	1477	OK
 798	     0	76.2	97.6	1553	OK
 799	     0	74.9	97.4	1530	OK
 800	     0	73.3	95.6	1534	OK
 801	     0	78.8	100.4	1450	OK
 802	     0	74.3	96.6	1504	OK
 803	     0	73.5	96.5	1493	OK
 804	     0	78.9	98.4	1524	OK
 805	     0	74.9	95.3	1574	OK
 806	     0	73.9	96.6	1524	OK
 807	     0	76.2	96.6	1592	OK
 808	     0	74.6	118.4	1418	OK
 809	     0	75.3	98.3	1562	OK
 810	     0	74.5	95.0	1606	OK
 811	     0	74.7	100.3	1509	OK
 812	     0	75.8	97.1	1574	OK
 813	     0	73.5	95.8	1579	OK
 814	     0	73.6	98.3	1510	OK
 815	     0	76.0	97.8	1542	OK
 816	     0	74.6	95.7	1550	OK
 817	     0	74.1	96.2	1537	OK
 818	     0	75.0	95.6	1539	OK
 819	     0	75.4	97.5	1487	OK
 820	     0	75.4	97.8	1529	OK
 821	     0	73.9	95.0	1555	OK
 822	     0	75.8	97.3	1495	OK
 823	     0	73.1	94.0	1539	OK
 824	     0	73.4	97.6	1463	OK
 825	     0	73.5	93.6	1558	OK
 826	     0	74.9	95.9	1494	OK
 827	     0	77.2	102.7	1435	OK
 828	     0	75.0	97.3	1509	OK
 829	     0	77.7	101.9	1443	OK
 830	     0	76.5	98.9	1495	OK
 831	     0	75.6	96.7	1497	OK
 832	     0	79.2	112.2	1356	OK
 833	     0	77.0	101.7	1418	OK
 834	     0	77.3	101.2	1448	OK
 835	     0	74.7	94.5	1580	OK
 836	     0	74.9	95.6	1553	OK
 837	     0	76.6	98.8	1456	OK
 838	     0	74.6	95.1	1572	OK
 839	     0	76.1	99.6	1510	OK
 840	     0	75.5	96.1	1592	OK
 841	     0	75.3	98.0	1607	OK
 842	     0	77.6	98.7	1621	OK
 843	     0	76.8	99.6	1625	OK
 844	     0	79.3	101.0	1643	OK
 845	     0	78.8	99.5	1694	OK
 846	 80000	76.5	97.4	1725	very high noise
 847	     0	77.2	101.9	1633	OK
 848	 80000	76.0	99.0	1709	very high noise
 849	   200	82.9	113.2	1535	high gain
 850	     0	78.2	100.9	1698	OK
 851	     0	74.7	99.1	1673	OK
 852	 80000	74.4	96.5	1776	very high noise
 853	 80000	73.7	95.5	1819	very high noise
 854	 80000	75.9	99.5	1704	very high noise
 855	 80000	75.6	97.9	1737	very high noise
 856	 80000	74.8	98.1	1730	very high noise
 857	 80000	76.7	98.6	1767	very high noise
 858	 80000	73.9	94.1	1884	very high noise
 859	 80000	75.1	93.4	1873	very high noise
 860	 80000	74.6	96.4	1798	very high noise
 861	 80000	75.5	99.1	1718	very high noise
 862	 80000	75.2	96.6	1769	very high noise
 863	 80000	76.7	97.7	1754	very high noise
 864	 80000	74.6	94.4	1813	very high noise
 865	 80000	74.2	93.5	1827	very high noise
 866	     0	77.1	99.6	1670	OK
 867	 80000	77.1	97.7	1720	very high noise
 868	 80000	72.2	92.6	1816	very high noise
 869	     0	74.2	96.4	1688	OK
 870	     0	76.5	97.6	1681	OK
 871	     0	74.0	97.8	1644	OK
 872	     0	75.7	99.8	1589	OK
 873	     0	75.6	97.5	1643	OK
 874	     0	76.4	96.9	1672	OK
 875	     0	77.6	97.7	1681	OK
 876	     0	73.0	95.2	1633	OK
 877	     0	76.5	98.7	1633	OK
 878	     0	79.8	102.6	1589	OK
 879	     0	77.9	99.2	1661	OK
 880	     0	77.1	102.0	1605	OK
 881	     0	78.3	105.7	1530	OK
 882	     0	76.4	98.8	1669	OK
 883	     0	75.2	96.2	1677	OK
 884	 80000	77.8	97.4	1759	very high noise
 885	     0	77.6	97.4	1683	OK
 886	 80000	76.0	98.5	1707	very high noise
 887	 80000	75.6	95.6	1704	very high noise
 888	     0	75.0	97.3	1695	OK
 889	     0	78.4	101.2	1660	OK
 890	 80000	77.6	96.5	1753	very high noise
 891	 80000	76.3	98.7	1727	very high noise
 892	     0	76.5	101.1	1618	OK
 893	 80000	76.7	96.3	1770	very high noise
 894	     0	77.2	100.3	1662	OK
 895	 80000	76.4	96.4	1769	very high noise
 896	 80000	73.6	95.4	1849	very high noise
 897	 80000	73.2	96.3	1783	very high noise
 898	 80000	73.8	93.8	1888	very high noise
 899	 80000	71.4	87.0	2038	very high noise
 900	 80000	73.5	94.3	1858	very high noise
 901	 80000	73.2	96.6	1796	very high noise
 902	 80000	74.3	101.8	1727	very high noise
 903	 80000	72.2	90.0	2051	very high noise
 904	 80000	74.0	96.9	1873	very high noise
 905	 80000	71.7	92.4	1991	very high noise
 906	 80000	69.7	91.7	1996	very high noise
 907	 80000	70.0	91.7	2049	very high noise
 908	 80000	70.4	95.5	1908	very high noise
 909	 80000	71.2	95.9	1914	very high noise
 910	 80000	71.8	95.1	1943	very high noise
 911	 80000	70.9	93.5	1963	very high noise
 912	 80000	70.7	93.3	1950	very high noise
 913	 80000	70.5	89.3	2063	very high noise
 914	 80000	67.4	90.4	1949	very high noise
 915	 80000	68.0	88.2	1965	very high noise
 916	 80000	72.8	96.8	1795	very high noise
 917	 80000	72.9	96.2	1744	very high noise
 918	 80000	74.2	94.0	1829	very high noise
 919	 80000	69.3	92.5	1749	very high noise
 920	  4000	71.2	94.9	1677	high noise
 921	  4000	73.1	95.6	1658	high noise
 922	     0	74.7	97.1	1596	OK
 923	  4000	71.8	90.8	1693	high noise
 924	  4000	72.9	92.8	1632	high noise
 925	     0	74.1	96.3	1530	OK
 926	     0	72.9	94.7	1546	OK
 927	     0	71.2	94.5	1549	OK
 928	     0	73.7	94.8	1538	OK
 929	     0	73.7	94.9	1542	OK
 930	     0	73.1	94.6	1560	OK
 931	     0	69.4	91.9	1579	OK
 932	     0	72.0	93.4	1539	OK
 933	     0	72.8	95.7	1506	OK
 934	     0	72.3	93.6	1593	OK
 935	     0	72.3	93.5	1518	OK
 936	     0	72.8	94.9	1542	OK
 937	     0	72.8	92.3	1575	OK
 938	     0	72.3	92.1	1572	OK
 939	     0	72.8	94.5	1529	OK
 940	     0	72.8	93.7	1561	OK
 941	     0	71.3	92.5	1526	OK
 942	     0	74.7	97.2	1540	OK
 943	     0	73.5	94.5	1579	OK
 944	     0	72.0	93.1	1518	OK
 945	     0	73.0	97.6	1461	OK
 946	     0	73.7	96.3	1473	OK
 947	     0	74.6	95.4	1496	OK
 948	     0	72.8	93.2	1502	OK
 949	     0	71.5	94.4	1471	OK
 950	     0	72.1	92.8	1523	OK
 951	     0	72.0	96.3	1419	OK
 952	     0	75.4	96.7	1512	OK
 953	     0	70.3	93.2	1488	OK
 954	     0	72.4	93.2	1544	OK
 955	     0	71.7	92.8	1578	OK
 956	     0	73.8	94.7	1511	OK
 957	     0	73.5	94.1	1506	OK
 958	     0	74.1	96.6	1479	OK
 959	     0	71.0	93.4	1495	OK
 960	     0	76.6	98.8	1442	OK
 961	     0	72.7	96.7	1463	OK
 962	     0	71.7	95.3	1459	OK
 963	     0	72.7	95.0	1485	OK
 964	     0	72.3	93.8	1542	OK
 965	     0	70.6	93.6	1532	OK
 966	     0	71.4	95.9	1480	OK
 967	     0	74.9	93.1	1565	OK
 968	     0	71.8	95.3	1464	OK
 969	     0	71.1	97.2	1454	OK
 970	     0	72.2	93.9	1541	OK
 971	  4000	71.9	91.0	1619	high noise
 972	     0	73.4	98.3	1435	OK
 973	     0	72.7	95.7	1466	OK
 974	     0	73.1	96.5	1463	OK
 975	     0	74.2	96.6	1502	OK
 976	     0	73.0	94.0	1521	OK
 977	  4000	69.9	89.0	1636	high noise
 978	     0	71.8	93.5	1548	OK
 979	     0	75.0	98.5	1445	OK
 980	     0	71.2	93.5	1506	OK
 981	     0	75.0	96.5	1494	OK
 982	     0	73.3	95.4	1494	OK
 983	     0	70.9	90.5	1585	OK
 984	     0	72.5	94.6	1502	OK
 985	     0	72.2	94.9	1505	OK
 986	     0	74.2	94.9	1521	OK
 987	     0	73.1	97.0	1459	OK
 988	     0	74.2	96.4	1515	OK
 989	     0	72.8	95.8	1520	OK
 990	     0	70.9	91.0	1551	OK
 991	     0	72.6	95.3	1455	OK
 992	     0	71.7	95.5	1470	OK
 993	     0	71.8	94.6	1512	OK
 994	     0	71.8	96.4	1447	OK
 995	     0	71.2	94.8	1462	OK
 996	     0	69.4	94.5	1455	OK
 997	     0	69.5	89.7	1593	OK
 998	  4000	67.9	88.0	1640	high noise
 999	     0	71.4	92.9	1542	OK
1000	     0	74.4	101.0	1365	OK
1001	     0	72.6	94.1	1497	OK
1002	     0	73.5	97.0	1456	OK
1003	     0	73.0	97.1	1427	OK
1004	     0	75.7	100.3	1436	OK
1005	  4000	71.4	90.3	1619	high noise
1006	     0	73.3	94.6	1520	OK
1007	     0	71.9	98.7	1408	OK
1008	     0	74.3	96.2	1462	OK
1009	     0	68.4	91.9	1497	OK
1010	  4000	71.6	89.5	1619	high noise
1011	     0	70.8	96.1	1474	OK
1012	     0	72.7	98.1	1425	OK
1013	     0	72.4	95.0	1472	OK
1014	     0	73.3	94.3	1519	OK
1015	     0	75.7	96.4	1470	OK
1016	     0	77.3	100.5	1442	OK
1017	     0	75.0	98.8	1385	OK
1018	     0	72.9	95.8	1417	OK
1019	     0	73.3	97.4	1440	OK
1020	     0	71.3	92.5	1538	OK
1021	     0	73.9	96.7	1396	OK
1022	     0	76.7	102.2	1344	OK
1023	     0	75.3	98.4	1389	OK
1024	     0	77.9	100.3	1360	OK
1025	     0	78.0	103.4	1314	OK
1026	     0	78.0	102.9	1321	OK
1027	     0	77.0	98.4	1395	OK
1028	     0	80.0	102.8	1322	OK
1029	     0	78.0	97.8	1395	OK
1030	     0	79.6	102.8	1352	OK
1031	     0	78.6	101.3	1348	OK
1032	     0	75.8	98.0	1344	OK
1033	     0	81.1	106.1	1292	OK
1034	     0	77.2	97.7	1381	OK
1035	     0	75.7	97.2	1381	OK
1036	     0	80.4	104.1	1356	OK
1037	     0	78.2	103.3	1323	OK
1038	     0	78.5	101.4	1298	OK
1039	     0	76.6	100.4	1322	OK
1040	     0	76.8	101.5	1329	OK
1041	     0	75.8	98.9	1348	OK
1042	     0	76.1	101.0	1344	OK
1043	     0	76.6	99.5	1334	OK
1044	     0	78.5	104.8	1279	OK
1045	     0	76.4	100.0	1329	OK
1046	     0	74.9	98.1	1389	OK
1047	     0	79.8	102.5	1343	OK
1048	     0	75.8	99.3	1361	OK
1049	     0	78.5	100.0	1382	OK
1050	     0	76.7	99.6	1402	OK
1051	     0	77.3	101.6	1318	OK
1052	     0	76.2	98.7	1406	OK
1053	     0	78.1	99.7	1395	OK
1054	     0	76.6	98.4	1424	OK
1055	     0	76.1	97.0	1471	OK
1056	     0	77.3	102.0	1414	OK
1057	     0	77.4	99.9	1391	OK
1058	     0	75.5	97.4	1439	OK
1059	     0	76.1	97.5	1435	OK
1060	     0	77.2	100.1	1389	OK
1061	     0	76.1	98.8	1398	OK
1062	     0	77.7	97.4	1479	OK
1063	     0	76.7	101.0	1370	OK
1064	     0	76.9	97.1	1470	OK
1065	     0	77.3	100.6	1392	OK
1066	     0	77.6	101.4	1391	OK
1067	     0	78.0	100.0	1412	OK
1068	     0	75.7	97.7	1437	OK
1069	     0	76.8	101.6	1384	OK
1070	     0	77.7	98.3	1432	OK
1071	     0	77.7	102.9	1346	OK
1072	     0	76.5	97.1	1439	OK
1073	     0	81.4	102.9	1423	OK
1074	     0	76.8	101.4	1392	OK
1075	     0	80.5	100.8	1420	OK
1076	     0	78.2	105.1	1367	OK
1077	     0	77.2	103.0	1358	OK
1078	     0	76.4	100.9	1381	OK
1079	     0	76.2	106.1	1329	OK
1080	     0	75.9	100.0	1395	OK
1081	     0	76.2	98.8	1415	OK
1082	     0	79.5	101.0	1423	OK
1083	     0	77.6	99.8	1460	OK
1084	     0	76.5	97.5	1420	OK
1085	     0	78.0	99.6	1419	OK
1086	     0	79.8	102.3	1372	OK
1087	     0	76.3	96.6	1478	OK
1088	     0	77.4	99.5	1409	OK
1089	     0	78.4	100.9	1409	OK
1090	     0	76.6	96.2	1476	OK
1091	     0	75.6	101.0	1373	OK
1092	     0	77.1	97.1	1482	OK
1093	     0	77.2	98.8	1403	OK
1094	     0	78.0	102.0	1375	OK
1095	     0	76.4	97.6	1414	OK
1096	     0	77.0	99.2	1402	OK
1097	     0	76.9	100.6	1381	OK
1098	     0	76.0	96.3	1484	OK
1099	     0	76.5	100.7	1416	OK
1100	     0	76.1	99.5	1434	OK
1101	     0	77.5	99.8	1434	OK
1102	     0	77.1	99.9	1416	OK
1103	     0	75.9	97.8	1442	OK
1104	     0	78.2	103.2	1396	OK
1105	     0	77.9	100.1	1420	OK
1106	     0	77.4	96.9	1455	OK
1107	     0	77.0	99.3	1425	OK
1108	     0	78.1	99.9	1424	OK
1109	     0	76.4	100.1	1398	OK
1110	     0	75.0	96.0	1485	OK
1111	     0	79.9	101.2	1465	OK
1112	     0	78.1	102.2	1388	OK
1113	     0	77.0	104.8	1388	OK
1114	     0	77.0	99.3	1465	OK
1115	     0	76.6	97.8	1425	OK
1116	 80000	72.9	83.9	1809	very high noise
1117	  4000	75.6	94.3	1536	high noise
1118	     0	76.5	97.6	1481	OK
1119	  4000	75.2	94.7	1534	high noise
1120	     0	76.2	105.2	1331	OK
1121	     0	78.3	99.1	1431	OK
1122	     0	77.4	100.8	1424	OK
1123	     0	75.6	97.5	1455	OK
1124	     0	78.7	100.2	1414	OK
1125	     0	77.3	97.1	1468	OK
1126	     0	78.1	102.2	1384	OK
1127	     0	76.5	98.6	1443	OK
1128	     0	77.4	98.8	1407	OK
1129	     0	78.1	100.2	1451	OK
1130	  4000	77.2	96.5	1495	high noise
1131	     0	77.8	100.3	1419	OK
1132	     0	74.9	97.7	1459	OK
1133	     0	78.0	103.2	1342	OK
1134	  4000	76.6	96.6	1502	high noise
1135	     0	75.3	99.4	1432	OK
1136	     0	77.8	100.2	1400	OK
1137	     0	77.2	100.3	1417	OK
1138	     0	76.8	98.3	1439	OK
1139	     0	80.3	104.9	1400	OK
1140	     0	75.6	98.6	1446	OK
1141	     0	79.1	100.3	1412	OK
1142	  4000	76.6	97.2	1518	high noise
1143	     0	77.5	99.2	1464	OK
1144	     0	75.9	98.1	1457	OK
1145	     0	79.1	101.9	1428	OK
1146	     0	75.9	97.6	1486	OK
1147	     0	77.9	101.1	1421	OK
1148	     0	77.2	99.4	1463	OK
1149	  4000	77.9	96.2	1535	high noise
1150	     0	77.3	101.5	1427	OK
1151	     0	76.7	110.7	1380	OK
1152	     0	77.4	97.6	1545	OK
1153	  4000	73.9	91.9	1648	high noise
1154	     0	76.7	99.1	1502	OK
1155	     0	77.8	98.1	1517	OK
1156	  4000	73.1	93.5	1627	high noise
1157	  4000	75.5	95.3	1600	high noise
1158	     0	76.4	96.5	1563	OK
1159	     0	75.2	98.1	1522	OK
1160	     0	74.3	96.3	1530	OK
1161	  4000	73.8	93.5	1628	high noise
1162	     0	77.0	100.0	1492	OK
1163	     0	74.2	99.7	1483	OK
1164	     0	78.1	99.9	1495	OK
1165	     0	74.3	96.2	1549	OK
1166	     0	77.4	98.1	1538	OK
1167	     0	76.0	98.2	1523	OK
1168	     0	78.5	99.8	1498	OK
1169	     0	78.2	99.7	1514	OK
1170	     0	74.7	96.9	1531	OK
1171	     0	75.7	98.3	1482	OK
1172	     0	76.6	97.0	1564	OK
1173	     0	76.2	96.1	1584	OK
1174	     0	77.7	98.3	1525	OK
1175	     0	76.6	98.2	1501	OK
1176	  4000	74.1	92.3	1695	high noise
1177	     0	73.9	98.7	1486	OK
1178	  4000	75.1	94.1	1614	high noise
1179	     0	75.4	96.7	1518	OK
1180	     0	75.7	98.1	1536	OK
1181	     0	75.5	98.6	1482	OK
1182	     0	76.1	97.6	1528	OK
1183	     0	77.1	99.2	1469	OK
1184	     0	71.4	93.9	1536	OK
1185	     0	77.6	97.5	1521	OK
1186	     0	74.0	96.4	1542	OK
1187	     0	73.1	96.6	1508	OK
1188	  4000	73.0	92.2	1614	high noise
1189	     0	74.8	96.3	1547	OK
1190	     0	74.3	94.8	1554	OK
1191	     0	76.2	97.3	1525	OK
1192	     0	78.2	108.9	1393	OK
1193	     0	73.1	95.5	1528	OK
1194	     0	73.0	97.5	1476	OK
1195	     0	75.8	98.3	1492	OK
1196	     0	74.6	95.7	1561	OK
1197	     0	71.5	94.2	1539	OK
1198	     0	73.7	96.6	1488	OK
1199	     0	75.7	99.1	1459	OK
1200	     0	74.8	97.0	1493	OK
1201	     0	76.5	101.5	1427	OK
1202	     0	76.4	99.7	1485	OK
1203	     0	73.9	95.0	1563	OK
1204	     0	75.3	99.8	1464	OK
1205	     0	75.3	97.9	1523	OK
1206	     0	74.6	95.0	1552	OK
1207	     0	75.1	96.7	1561	OK
1208	     0	75.2	99.1	1486	OK
1209	     0	74.6	95.5	1556	OK
1210	     0	77.3	99.2	1531	OK
1211	     0	75.2	98.1	1500	OK
1212	     0	75.9	99.5	1460	OK
1213	     0	70.0	148.8	1466	OK
1214	     0	78.2	101.2	1514	OK
1215	     0	75.6	97.3	1496	OK
1216	     0	78.6	102.1	1464	OK
1217	     0	73.8	95.8	1527	OK
1218	     0	77.0	98.4	1488	OK
1219	     0	73.7	97.3	1452	OK
1220	     0	73.2	93.7	1559	OK
1221	     0	74.6	97.4	1478	OK
1222	     0	76.5	97.3	1508	OK
1223	     0	73.7	99.5	1441	OK
1224	     0	73.6	94.2	1536	OK
1225	     0	74.5	96.1	1502	OK
1226	  4000	73.2	92.7	1619	high noise
1227	     0	73.7	96.1	1481	OK
1228	     0	78.1	99.1	1474	OK
1229	     0	77.1	100.1	1437	OK
1230	     0	73.9	94.0	1542	OK
1231	     0	77.1	97.5	1469	OK
1232	     0	74.4	98.8	1453	OK
1233	     0	76.8	97.8	1442	OK
1234	     0	74.8	99.4	1430	OK
1235	     0	76.2	96.5	1499	OK
1236	     0	75.4	98.4	1434	OK
1237	     0	73.7	95.0	1485	OK
1238	     0	74.9	92.7	1555	OK
1239	     0	74.9	94.5	1501	OK
1240	     0	72.9	94.2	1515	OK
1241	     0	73.3	96.6	1455	OK
1242	     0	75.4	94.8	1485	OK
1243	     0	74.2	99.1	1385	OK
1244	     0	76.0	96.6	1448	OK
1245	     0	74.1	96.8	1439	OK
1246	     0	77.5	102.1	1364	OK
1247	     0	76.4	97.7	1425	OK
1248	     0	75.1	96.1	1477	OK
1249	     0	75.4	102.0	1337	OK
1250	     0	74.6	93.8	1511	OK
1251	     0	74.5	96.0	1461	OK
1252	     0	74.9	96.7	1419	OK
1253	     0	75.8	100.1	1393	OK
1254	     0	76.3	100.4	1378	OK
1255	     0	75.2	95.1	1480	OK
1256	     0	75.4	98.1	1402	OK
1257	     0	76.3	95.5	1491	OK
1258	     0	72.5	94.2	1502	OK
1259	     0	74.3	94.5	1481	OK
1260	     0	75.4	95.5	1486	OK
1261	     0	77.1	102.4	1343	OK
1262	     0	76.3	97.8	1444	OK
1263	     0	77.5	99.6	1411	OK
1264	     0	73.2	95.7	1462	OK
1265	     0	72.8	95.6	1464	OK
1266	     0	75.9	101.5	1376	OK
1267	     0	74.3	96.8	1456	OK
1268	     0	75.3	114.2	1329	OK
1269	     0	73.1	93.9	1544	OK
1270	     0	75.5	96.5	1482	OK
1271	     0	76.4	97.9	1470	OK
1272	     0	74.9	99.1	1401	OK
1273	     0	75.8	99.0	1403	OK
1274	     0	76.8	96.8	1505	OK
1275	  4000	75.9	93.6	1594	high noise
1276	     0	77.3	98.0	1485	OK
1277	     0	79.8	106.6	1382	OK
1278	     0	80.4	102.1	1410	OK
1279	     0	78.4	101.3	1378	OK
1280	  4000	83.0	101.5	1281	high noise
1281	  4000	77.4	100.2	1231	high noise
1282	  4000	75.2	98.7	1290	high noise
1283	  4000	79.5	101.7	1226	high noise
1284	  4000	78.1	100.1	1217	high noise
1285	  4000	77.6	99.9	1167	high noise
1286	     0	77.8	103.8	1132	OK
1287	     0	78.0	101.5	1137	OK
1288	     0	75.8	98.3	1110	OK
1289	     0	79.5	101.8	1107	OK
1290	     0	79.3	102.8	1083	OK
1291	     0	80.5	103.1	1080	OK
1292	     0	78.7	101.5	1069	OK
1293	     0	79.9	104.5	1056	OK
1294	     0	80.1	105.8	1059	OK
1295	     0	78.4	102.3	1057	OK
1296	     0	80.0	103.2	1035	OK
1297	     0	79.0	102.9	1043	OK
1298	     0	78.4	101.3	1027	OK
1299	     0	76.8	102.9	1017	OK
1300	     0	78.7	102.8	1033	OK
1301	     0	77.9	100.3	1047	OK
1302	     0	80.0	104.1	1016	OK
1303	     0	78.3	101.0	1040	OK
1304	     0	79.3	106.5	1016	OK
1305	     0	77.1	100.7	1027	OK
1306	     0	79.7	104.1	1038	OK
1307	     0	80.3	104.4	1033	OK
1308	     0	80.0	102.5	1044	OK
1309	     0	81.8	106.5	1042	OK
1310	     0	77.0	102.4	1034	OK
1311	     0	78.4	102.4	1033	OK
1312	     0	77.6	103.0	1028	OK
1313	     0	78.6	101.7	1019	OK
1314	     0	79.2	104.3	1042	OK
1315	     0	80.2	107.7	1029	OK
1316	     0	76.5	99.8	1047	OK
1317	     0	78.3	103.6	1051	OK
1318	     0	80.1	106.9	1030	OK
1319	     0	79.0	104.6	1029	OK
1320	     0	80.6	103.1	1039	OK
1321	     0	78.1	104.6	1039	OK
1322	     0	78.8	103.8	1037	OK
1323	     0	81.1	103.0	1038	OK
1324	     0	77.8	100.8	1048	OK
1325	     0	79.0	101.5	1052	OK
1326	     0	80.0	103.5	1057	OK
1327	     0	74.3	101.3	1045	OK
1328	     0	79.9	105.9	1046	OK
1329	     0	81.2	104.0	1067	OK
1330	     0	79.6	104.2	1066	OK
1331	     0	77.8	102.7	1044	OK
1332	     0	78.9	104.0	1069	OK
1333	     0	80.2	108.1	1053	OK
1334	     0	77.8	100.5	1067	OK
1335	     0	80.0	106.3	1063	OK
1336	     0	77.1	101.9	1067	OK
1337	     0	82.2	106.3	1087	OK
1338	     0	81.3	109.1	1061	OK
1339	     0	79.1	101.8	1072	OK
1340	     0	80.8	103.2	1083	OK
1341	     0	78.4	100.9	1095	OK
1342	     0	80.8	103.2	1103	OK
1343	     0	80.4	101.0	1089	OK
1344	     0	78.5	102.4	1080	OK
1345	     0	79.2	103.5	1100	OK
1346	     0	78.5	101.9	1101	OK
1347	     0	81.7	103.5	1090	OK
1348	     0	78.1	102.3	1083	OK
1349	     0	77.7	98.5	1114	OK
1350	     0	77.7	100.4	1102	OK
1351	     0	78.3	102.8	1111	OK
1352	     0	79.5	101.2	1110	OK
1353	     0	79.7	102.3	1074	OK
1354	     0	79.3	101.3	1111	OK
1355	     0	79.9	102.9	1089	OK
1356	     0	80.3	103.4	1104	OK
1357	     0	78.8	104.4	1081	OK
1358	     0	80.0	104.6	1067	OK
1359	     0	80.2	106.6	1089	OK
1360	     0	78.3	100.5	1092	OK
1361	     0	78.2	102.8	1065	OK
1362	     0	80.9	103.5	1063	OK
1363	     0	77.3	103.6	1095	OK
1364	     0	82.0	105.7	1056	OK
1365	     0	80.6	104.1	1071	OK
1366	     0	80.6	105.4	1077	OK
1367	     0	78.7	105.6	1060	OK
1368	     0	77.8	101.7	1081	OK
1369	     0	81.7	105.5	1089	OK
1370	     0	79.2	103.5	1070	OK
1371	     0	80.7	103.1	1081	OK
1372	     0	80.1	104.2	1054	OK
1373	     0	79.8	102.9	1063	OK
1374	     0	76.8	104.3	1067	OK
1375	     0	78.2	101.2	1038	OK
1376	     0	80.1	105.0	1049	OK
1377	     0	77.4	101.2	1065	OK
1378	     0	77.5	101.7	1055	OK
1379	     0	80.0	102.0	1060	OK
1380	     0	80.1	104.5	1050	OK
1381	     0	78.9	104.2	1040	OK
1382	     0	81.7	105.6	1065	OK
1383	     0	84.3	111.1	1083	OK
1384	     0	78.4	101.2	1055	OK
1385	     0	81.8	104.8	1070	OK
1386	     0	81.6	106.1	1065	OK
1387	     0	81.0	104.6	1044	OK
1388	     0	79.1	104.5	1071	OK
1389	     0	80.6	102.0	1050	OK
1390	     0	78.9	104.3	1054	OK
1391	     0	81.0	103.1	1062	OK
1392	     0	79.5	106.4	1056	OK
1393	     0	79.6	104.6	1037	OK
1394	     0	79.7	105.6	1050	OK
1395	     0	81.1	106.3	1054	OK
1396	     0	82.4	108.2	1052	OK
1397	     0	78.6	102.1	1046	OK
1398	     0	78.9	102.4	1084	OK
1399	     0	78.7	101.1	1056	OK
1400	     0	81.6	106.2	1048	OK
1401	     0	82.0	105.2	1070	OK
1402	     0	78.8	101.6	1055	OK
1403	     0	78.4	100.9	1046	OK
1404	     0	81.0	110.6	1048	OK
1405	     0	79.1	100.5	1083	OK
1406	     0	80.3	100.7	1074	OK
1407	     0	82.4	105.5	1061	OK
1408	     0	78.1	101.5	1050	OK
1409	     0	82.2	104.2	1058	OK
1410	     0	81.3	105.7	1034	OK
1411	     0	77.3	99.8	1044	OK
1412	     0	76.9	102.2	1041	OK
1413	     0	80.6	105.9	1037	OK
1414	     0	80.3	102.5	1003	OK
1415	     0	83.4	105.9	1023	OK
1416	     0	79.8	105.1	1025	OK
1417	     0	76.8	101.9	1026	OK
1418	     0	77.1	102.2	1005	OK
1419	     0	78.4	100.1	1023	OK
1420	     0	80.3	105.6	1015	OK
1421	     0	81.8	107.6	 998	OK
1422	     0	80.1	101.8	1022	OK
1423	     0	76.5	102.8	 999	OK
1424	     0	77.3	100.0	1001	OK
1425	     0	77.9	100.3	1003	OK
1426	     0	78.6	100.3	1034	OK
1427	     0	81.0	107.5	1031	OK
1428	     0	78.1	102.0	1036	OK
1429	     0	77.6	101.8	 991	OK
1430	     0	79.3	103.0	1012	OK
1431	     0	78.8	104.0	1021	OK
1432	     0	79.0	104.3	1024	OK
1433	     0	79.2	102.1	1023	OK
1434	     0	80.3	103.6	1018	OK
1435	     0	80.5	103.3	1002	OK
1436	     0	79.6	103.5	1028	OK
1437	     0	79.0	102.8	1008	OK
1438	     0	78.2	102.8	1024	OK
1439	     0	80.1	106.5	1017	OK
1440	     0	78.5	104.3	1024	OK
1441	     0	79.1	102.1	 996	OK
1442	     0	78.2	103.1	1037	OK
1443	     0	75.3	102.8	1001	OK
1444	     0	78.1	103.0	1019	OK
1445	     0	77.6	104.4	1031	OK
1446	     0	80.1	108.3	1028	OK
1447	     0	77.6	100.4	1012	OK
1448	     0	82.0	105.0	 991	OK
1449	     0	77.7	106.3	1005	OK
1450	     0	77.5	99.5	1006	OK
1451	     0	78.1	102.2	1033	OK
1452	     0	81.9	104.8	1019	OK
1453	     0	78.4	102.2	1035	OK
1454	     0	81.4	104.6	1042	OK
1455	     0	77.6	103.0	1018	OK
1456	     0	79.2	104.0	1020	OK
1457	     0	79.9	104.0	1031	OK
1458	     0	77.1	102.7	1021	OK
1459	     0	79.2	106.9	1035	OK
1460	     0	77.1	103.3	1023	OK
1461	     0	79.7	104.2	1013	OK
1462	     0	76.2	102.6	1024	OK
1463	     0	79.5	103.3	1021	OK
1464	     0	81.0	104.2	1016	OK
1465	     0	79.4	104.0	1010	OK
1466	     0	80.3	103.9	1006	OK
1467	     0	79.8	105.2	1020	OK
1468	     0	81.3	103.1	1022	OK
1469	     0	80.5	106.3	1019	OK
1470	     0	80.3	102.5	1020	OK
1471	     0	80.4	104.4	1002	OK
1472	     0	80.9	104.6	1016	OK
1473	     0	76.9	99.7	1043	OK
1474	     0	81.0	104.7	1030	OK
1475	     0	80.9	106.1	1036	OK
1476	     0	78.5	103.4	1044	OK
1477	     0	75.9	101.4	1032	OK
1478	     0	79.6	103.3	1042	OK
1479	     0	76.8	100.4	1037	OK
1480	     0	81.7	105.4	1035	OK
1481	     0	79.0	102.5	1019	OK
1482	     0	78.3	104.5	1018	OK
1483	     0	82.1	103.6	1017	OK
1484	     0	80.7	104.8	1021	OK
1485	     0	76.9	101.0	1024	OK
1486	     0	78.9	101.8	 993	OK
1487	     0	78.3	102.9	1016	OK
1488	     0	76.5	103.0	1024	OK
1489	     0	79.3	104.5	1029	OK
1490	     0	80.9	103.3	1029	OK
1491	     0	74.9	98.4	1028	OK
1492	     0	79.7	104.1	1018	OK
1493	     0	77.9	101.5	1042	OK
1494	     0	81.6	106.2	1026	OK
1495	     0	77.4	104.0	1017	OK
1496	     0	80.2	102.3	1032	OK
1497	     0	80.9	104.9	1032	OK
1498	     0	79.4	104.2	1040	OK
1499	     0	78.5	103.0	1011	OK
1500	     0	79.6	105.0	1014	OK
1501	     0	80.1	104.8	1037	OK
1502	     0	79.3	105.1	1015	OK
1503	     0	79.2	106.8	1029	OK
1504	     0	80.1	102.7	1030	OK
1505	     0	78.7	103.1	1021	OK
1506	     0	78.1	100.8	1042	OK
1507	     0	79.4	102.2	1011	OK
1508	     0	81.0	105.1	1007	OK
1509	     0	79.0	102.1	1023	OK
1510	     0	79.5	104.1	1026	OK
1511	     0	78.9	105.0	1020	OK
1512	     0	78.8	106.7	1031	OK
1513	     0	78.7	102.3	1008	OK
1514	     0	79.6	102.2	1008	OK
1515	     0	78.3	103.8	1016	OK
1516	     0	81.3	104.7	1013	OK
1517	     0	77.8	102.1	1006	OK
1518	     0	78.0	102.2	1023	OK
1519	     0	77.5	102.4	1019	OK
1520	     0	79.9	102.9	1014	OK
1521	     0	80.0	105.0	1014	OK
1522	     0	76.1	100.2	1048	OK
1523	     0	80.4	106.4	1026	OK
1524	     0	80.1	101.3	1023	OK
1525	     0	80.0	104.9	1032	OK
1526	     0	79.9	101.9	1008	OK
1527	     0	78.9	102.2	1015	OK
1528	     0	80.8	104.0	1008	OK
1529	     0	78.8	104.6	1022	OK
1530	     0	78.0	102.0	1022	OK
1531	     0	79.4	101.7	 996	OK
1532	     0	79.4	102.4	1012	OK
1533	     0	81.1	105.7	1031	OK
1534	     0	81.6	104.7	1008	OK
1535	     0	81.6	104.3	1022	OK
1536	     0	76.8	98.5	1068	OK
1537	     0	78.2	100.5	1053	OK
1538	     0	79.3	104.4	1087	OK
1539	     0	77.5	101.3	1068	OK
1540	     0	81.2	103.9	1058	OK
1541	     0	78.9	102.7	1029	OK
1542	     0	79.0	101.6	1062	OK
1543	     0	79.7	101.1	1034	OK
1544	     0	75.6	98.9	1075	OK
1545	     0	79.7	103.1	1070	OK
1546	     0	79.6	104.4	1057	OK
1547	     0	78.3	102.3	1055	OK
1548	     0	80.6	104.2	1064	OK
1549	     0	79.2	103.5	1060	OK
1550	     0	77.3	103.8	1074	OK
1551	     0	79.0	103.6	1043	OK
1552	     0	78.7	103.3	1067	OK
1553	     0	76.9	100.8	1053	OK
1554	     0	77.5	100.8	1058	OK
1555	     0	80.5	104.0	1080	OK
1556	     0	77.9	100.7	1068	OK
1557	     0	76.8	103.3	1051	OK
1558	     0	75.9	100.8	1079	OK
1559	     0	78.1	102.0	1060	OK
1560	     0	77.1	100.8	1064	OK
1561	     0	79.3	104.5	1061	OK
1562	     0	76.8	100.2	1086	OK
1563	     0	77.7	102.5	1049	OK
1564	     0	76.3	100.3	1067	OK
1565	     0	80.5	104.7	1047	OK
1566	     0	78.9	102.6	1054	OK
1567	     0	76.6	109.0	1058	OK
1568	     0	79.6	101.7	1077	OK
1569	     0	80.5	105.1	1054	OK
1570	     0	77.0	102.4	1076	OK
1571	     0	79.3	103.5	1074	OK
1572	     0	77.3	99.4	1079	OK
1573	     0	78.6	104.1	1031	OK
1574	     0	77.9	103.8	1068	OK
1575	     0	79.0	103.6	1066	OK
1576	     0	75.5	100.0	1059	OK
1577	     0	77.6	99.2	1085	OK
1578	     0	78.7	101.0	1068	OK
1579	     0	76.2	100.4	1060	OK
1580	     0	76.6	101.1	1072	OK
1581	     0	77.2	103.8	1078	OK
1582	     0	80.1	104.3	1076	OK
1583	     0	77.0	103.7	1047	OK
1584	     0	77.7	102.1	1076	OK
1585	     0	76.3	101.5	1087	OK
1586	     0	78.0	101.7	1097	OK
1587	     0	78.1	103.9	1075	OK
1588	     0	76.8	99.4	1079	OK
1589	     0	79.2	106.3	1058	OK
1590	     0	78.9	103.9	1066	OK
1591	     0	76.9	99.5	1085	OK
1592	     0	78.1	100.8	1086	OK
1593	     0	80.8	105.4	1069	OK
1594	     0	77.2	101.5	1072	OK
1595	     0	79.1	104.4	1056	OK
1596	     0	78.8	103.2	1080	OK
1597	     0	77.8	102.5	1064	OK
1598	     0	78.3	101.3	1049	OK
1599	     0	79.6	102.0	1090	OK
1600	     0	76.3	99.9	1082	OK
1601	     0	75.5	98.9	1086	OK
1602	     0	79.3	103.5	1063	OK
1603	     0	74.2	97.1	1058	OK
1604	     0	78.4	103.1	1048	OK
1605	     0	77.0	102.0	1085	OK
1606	     0	77.9	102.8	1055	OK
1607	     0	75.2	100.9	1059	OK
1608	     0	74.6	98.0	1059	OK
1609	     0	77.1	103.0	1043	OK
1610	     0	78.9	101.6	1071	OK
1611	     0	79.3	106.3	1027	OK
1612	     0	75.5	99.7	1056	OK
1613	     0	78.0	101.0	1053	OK
1614	     0	75.4	102.3	1042	OK
1615	     0	78.5	101.5	1067	OK
1616	     0	79.2	104.5	1050	OK
1617	     0	78.9	103.7	1058	OK
1618	     0	76.2	101.7	1024	OK
1619	     0	75.3	99.6	1038	OK
1620	     0	75.2	98.7	1083	OK
1621	     0	75.8	99.4	1051	OK
1622	     0	76.9	100.3	1060	OK
1623	     0	76.3	102.7	1040	OK
1624	     0	79.4	104.1	1044	OK
1625	     0	77.5	98.5	1065	OK
1626	     0	79.6	106.3	1055	OK
1627	     0	80.0	103.5	1042	OK
1628	     0	77.3	102.0	1067	OK
1629	     0	76.5	102.1	1054	OK
1630	     0	80.6	102.2	1067	OK
1631	     0	76.2	99.1	1067	OK
1632	     0	77.8	103.5	1041	OK
1633	     0	79.1	107.7	1043	OK
1634	     0	79.6	102.3	1038	OK
1635	     0	76.6	103.0	1038	OK
1636	     0	76.7	101.3	1043	OK
1637	     0	77.1	103.8	1033	OK
1638	     0	76.2	100.1	1040	OK
1639	     0	75.2	100.4	1051	OK
1640	     0	76.3	98.4	1056	OK
1641	     0	78.0	103.1	1051	OK
1642	     0	76.0	100.8	1051	OK
1643	     0	77.5	100.7	1059	OK
1644	     0	76.6	100.8	1066	OK
1645	     0	75.8	98.4	1026	OK
1646	     0	79.3	105.5	1046	OK
1647	     0	78.4	102.9	1050	OK
1648	     0	77.4	100.3	1059	OK
1649	     0	76.7	102.8	1042	OK
1650	     0	79.6	104.4	1055	OK
1651	     0	79.3	104.6	1062	OK
1652	     0	78.0	104.3	1035	OK
1653	     0	75.0	97.4	1075	OK
1654	     0	80.7	106.2	1022	OK
1655	     0	76.7	101.3	1058	OK
1656	     0	78.0	101.5	1046	OK
1657	     0	77.7	101.1	1044	OK
1658	     0	77.0	100.5	1071	OK
1659	     0	78.2	102.8	1051	OK
1660	     0	79.0	102.9	1057	OK
1661	     0	76.9	98.8	1057	OK
1662	     0	78.5	102.5	1049	OK
1663	     0	79.2	104.3	1038	OK
1664	     0	76.4	100.5	1062	OK
1665	     0	76.1	102.6	1057	OK
1666	     0	75.6	98.7	1059	OK
1667	     0	75.6	100.1	1036	OK
1668	     0	76.3	98.6	1081	OK
1669	     0	72.1	97.5	1087	OK
1670	     0	77.0	100.1	1076	OK
1671	     0	76.1	99.7	1059	OK
1672	     0	72.8	98.9	1087	OK
1673	     0	74.0	98.3	1068	OK
1674	     0	72.4	96.4	1072	OK
1675	     0	74.0	99.0	1042	OK
1676	     0	75.0	99.7	1088	OK
1677	     0	74.3	101.3	1044	OK
1678	     0	72.8	98.1	1066	OK
1679	     0	74.1	99.8	1038	OK
1680	     0	72.2	95.2	1077	OK
1681	     0	71.8	95.4	1067	OK
1682	     0	73.7	98.6	1089	OK
1683	     0	76.8	101.2	1078	OK
1684	     0	74.7	100.8	1059	OK
1685	     0	73.8	96.8	1051	OK
1686	     0	73.6	99.7	1062	OK
1687	     0	76.7	99.3	1072	OK
1688	     0	75.6	98.4	1093	OK
1689	     0	75.2	99.3	1062	OK
1690	     0	74.4	99.3	1077	OK
1691	     0	74.9	100.0	1060	OK
1692	     0	72.5	97.5	1079	OK
1693	     0	73.3	99.1	1070	OK
1694	     0	75.3	100.0	1055	OK
1695	     0	75.0	100.5	1070	OK
1696	     0	75.4	98.8	1070	OK
1697	     0	75.2	97.7	1062	OK
1698	     0	74.9	99.1	1075	OK
1699	     0	74.9	100.2	1041	OK
1700	     0	74.8	98.8	1078	OK
1701	     0	75.2	99.1	1102	OK
1702	     0	74.4	97.5	1079	OK
1703	     0	74.3	98.8	1104	OK
1704	     0	75.7	98.3	1063	OK
1705	     0	73.3	98.1	1054	OK
1706	     0	74.2	96.8	1053	OK
1707	     0	73.3	97.5	1079	OK
1708	     0	75.9	104.8	1075	OK
1709	     0	74.3	97.0	1090	OK
1710	     0	75.7	100.4	1070	OK
1711	     0	74.3	99.2	1050	OK
1712	     0	74.2	98.3	1079	OK
1713	     0	75.0	97.8	1113	OK
1714	     0	76.4	100.0	1083	OK
1715	     0	74.8	99.7	1072	OK
1716	     0	73.2	98.2	1098	OK
1717	     0	76.6	98.5	1068	OK
1718	     0	72.9	97.2	1097	OK
1719	     0	74.1	96.4	1081	OK
1720	     0	76.8	99.8	1102	OK
1721	     0	71.7	96.4	1072	OK
1722	     0	77.0	99.7	1100	OK
1723	     0	75.9	98.3	1091	OK
1724	     0	75.9	98.9	1084	OK
1725	     0	74.8	101.3	1085	OK
1726	     0	74.7	98.4	1079	OK
1727	     0	75.5	101.0	1066	OK
1728	     0	77.3	100.7	1048	OK
1729	     0	74.3	100.4	1054	OK
1730	     0	76.1	99.9	1087	OK
1731	     0	75.1	100.3	1047	OK
1732	     0	74.8	97.4	1065	OK
1733	     0	76.7	101.8	1062	OK
1734	     0	74.8	99.0	1069	OK
1735	     0	75.7	100.0	1042	OK
1736	     0	76.3	100.1	1076	OK
1737	     0	78.3	101.6	1054	OK
1738	     0	78.5	100.1	1088	OK
1739	     0	75.9	100.9	1080	OK
1740	     0	75.3	99.9	1060	OK
1741	     0	75.4	98.9	1089	OK
1742	     0	76.0	98.0	1090	OK
1743	     0	75.5	98.4	1073	OK
1744	     0	76.9	101.1	1044	OK
1745	     0	75.6	99.5	1062	OK
1746	     0	73.7	97.1	1099	OK
1747	     0	76.7	99.8	1062	OK
1748	     0	74.9	99.8	1076	OK
1749	     0	75.7	97.2	1068	OK
1750	     0	74.0	98.5	1087	OK
1751	     0	74.5	99.1	1085	OK
1752	     0	74.7	99.7	1062	OK
1753	     0	73.5	97.3	1077	OK
1754	     0	74.1	95.3	1114	OK
1755	     0	76.0	104.3	1053	OK
1756	     0	75.6	99.4	1074	OK
1757	     0	73.8	100.6	1043	OK
1758	     0	74.1	100.2	1073	OK
1759	     0	73.5	98.3	1074	OK
1760	     0	75.0	99.8	1070	OK
1761	     0	76.7	99.9	1062	OK
1762	     0	76.9	100.3	1082	OK
1763	     0	75.6	98.0	1065	OK
1764	     0	75.7	103.4	1090	OK
1765	     0	73.3	96.0	1105	OK
1766	     0	72.5	97.4	1105	OK
1767	     0	76.0	101.9	1058	OK
1768	     0	72.3	97.5	1073	OK
1769	     0	77.0	101.5	1068	OK
1770	     0	74.7	97.9	1076	OK
1771	     0	74.0	100.1	1066	OK
1772	     0	75.3	100.6	1052	OK
1773	     0	74.4	99.9	1056	OK
1774	     0	75.7	98.8	1083	OK
1775	     0	75.7	97.8	1071	OK
1776	     0	74.5	98.0	1057	OK
1777	     0	75.9	97.5	1084	OK
1778	     0	74.9	97.6	1082	OK
1779	     0	74.5	97.3	1082	OK
1780	     0	76.7	100.8	1045	OK
1781	     0	72.3	94.8	1101	OK
1782	     0	73.7	98.2	1071	OK
1783	     0	76.3	100.8	1048	OK
1784	     0	76.0	100.6	1072	OK
1785	     0	75.5	99.8	1071	OK
1786	     0	76.6	101.6	1048	OK
1787	     0	76.5	99.8	1089	OK
1788	     0	76.1	100.7	1047	OK
1789	     0	76.3	100.1	1065	OK
1790	     0	75.5	98.7	1078	OK
1791	     0	74.4	99.4	1064	OK
1792	     0	76.9	103.7	1070	OK
1793	     0	76.9	102.0	1057	OK
1794	     0	74.6	99.0	1077	OK
1795	     0	75.8	99.4	1075	OK
1796	     0	72.2	98.2	1067	OK
1797	     0	75.5	98.3	1068	OK
1798	     0	73.6	98.6	1093	OK
1799	     0	74.1	100.0	1072	OK
1800	     0	71.2	98.7	1114	OK
1801	     0	74.6	101.3	1078	OK
1802	     0	73.2	95.7	1107	OK
1803	     0	71.8	96.8	1083	OK
1804	     0	74.8	99.5	1083	OK
1805	     0	75.1	99.5	1063	OK
1806	     0	73.4	96.0	1091	OK
1807	     0	75.6	98.0	1092	OK
1808	     0	72.9	97.1	1082	OK
1809	     0	71.4	96.1	1068	OK
1810	     0	75.8	100.8	1070	OK
1811	     0	75.1	98.5	1066	OK
1812	     0	74.6	99.6	1089	OK
1813	     0	76.3	101.4	1063	OK
1814	     0	75.2	97.9	1082	OK
1815	     0	74.7	98.2	1100	OK
1816	     0	74.8	98.0	1101	OK
1817	     0	72.1	96.7	1088	OK
1818	     0	72.9	97.9	1100	OK
1819	     0	73.8	98.1	1059	OK
1820	     0	75.2	100.4	1097	OK
1821	     0	75.0	98.6	1084	OK
1822	     0	75.1	99.1	1084	OK
1823	     0	75.8	101.0	1077	OK
1824	     0	72.3	95.9	1108	OK
1825	     0	75.5	101.5	1091	OK
1826	     0	75.5	98.2	1125	OK
1827	     0	73.3	98.0	1099	OK
1828	     0	75.5	99.4	1103	OK
1829	     0	72.0	97.1	1100	OK
1830	     0	75.9	99.4	1100	OK
1831	     0	74.4	99.1	1096	OK
1832	     0	75.0	99.8	1100	OK
1833	     0	76.8	102.6	1068	OK
1834	     0	75.4	101.8	1080	OK
1835	     0	75.6	100.9	1087	OK
1836	     0	77.0	98.5	1143	OK
1837	     0	78.5	102.5	1095	OK
1838	     0	72.5	97.5	1119	OK
1839	     0	74.6	98.9	1094	OK
1840	     0	73.1	96.8	1121	OK
1841	     0	73.8	97.5	1135	OK
1842	     0	72.0	98.8	1117	OK
1843	     0	73.7	95.3	1123	OK
1844	     0	75.1	100.6	1097	OK
1845	     0	71.2	93.6	1147	OK
1846	     0	73.2	98.7	1114	OK
1847	     0	73.8	96.8	1126	OK
1848	     0	72.5	95.6	1132	OK
1849	     0	72.2	98.6	1094	OK
1850	     0	73.8	99.0	1124	OK
1851	     0	74.7	101.1	1102	OK
1852	     0	74.5	98.9	1098	OK
1853	     0	70.5	96.4	1130	OK
1854	     0	75.9	102.1	1111	OK
1855	     0	75.3	98.3	1132	OK
1856	     0	76.3	101.9	1115	OK
1857	     0	77.4	98.5	1173	OK
1858	     0	72.3	95.2	1183	OK
1859	     0	72.1	99.9	1165	OK
1860	     0	72.7	97.0	1146	OK
1861	     0	73.6	97.6	1143	OK
1862	     0	72.0	94.8	1157	OK
1863	     0	72.8	99.1	1147	OK
1864	     0	76.0	99.3	1136	OK
1865	     0	74.9	99.0	1160	OK
1866	     0	74.6	98.4	1179	OK
1867	     0	75.4	99.6	1158	OK
1868	     0	74.9	100.4	1165	OK
1869	     0	75.5	101.4	1149	OK
1870	     0	72.8	98.4	1148	OK
1871	     0	75.7	99.1	1153	OK
1872	     0	75.1	99.8	1125	OK
1873	     0	73.1	97.8	1170	OK
1874	     0	74.5	97.1	1190	OK
1875	     0	74.6	99.2	1167	OK
1876	     0	71.2	95.1	1177	OK
1877	     0	74.4	98.7	1137	OK
1878	     0	74.0	95.8	1214	OK
1879	     0	72.2	94.7	1165	OK
1880	     0	72.1	95.8	1220	OK
1881	     0	72.7	96.5	1170	OK
1882	     0	72.8	94.6	1186	OK
1883	     0	74.9	99.1	1140	OK
1884	     0	75.2	103.7	1132	OK
1885	  4000	73.2	96.2	1249	high noise
1886	     0	75.1	98.3	1159	OK
1887	     0	72.6	97.7	1178	OK
1888	     0	72.8	96.0	1171	OK
1889	     0	72.2	94.5	1155	OK
1890	  4000	69.8	91.2	1270	high noise
1891	  4000	71.6	80.8	1555	high noise
1892	     0	73.7	97.5	1183	OK
1893	     0	75.5	99.7	1184	OK
1894	     0	72.0	98.0	1165	OK
1895	     0	74.0	94.3	1218	OK
1896	     0	71.8	96.7	1186	OK
1897	     0	75.8	99.6	1165	OK
1898	     0	72.5	97.9	1190	OK
1899	     0	73.2	95.6	1210	OK
1900	     0	72.2	97.0	1201	OK
1901	     0	72.3	98.0	1195	OK
1902	     0	72.6	97.2	1163	OK
1903	     0	75.4	98.6	1192	OK
1904	     0	74.5	98.7	1206	OK
1905	     0	70.8	94.7	1221	OK
1906	     0	75.6	100.7	1202	OK
1907	     0	73.6	95.1	1212	OK
1908	     0	72.2	96.0	1209	OK
1909	     0	73.1	97.8	1183	OK
1910	     0	76.9	99.1	1215	OK
1911	     0	74.9	99.6	1195	OK
1912	     0	75.5	100.9	1178	OK
1913	     0	76.3	99.5	1196	OK
1914	     0	72.6	95.7	1211	OK
1915	     0	73.8	99.5	1188	OK
1916	     0	76.7	100.0	1180	OK
1917	     0	77.1	101.1	1150	OK
1918	     0	76.9	101.8	1196	OK
1919	     0	76.2	98.9	1188	OK
1920	     0	75.4	99.0	1264	OK
1921	     0	79.0	102.7	1214	OK
1922	     0	74.0	98.7	1247	OK
1923	     0	74.4	99.7	1252	OK
1924	     0	75.6	99.7	1234	OK
1925	     0	76.1	100.6	1256	OK
1926	  4000	71.8	94.2	1315	high noise
1927	     0	72.6	95.1	1259	OK
1928	     0	73.2	97.1	1230	OK
1929	     0	71.8	95.2	1265	OK
1930	     0	74.5	98.3	1225	OK
1931	     0	73.6	95.6	1284	OK
1932	     0	73.8	97.2	1258	OK
1933	     0	73.1	95.6	1286	OK
1934	  4000	75.0	95.9	1330	high noise
1935	     0	72.3	95.5	1263	OK
1936	     0	72.5	98.4	1261	OK
1937	     0	76.7	102.9	1226	OK
1938	     0	75.2	99.0	1242	OK
1939	     0	75.4	100.0	1234	OK
1940	     0	78.1	100.2	1270	OK
1941	     0	75.2	101.5	1277	OK
1942	     0	72.0	97.2	1274	OK
1943	  4000	72.0	93.8	1321	high noise
1944	     0	75.0	99.9	1240	OK
1945	  4000	73.5	95.0	1330	high noise
1946	     0	75.8	99.8	1266	OK
1947	     0	74.0	97.1	1283	OK
1948	     0	73.3	96.9	1289	OK
1949	     0	73.8	97.7	1237	OK
1950	     0	71.4	96.4	1284	OK
1951	     0	72.4	98.4	1247	OK
1952	     0	73.4	96.0	1289	OK
1953	     0	74.6	97.8	1269	OK
1954	     0	73.4	99.6	1224	OK
1955	     0	73.5	97.4	1261	OK
1956	     0	72.6	98.5	1242	OK
1957	     0	75.6	99.7	1263	OK
1958	     0	73.3	96.6	1285	OK
1959	     0	75.6	99.0	1265	OK
1960	     0	73.2	97.4	1283	OK
1961	     0	72.7	96.8	1291	OK
1962	  4000	72.1	94.5	1318	high noise
1963	     0	72.2	97.8	1256	OK
1964	     0	72.7	98.1	1239	OK
1965	  4000	72.1	94.5	1307	high noise
1966	     0	77.2	100.3	1231	OK
1967	     0	72.9	96.1	1266	OK
1968	     0	73.1	97.4	1271	OK
1969	     0	76.7	101.2	1222	OK
1970	     0	75.8	96.7	1286	OK
1971	     0	75.1	97.9	1236	OK
1972	     0	74.6	98.7	1229	OK
1973	     0	73.5	98.2	1235	OK
1974	     0	73.3	97.7	1231	OK
1975	     0	73.6	95.5	1276	OK
1976	     0	72.8	97.3	1266	OK
1977	     0	73.8	98.5	1280	OK
1978	     0	74.9	100.8	1238	OK
1979	     0	72.9	97.9	1224	OK
1980	     0	75.0	100.0	1214	OK
1981	     0	73.7	96.9	1232	OK
1982	     0	74.1	97.0	1245	OK
1983	     0	77.1	98.8	1260	OK
1984	     0	75.6	97.1	1278	OK
1985	     0	76.7	102.2	1193	OK
1986	  4000	73.7	91.3	1354	high noise
1987	     0	74.3	99.1	1188	OK
1988	     0	76.6	102.7	1168	OK
1989	     0	74.1	98.7	1224	OK
1990	     0	75.9	99.2	1214	OK
1991	     0	75.1	96.6	1216	OK
1992	     0	78.3	101.1	1200	OK
1993	     0	73.0	97.5	1235	OK
1994	     0	76.7	99.0	1220	OK
1995	     0	73.4	95.6	1288	OK
1996	     0	73.0	94.4	1269	OK
1997	     0	75.9	100.2	1201	OK
1998	     0	75.8	99.0	1215	OK
1999	     0	75.4	98.6	1206	OK
2000	     0	73.6	97.9	1242	OK
2001	     0	72.8	97.1	1240	OK
2002	     0	75.6	98.1	1225	OK
2003	     0	73.2	95.1	1259	OK
2004	     0	72.5	95.0	1277	OK
2005	     0	76.2	102.9	1196	OK
2006	     0	74.2	96.2	1233	OK
2007	     0	76.7	100.2	1222	OK
2008	     0	74.6	96.3	1230	OK
2009	     0	75.4	96.8	1231	OK
2010	     0	75.9	98.2	1214	OK
2011	     0	74.4	99.2	1195	OK
2012	     0	75.6	97.1	1235	OK
2013	     0	75.2	97.0	1250	OK
2014	     0	75.5	100.0	1209	OK
2015	     0	73.7	96.4	1236	OK
2016	     0	73.0	95.4	1267	OK
2017	     0	74.5	99.3	1210	OK
2018	     0	73.8	97.8	1199	OK
2019	     0	73.1	95.3	1258	OK
2020	     0	76.8	99.3	1217	OK
2021	     0	75.6	100.1	1238	OK
2022	     0	75.6	98.6	1246	OK
2023	     0	75.7	100.1	1222	OK
2024	     0	73.5	99.8	1234	OK
2025	     0	75.2	98.9	1233	OK
2026	     0	76.9	100.6	1226	OK
2027	     0	74.6	97.6	1217	OK
2028	     0	74.1	99.3	1218	OK
2029	     0	76.1	100.3	1216	OK
2030	     0	76.6	99.6	1251	OK
2031	     0	75.7	102.0	1192	OK
2032	     0	78.4	102.5	1209	OK
2033	     0	77.0	102.2	1213	OK
2034	     0	77.1	102.1	1217	OK
2035	     0	77.0	100.0	1226	OK
2036	     0	77.7	101.8	1204	OK
2037	     0	77.0	101.3	1240	OK
2038	     0	73.9	96.1	1273	OK
2039	     0	77.4	100.5	1223	OK
2040	     0	78.3	104.1	1187	OK
2041	     0	77.2	98.9	1227	OK
2042	     0	77.3	99.5	1258	OK
2043	     0	75.2	98.3	1211	OK
2044	     0	78.3	99.8	1256	OK
2045	     0	75.9	98.9	1195	OK
2046	     0	76.3	99.8	1243	OK
2047	     0	76.7	99.8	1269	OK
2048	     0	79.3	100.5	1199	OK
2049	     0	75.9	100.7	1169	OK
2050	     0	79.6	101.3	1203	OK
2051	     0	78.0	106.2	1167	OK
2052	     0	77.4	99.4	1211	OK
2053	     0	76.5	98.3	1189	OK
2054	     0	75.9	99.8	1233	OK
2055	     0	79.8	101.6	1168	OK
2056	     0	79.6	104.1	1178	OK
2057	     0	78.0	99.4	1213	OK
2058	     0	79.4	102.0	1215	OK
2059	     0	75.9	97.6	1211	OK
2060	     0	76.0	97.0	1230	OK
2061	     0	77.5	100.8	1210	OK
2062	     0	78.1	99.1	1237	OK
2063	     0	78.8	100.4	1207	OK
2064	     0	78.3	101.0	1194	OK
2065	     0	79.6	101.2	1209	OK
2066	     0	77.9	105.3	1143	OK
2067	     0	75.2	96.1	1225	OK
2068	     0	77.1	99.5	1187	OK
2069	     0	74.9	98.7	1202	OK
2070	     0	74.7	99.3	1204	OK
2071	     0	78.7	103.9	1180	OK
2072	     0	78.6	102.8	1171	OK
2073	  4000	76.5	91.2	1370	high noise
2074	     0	78.3	100.9	1160	OK
2075	     0	76.5	99.5	1203	OK
2076	     0	78.3	104.4	1173	OK
2077	     0	78.1	101.1	1222	OK
2078	     0	76.0	96.4	1246	OK
2079	     0	78.0	99.4	1228	OK
2080	     0	76.5	100.8	1216	OK
2081	     0	80.2	103.1	1218	OK
2082	     0	75.7	97.0	1252	OK
2083	     0	76.2	98.9	1211	OK
2084	     0	77.0	98.9	1228	OK
2085	     0	78.1	102.5	1177	OK
2086	     0	74.2	96.4	1259	OK
2087	     0	74.0	96.1	1244	OK
2088	     0	78.3	108.5	1158	OK
2089	     0	79.4	103.1	1168	OK
2090	     0	77.8	102.0	1204	OK
2091	     0	75.8	100.9	1195	OK
2092	     0	75.8	98.0	1223	OK
2093	     0	75.8	98.0	1232	OK
2094	     0	77.3	101.6	1211	OK
2095	     0	76.0	97.3	1232	OK
2096	     0	76.5	101.3	1219	OK
2097	     0	80.2	99.5	1255	OK
2098	     0	76.9	99.3	1239	OK
2099	     0	77.4	99.2	1232	OK
2100	     0	76.6	100.1	1213	OK
2101	     0	76.0	99.8	1222	OK
2102	     0	80.7	103.0	1210	OK
2103	     0	76.7	98.4	1214	OK
2104	     0	72.5	95.6	1249	OK
2105	     0	78.1	100.6	1226	OK
2106	     0	75.8	99.1	1225	OK
2107	     0	77.7	98.6	1214	OK
2108	     0	78.6	100.3	1234	OK
2109	     0	77.6	101.3	1210	OK
2110	     0	78.8	101.9	1211	OK
2111	     0	79.8	103.1	1200	OK
2112	  4000	74.5	94.0	1279	high noise
2113	     0	78.7	102.1	1210	OK
2114	     0	76.9	97.5	1266	OK
2115	     0	78.1	101.3	1220	OK
2116	     0	77.4	100.6	1225	OK
2117	     0	77.7	98.3	1231	OK
2118	     0	78.2	100.5	1214	OK
2119	     0	77.3	99.2	1233	OK
2120	     0	78.0	101.6	1217	OK
2121	     0	78.3	100.1	1222	OK
2122	     0	77.0	99.0	1240	OK
2123	     0	77.7	98.1	1259	OK
2124	     0	79.4	103.6	1232	OK
2125	     0	75.8	97.1	1231	OK
2126	     0	79.1	102.6	1206	OK
2127	     0	79.8	102.2	1204	OK
2128	     0	79.0	102.6	1217	OK
2129	     0	78.2	101.7	1203	OK
2130	  4000	77.7	98.6	1272	high noise
2131	     0	79.3	101.9	1188	OK
2132	     0	80.5	103.4	1221	OK
2133	     0	79.6	104.3	1162	OK
2134	     0	77.5	99.2	1254	OK
2135	     0	77.3	100.7	1216	OK
2136	     0	78.3	101.6	1221	OK
2137	     0	80.9	102.6	1210	OK
2138	     0	81.6	106.4	1167	OK
2139	     0	77.9	100.1	1224	OK
2140	     0	79.1	101.8	1222	OK
2141	     0	79.5	104.5	1197	OK
2142	     0	79.1	99.6	1243	OK
2143	     0	79.1	102.9	1211	OK
2144	     0	80.8	103.2	1203	OK
2145	     0	80.1	103.0	1201	OK
2146	     0	78.0	104.1	1160	OK
2147	     0	76.6	99.0	1251	OK
2148	     0	76.9	99.2	1220	OK
2149	     0	78.0	99.6	1224	OK
2150	     0	77.8	98.1	1261	OK
2151	     0	77.4	98.5	1245	OK
2152	     0	78.4	104.0	1166	OK
2153	     0	77.9	98.2	1248	OK
2154	     0	77.6	101.8	1212	OK
2155	     0	76.9	97.9	1243	OK
2156	     0	77.3	100.5	1203	OK
2157	     0	76.8	98.7	1225	OK
2158	     0	77.2	99.7	1219	OK
2159	     0	78.3	101.2	1211	OK
2160	     0	79.7	100.3	1236	OK
2161	     0	76.6	100.3	1199	OK
2162	     0	76.6	102.3	1193	OK
2163	     0	75.3	97.5	1231	OK
2164	     0	79.3	102.8	1216	OK
2165	     0	78.9	103.7	1196	OK
2166	     0	76.3	98.7	1195	OK
2167	     0	79.2	99.8	1227	OK
2168	     0	77.5	103.9	1176	OK
2169	     0	79.9	102.6	1232	OK
2170	     0	78.7	102.3	1250	OK
2171	     0	78.5	102.6	1208	OK
2172	     0	78.1	101.0	1225	OK
2173	     0	81.7	102.3	1246	OK
2174	     0	81.2	104.4	1200	OK
2175	     0	78.6	101.0	1192	OK
2176	     0	73.6	97.6	1298	OK
2177	     0	75.0	96.8	1354	OK
2178	     0	74.7	98.0	1285	OK
2179	     0	73.9	97.1	1284	OK
2180	     0	73.8	96.2	1313	OK
2181	     0	76.9	100.0	1246	OK
2182	     0	74.0	95.5	1365	OK
2183	     0	72.2	95.0	1297	OK
2184	     0	73.3	98.2	1303	OK
2185	     0	74.4	96.8	1306	OK
2186	     0	73.3	95.4	1310	OK
2187	     0	73.9	99.6	1254	OK
2188	     0	76.4	98.4	1311	OK
2189	     0	72.7	96.3	1349	OK
2190	     0	72.3	93.0	1407	OK
2191	     0	72.9	95.8	1324	OK
2192	     0	73.7	99.3	1244	OK
2193	     0	74.1	95.6	1366	OK
2194	     0	76.2	99.9	1308	OK
2195	     0	73.7	99.2	1262	OK
2196	     0	75.7	99.3	1309	OK
2197	     0	73.0	95.6	1358	OK
2198	     0	71.6	95.1	1333	OK
2199	     0	69.9	93.3	1336	OK
2200	     0	72.7	97.5	1319	OK
2201	     0	77.4	100.4	1304	OK
2202	     0	71.8	95.4	1306	OK
2203	  4000	71.3	92.6	1421	high noise
2204	     0	71.6	92.5	1386	OK
2205	     0	74.3	98.5	1296	OK
2206	     0	74.4	96.9	1342	OK
2207	     0	75.8	99.4	1322	OK
2208	     0	76.5	99.3	1294	OK
2209	     0	76.1	112.5	1239	OK
2210	     0	70.7	93.8	1329	OK
2211	     0	75.1	100.1	1264	OK
2212	     0	70.3	91.6	1408	OK
2213	     0	75.4	98.7	1301	OK
2214	     0	75.8	97.8	1336	OK
2215	     0	73.0	95.8	1332	OK
2216	     0	73.7	94.4	1365	OK
2217	     0	74.0	98.7	1307	OK
2218	     0	71.5	94.2	1346	OK
2219	     0	71.8	94.0	1400	OK
2220	     0	72.6	96.9	1365	OK
2221	     0	76.4	99.6	1307	OK
2222	     0	73.3	98.1	1359	OK
2223	     0	70.3	92.2	1405	OK
2224	     0	76.4	100.0	1312	OK
2225	     0	72.6	94.8	1340	OK
2226	     0	73.3	96.9	1315	OK
2227	     0	76.0	102.2	1281	OK
2228	     0	75.6	98.7	1297	OK
2229	     0	75.3	98.7	1301	OK
2230	     0	76.9	98.3	1333	OK
2231	     0	75.0	97.1	1332	OK
2232	     0	72.4	93.5	1385	OK
2233	     0	70.9	93.0	1381	OK
2234	     0	75.2	98.7	1299	OK
2235	     0	71.6	94.9	1369	OK
2236	     0	73.3	97.5	1340	OK
2237	     0	74.7	97.4	1362	OK
2238	     0	75.4	96.9	1394	OK
2239	     0	74.1	96.7	1376	OK
2240	     0	73.5	98.0	1366	OK
2241	     0	75.4	97.8	1393	OK
2242	  4000	70.4	91.8	1510	high noise
2243	  4000	70.1	95.6	1455	high noise
2244	  4000	72.2	94.5	1536	high noise
2245	     0	72.2	97.7	1394	OK
2246	  4000	75.6	98.5	1427	high noise
2247	     0	73.6	97.2	1374	OK
2248	     0	72.7	95.3	1376	OK
2249	  4000	67.6	90.2	1525	high noise
2250	     0	73.4	97.3	1360	OK
2251	     0	74.2	97.8	1294	OK
2252	  4000	72.1	92.0	1481	high noise
2253	     0	73.8	97.9	1365	OK
2254	     0	74.8	98.8	1333	OK
2255	     0	72.7	94.6	1377	OK
2256	     0	72.9	97.2	1348	OK
2257	     0	72.3	95.0	1356	OK
2258	     0	71.8	109.4	1278	OK
2259	     0	73.8	99.9	1267	OK
2260	     0	72.2	95.3	1400	OK
2261	     0	73.8	97.2	1322	OK
2262	     0	70.7	93.2	1397	OK
2263	     0	72.7	98.3	1318	OK
2264	  4000	72.8	93.5	1476	high noise
2265	     0	74.3	99.0	1325	OK
2266	     0	75.4	98.2	1345	OK
2267	     0	75.5	99.3	1339	OK
2268	     0	72.8	95.7	1372	OK
2269	     0	74.4	96.9	1364	OK
2270	     0	72.6	96.0	1344	OK
2271	     0	72.5	96.3	1358	OK
2272	     0	73.3	96.6	1360	OK
2273	     0	74.5	95.6	1383	OK
2274	     0	73.9	97.6	1346	OK
2275	     0	73.8	98.2	1333	OK
2276	     0	72.4	94.6	1406	OK
2277	     0	74.9	98.9	1333	OK
2278	     0	74.8	99.0	1329	OK
2279	     0	74.8	97.8	1339	OK
2280	     0	73.1	98.4	1322	OK
2281	     0	73.9	99.0	1304	OK
2282	     0	71.6	94.2	1360	OK
2283	     0	70.3	93.5	1380	OK
2284	  4000	72.9	92.2	1473	high noise
2285	     0	70.9	96.6	1362	OK
2286	     0	73.3	94.7	1369	OK
2287	     0	72.9	94.3	1392	OK
2288	     0	72.3	96.0	1378	OK
2289	     0	73.1	94.8	1391	OK
2290	     0	71.7	94.6	1399	OK
2291	     0	71.3	94.3	1388	OK
2292	     0	72.9	96.2	1334	OK
2293	     0	71.6	95.4	1338	OK
2294	  4000	70.8	91.3	1490	high noise
2295	     0	75.0	99.4	1327	OK
2296	     0	71.4	94.6	1387	OK
2297	     0	73.9	97.6	1336	OK
2298	  4000	69.3	89.6	1492	high noise
2299	     0	73.6	96.4	1364	OK
2300	     0	71.4	94.9	1364	OK
2301	     0	75.0	98.2	1351	OK
2302	     0	71.7	94.9	1391	OK
2303	     0	72.7	96.4	1325	OK
2304	     0	78.2	100.5	1300	OK
2305	  4000	82.1	100.5	1358	high noise
2306	     0	77.3	101.7	1261	OK
2307	     0	73.4	98.3	1248	OK
2308	     0	77.0	104.0	1230	OK
2309	     0	78.2	100.4	1292	OK
2310	     0	76.8	98.4	1300	OK
2311	     0	79.3	101.0	1274	OK
2312	     0	77.1	101.6	1277	OK
2313	     0	80.6	103.0	1267	OK
2314	     0	78.4	101.5	1266	OK
2315	     0	77.6	101.2	1274	OK
2316	     0	78.0	100.9	1301	OK
2317	     0	73.1	95.7	1312	OK
2318	     0	80.1	105.5	1276	OK
2319	     0	78.2	101.0	1279	OK
2320	     0	78.3	101.0	1324	OK
2321	     0	78.1	101.6	1270	OK
2322	     0	78.5	101.7	1250	OK
2323	     0	75.7	98.2	1285	OK
2324	     0	78.9	100.9	1298	OK
2325	     0	79.3	106.5	1238	OK
2326	     0	77.7	99.2	1316	OK
2327	     0	76.6	101.7	1272	OK
2328	     0	78.1	100.4	1269	OK
2329	     0	75.9	101.1	1265	OK
2330	     0	79.6	103.2	1285	OK
2331	     0	78.9	106.6	1220	OK
2332	     0	77.7	102.5	1267	OK
2333	     0	78.9	100.6	1309	OK
2334	     0	76.7	99.6	1294	OK
2335	     0	78.1	99.0	1300	OK
2336	  4000	76.1	99.3	1333	high noise
2337	     0	76.1	98.7	1294	OK
2338	     0	78.1	100.6	1285	OK
2339	     0	77.9	105.4	1237	OK
2340	     0	78.3	99.6	1310	OK
2341	     0	77.1	100.3	1288	OK
2342	     0	78.8	100.9	1290	OK
2343	     0	75.5	99.2	1299	OK
2344	  4000	77.7	98.9	1335	high noise
2345	  4000	76.3	97.2	1341	high noise
2346	     0	80.2	101.9	1295	OK
2347	  4000	74.6	97.1	1334	high noise
2348	     0	76.2	100.9	1289	OK
2349	     0	76.0	99.0	1315	OK
2350	 80000	73.6	83.9	1744	very high noise
2351	     0	78.9	101.4	1301	OK
2352	  4000	76.3	97.5	1342	high noise
2353	     0	75.2	99.6	1269	OK
2354	     0	77.6	101.0	1265	OK
2355	     0	77.7	99.7	1302	OK
2356	     0	77.1	102.6	1275	OK
2357	     0	78.9	102.4	1313	OK
2358	     0	75.5	98.8	1323	OK
2359	     0	78.3	100.6	1286	OK
2360	     0	78.8	101.6	1305	OK
2361	     0	77.3	98.7	1317	OK
2362	     0	75.1	98.6	1324	OK
2363	     0	76.4	99.6	1296	OK
2364	     0	81.4	104.2	1250	OK
2365	     0	79.1	101.6	1285	OK
2366	     0	76.5	103.0	1268	OK
2367	     0	79.6	101.9	1275	OK
2368	     0	74.9	97.5	1302	OK
2369	     0	77.2	98.6	1315	OK
2370	     0	75.6	99.5	1280	OK
2371	     0	78.8	100.2	1289	OK
2372	     0	78.3	101.0	1293	OK
2373	     0	79.0	103.4	1265	OK
2374	     0	76.9	100.7	1262	OK
2375	     0	79.2	100.7	1283	OK
2376	     0	76.1	96.4	1323	OK
2377	     0	75.2	99.9	1275	OK
2378	     0	77.5	100.3	1313	OK
2379	     0	79.4	100.9	1268	OK
2380	     0	77.5	98.4	1329	OK
2381	     0	78.8	100.4	1273	OK
2382	  4000	75.9	95.5	1373	high noise
2383	     0	79.3	102.0	1231	OK
2384	     0	76.9	99.2	1274	OK
2385	     0	78.7	101.0	1293	OK
2386	     0	77.4	99.1	1300	OK
2387	     0	76.8	99.6	1272	OK
2388	     0	77.6	103.6	1253	OK
2389	     0	78.6	101.9	1266	OK
2390	     0	80.3	102.8	1283	OK
2391	     0	78.4	100.6	1276	OK
2392	     0	77.3	100.3	1288	OK
2393	     0	79.7	102.6	1302	OK
2394	     0	79.3	102.5	1243	OK
2395	     0	78.9	100.9	1276	OK
2396	     0	76.5	99.1	1280	OK
2397	     0	78.3	100.3	1279	OK
2398	     0	78.9	100.7	1292	OK
2399	     0	80.1	103.4	1252	OK
2400	     0	78.6	101.5	1284	OK
2401	     0	77.9	99.0	1270	OK
2402	     0	77.4	98.6	1290	OK
2403	     0	76.1	101.4	1290	OK
2404	     0	79.3	103.2	1289	OK
2405	  4000	77.9	97.8	1349	high noise
2406	     0	78.2	107.8	1218	OK
2407	     0	80.3	102.0	1279	OK
2408	     0	79.2	99.8	1303	OK
2409	     0	80.7	102.8	1260	OK
2410	     0	79.1	105.5	1246	OK
2411	     0	78.8	103.0	1252	OK
2412	     0	78.0	100.3	1275	OK
2413	     0	79.0	103.8	1257	OK
2414	     0	79.2	101.5	1257	OK
2415	  4000	73.5	94.4	1361	high noise
2416	     0	76.8	99.5	1305	OK
2417	     0	81.5	107.2	1261	OK
2418	     0	77.9	98.0	1306	OK
2419	     0	79.5	103.7	1235	OK
2420	     0	79.5	101.6	1305	OK
2421	     0	78.2	99.7	1295	OK
2422	     0	76.8	97.9	1313	OK
2423	     0	76.3	95.8	1328	OK
2424	  4000	76.6	98.9	1340	high noise
2425	     0	81.2	100.7	1304	OK
2426	     0	78.8	99.7	1316	OK
2427	     0	78.4	100.4	1283	OK
2428	     0	79.3	103.8	1303	OK
2429	     0	77.4	101.6	1280	OK
2430	     0	77.1	99.5	1327	OK
2431	     0	78.9	100.3	1291	OK
2432	  4000	77.1	97.8	1436	high noise
2433	     0	80.2	105.5	1320	OK
2434	     0	80.7	107.2	1289	OK
2435	     0	79.4	102.9	1330	OK
2436	     0	78.5	104.7	1291	OK
2437	     0	79.5	100.2	1337	OK
2438	  4000	76.2	97.1	1430	high noise
2439	     0	79.9	102.5	1329	OK
2440	     0	74.7	99.1	1339	OK
2441	     0	76.7	97.9	1397	OK
2442	     0	78.1	100.7	1364	OK
2443	     0	77.8	101.4	1329	OK
2444	     0	79.1	100.6	1354	OK
2445	     0	77.7	100.2	1341	OK
2446	     0	77.3	98.1	1400	OK
2447	     0	77.4	100.3	1358	OK
2448	     0	75.6	99.9	1351	OK
2449	     0	75.6	96.6	1385	OK
2450	     0	77.2	97.9	1399	OK
2451	     0	76.0	96.3	1404	OK
2452	     0	78.4	99.2	1374	OK
2453	     0	78.3	101.1	1359	OK
2454	     0	74.7	101.4	1358	OK
2455	     0	78.3	108.1	1301	OK
2456	     0	74.3	95.3	1412	OK
2457	     0	76.1	97.7	1377	OK
2458	     0	77.5	99.5	1372	OK
2459	  4000	74.7	96.0	1423	high noise
2460	     0	75.5	99.1	1362	OK
2461	     0	75.3	98.1	1349	OK
2462	     0	76.6	99.2	1342	OK
2463	     0	75.6	99.3	1337	OK
2464	     0	75.2	97.5	1362	OK
2465	  4000	74.2	95.0	1441	high noise
2466	  4000	73.4	94.5	1444	high noise
2467	     0	75.5	98.9	1362	OK
2468	     0	77.2	100.7	1359	OK
2469	     0	74.7	96.7	1382	OK
2470	     0	76.7	98.5	1367	OK
2471	     0	75.9	100.4	1356	OK
2472	     0	75.8	100.0	1358	OK
2473	     0	78.0	101.0	1367	OK
2474	  4000	75.7	95.2	1434	high noise
2475	     0	78.4	109.8	1258	OK
2476	     0	75.7	99.3	1330	OK
2477	     0	76.3	99.9	1356	OK
2478	  4000	77.4	97.2	1421	high noise
2479	     0	77.8	102.8	1336	OK
2480	     0	76.6	102.4	1320	OK
2481	     0	78.3	99.1	1385	OK
2482	     0	76.6	98.3	1401	OK
2483	     0	78.0	101.0	1357	OK
2484	 80000	72.5	80.3	1875	very high noise
2485	     0	76.4	100.7	1368	OK
2486	     0	77.3	102.5	1350	OK
2487	     0	74.8	99.5	1354	OK
2488	     0	78.1	101.7	1367	OK
2489	  4000	75.9	98.2	1442	high noise
2490	     0	74.0	97.6	1400	OK
2491	  4000	71.8	94.5	1441	high noise
2492	  4000	75.1	95.7	1452	high noise
2493	     0	77.5	97.8	1408	OK
2494	     0	76.9	101.8	1340	OK
2495	     0	76.1	101.6	1341	OK
2496	     0	74.6	97.6	1398	OK
2497	     0	77.1	100.8	1333	OK
2498	     0	73.6	96.7	1412	OK
2499	     0	77.4	101.6	1326	OK
2500	     0	76.4	99.1	1369	OK
2501	     0	76.9	98.4	1368	OK
2502	  4000	77.9	97.3	1443	high noise
2503	     0	76.7	98.8	1371	OK
2504	     0	75.4	99.5	1359	OK
2505	     0	76.5	101.5	1348	OK
2506	     0	75.8	98.9	1339	OK
2507	     0	74.0	96.2	1395	OK
2508	     0	75.7	99.9	1324	OK
2509	     0	76.6	98.8	1344	OK
2510	     0	75.7	99.6	1366	OK
2511	     0	76.5	98.6	1328	OK
2512	     0	76.1	96.6	1398	OK
2513	     0	74.9	96.6	1347	OK
2514	     0	78.3	100.9	1345	OK
2515	     0	75.2	96.7	1380	OK
2516	     0	74.4	97.0	1369	OK
2517	     0	75.4	97.9	1357	OK
2518	     0	76.0	97.4	1393	OK
2519	     0	76.3	100.2	1324	OK
2520	     0	75.8	98.9	1340	OK
2521	     0	76.9	97.6	1372	OK
2522	     0	77.5	98.8	1353	OK
2523	     0	78.8	100.6	1323	OK
2524	     0	73.3	96.5	1375	OK
2525	     0	77.5	99.9	1328	OK
2526	     0	76.3	101.3	1288	OK
2527	     0	75.7	101.0	1293	OK
2528	     0	78.7	100.2	1369	OK
2529	     0	76.7	101.1	1323	OK
2530	     0	77.5	97.7	1372	OK
2531	     0	75.1	95.9	1389	OK
2532	     0	77.4	101.8	1316	OK
2533	     0	74.4	98.3	1338	OK
2534	     0	76.6	98.5	1341	OK
2535	     0	72.8	95.5	1367	OK
2536	  4000	75.8	93.8	1456	high noise
2537	     0	72.2	95.4	1369	OK
2538	     0	77.1	97.1	1373	OK
2539	     0	78.1	100.8	1301	OK
2540	     0	77.2	101.9	1284	OK
2541	     0	77.0	98.5	1366	OK
2542	     0	75.7	98.5	1306	OK
2543	     0	75.4	95.7	1401	OK
2544	     0	77.7	102.7	1274	OK
2545	     0	79.5	99.7	1340	OK
2546	     0	74.4	99.7	1311	OK
2547	     0	76.6	100.0	1323	OK
2548	     0	79.2	101.5	1338	OK
2549	 80000	70.3	75.9	1994	very high noise
2550	     0	76.6	98.0	1374	OK
2551	     0	78.5	116.0	1265	OK
2552	     0	74.2	98.3	1347	OK
2553	     0	77.1	99.2	1362	OK
2554	     0	75.2	98.1	1387	OK
2555	     0	74.9	98.1	1392	OK
2556	     0	73.7	95.9	1399	OK
2557	     0	78.5	103.4	1313	OK
2558	     0	77.3	98.5	1412	OK
2559	   200	83.8	104.0	1350	high gain
