#chan	code	gain	vt50	innse	comment
   0	     0	78.5	139.6	1443	OK
   1	     0	76.8	138.7	1502	OK
   2	     0	75.6	137.5	1477	OK
   3	     0	76.1	156.1	1483	OK
   4	     0	76.7	147.0	1499	OK
   5	     0	76.8	145.3	1467	OK
   6	     0	73.9	137.1	1478	OK
   7	     0	75.5	138.5	1460	OK
   8	     0	75.9	137.4	1476	OK
   9	     0	77.8	141.5	1475	OK
  10	     0	74.1	136.2	1496	OK
  11	     0	74.6	130.8	1501	OK
  12	     0	74.7	135.2	1509	OK
  13	     0	76.2	139.1	1481	OK
  14	     0	74.8	127.0	1505	OK
  15	     0	73.3	134.6	1500	OK
  16	     0	74.3	136.1	1519	OK
  17	     0	75.0	133.1	1527	OK
  18	     0	73.5	131.1	1547	OK
  19	     0	75.2	132.5	1526	OK
  20	     0	74.6	140.3	1511	OK
  21	     0	74.6	136.8	1554	OK
  22	     0	73.5	133.7	1549	OK
  23	     0	73.5	137.3	1535	OK
  24	     0	74.5	141.5	1545	OK
  25	     0	76.2	140.6	1556	OK
  26	     0	75.0	135.2	1583	OK
  27	     0	74.6	138.1	1533	OK
  28	     0	73.8	137.4	1534	OK
  29	     0	73.9	135.1	1561	OK
  30	     0	73.5	132.3	1579	OK
  31	     0	75.0	137.2	1560	OK
  32	     0	75.5	135.7	1577	OK
  33	     0	78.1	142.9	1578	OK
  34	     0	75.0	138.3	1558	OK
  35	     0	74.7	145.3	1565	OK
  36	     0	74.7	135.3	1561	OK
  37	     0	74.1	137.3	1546	OK
  38	     0	74.8	134.9	1566	OK
  39	     0	73.7	141.5	1566	OK
  40	     0	75.5	134.5	1594	OK
  41	     0	73.5	138.7	1520	OK
  42	     0	75.2	138.2	1563	OK
  43	     0	75.0	137.7	1585	OK
  44	     0	76.6	136.8	1589	OK
  45	     0	75.1	142.2	1560	OK
  46	     0	75.8	139.7	1548	OK
  47	     0	76.2	141.1	1550	OK
  48	     0	75.2	134.6	1560	OK
  49	     0	73.4	133.6	1591	OK
  50	     0	74.9	136.9	1561	OK
  51	     0	73.4	135.7	1574	OK
  52	     0	75.2	137.9	1582	OK
  53	     0	75.4	139.0	1546	OK
  54	     0	74.2	140.5	1576	OK
  55	     0	76.5	138.3	1580	OK
  56	     0	74.3	138.3	1572	OK
  57	     0	75.1	139.1	1574	OK
  58	     0	74.2	150.5	1575	OK
  59	     0	74.7	142.1	1580	OK
  60	     0	74.6	134.2	1596	OK
  61	     0	73.4	133.7	1581	OK
  62	     0	74.7	134.6	1573	OK
  63	 80000	72.9	114.5	1716	very high noise
  64	     0	76.3	140.1	1567	OK
  65	     0	74.8	139.1	1589	OK
  66	     0	74.1	133.6	1581	OK
  67	     0	74.8	136.7	1581	OK
  68	     0	73.7	137.7	1570	OK
  69	     0	74.4	137.3	1566	OK
  70	     0	76.6	139.4	1596	OK
  71	     0	74.7	134.3	1588	OK
  72	     0	76.6	139.6	1582	OK
  73	     0	72.2	138.9	1552	OK
  74	     0	73.2	134.7	1560	OK
  75	     0	73.5	136.0	1556	OK
  76	     0	73.7	136.3	1555	OK
  77	     0	75.8	133.7	1571	OK
  78	     0	72.7	128.1	1605	OK
  79	     0	74.5	134.8	1569	OK
  80	     0	75.9	140.3	1574	OK
  81	     0	76.8	143.3	1554	OK
  82	     0	77.3	145.1	1565	OK
  83	     0	73.9	138.1	1613	OK
  84	     0	76.6	138.0	1581	OK
  85	     0	75.5	140.9	1574	OK
  86	     0	74.5	139.5	1578	OK
  87	     0	72.6	136.2	1570	OK
  88	     0	75.9	150.9	1559	OK
  89	     0	76.4	143.5	1579	OK
  90	     0	73.9	142.4	1581	OK
  91	     0	76.3	138.1	1568	OK
  92	  4000	75.4	118.0	1665	high noise
  93	     0	75.3	138.7	1571	OK
  94	     0	74.3	146.6	1544	OK
  95	     0	73.7	141.8	1553	OK
  96	     0	73.3	137.7	1571	OK
  97	     0	75.3	137.9	1554	OK
  98	     0	74.8	136.7	1593	OK
  99	     0	75.9	140.1	1547	OK
 100	  4000	73.0	194.2	1636	high noise
 101	     0	76.0	136.4	1563	OK
 102	     0	73.4	134.0	1565	OK
 103	     0	74.2	136.5	1527	OK
 104	     0	77.5	139.5	1572	OK
 105	     0	74.9	137.4	1564	OK
 106	     0	75.9	142.0	1566	OK
 107	     0	74.0	131.3	1587	OK
 108	     0	75.0	130.5	1591	OK
 109	     0	77.8	140.4	1548	OK
 110	     0	73.3	137.0	1567	OK
 111	     0	77.3	136.5	1596	OK
 112	     0	75.3	140.6	1573	OK
 113	     0	76.9	137.4	1587	OK
 114	     0	74.3	141.4	1558	OK
 115	     0	73.8	132.0	1575	OK
 116	     0	75.1	138.0	1581	OK
 117	     0	74.7	139.2	1546	OK
 118	     0	75.1	138.1	1582	OK
 119	     0	73.8	133.1	1570	OK
 120	     0	76.0	144.9	1540	OK
 121	     0	76.8	140.5	1575	OK
 122	     0	76.0	138.6	1542	OK
 123	     0	77.6	141.3	1555	OK
 124	     0	74.0	140.3	1564	OK
 125	     0	75.2	140.2	1559	OK
 126	     0	77.2	139.1	1565	OK
 127	     0	73.8	134.8	1597	OK
 128	     0	77.4	142.8	1491	OK
 129	     0	77.4	141.5	1523	OK
 130	     0	77.4	139.7	1519	OK
 131	     0	74.3	135.9	1515	OK
 132	     0	76.6	155.3	1522	OK
 133	     0	72.8	134.4	1507	OK
 134	     0	73.6	136.9	1509	OK
 135	     0	73.6	132.1	1516	OK
 136	     0	74.8	136.5	1521	OK
 137	     0	76.0	144.1	1515	OK
 138	     0	75.2	140.3	1537	OK
 139	     0	74.9	137.8	1522	OK
 140	     0	75.4	138.0	1536	OK
 141	     0	74.8	137.8	1501	OK
 142	     0	73.8	135.7	1523	OK
 143	     0	74.1	134.9	1520	OK
 144	     0	75.4	137.8	1520	OK
 145	     0	75.1	137.2	1506	OK
 146	     0	75.3	138.6	1542	OK
 147	     0	77.6	148.2	1505	OK
 148	     0	73.4	135.6	1538	OK
 149	     0	76.6	144.8	1494	OK
 150	     0	76.3	140.1	1518	OK
 151	     0	70.7	130.3	1514	OK
 152	     0	75.0	140.2	1525	OK
 153	     0	76.9	151.9	1496	OK
 154	     0	76.1	143.7	1521	OK
 155	     0	76.4	144.3	1516	OK
 156	     0	74.3	136.4	1534	OK
 157	     0	75.1	140.4	1524	OK
 158	     0	74.6	137.7	1504	OK
 159	     0	73.3	134.8	1527	OK
 160	     0	74.7	136.7	1513	OK
 161	     0	74.1	141.1	1519	OK
 162	     0	74.5	129.6	1533	OK
 163	     0	75.6	140.1	1480	OK
 164	     0	73.7	139.3	1512	OK
 165	     0	74.7	140.5	1500	OK
 166	     0	73.3	140.8	1501	OK
 167	     0	75.1	137.6	1486	OK
 168	     0	73.3	135.2	1494	OK
 169	     0	73.9	139.2	1502	OK
 170	     0	74.7	140.0	1502	OK
 171	     0	77.2	143.3	1505	OK
 172	     0	72.4	133.2	1490	OK
 173	     0	73.5	136.2	1498	OK
 174	     0	77.1	141.1	1511	OK
 175	     0	78.5	144.8	1482	OK
 176	     0	77.0	143.1	1504	OK
 177	     0	72.1	132.3	1505	OK
 178	     0	75.8	137.3	1515	OK
 179	     0	74.7	136.1	1492	OK
 180	     0	73.9	133.9	1477	OK
 181	     0	75.6	138.7	1515	OK
 182	     0	76.1	145.3	1476	OK
 183	     0	74.2	137.5	1504	OK
 184	     0	73.7	132.5	1493	OK
 185	     0	75.3	144.2	1478	OK
 186	     0	76.0	141.4	1510	OK
 187	     0	73.5	131.0	1510	OK
 188	     0	75.9	151.2	1527	OK
 189	     0	76.4	142.7	1506	OK
 190	     0	74.1	138.5	1507	OK
 191	     0	77.4	145.6	1491	OK
 192	     0	73.6	138.4	1532	OK
 193	     0	75.2	142.4	1526	OK
 194	     0	74.2	136.0	1525	OK
 195	     0	73.9	138.4	1518	OK
 196	     0	74.9	135.6	1510	OK
 197	     0	76.8	140.8	1476	OK
 198	     0	74.8	137.8	1504	OK
 199	     0	74.1	139.7	1509	OK
 200	     0	74.4	138.5	1484	OK
 201	     0	74.5	139.1	1491	OK
 202	     0	70.8	131.3	1514	OK
 203	     0	74.3	135.1	1499	OK
 204	     0	75.9	139.9	1522	OK
 205	     0	74.4	137.6	1534	OK
 206	     0	72.6	137.2	1492	OK
 207	     0	75.3	141.0	1508	OK
 208	     0	73.2	129.1	1506	OK
 209	     0	72.9	126.8	1535	OK
 210	     0	76.4	140.3	1496	OK
 211	     0	75.9	139.1	1498	OK
 212	     0	75.1	140.6	1514	OK
 213	     0	73.1	133.6	1504	OK
 214	     0	73.6	140.1	1532	OK
 215	     0	73.4	133.8	1510	OK
 216	     0	75.7	142.1	1503	OK
 217	     0	74.7	140.0	1488	OK
 218	     0	71.9	132.8	1531	OK
 219	     0	72.2	125.5	1538	OK
 220	     0	75.5	137.3	1532	OK
 221	     0	74.1	134.7	1520	OK
 222	     0	75.5	138.6	1536	OK
 223	     0	75.3	136.2	1523	OK
 224	     0	76.1	140.2	1544	OK
 225	     0	73.4	138.0	1524	OK
 226	     0	75.9	139.8	1531	OK
 227	     0	75.8	146.9	1524	OK
 228	     0	74.8	138.8	1510	OK
 229	     0	75.5	143.6	1502	OK
 230	     0	74.9	139.6	1531	OK
 231	     0	76.1	140.4	1533	OK
 232	     0	76.7	145.1	1547	OK
 233	     0	75.0	138.5	1528	OK
 234	     0	74.8	143.7	1535	OK
 235	     0	74.7	140.8	1513	OK
 236	     0	74.5	139.8	1537	OK
 237	     0	73.2	154.6	1539	OK
 238	     0	73.7	137.0	1555	OK
 239	     0	73.6	137.7	1529	OK
 240	     0	74.8	144.1	1515	OK
 241	     0	75.9	142.5	1555	OK
 242	     0	73.8	138.0	1555	OK
 243	     0	76.5	141.9	1539	OK
 244	     0	75.3	145.4	1503	OK
 245	     0	75.4	144.8	1540	OK
 246	     0	74.0	135.4	1545	OK
 247	     0	75.9	139.8	1545	OK
 248	     0	78.6	145.7	1539	OK
 249	     0	74.9	136.8	1534	OK
 250	     0	76.8	145.2	1538	OK
 251	     0	73.0	134.9	1525	OK
 252	     0	73.8	134.1	1546	OK
 253	  4000	73.8	123.3	1588	high noise
 254	     0	72.6	133.5	1533	OK
 255	     0	75.1	136.7	1539	OK
 256	     0	74.8	141.6	1595	OK
 257	     0	76.4	142.9	1598	OK
 258	     0	76.5	140.4	1603	OK
 259	     0	76.4	138.9	1558	OK
 260	     0	74.8	137.0	1587	OK
 261	     0	73.5	138.2	1592	OK
 262	     0	76.3	140.6	1615	OK
 263	     0	76.4	153.7	1600	OK
 264	     0	74.3	135.7	1599	OK
 265	     0	73.3	136.4	1571	OK
 266	     0	73.3	136.7	1569	OK
 267	     0	75.9	142.4	1583	OK
 268	     0	72.9	121.7	1644	OK
 269	     0	73.1	135.1	1586	OK
 270	     0	73.5	135.7	1576	OK
 271	     0	74.2	137.9	1603	OK
 272	     0	73.2	133.9	1586	OK
 273	     0	73.7	137.4	1582	OK
 274	     0	74.8	137.9	1597	OK
 275	     0	73.5	134.5	1594	OK
 276	     0	73.3	140.1	1571	OK
 277	     0	71.8	130.1	1588	OK
 278	     0	72.6	132.8	1570	OK
 279	     0	73.1	132.6	1603	OK
 280	     0	74.8	140.1	1558	OK
 281	     0	74.1	143.4	1581	OK
 282	     0	75.1	138.8	1579	OK
 283	     0	72.8	135.0	1570	OK
 284	     0	75.6	138.0	1585	OK
 285	     0	74.5	144.7	1581	OK
 286	     0	73.6	134.8	1593	OK
 287	     0	75.6	140.9	1588	OK
 288	     0	75.6	141.3	1592	OK
 289	     0	73.7	131.7	1582	OK
 290	     0	73.2	130.0	1577	OK
 291	     0	73.8	136.1	1586	OK
 292	     0	73.3	135.6	1601	OK
 293	     0	73.9	140.8	1581	OK
 294	     0	75.4	137.9	1588	OK
 295	     0	76.2	139.7	1591	OK
 296	     0	74.6	143.7	1581	OK
 297	     0	77.2	139.6	1577	OK
 298	     0	75.3	135.6	1602	OK
 299	     0	74.9	136.8	1584	OK
 300	     0	73.6	138.4	1568	OK
 301	     0	74.5	147.6	1579	OK
 302	     0	73.0	132.8	1573	OK
 303	     0	72.9	134.9	1595	OK
 304	     0	72.8	134.4	1587	OK
 305	     0	72.2	130.3	1578	OK
 306	     0	74.6	134.9	1580	OK
 307	     0	75.9	142.2	1553	OK
 308	     0	74.0	134.3	1590	OK
 309	     0	74.6	139.4	1571	OK
 310	     0	75.2	140.0	1579	OK
 311	     0	74.7	138.3	1568	OK
 312	     0	75.2	136.6	1599	OK
 313	     0	73.9	139.3	1605	OK
 314	     0	74.8	133.6	1567	OK
 315	     0	73.8	136.8	1572	OK
 316	     0	73.4	133.1	1557	OK
 317	     0	76.1	143.8	1605	OK
 318	     0	74.1	134.2	1626	OK
 319	     0	73.8	138.2	1585	OK
 320	     0	75.5	136.0	1562	OK
 321	     0	74.2	136.4	1573	OK
 322	     0	73.0	132.6	1558	OK
 323	     0	73.7	132.3	1555	OK
 324	     0	73.8	131.2	1600	OK
 325	     0	74.0	140.4	1562	OK
 326	     0	74.2	136.0	1572	OK
 327	     0	75.3	139.6	1570	OK
 328	     0	74.4	138.2	1566	OK
 329	     0	74.5	134.7	1566	OK
 330	     0	76.1	144.5	1547	OK
 331	     0	75.3	138.9	1574	OK
 332	     0	74.1	136.1	1560	OK
 333	     0	77.5	140.3	1573	OK
 334	     0	72.4	131.5	1577	OK
 335	     0	73.7	133.9	1554	OK
 336	     0	75.1	135.1	1576	OK
 337	     0	76.5	139.3	1549	OK
 338	     0	72.2	132.8	1584	OK
 339	     0	74.7	135.6	1556	OK
 340	     0	73.6	135.8	1577	OK
 341	     0	75.5	138.0	1546	OK
 342	     0	72.3	135.9	1555	OK
 343	     0	73.0	128.2	1578	OK
 344	     0	75.8	142.2	1565	OK
 345	     0	74.8	142.3	1537	OK
 346	     0	75.0	134.8	1544	OK
 347	     0	72.9	135.8	1566	OK
 348	     0	73.5	145.6	1551	OK
 349	     0	74.8	151.1	1563	OK
 350	     0	74.9	141.8	1541	OK
 351	     0	75.4	136.7	1572	OK
 352	     0	73.7	140.1	1565	OK
 353	     0	72.4	132.1	1569	OK
 354	     0	74.2	138.0	1555	OK
 355	     0	73.8	134.5	1566	OK
 356	     0	74.0	135.1	1568	OK
 357	     0	75.5	136.0	1512	OK
 358	     0	75.3	145.4	1558	OK
 359	     0	76.2	135.8	1563	OK
 360	     0	72.3	131.6	1559	OK
 361	     0	72.5	135.4	1544	OK
 362	     0	72.1	133.3	1549	OK
 363	     0	74.4	135.7	1549	OK
 364	     0	73.9	138.3	1560	OK
 365	     0	76.1	146.2	1563	OK
 366	     0	73.6	132.3	1520	OK
 367	     0	72.9	141.6	1536	OK
 368	     0	72.3	132.4	1569	OK
 369	     0	73.6	131.5	1559	OK
 370	     0	74.6	138.2	1557	OK
 371	     0	76.8	142.0	1542	OK
 372	     0	75.5	134.9	1548	OK
 373	     0	75.8	143.1	1527	OK
 374	     0	73.9	138.5	1525	OK
 375	     0	74.8	138.1	1542	OK
 376	     0	75.5	139.3	1541	OK
 377	     0	77.3	141.7	1533	OK
 378	     0	73.8	216.9	1607	OK
 379	     0	74.4	137.8	1527	OK
 380	     0	73.7	138.0	1530	OK
 381	     0	75.8	138.5	1495	OK
 382	     0	77.6	145.6	1505	OK
 383	     0	76.7	140.0	1502	OK
 384	     0	70.9	131.6	1555	OK
 385	     0	74.4	136.8	1552	OK
 386	     0	73.2	136.6	1530	OK
 387	     0	70.2	133.7	1538	OK
 388	     0	72.0	130.8	1536	OK
 389	     0	73.4	135.0	1530	OK
 390	     0	71.2	128.3	1557	OK
 391	     0	70.2	133.0	1542	OK
 392	     0	74.5	138.5	1527	OK
 393	     0	71.4	135.7	1515	OK
 394	     0	72.7	131.3	1524	OK
 395	     0	72.1	132.4	1540	OK
 396	     0	73.9	138.9	1543	OK
 397	     0	74.7	136.3	1511	OK
 398	     0	71.8	137.1	1518	OK
 399	     0	72.8	134.5	1500	OK
 400	     0	72.1	130.5	1523	OK
 401	     0	70.6	130.3	1538	OK
 402	     0	70.1	125.2	1513	OK
 403	     0	71.5	130.5	1540	OK
 404	     0	71.7	129.8	1535	OK
 405	     0	71.2	130.7	1505	OK
 406	     0	71.1	131.7	1530	OK
 407	     0	71.7	131.5	1534	OK
 408	     0	70.6	111.8	1594	OK
 409	     0	71.1	130.7	1508	OK
 410	     0	72.9	138.4	1523	OK
 411	     0	72.4	135.1	1535	OK
 412	     0	71.5	130.8	1549	OK
 413	     0	70.7	127.9	1541	OK
 414	     0	71.5	132.5	1516	OK
 415	     0	70.9	130.9	1531	OK
 416	     0	72.4	135.2	1522	OK
 417	     0	72.4	133.5	1498	OK
 418	     0	70.1	133.3	1510	OK
 419	     0	74.4	143.1	1503	OK
 420	     0	70.0	128.6	1510	OK
 421	     0	74.1	133.9	1551	OK
 422	     0	72.3	133.1	1526	OK
 423	     0	70.3	131.3	1525	OK
 424	     0	71.0	132.1	1524	OK
 425	     0	73.1	136.6	1506	OK
 426	     0	72.9	135.5	1537	OK
 427	     0	71.0	135.5	1531	OK
 428	     0	72.9	133.3	1543	OK
 429	     0	71.7	133.0	1510	OK
 430	     0	74.8	139.6	1515	OK
 431	     0	72.9	133.4	1548	OK
 432	     0	70.7	129.2	1539	OK
 433	     0	72.6	131.9	1549	OK
 434	     0	71.4	131.6	1532	OK
 435	     0	72.3	137.4	1533	OK
 436	     0	74.0	143.5	1518	OK
 437	     0	74.8	133.1	1547	OK
 438	     0	70.2	129.8	1554	OK
 439	     0	70.8	128.9	1548	OK
 440	     0	72.2	132.5	1530	OK
 441	     0	70.5	130.9	1543	OK
 442	     0	71.1	130.9	1551	OK
 443	     0	72.9	135.9	1582	OK
 444	     0	73.2	136.8	1549	OK
 445	     0	73.1	138.2	1561	OK
 446	     0	73.3	133.1	1551	OK
 447	     0	73.2	134.2	1547	OK
 448	     0	70.7	128.0	1511	OK
 449	     0	73.7	133.6	1520	OK
 450	     0	73.0	134.1	1542	OK
 451	     0	73.0	134.1	1547	OK
 452	     0	72.7	141.1	1500	OK
 453	     0	70.9	129.7	1545	OK
 454	     0	71.7	132.0	1527	OK
 455	     0	75.0	138.0	1512	OK
 456	     0	72.6	135.4	1532	OK
 457	     0	71.4	136.5	1523	OK
 458	     0	69.9	131.1	1511	OK
 459	     0	71.1	130.9	1534	OK
 460	     0	73.4	137.7	1550	OK
 461	     0	74.2	135.9	1534	OK
 462	     0	74.2	139.4	1511	OK
 463	     0	72.3	135.3	1510	OK
 464	     0	70.2	131.5	1527	OK
 465	     0	72.9	137.7	1531	OK
 466	     0	70.3	133.1	1524	OK
 467	     0	71.5	131.4	1525	OK
 468	     0	72.8	134.1	1523	OK
 469	     0	69.5	127.8	1555	OK
 470	     0	72.8	139.1	1519	OK
 471	     0	71.0	132.6	1541	OK
 472	     0	72.6	133.8	1527	OK
 473	     0	71.4	132.8	1528	OK
 474	     0	71.9	131.5	1528	OK
 475	     0	70.5	132.5	1509	OK
 476	     0	71.0	132.9	1533	OK
 477	     0	73.1	135.9	1499	OK
 478	     0	73.5	136.5	1514	OK
 479	     0	71.2	130.2	1537	OK
 480	     0	71.3	131.8	1513	OK
 481	     0	74.0	137.3	1510	OK
 482	     0	72.6	135.5	1534	OK
 483	     0	73.8	137.9	1516	OK
 484	     0	72.6	136.3	1502	OK
 485	     0	71.8	129.0	1519	OK
 486	     0	72.7	134.6	1507	OK
 487	     0	72.1	133.7	1523	OK
 488	     0	71.9	132.3	1530	OK
 489	     0	70.2	130.4	1511	OK
 490	     0	73.7	133.8	1511	OK
 491	     0	71.3	135.5	1525	OK
 492	     0	70.9	131.3	1508	OK
 493	     0	71.6	131.4	1521	OK
 494	     0	71.5	132.3	1501	OK
 495	     0	74.3	138.2	1496	OK
 496	     0	75.0	137.5	1499	OK
 497	     0	73.3	137.2	1497	OK
 498	     0	70.0	129.7	1516	OK
 499	     0	72.3	131.0	1504	OK
 500	     0	72.0	134.2	1505	OK
 501	     0	72.4	134.8	1498	OK
 502	     0	70.8	126.3	1481	OK
 503	     0	72.6	133.5	1468	OK
 504	     0	72.6	132.4	1489	OK
 505	     0	71.8	133.7	1523	OK
 506	     0	71.9	133.6	1484	OK
 507	     0	73.2	139.6	1472	OK
 508	     0	72.2	131.1	1483	OK
 509	     0	72.3	132.9	1506	OK
 510	     0	73.2	135.9	1449	OK
 511	     0	72.9	134.4	1489	OK
 512	     0	72.0	138.3	1484	OK
 513	     0	71.6	131.2	1498	OK
 514	     0	71.0	130.8	1475	OK
 515	     0	71.9	133.2	1481	OK
 516	     0	71.1	131.8	1484	OK
 517	     0	70.3	134.2	1474	OK
 518	     0	73.6	136.0	1490	OK
 519	     0	69.8	185.9	1530	OK
 520	     0	71.3	128.9	1504	OK
 521	     0	71.0	132.6	1488	OK
 522	     0	70.4	131.9	1492	OK
 523	     0	70.2	130.2	1467	OK
 524	     0	70.1	134.1	1477	OK
 525	     0	72.6	155.0	1493	OK
 526	     0	71.3	131.8	1461	OK
 527	     0	73.7	134.4	1467	OK
 528	     0	71.6	134.6	1481	OK
 529	     0	69.4	129.9	1480	OK
 530	     0	68.6	132.6	1474	OK
 531	     0	73.7	136.4	1479	OK
 532	     0	70.7	131.7	1486	OK
 533	     0	71.1	132.0	1468	OK
 534	     0	70.7	129.3	1479	OK
 535	     0	74.6	142.9	1491	OK
 536	     0	71.5	131.6	1469	OK
 537	     0	72.6	134.2	1484	OK
 538	     0	72.7	136.7	1488	OK
 539	     0	72.0	136.0	1464	OK
 540	     0	69.6	124.5	1502	OK
 541	     0	69.7	130.4	1468	OK
 542	     0	75.1	137.5	1500	OK
 543	     0	70.9	132.6	1501	OK
 544	     0	72.7	138.6	1480	OK
 545	     0	70.6	129.1	1500	OK
 546	     0	70.9	132.9	1465	OK
 547	     0	72.7	135.6	1469	OK
 548	     0	70.7	134.9	1489	OK
 549	     0	69.3	129.2	1474	OK
 550	     0	71.2	133.0	1489	OK
 551	     0	74.1	138.8	1508	OK
 552	     0	69.5	128.3	1489	OK
 553	     0	69.5	130.4	1468	OK
 554	     0	70.1	127.8	1495	OK
 555	     0	70.5	130.7	1500	OK
 556	     0	72.1	140.6	1476	OK
 557	     0	72.6	137.5	1512	OK
 558	     0	71.2	134.6	1517	OK
 559	     0	71.5	129.0	1508	OK
 560	     0	73.5	145.6	1484	OK
 561	     0	73.1	133.4	1511	OK
 562	     0	71.9	132.4	1525	OK
 563	     0	72.5	138.6	1479	OK
 564	     0	70.9	130.8	1494	OK
 565	     0	70.9	132.7	1508	OK
 566	     0	70.3	132.7	1495	OK
 567	     0	69.9	130.5	1507	OK
 568	     0	69.7	127.9	1523	OK
 569	     0	71.5	133.1	1493	OK
 570	     0	73.4	137.5	1520	OK
 571	     0	71.0	131.5	1530	OK
 572	     0	72.0	135.2	1506	OK
 573	     0	72.7	135.0	1489	OK
 574	  4000	67.8	123.7	1554	high noise
 575	     0	72.9	134.0	1529	OK
 576	     0	67.4	128.5	1487	OK
 577	  4000	69.6	106.7	1658	high noise
 578	     0	69.6	128.9	1526	OK
 579	     0	69.3	130.6	1509	OK
 580	     0	69.2	129.5	1537	OK
 581	     0	71.4	133.5	1523	OK
 582	     0	71.8	130.8	1534	OK
 583	     0	69.0	128.7	1536	OK
 584	     0	71.3	130.5	1523	OK
 585	     0	71.7	131.8	1539	OK
 586	     0	71.7	131.7	1530	OK
 587	     0	69.7	125.9	1540	OK
 588	  4000	70.7	130.7	1552	high noise
 589	  4000	71.1	131.1	1564	high noise
 590	     0	72.1	138.3	1547	OK
 591	     0	69.8	129.9	1527	OK
 592	  4000	70.1	130.5	1584	high noise
 593	  4000	68.7	128.5	1574	high noise
 594	     0	71.6	135.6	1550	OK
 595	  4000	69.8	131.1	1552	high noise
 596	     0	71.4	140.1	1550	OK
 597	  4000	70.3	128.7	1565	high noise
 598	  4000	71.0	132.8	1572	high noise
 599	  4000	69.4	132.3	1569	high noise
 600	  4000	70.8	131.2	1616	high noise
 601	  4000	70.3	133.4	1574	high noise
 602	  4000	71.3	129.1	1635	high noise
 603	  4000	72.3	137.4	1614	high noise
 604	  4000	69.8	137.1	1630	high noise
 605	  4000	74.0	134.5	1654	high noise
 606	  4000	70.3	128.6	1640	high noise
 607	  4000	72.1	143.9	1632	high noise
 608	  4000	70.9	129.3	1659	high noise
 609	  4000	68.4	126.5	1675	high noise
 610	  4000	71.2	132.7	1686	high noise
 611	  4000	70.8	130.6	1666	high noise
 612	  4000	70.7	129.6	1635	high noise
 613	 80000	71.4	128.2	1703	very high noise
 614	  4000	70.1	128.9	1690	high noise
 615	  4000	70.1	130.5	1697	high noise
 616	 80000	73.7	134.8	1702	very high noise
 617	  4000	71.3	130.8	1681	high noise
 618	 80000	72.3	127.7	1774	very high noise
 619	 80000	70.6	128.7	1742	very high noise
 620	  4000	70.9	131.5	1692	high noise
 621	 80000	68.4	125.8	1744	very high noise
 622	 80000	70.0	128.4	1719	very high noise
 623	 80000	67.6	124.9	1718	very high noise
 624	 80000	73.4	140.8	1711	very high noise
 625	 80000	70.0	128.1	1764	very high noise
 626	 80000	70.1	130.6	1719	very high noise
 627	 80000	69.6	126.7	1740	very high noise
 628	 80000	69.4	127.2	1765	very high noise
 629	 80000	71.2	128.3	1762	very high noise
 630	 80000	71.3	128.9	1770	very high noise
 631	 80000	72.5	134.0	1759	very high noise
 632	 80000	71.7	132.9	1744	very high noise
 633	 80000	74.1	133.8	1766	very high noise
 634	 80000	73.9	136.9	1745	very high noise
 635	 80000	72.2	131.9	1747	very high noise
 636	 80000	72.1	126.9	1796	very high noise
 637	 80000	73.6	148.8	1732	very high noise
 638	 80000	72.8	129.9	1808	very high noise
 639	 80000	71.2	130.2	1761	very high noise
 640	 80000	70.1	127.1	1908	very high noise
 641	 80000	71.9	132.1	1859	very high noise
 642	 80000	71.8	131.1	1829	very high noise
 643	 80000	71.8	129.8	1877	very high noise
 644	 80000	72.0	135.8	1827	very high noise
 645	 80000	70.1	135.8	1821	very high noise
 646	 80000	70.9	127.3	1894	very high noise
 647	 80000	71.2	142.8	1808	very high noise
 648	 80000	69.3	128.6	1874	very high noise
 649	 80000	71.4	136.7	1800	very high noise
 650	 80000	69.9	137.4	1785	very high noise
 651	 80000	69.4	126.5	1863	very high noise
 652	 80000	67.0	138.0	1808	very high noise
 653	 80000	71.0	134.0	1788	very high noise
 654	 80000	69.3	123.2	1840	very high noise
 655	 80000	70.2	133.1	1805	very high noise
 656	 80000	71.5	130.6	1855	very high noise
 657	 80000	71.1	132.4	1801	very high noise
 658	 80000	70.2	131.9	1814	very high noise
 659	 80000	68.3	126.5	1775	very high noise
 660	 80000	70.8	133.5	1809	very high noise
 661	 80000	70.9	131.3	1833	very high noise
 662	 80000	69.6	127.9	1798	very high noise
 663	 80000	71.6	130.1	1810	very high noise
 664	 80000	71.3	133.4	1781	very high noise
 665	 80000	71.6	132.0	1747	very high noise
 666	 80000	70.8	127.3	1811	very high noise
 667	 80000	69.9	139.0	1775	very high noise
 668	 80000	72.1	137.8	1736	very high noise
 669	 80000	69.9	133.1	1750	very high noise
 670	 80000	69.6	131.2	1771	very high noise
 671	 80000	70.4	128.7	1746	very high noise
 672	 80000	67.6	125.1	1775	very high noise
 673	 80000	68.6	129.0	1771	very high noise
 674	 80000	70.4	138.9	1753	very high noise
 675	 80000	71.2	131.8	1731	very high noise
 676	 80000	69.3	126.9	1767	very high noise
 677	 80000	71.5	134.7	1718	very high noise
 678	 80000	70.4	127.6	1756	very high noise
 679	 80000	72.4	141.4	1723	very high noise
 680	 80000	71.3	133.9	1729	very high noise
 681	 80000	70.3	129.7	1753	very high noise
 682	 80000	70.6	130.7	1741	very high noise
 683	 80000	70.0	165.4	1746	very high noise
 684	 80000	69.6	129.3	1766	very high noise
 685	 80000	70.6	128.4	1726	very high noise
 686	 80000	70.9	130.0	1721	very high noise
 687	     0	69.6	129.6	1699	OK
 688	 80000	71.4	132.4	1709	very high noise
 689	 80000	69.4	127.9	1730	very high noise
 690	 80000	70.8	129.7	1724	very high noise
 691	 80000	72.9	131.7	1701	very high noise
 692	 80000	70.1	126.0	1740	very high noise
 693	 80000	71.1	129.0	1747	very high noise
 694	 80000	68.7	127.9	1725	very high noise
 695	 80000	72.1	131.2	1744	very high noise
 696	 80000	69.4	124.6	1725	very high noise
 697	 80000	69.6	130.7	1712	very high noise
 698	     0	70.0	133.0	1699	OK
 699	     0	71.4	133.2	1681	OK
 700	 80000	73.0	151.2	1708	very high noise
 701	 80000	68.4	116.7	1802	very high noise
 702	 80000	67.2	90.7	2457	very high noise
 703	     0	69.4	144.4	1681	OK
 704	 80000	73.3	132.7	1714	very high noise
 705	     0	70.2	161.6	1699	OK
 706	 80000	69.2	101.8	2144	very high noise
 707	 80000	67.9	83.4	2538	very high noise
 708	 80000	69.8	125.8	1730	very high noise
 709	 80000	70.6	131.1	1707	very high noise
 710	 80000	71.1	129.8	1729	very high noise
 711	     0	70.4	130.4	1679	OK
 712	 80000	70.1	154.8	1703	very high noise
 713	 80000	67.9	112.8	1878	very high noise
 714	 80000	70.3	128.2	1709	very high noise
 715	     0	71.6	135.2	1700	OK
 716	 80000	70.1	129.3	1723	very high noise
 717	 80000	67.8	116.3	1789	very high noise
 718	 80000	72.4	132.0	1705	very high noise
 719	 80000	70.3	130.2	1705	very high noise
 720	     0	69.3	130.1	1695	OK
 721	     0	73.1	138.3	1689	OK
 722	     0	71.1	135.5	1698	OK
 723	 80000	70.9	123.0	1777	very high noise
 724	 80000	71.8	134.1	1711	very high noise
 725	 80000	66.7	102.4	2167	very high noise
 726	 80000	71.1	127.9	1723	very high noise
 727	 80000	70.4	128.2	1752	very high noise
 728	 80000	68.8	124.9	1711	very high noise
 729	     0	70.0	131.9	1670	OK
 730	 80000	73.1	133.6	1716	very high noise
 731	     0	70.8	135.0	1698	OK
 732	     0	72.4	131.2	1698	OK
 733	     0	71.9	132.9	1673	OK
 734	 80000	70.9	126.7	1732	very high noise
 735	 80000	69.8	129.8	1728	very high noise
 736	 80000	70.2	131.9	1709	very high noise
 737	 80000	72.4	132.4	1724	very high noise
 738	 80000	71.9	131.2	1717	very high noise
 739	 80000	69.2	127.4	1723	very high noise
 740	     0	72.5	145.0	1699	OK
 741	 80000	72.0	137.3	1726	very high noise
 742	 80000	70.6	129.7	1721	very high noise
 743	 80000	70.4	134.3	1717	very high noise
 744	 80000	70.9	131.0	1760	very high noise
 745	 80000	71.8	130.8	1747	very high noise
 746	 80000	71.5	128.6	1791	very high noise
 747	 80000	70.0	129.1	1728	very high noise
 748	 80000	73.3	138.6	1745	very high noise
 749	 80000	68.5	99.7	2262	very high noise
 750	 80000	71.2	133.3	1754	very high noise
 751	 80000	71.0	136.3	1748	very high noise
 752	 80000	73.1	132.8	1734	very high noise
 753	 80000	73.0	138.5	1749	very high noise
 754	 80000	71.2	134.6	1790	very high noise
 755	 80000	70.9	132.6	1775	very high noise
 756	 80000	72.0	132.2	1767	very high noise
 757	 80000	74.5	133.7	1749	very high noise
 758	 80000	73.2	133.1	1748	very high noise
 759	 80000	70.9	125.6	1790	very high noise
 760	 80000	71.1	128.8	1753	very high noise
 761	 80000	69.7	129.1	1748	very high noise
 762	 80000	72.0	125.1	1753	very high noise
 763	 80000	72.3	133.6	1754	very high noise
 764	 80000	72.5	129.7	1731	very high noise
 765	 80000	73.6	130.6	1759	very high noise
 766	 80000	74.9	137.0	1800	very high noise
 767	 80000	73.6	137.6	1771	very high noise
 768	 80000	73.3	128.7	1791	very high noise
 769	 80000	73.5	140.4	1767	very high noise
 770	 80000	72.2	137.5	1789	very high noise
 771	 80000	72.8	137.1	1828	very high noise
 772	 80000	72.8	143.5	1823	very high noise
 773	 80000	74.1	135.9	1822	very high noise
 774	 80000	71.8	142.9	1802	very high noise
 775	 80000	73.0	136.4	1806	very high noise
 776	 80000	72.2	133.4	1825	very high noise
 777	 80000	71.3	142.8	1779	very high noise
 778	 80000	71.3	130.8	1763	very high noise
 779	 80000	71.9	129.1	1778	very high noise
 780	 80000	72.0	130.9	1758	very high noise
 781	 80000	70.0	127.7	1763	very high noise
 782	 80000	73.6	132.0	1736	very high noise
 783	 80000	71.5	128.3	1712	very high noise
 784	 80000	73.0	133.3	1746	very high noise
 785	 80000	75.1	133.9	1720	very high noise
 786	 80000	71.8	130.7	1712	very high noise
 787	     0	73.5	132.4	1682	OK
 788	 80000	73.2	136.1	1719	very high noise
 789	 80000	73.6	135.1	1739	very high noise
 790	 80000	71.3	129.0	1762	very high noise
 791	 80000	74.5	135.7	1743	very high noise
 792	 80000	70.9	138.4	1741	very high noise
 793	 80000	75.4	136.1	1756	very high noise
 794	 80000	71.6	135.2	1743	very high noise
 795	 80000	71.5	129.8	1790	very high noise
 796	 80000	71.8	133.2	1755	very high noise
 797	 80000	72.5	136.7	1767	very high noise
 798	 80000	73.8	134.9	1731	very high noise
 799	 80000	72.6	133.1	1732	very high noise
 800	 80000	71.7	131.5	1718	very high noise
 801	 80000	75.8	138.7	1743	very high noise
 802	 80000	71.3	129.1	1784	very high noise
 803	 80000	71.4	131.2	1737	very high noise
 804	 80000	76.0	138.5	1734	very high noise
 805	 80000	73.0	141.4	1749	very high noise
 806	 80000	71.3	132.0	1749	very high noise
 807	 80000	74.5	146.4	1760	very high noise
 808	 80000	73.0	132.8	1767	very high noise
 809	 80000	72.8	132.3	1806	very high noise
 810	 80000	72.6	131.7	1802	very high noise
 811	 80000	72.6	133.4	1775	very high noise
 812	 80000	74.6	156.9	1778	very high noise
 813	 80000	71.7	131.6	1768	very high noise
 814	 80000	71.3	130.3	1793	very high noise
 815	 80000	73.5	132.6	1722	very high noise
 816	 80000	73.5	143.4	1716	very high noise
 817	 80000	71.3	129.4	1708	very high noise
 818	 80000	72.9	132.6	1750	very high noise
 819	 80000	73.0	134.0	1701	very high noise
 820	 80000	73.4	137.0	1721	very high noise
 821	 80000	72.2	137.0	1722	very high noise
 822	 80000	72.8	129.4	1701	very high noise
 823	 80000	69.8	121.8	1731	very high noise
 824	     0	71.5	130.5	1676	OK
 825	     0	71.1	134.6	1681	OK
 826	     0	72.7	131.9	1687	OK
 827	     0	74.5	139.7	1684	OK
 828	 80000	72.2	133.2	1735	very high noise
 829	 80000	71.9	107.3	2042	very high noise
 830	     0	74.1	141.8	1698	OK
 831	 80000	73.0	133.2	1713	very high noise
 832	     0	75.4	140.7	1669	OK
 833	     0	74.3	142.1	1671	OK
 834	     0	74.2	130.9	1687	OK
 835	     0	73.2	138.4	1693	OK
 836	 80000	71.3	118.1	1860	very high noise
 837	 80000	71.1	112.0	1890	very high noise
 838	 80000	72.0	132.0	1715	very high noise
 839	 80000	72.9	133.6	1752	very high noise
 840	     0	73.6	139.1	1691	OK
 841	 80000	72.8	134.6	1788	very high noise
 842	 80000	75.2	139.5	1809	very high noise
 843	 80000	73.8	132.8	1860	very high noise
 844	 80000	75.9	137.2	1870	very high noise
 845	 80000	75.7	138.0	1891	very high noise
 846	 80000	73.8	135.9	1858	very high noise
 847	 80000	74.5	140.0	1879	very high noise
 848	 80000	73.4	136.8	1910	very high noise
 849	 80000	79.2	148.5	1904	very high noise
 850	 80000	75.6	139.8	1875	very high noise
 851	 80000	72.1	132.9	1897	very high noise
 852	 80000	72.5	130.8	1970	very high noise
 853	 80000	71.7	132.7	1931	very high noise
 854	 80000	73.8	140.0	1878	very high noise
 855	 80000	73.4	135.6	1914	very high noise
 856	 80000	72.6	133.0	1928	very high noise
 857	 80000	74.4	134.4	1924	very high noise
 858	 80000	71.9	122.9	2078	very high noise
 859	 80000	71.2	95.9	2663	very high noise
 860	 80000	73.3	136.7	1919	very high noise
 861	 80000	73.2	133.9	1904	very high noise
 862	 80000	73.1	134.3	1922	very high noise
 863	 80000	74.4	135.7	1874	very high noise
 864	 80000	72.1	134.4	1917	very high noise
 865	 80000	72.7	136.5	1887	very high noise
 866	 80000	74.9	140.4	1869	very high noise
 867	 80000	74.9	139.3	1871	very high noise
 868	 80000	70.8	132.2	1837	very high noise
 869	 80000	72.2	133.5	1882	very high noise
 870	 80000	74.1	135.3	1860	very high noise
 871	 80000	70.7	190.6	1877	very high noise
 872	 80000	72.9	133.8	1830	very high noise
 873	 80000	74.7	167.4	1811	very high noise
 874	 80000	74.4	137.6	1834	very high noise
 875	 80000	74.9	138.6	1827	very high noise
 876	 80000	70.8	131.7	1852	very high noise
 877	 80000	73.9	136.4	1828	very high noise
 878	 80000	77.0	144.5	1838	very high noise
 879	 80000	75.6	137.6	1832	very high noise
 880	 80000	74.5	136.9	1881	very high noise
 881	 80000	74.3	134.8	1866	very high noise
 882	 80000	73.5	133.9	1842	very high noise
 883	 80000	73.7	139.0	1829	very high noise
 884	 80000	75.8	139.1	1877	very high noise
 885	 80000	75.4	139.2	1846	very high noise
 886	 80000	73.5	134.3	1882	very high noise
 887	 80000	73.4	139.0	1848	very high noise
 888	 80000	72.5	133.7	1902	very high noise
 889	 80000	75.7	144.8	1867	very high noise
 890	 80000	75.3	135.3	1916	very high noise
 891	 80000	74.0	136.7	1900	very high noise
 892	 80000	74.2	138.9	1898	very high noise
 893	 80000	74.2	132.7	1931	very high noise
 894	 80000	75.8	164.0	1865	very high noise
 895	 80000	74.5	134.7	1930	very high noise
 896	 80000	70.8	129.0	1998	very high noise
 897	 80000	70.9	129.4	2067	very high noise
 898	 80000	71.0	124.9	2076	very high noise
 899	 80000	69.4	115.2	2259	very high noise
 900	 80000	72.0	131.5	2029	very high noise
 901	 80000	70.7	130.0	2057	very high noise
 902	 80000	69.6	97.4	2760	very high noise
 903	 80000	70.7	127.5	2136	very high noise
 904	 80000	71.7	134.0	2049	very high noise
 905	 80000	70.2	134.4	2080	very high noise
 906	 80000	68.4	127.5	2139	very high noise
 907	 80000	69.2	128.6	2132	very high noise
 908	 80000	66.8	103.1	2748	very high noise
 909	 80000	68.6	125.4	2207	very high noise
 910	 80000	70.3	136.9	2065	very high noise
 911	 80000	69.5	129.2	2109	very high noise
 912	 80000	68.8	128.7	2140	very high noise
 913	 80000	70.0	135.5	2030	very high noise
 914	 80000	66.3	122.0	2158	very high noise
 915	 80000	66.9	122.8	2101	very high noise
 916	 80000	70.5	129.4	2033	very high noise
 917	 80000	70.5	131.9	1953	very high noise
 918	 80000	72.5	130.7	1984	very high noise
 919	 80000	67.5	126.6	2006	very high noise
 920	 80000	69.9	141.4	1846	very high noise
 921	 80000	71.1	128.1	1897	very high noise
 922	 80000	72.1	130.2	1864	very high noise
 923	 80000	68.2	103.5	2362	very high noise
 924	 80000	70.4	129.4	1819	very high noise
 925	 80000	72.1	141.3	1801	very high noise
 926	 80000	70.9	135.5	1791	very high noise
 927	 80000	69.1	131.1	1801	very high noise
 928	 80000	71.4	133.3	1765	very high noise
 929	 80000	70.8	127.6	1829	very high noise
 930	 80000	71.0	132.4	1772	very high noise
 931	 80000	67.9	125.7	1733	very high noise
 932	 80000	69.8	128.5	1837	very high noise
 933	 80000	70.1	127.6	1794	very high noise
 934	 80000	69.7	125.9	1780	very high noise
 935	 80000	69.8	128.5	1733	very high noise
 936	 80000	70.7	130.0	1751	very high noise
 937	 80000	70.8	128.4	1771	very high noise
 938	 80000	70.4	134.2	1764	very high noise
 939	 80000	70.4	132.3	1726	very high noise
 940	 80000	70.1	127.2	1763	very high noise
 941	 80000	69.0	126.7	1773	very high noise
 942	 80000	72.7	136.4	1735	very high noise
 943	 80000	71.3	127.7	1747	very high noise
 944	     0	70.1	133.4	1681	OK
 945	 80000	68.8	113.5	1942	very high noise
 946	 80000	70.9	134.3	1753	very high noise
 947	 80000	71.9	134.4	1741	very high noise
 948	 80000	70.8	148.9	1727	very high noise
 949	 80000	68.6	125.9	1745	very high noise
 950	 80000	69.6	128.0	1759	very high noise
 951	 80000	69.0	123.9	1777	very high noise
 952	 80000	72.3	132.2	1714	very high noise
 953	 80000	68.8	133.0	1709	very high noise
 954	 80000	69.8	128.5	1736	very high noise
 955	 80000	69.9	158.5	1728	very high noise
 956	 80000	70.5	129.5	1739	very high noise
 957	 80000	70.9	132.1	1733	very high noise
 958	 80000	71.2	132.3	1736	very high noise
 959	 80000	69.1	127.0	1766	very high noise
 960	 80000	73.6	132.3	1750	very high noise
 961	 80000	69.8	131.5	1730	very high noise
 962	 80000	69.5	127.7	1735	very high noise
 963	 80000	68.6	117.3	1903	very high noise
 964	 80000	70.1	129.0	1749	very high noise
 965	 80000	68.8	127.7	1779	very high noise
 966	 80000	68.5	123.9	1811	very high noise
 967	 80000	72.9	135.3	1716	very high noise
 968	 80000	69.0	129.7	1734	very high noise
 969	 80000	68.7	128.2	1732	very high noise
 970	 80000	70.0	129.3	1779	very high noise
 971	 80000	69.5	126.4	1769	very high noise
 972	 80000	70.3	127.5	1751	very high noise
 973	 80000	70.1	127.5	1756	very high noise
 974	 80000	70.4	131.2	1743	very high noise
 975	 80000	71.6	134.7	1763	very high noise
 976	 80000	71.3	140.9	1730	very high noise
 977	 80000	69.1	127.4	1782	very high noise
 978	 80000	69.4	128.1	1745	very high noise
 979	 80000	72.9	146.5	1722	very high noise
 980	 80000	68.9	125.3	1763	very high noise
 981	 80000	71.9	129.8	1748	very high noise
 982	 80000	70.7	127.4	1790	very high noise
 983	 80000	69.5	128.3	1743	very high noise
 984	 80000	70.2	126.6	1765	very high noise
 985	 80000	71.3	151.0	1710	very high noise
 986	 80000	68.3	90.2	2467	very high noise
 987	 80000	70.4	128.8	1757	very high noise
 988	 80000	72.2	135.1	1731	very high noise
 989	 80000	70.1	128.0	1787	very high noise
 990	 80000	69.3	131.8	1725	very high noise
 991	 80000	70.2	130.5	1748	very high noise
 992	 80000	68.7	129.8	1757	very high noise
 993	 80000	69.7	128.9	1775	very high noise
 994	 80000	69.8	127.5	1784	very high noise
 995	 80000	69.2	134.9	1716	very high noise
 996	 80000	67.2	122.2	1786	very high noise
 997	 80000	68.5	137.6	1734	very high noise
 998	 80000	67.2	127.4	1734	very high noise
 999	 80000	69.5	127.1	1770	very high noise
1000	 80000	70.4	126.6	1752	very high noise
1001	 80000	70.2	129.3	1710	very high noise
1002	 80000	70.5	131.9	1712	very high noise
1003	 80000	70.7	132.8	1727	very high noise
1004	     0	73.2	144.4	1691	OK
1005	 80000	69.7	128.4	1750	very high noise
1006	 80000	71.3	129.8	1735	very high noise
1007	 80000	69.1	127.1	1742	very high noise
1008	 80000	71.9	135.4	1724	very high noise
1009	 80000	66.6	122.9	1744	very high noise
1010	 80000	70.6	155.6	1735	very high noise
1011	 80000	68.1	127.2	1704	very high noise
1012	     0	70.0	129.6	1698	OK
1013	 80000	70.0	130.0	1745	very high noise
1014	 80000	71.5	162.1	1724	very high noise
1015	 80000	72.7	132.9	1754	very high noise
1016	 80000	74.2	137.1	1709	very high noise
1017	 80000	71.2	130.9	1731	very high noise
1018	     0	71.1	147.3	1666	OK
1019	 80000	70.1	128.6	1716	very high noise
1020	 80000	69.1	126.8	1754	very high noise
1021	 80000	71.1	129.4	1737	very high noise
1022	 80000	73.2	134.6	1715	very high noise
1023	 80000	70.8	129.7	1729	very high noise
1024	     0	75.9	139.6	1664	OK
1025	     0	75.1	135.9	1635	OK
1026	     0	74.5	137.9	1641	OK
1027	     0	74.3	137.2	1661	OK
1028	 80000	75.3	130.3	1711	very high noise
1029	     0	74.7	136.7	1644	OK
1030	     0	76.7	142.1	1643	OK
1031	     0	75.8	145.1	1618	OK
1032	 80000	71.9	121.1	1748	very high noise
1033	     0	77.2	142.7	1654	OK
1034	     0	74.9	138.5	1642	OK
1035	     0	73.9	145.9	1634	OK
1036	     0	76.6	139.6	1640	OK
1037	     0	74.8	138.4	1626	OK
1038	     0	75.4	136.8	1616	OK
1039	     0	73.8	137.6	1609	OK
1040	     0	73.2	138.4	1646	OK
1041	     0	74.1	153.5	1638	OK
1042	     0	73.6	137.9	1647	OK
1043	     0	73.9	133.6	1637	OK
1044	     0	74.8	136.9	1628	OK
1045	     0	73.8	134.7	1668	OK
1046	     0	72.6	132.8	1650	OK
1047	     0	76.6	144.7	1628	OK
1048	     0	72.9	136.2	1654	OK
1049	     0	75.4	136.3	1652	OK
1050	     0	73.7	134.4	1686	OK
1051	     0	74.8	139.7	1646	OK
1052	     0	74.5	142.2	1675	OK
1053	     0	75.5	135.1	1662	OK
1054	 80000	73.3	119.8	1777	very high noise
1055	     0	74.4	138.1	1663	OK
1056	     0	74.7	137.4	1669	OK
1057	     0	74.4	140.5	1648	OK
1058	     0	74.3	147.0	1669	OK
1059	     0	73.9	139.7	1628	OK
1060	     0	74.2	137.1	1675	OK
1061	     0	73.1	133.7	1683	OK
1062	     0	75.4	136.6	1676	OK
1063	     0	73.9	135.4	1678	OK
1064	     0	74.8	139.2	1654	OK
1065	     0	74.5	136.3	1667	OK
1066	     0	74.8	135.9	1667	OK
1067	     0	75.5	138.1	1675	OK
1068	     0	74.0	140.5	1686	OK
1069	     0	74.0	136.6	1695	OK
1070	     0	75.5	137.2	1677	OK
1071	     0	74.4	137.9	1665	OK
1072	     0	73.9	136.0	1678	OK
1073	     0	78.4	142.9	1693	OK
1074	     0	74.0	157.6	1650	OK
1075	 80000	76.4	91.8	2388	very high noise
1076	     0	75.1	139.6	1682	OK
1077	     0	74.4	135.2	1689	OK
1078	     0	73.8	136.1	1668	OK
1079	     0	73.1	133.6	1680	OK
1080	     0	74.1	134.8	1684	OK
1081	     0	73.8	136.5	1677	OK
1082	     0	77.0	151.0	1696	OK
1083	     0	75.0	138.5	1680	OK
1084	     0	74.8	147.8	1671	OK
1085	     0	75.6	139.3	1681	OK
1086	     0	77.1	144.2	1675	OK
1087	     0	73.5	134.3	1667	OK
1088	     0	75.8	157.0	1625	OK
1089	     0	76.0	139.4	1662	OK
1090	     0	74.7	146.6	1688	OK
1091	     0	73.2	138.0	1657	OK
1092	     0	75.7	148.0	1679	OK
1093	 80000	73.4	128.6	1721	very high noise
1094	     0	75.0	139.9	1678	OK
1095	     0	74.0	135.8	1662	OK
1096	     0	75.4	143.6	1669	OK
1097	     0	74.5	138.6	1667	OK
1098	     0	74.2	137.4	1653	OK
1099	     0	74.1	133.7	1695	OK
1100	     0	73.6	137.8	1641	OK
1101	     0	75.6	135.9	1648	OK
1102	     0	74.9	134.8	1676	OK
1103	     0	73.7	132.9	1658	OK
1104	     0	75.2	136.3	1660	OK
1105	     0	75.7	136.6	1672	OK
1106	     0	75.5	150.7	1653	OK
1107	     0	75.6	143.7	1655	OK
1108	     0	75.0	138.9	1699	OK
1109	     0	74.2	135.6	1681	OK
1110	     0	74.2	146.7	1649	OK
1111	     0	77.6	141.6	1691	OK
1112	     0	75.2	140.3	1677	OK
1113	     0	74.3	136.8	1668	OK
1114	     0	74.8	140.9	1663	OK
1115	     0	73.8	135.9	1664	OK
1116	     0	73.8	136.2	1670	OK
1117	     0	74.7	144.9	1665	OK
1118	     0	74.2	142.6	1655	OK
1119	     0	73.6	132.8	1677	OK
1120	     0	73.4	136.8	1649	OK
1121	     0	75.6	138.3	1691	OK
1122	     0	74.8	136.3	1691	OK
1123	     0	74.3	135.8	1668	OK
1124	     0	76.2	139.7	1682	OK
1125	     0	75.3	144.1	1660	OK
1126	     0	75.3	138.2	1666	OK
1127	     0	74.6	137.1	1684	OK
1128	     0	75.9	153.3	1629	OK
1129	 80000	76.1	139.2	1700	very high noise
1130	     0	75.0	138.6	1689	OK
1131	     0	74.8	138.7	1647	OK
1132	     0	73.2	138.1	1679	OK
1133	     0	75.0	138.7	1668	OK
1134	     0	75.4	138.4	1680	OK
1135	     0	72.6	130.7	1690	OK
1136	     0	75.4	136.3	1696	OK
1137	     0	74.9	135.2	1663	OK
1138	     0	75.2	152.4	1668	OK
1139	     0	77.1	139.6	1682	OK
1140	     0	73.1	132.9	1685	OK
1141	     0	76.0	139.0	1670	OK
1142	     0	75.3	141.9	1667	OK
1143	     0	76.0	156.1	1662	OK
1144	     0	74.3	139.3	1683	OK
1145	     0	76.3	141.3	1692	OK
1146	 80000	74.4	138.6	1703	very high noise
1147	     0	76.1	139.6	1661	OK
1148	     0	75.6	138.3	1661	OK
1149	     0	76.4	153.2	1643	OK
1150	     0	75.2	137.0	1653	OK
1151	     0	74.8	144.8	1666	OK
1152	 80000	73.8	117.2	1868	very high noise
1153	 80000	72.9	133.3	1716	very high noise
1154	 80000	71.8	94.7	2427	very high noise
1155	 80000	75.4	140.0	1732	very high noise
1156	 80000	71.3	130.7	1737	very high noise
1157	 80000	73.7	134.0	1745	very high noise
1158	 80000	74.5	142.7	1721	very high noise
1159	 80000	72.8	130.9	1721	very high noise
1160	     0	73.0	133.3	1691	OK
1161	 80000	71.9	127.8	1733	very high noise
1162	 80000	74.2	135.6	1757	very high noise
1163	 80000	72.6	130.6	1733	very high noise
1164	 80000	76.2	146.9	1733	very high noise
1165	 80000	73.0	133.7	1746	very high noise
1166	 80000	75.4	139.9	1741	very high noise
1167	 80000	73.5	133.3	1773	very high noise
1168	 80000	76.1	136.2	1726	very high noise
1169	 80000	75.9	136.1	1761	very high noise
1170	 80000	73.5	137.1	1713	very high noise
1171	 80000	73.8	136.1	1714	very high noise
1172	 80000	75.3	144.9	1738	very high noise
1173	 80000	74.1	134.9	1760	very high noise
1174	     0	76.4	145.7	1690	OK
1175	 80000	74.9	136.8	1723	very high noise
1176	 80000	73.6	136.7	1731	very high noise
1177	 80000	71.9	130.0	1757	very high noise
1178	 80000	73.5	132.8	1730	very high noise
1179	 80000	73.7	137.1	1735	very high noise
1180	 80000	73.9	133.3	1757	very high noise
1181	 80000	73.9	153.6	1711	very high noise
1182	 80000	74.3	135.5	1712	very high noise
1183	 80000	74.7	134.7	1735	very high noise
1184	     0	70.4	132.2	1698	OK
1185	 80000	75.0	136.4	1730	very high noise
1186	 80000	72.5	135.7	1724	very high noise
1187	     0	71.6	141.1	1684	OK
1188	 80000	71.7	130.1	1740	very high noise
1189	 80000	72.9	133.9	1755	very high noise
1190	 80000	72.3	130.0	1716	very high noise
1191	 80000	74.1	135.7	1717	very high noise
1192	 80000	75.4	137.5	1719	very high noise
1193	 80000	71.3	129.2	1763	very high noise
1194	 80000	71.6	131.5	1705	very high noise
1195	 80000	73.7	136.3	1742	very high noise
1196	 80000	72.5	130.3	1741	very high noise
1197	 80000	70.4	130.0	1723	very high noise
1198	 80000	72.0	133.4	1736	very high noise
1199	 80000	73.4	135.5	1769	very high noise
1200	 80000	73.4	134.1	1730	very high noise
1201	 80000	73.8	136.3	1710	very high noise
1202	 80000	74.5	138.1	1725	very high noise
1203	 80000	72.2	132.9	1760	very high noise
1204	 80000	74.0	143.3	1718	very high noise
1205	 80000	73.3	133.2	1725	very high noise
1206	 80000	72.3	132.5	1737	very high noise
1207	 80000	74.1	140.7	1717	very high noise
1208	 80000	73.1	138.5	1756	very high noise
1209	 80000	73.7	145.2	1726	very high noise
1210	 80000	76.6	153.7	1725	very high noise
1211	 80000	73.1	135.3	1736	very high noise
1212	 80000	73.4	131.2	1740	very high noise
1213	 80000	72.9	134.1	1724	very high noise
1214	 80000	75.2	133.9	1755	very high noise
1215	 80000	73.7	135.3	1745	very high noise
1216	 80000	75.7	138.0	1750	very high noise
1217	 80000	72.3	136.3	1708	very high noise
1218	 80000	75.2	143.1	1732	very high noise
1219	 80000	71.1	125.3	1801	very high noise
1220	 80000	72.0	134.6	1724	very high noise
1221	 80000	72.5	132.4	1705	very high noise
1222	 80000	74.4	135.6	1735	very high noise
1223	 80000	71.7	132.8	1728	very high noise
1224	 80000	72.1	135.6	1736	very high noise
1225	 80000	72.9	133.5	1734	very high noise
1226	 80000	71.5	132.5	1767	very high noise
1227	 80000	72.4	135.6	1731	very high noise
1228	 80000	75.7	138.7	1747	very high noise
1229	 80000	74.9	138.3	1711	very high noise
1230	 80000	72.1	129.2	1741	very high noise
1231	 80000	74.7	135.4	1760	very high noise
1232	 80000	71.8	129.3	1751	very high noise
1233	 80000	74.9	139.6	1741	very high noise
1234	 80000	71.9	131.0	1732	very high noise
1235	 80000	75.0	142.2	1708	very high noise
1236	 80000	72.5	130.2	1701	very high noise
1237	 80000	72.8	135.7	1719	very high noise
1238	 80000	73.7	134.7	1732	very high noise
1239	 80000	72.8	135.4	1743	very high noise
1240	     0	72.1	134.1	1690	OK
1241	 80000	71.1	130.6	1727	very high noise
1242	 80000	73.2	132.8	1729	very high noise
1243	     0	71.4	132.2	1695	OK
1244	 80000	73.9	134.9	1724	very high noise
1245	 80000	71.5	130.7	1744	very high noise
1246	 80000	74.4	134.8	1711	very high noise
1247	 80000	74.2	135.6	1730	very high noise
1248	 80000	73.5	142.5	1700	very high noise
1249	 80000	72.9	133.3	1708	very high noise
1250	     0	72.3	134.5	1687	OK
1251	     0	72.2	133.7	1685	OK
1252	 80000	72.3	133.8	1702	very high noise
1253	 80000	73.6	137.7	1724	very high noise
1254	     0	73.5	135.1	1666	OK
1255	     0	73.2	133.3	1683	OK
1256	     0	73.7	138.9	1695	OK
1257	     0	75.1	145.2	1693	OK
1258	 80000	71.1	131.3	1713	very high noise
1259	     0	72.9	134.7	1688	OK
1260	 80000	74.0	172.0	1723	very high noise
1261	     0	74.3	137.2	1675	OK
1262	 80000	74.1	133.1	1710	very high noise
1263	     0	75.1	143.6	1686	OK
1264	     0	72.1	132.1	1690	OK
1265	 80000	71.3	129.1	1705	very high noise
1266	     0	73.2	135.9	1694	OK
1267	 80000	72.6	131.4	1727	very high noise
1268	     0	74.2	154.6	1699	OK
1269	     0	71.7	131.1	1685	OK
1270	     0	74.3	140.3	1663	OK
1271	 80000	73.9	130.5	1715	very high noise
1272	     0	72.7	133.3	1647	OK
1273	     0	73.3	132.8	1669	OK
1274	     0	75.2	134.9	1640	OK
1275	     0	74.8	142.0	1656	OK
1276	     0	75.6	140.4	1671	OK
1277	     0	76.8	139.4	1663	OK
1278	     0	77.3	138.6	1650	OK
1279	     0	76.2	137.9	1592	OK
1280	     0	79.8	141.4	1401	OK
1281	  4000	74.9	157.6	1431	high noise
1282	  4000	72.7	139.8	1431	high noise
1283	  4000	76.9	141.9	1423	high noise
1284	  4000	74.9	139.3	1411	high noise
1285	     0	74.4	142.6	1393	OK
1286	     0	74.8	137.4	1373	OK
1287	     0	74.6	134.8	1376	OK
1288	     0	73.4	140.0	1355	OK
1289	     0	76.3	141.9	1347	OK
1290	     0	75.2	137.1	1318	OK
1291	     0	76.8	143.3	1326	OK
1292	     0	75.3	137.8	1316	OK
1293	     0	75.8	138.8	1318	OK
1294	     0	76.5	140.0	1292	OK
1295	     0	74.6	139.3	1310	OK
1296	     0	75.9	139.4	1310	OK
1297	     0	75.2	139.1	1292	OK
1298	     0	74.3	136.9	1292	OK
1299	     0	73.5	138.0	1304	OK
1300	     0	75.3	145.9	1288	OK
1301	     0	74.6	138.9	1280	OK
1302	     0	76.2	141.7	1302	OK
1303	     0	74.6	137.0	1285	OK
1304	     0	75.6	140.0	1310	OK
1305	     0	73.7	137.2	1293	OK
1306	     0	75.7	141.1	1268	OK
1307	     0	76.4	139.4	1303	OK
1308	     0	75.7	139.0	1294	OK
1309	     0	77.9	146.7	1305	OK
1310	     0	73.9	143.6	1310	OK
1311	     0	74.5	138.6	1297	OK
1312	     0	74.4	139.5	1311	OK
1313	     0	75.0	146.0	1296	OK
1314	     0	76.0	144.1	1305	OK
1315	     0	76.0	138.3	1309	OK
1316	     0	72.9	134.9	1322	OK
1317	     0	75.4	143.3	1323	OK
1318	     0	76.3	141.4	1277	OK
1319	     0	75.0	138.0	1310	OK
1320	     0	76.8	140.3	1307	OK
1321	     0	74.5	137.9	1298	OK
1322	     0	75.0	137.1	1310	OK
1323	     0	75.8	129.7	1321	OK
1324	     0	74.6	140.0	1302	OK
1325	     0	75.3	138.0	1325	OK
1326	     0	76.1	141.0	1315	OK
1327	     0	71.4	132.9	1303	OK
1328	     0	76.0	139.9	1307	OK
1329	     0	77.1	139.1	1310	OK
1330	     0	76.0	140.1	1318	OK
1331	     0	75.0	147.7	1311	OK
1332	     0	74.9	137.5	1296	OK
1333	     0	76.9	150.2	1328	OK
1334	     0	73.9	136.8	1347	OK
1335	     0	75.5	139.8	1304	OK
1336	     0	74.0	137.9	1347	OK
1337	     0	78.4	155.5	1324	OK
1338	     0	77.4	140.0	1307	OK
1339	     0	75.8	143.8	1357	OK
1340	     0	76.9	143.6	1333	OK
1341	     0	75.0	137.4	1339	OK
1342	     0	76.8	142.7	1326	OK
1343	     0	76.2	137.8	1342	OK
1344	     0	75.1	139.7	1346	OK
1345	     0	76.0	140.6	1337	OK
1346	     0	75.2	138.1	1350	OK
1347	     0	77.9	150.9	1362	OK
1348	     0	74.9	138.6	1342	OK
1349	     0	75.0	141.1	1318	OK
1350	     0	74.3	160.5	1367	OK
1351	     0	75.2	142.4	1332	OK
1352	     0	75.8	158.8	1366	OK
1353	     0	76.1	142.4	1357	OK
1354	     0	75.8	139.0	1348	OK
1355	     0	75.7	137.7	1325	OK
1356	     0	76.8	143.8	1339	OK
1357	     0	74.9	138.8	1330	OK
1358	     0	76.5	139.3	1331	OK
1359	     0	76.4	141.2	1328	OK
1360	     0	74.8	140.2	1366	OK
1361	     0	74.9	142.8	1323	OK
1362	     0	75.5	182.9	1368	OK
1363	     0	74.0	134.9	1356	OK
1364	     0	77.8	144.1	1346	OK
1365	     0	76.9	139.4	1345	OK
1366	     0	76.6	139.4	1334	OK
1367	     0	74.9	139.3	1346	OK
1368	     0	74.2	135.2	1334	OK
1369	     0	77.3	143.5	1324	OK
1370	     0	76.0	147.1	1299	OK
1371	     0	76.9	140.7	1322	OK
1372	     0	76.8	141.9	1351	OK
1373	     0	76.1	140.1	1335	OK
1374	     0	73.7	140.3	1319	OK
1375	     0	74.6	143.2	1329	OK
1376	     0	75.6	137.2	1363	OK
1377	     0	73.9	137.1	1330	OK
1378	     0	74.4	136.1	1323	OK
1379	     0	74.0	182.8	1386	OK
1380	     0	75.7	135.7	1325	OK
1381	     0	75.3	141.1	1308	OK
1382	     0	77.4	140.8	1336	OK
1383	     0	79.7	144.7	1316	OK
1384	     0	74.8	143.3	1331	OK
1385	     0	77.9	145.8	1331	OK
1386	     0	77.3	138.5	1361	OK
1387	     0	77.1	140.2	1338	OK
1388	     0	75.7	141.5	1324	OK
1389	     0	75.1	126.2	1350	OK
1390	     0	75.3	138.5	1344	OK
1391	     0	77.4	147.3	1309	OK
1392	     0	76.2	143.9	1344	OK
1393	     0	75.6	141.8	1332	OK
1394	     0	75.7	140.0	1335	OK
1395	     0	77.0	141.2	1329	OK
1396	     0	78.1	144.2	1365	OK
1397	     0	74.5	138.3	1334	OK
1398	     0	74.8	139.5	1327	OK
1399	     0	74.7	138.1	1363	OK
1400	     0	77.5	140.5	1345	OK
1401	     0	77.5	140.4	1357	OK
1402	     0	75.0	138.0	1346	OK
1403	     0	74.8	134.6	1355	OK
1404	     0	77.3	143.0	1332	OK
1405	     0	75.4	143.3	1322	OK
1406	     0	76.9	149.6	1323	OK
1407	     0	77.9	145.6	1352	OK
1408	     0	75.7	142.8	1303	OK
1409	     0	78.7	146.7	1292	OK
1410	     0	77.2	142.5	1281	OK
1411	     0	74.7	140.2	1285	OK
1412	     0	74.2	139.7	1293	OK
1413	     0	76.4	141.6	1333	OK
1414	     0	76.5	144.0	1290	OK
1415	     0	79.6	145.8	1290	OK
1416	     0	76.4	143.3	1273	OK
1417	     0	73.9	136.5	1311	OK
1418	     0	73.8	134.6	1285	OK
1419	     0	74.9	145.8	1278	OK
1420	     0	77.0	138.6	1302	OK
1421	     0	77.9	141.4	1289	OK
1422	     0	76.6	142.9	1299	OK
1423	     0	73.7	145.7	1288	OK
1424	     0	73.9	137.9	1297	OK
1425	     0	74.9	141.2	1287	OK
1426	     0	75.4	141.5	1297	OK
1427	     0	77.9	149.5	1280	OK
1428	     0	74.6	139.4	1286	OK
1429	     0	74.6	139.6	1281	OK
1430	     0	75.7	143.9	1324	OK
1431	     0	75.3	142.1	1305	OK
1432	     0	75.4	142.1	1298	OK
1433	     0	75.4	143.4	1301	OK
1434	     0	76.6	144.1	1278	OK
1435	     0	76.8	142.5	1288	OK
1436	     0	76.2	141.9	1283	OK
1437	     0	75.4	141.2	1297	OK
1438	     0	75.0	137.5	1307	OK
1439	     0	76.5	145.2	1278	OK
1440	     0	75.3	141.8	1298	OK
1441	     0	75.0	140.2	1273	OK
1442	     0	75.5	147.6	1266	OK
1443	     0	72.9	136.6	1304	OK
1444	     0	74.8	138.3	1289	OK
1445	     0	74.3	135.4	1283	OK
1446	     0	77.0	144.8	1284	OK
1447	     0	74.2	135.6	1294	OK
1448	     0	77.8	141.3	1285	OK
1449	     0	74.7	138.6	1290	OK
1450	     0	73.9	139.7	1297	OK
1451	     0	74.4	131.8	1315	OK
1452	     0	78.0	141.0	1302	OK
1453	     0	75.1	140.4	1286	OK
1454	     0	77.5	146.6	1283	OK
1455	     0	74.5	141.0	1273	OK
1456	     0	75.4	139.8	1280	OK
1457	     0	76.2	139.2	1277	OK
1458	     0	74.1	137.0	1302	OK
1459	     0	76.0	142.6	1290	OK
1460	     0	74.2	138.2	1301	OK
1461	     0	76.8	142.7	1290	OK
1462	     0	73.5	133.9	1290	OK
1463	     0	75.7	145.0	1294	OK
1464	     0	77.5	143.9	1300	OK
1465	     0	76.0	139.8	1299	OK
1466	     0	76.9	143.2	1288	OK
1467	     0	76.5	143.4	1286	OK
1468	     0	76.9	152.9	1294	OK
1469	     0	76.8	139.8	1300	OK
1470	     0	76.6	141.3	1278	OK
1471	     0	76.5	143.5	1291	OK
1472	     0	76.8	143.8	1308	OK
1473	     0	73.2	137.6	1318	OK
1474	     0	76.4	143.0	1287	OK
1475	     0	77.2	145.7	1289	OK
1476	     0	75.5	147.7	1279	OK
1477	     0	72.8	138.1	1297	OK
1478	     0	76.5	145.3	1297	OK
1479	     0	74.0	140.9	1298	OK
1480	     0	77.8	145.2	1311	OK
1481	     0	75.7	141.1	1292	OK
1482	     0	75.3	147.6	1285	OK
1483	     0	76.7	142.5	1301	OK
1484	     0	76.2	143.4	1318	OK
1485	     0	73.3	136.0	1320	OK
1486	     0	75.4	143.1	1296	OK
1487	     0	74.8	138.1	1277	OK
1488	     0	73.0	134.1	1326	OK
1489	     0	75.1	139.5	1310	OK
1490	     0	76.6	142.9	1300	OK
1491	     0	71.9	134.4	1285	OK
1492	     0	75.7	139.7	1291	OK
1493	     0	74.1	136.7	1303	OK
1494	     0	77.6	162.0	1307	OK
1495	     0	73.7	136.2	1286	OK
1496	     0	76.9	142.0	1302	OK
1497	     0	76.5	138.3	1289	OK
1498	     0	75.8	140.5	1303	OK
1499	     0	75.1	143.8	1284	OK
1500	     0	76.2	143.0	1325	OK
1501	     0	75.9	141.8	1316	OK
1502	     0	75.9	143.7	1297	OK
1503	     0	75.5	144.9	1311	OK
1504	     0	76.3	141.8	1294	OK
1505	     0	74.9	139.0	1294	OK
1506	     0	74.9	147.3	1328	OK
1507	     0	75.7	140.8	1318	OK
1508	     0	76.6	143.9	1312	OK
1509	     0	75.7	145.9	1285	OK
1510	     0	76.0	142.8	1299	OK
1511	     0	75.4	137.8	1303	OK
1512	     0	75.0	139.4	1322	OK
1513	     0	74.2	140.6	1307	OK
1514	     0	75.6	138.2	1322	OK
1515	     0	73.7	136.3	1294	OK
1516	     0	77.3	141.1	1303	OK
1517	     0	74.0	139.0	1275	OK
1518	     0	74.7	137.4	1325	OK
1519	     0	74.0	135.1	1313	OK
1520	     0	75.8	141.2	1277	OK
1521	     0	75.5	140.8	1325	OK
1522	     0	72.6	129.8	1304	OK
1523	     0	76.6	145.0	1309	OK
1524	     0	75.8	137.6	1295	OK
1525	     0	76.0	143.6	1293	OK
1526	     0	75.7	146.3	1291	OK
1527	     0	75.2	143.0	1295	OK
1528	     0	77.4	146.6	1250	OK
1529	     0	75.1	140.6	1287	OK
1530	     0	74.3	136.9	1312	OK
1531	     0	75.9	143.1	1293	OK
1532	     0	75.7	155.3	1302	OK
1533	     0	77.1	145.2	1280	OK
1534	     0	77.4	144.0	1299	OK
1535	     0	77.3	140.9	1297	OK
1536	     0	73.8	136.4	1338	OK
1537	     0	75.4	140.9	1352	OK
1538	     0	76.2	142.6	1357	OK
1539	     0	74.4	136.4	1344	OK
1540	     0	77.3	142.6	1363	OK
1541	     0	75.0	137.9	1366	OK
1542	     0	74.9	134.1	1400	OK
1543	     0	76.0	139.6	1339	OK
1544	     0	73.2	136.0	1329	OK
1545	     0	76.3	141.6	1377	OK
1546	     0	75.3	130.9	1363	OK
1547	     0	74.9	140.1	1360	OK
1548	     0	77.6	143.0	1329	OK
1549	     0	76.6	148.4	1328	OK
1550	     0	73.7	135.5	1359	OK
1551	     0	75.4	138.9	1342	OK
1552	     0	75.8	139.0	1331	OK
1553	     0	73.8	141.0	1339	OK
1554	     0	74.7	138.5	1367	OK
1555	     0	77.0	145.5	1342	OK
1556	     0	74.4	135.3	1361	OK
1557	     0	73.6	140.1	1339	OK
1558	     0	73.5	137.6	1357	OK
1559	     0	75.2	139.8	1337	OK
1560	     0	74.1	136.4	1356	OK
1561	     0	76.0	139.9	1342	OK
1562	     0	73.9	137.1	1346	OK
1563	     0	74.4	136.8	1351	OK
1564	     0	73.2	139.7	1373	OK
1565	     0	76.6	142.8	1339	OK
1566	     0	75.4	137.5	1358	OK
1567	     0	74.7	146.7	1358	OK
1568	     0	76.9	149.9	1326	OK
1569	     0	76.4	141.3	1338	OK
1570	     0	74.0	133.8	1368	OK
1571	     0	76.1	142.1	1366	OK
1572	     0	74.4	139.6	1367	OK
1573	     0	75.8	139.4	1364	OK
1574	     0	75.4	157.8	1347	OK
1575	     0	75.6	139.1	1323	OK
1576	     0	72.8	133.4	1351	OK
1577	     0	75.3	140.5	1344	OK
1578	     0	76.0	154.9	1352	OK
1579	     0	73.5	134.4	1353	OK
1580	     0	74.3	138.3	1355	OK
1581	     0	74.3	138.4	1335	OK
1582	     0	76.7	140.1	1377	OK
1583	     0	73.8	137.8	1338	OK
1584	     0	75.0	143.0	1354	OK
1585	     0	74.1	142.1	1342	OK
1586	     0	75.2	137.3	1381	OK
1587	     0	75.8	145.3	1347	OK
1588	     0	74.3	140.4	1347	OK
1589	     0	75.2	129.6	1378	OK
1590	     0	76.1	142.0	1353	OK
1591	     0	74.1	136.4	1365	OK
1592	     0	75.5	138.9	1376	OK
1593	     0	77.4	144.7	1369	OK
1594	     0	74.4	138.9	1373	OK
1595	     0	76.1	139.8	1338	OK
1596	     0	75.7	138.7	1379	OK
1597	     0	74.7	136.6	1374	OK
1598	     0	75.0	139.4	1347	OK
1599	     0	76.2	143.4	1356	OK
1600	     0	73.5	137.0	1353	OK
1601	     0	73.3	138.6	1340	OK
1602	     0	76.0	142.4	1388	OK
1603	     0	72.1	137.1	1358	OK
1604	     0	75.6	141.8	1337	OK
1605	     0	73.5	130.9	1373	OK
1606	     0	74.8	137.4	1352	OK
1607	     0	73.2	134.2	1340	OK
1608	     0	72.7	140.7	1343	OK
1609	     0	74.7	137.7	1351	OK
1610	     0	75.9	143.2	1347	OK
1611	     0	76.0	141.9	1343	OK
1612	     0	73.1	139.4	1347	OK
1613	     0	75.2	138.9	1351	OK
1614	     0	72.9	135.8	1347	OK
1615	     0	75.6	140.1	1342	OK
1616	     0	75.9	137.1	1356	OK
1617	     0	76.5	142.1	1354	OK
1618	     0	73.8	135.3	1353	OK
1619	     0	73.1	134.0	1362	OK
1620	     0	73.2	138.6	1332	OK
1621	     0	72.9	133.6	1349	OK
1622	     0	73.9	163.3	1340	OK
1623	     0	73.3	130.5	1354	OK
1624	     0	76.1	139.5	1347	OK
1625	     0	74.8	139.5	1352	OK
1626	     0	76.6	141.6	1347	OK
1627	     0	76.4	139.1	1343	OK
1628	     0	74.6	155.3	1355	OK
1629	     0	74.0	136.5	1346	OK
1630	     0	77.6	144.8	1353	OK
1631	     0	74.0	139.1	1329	OK
1632	     0	74.9	140.9	1341	OK
1633	     0	75.9	141.2	1354	OK
1634	     0	76.5	150.5	1333	OK
1635	     0	74.0	137.6	1345	OK
1636	     0	73.7	135.8	1354	OK
1637	     0	74.4	138.9	1342	OK
1638	     0	73.8	140.0	1348	OK
1639	     0	73.7	137.7	1352	OK
1640	     0	74.4	145.0	1343	OK
1641	     0	74.6	138.6	1331	OK
1642	     0	73.4	137.3	1351	OK
1643	     0	74.5	138.3	1335	OK
1644	     0	74.7	147.5	1352	OK
1645	     0	73.4	144.6	1349	OK
1646	     0	75.7	140.2	1373	OK
1647	     0	75.0	137.8	1361	OK
1648	     0	75.0	141.0	1344	OK
1649	     0	74.6	140.2	1328	OK
1650	     0	76.7	140.0	1340	OK
1651	     0	76.7	143.3	1363	OK
1652	     0	75.1	138.3	1355	OK
1653	     0	73.0	134.8	1376	OK
1654	     0	76.9	138.9	1384	OK
1655	     0	74.4	138.7	1340	OK
1656	     0	74.9	139.0	1369	OK
1657	     0	75.4	142.6	1359	OK
1658	     0	74.3	137.9	1342	OK
1659	     0	75.9	140.7	1344	OK
1660	     0	76.6	141.2	1351	OK
1661	     0	74.5	138.7	1371	OK
1662	     0	75.9	141.4	1352	OK
1663	     0	76.4	139.5	1377	OK
1664	     0	73.4	135.1	1373	OK
1665	     0	73.1	133.7	1383	OK
1666	     0	73.1	135.5	1359	OK
1667	     0	72.6	134.2	1369	OK
1668	     0	73.2	135.8	1349	OK
1669	     0	71.0	136.0	1333	OK
1670	     0	74.3	139.9	1385	OK
1671	     0	73.1	131.5	1364	OK
1672	     0	70.7	131.7	1345	OK
1673	     0	72.0	134.3	1356	OK
1674	     0	70.2	165.9	1383	OK
1675	     0	72.0	135.1	1334	OK
1676	     0	73.2	139.0	1367	OK
1677	     0	72.1	132.0	1357	OK
1678	     0	71.0	130.1	1372	OK
1679	     0	71.6	130.9	1379	OK
1680	     0	70.1	128.6	1395	OK
1681	     0	69.6	130.8	1352	OK
1682	     0	72.2	134.8	1368	OK
1683	     0	74.1	138.2	1358	OK
1684	     0	72.6	137.1	1360	OK
1685	     0	71.4	135.3	1359	OK
1686	     0	72.1	136.7	1349	OK
1687	     0	73.4	172.5	1387	OK
1688	     0	73.1	135.7	1375	OK
1689	     0	72.4	139.3	1363	OK
1690	     0	71.5	133.1	1379	OK
1691	     0	72.7	139.2	1334	OK
1692	     0	70.5	130.4	1380	OK
1693	     0	71.5	131.3	1356	OK
1694	     0	73.3	136.6	1376	OK
1695	     0	72.1	133.4	1370	OK
1696	     0	72.7	135.8	1373	OK
1697	     0	72.4	134.3	1375	OK
1698	     0	72.2	135.7	1369	OK
1699	     0	72.6	134.4	1379	OK
1700	     0	72.3	132.8	1380	OK
1701	     0	73.2	136.3	1405	OK
1702	     0	71.7	136.4	1379	OK
1703	     0	71.6	132.4	1387	OK
1704	     0	73.2	135.7	1365	OK
1705	     0	71.2	133.8	1366	OK
1706	     0	71.6	130.8	1380	OK
1707	     0	71.7	145.2	1363	OK
1708	     0	73.7	135.8	1404	OK
1709	     0	71.8	130.8	1377	OK
1710	     0	72.3	131.7	1408	OK
1711	     0	72.1	132.5	1391	OK
1712	     0	72.0	134.4	1375	OK
1713	     0	73.1	137.2	1391	OK
1714	     0	74.0	137.2	1382	OK
1715	     0	72.1	132.7	1383	OK
1716	     0	71.0	131.7	1401	OK
1717	     0	73.9	141.1	1357	OK
1718	     0	70.8	132.9	1391	OK
1719	     0	72.1	135.5	1382	OK
1720	     0	73.8	136.7	1387	OK
1721	     0	69.4	126.2	1409	OK
1722	     0	74.5	137.6	1388	OK
1723	     0	73.0	143.7	1384	OK
1724	     0	73.0	166.0	1401	OK
1725	     0	72.3	135.4	1389	OK
1726	     0	72.8	140.8	1367	OK
1727	     0	72.9	135.7	1386	OK
1728	     0	74.5	138.6	1361	OK
1729	     0	71.4	134.1	1363	OK
1730	     0	73.2	134.2	1371	OK
1731	     0	73.0	137.6	1383	OK
1732	     0	72.2	136.5	1378	OK
1733	     0	73.8	136.7	1367	OK
1734	     0	72.6	135.7	1384	OK
1735	     0	73.7	134.5	1383	OK
1736	     0	73.7	137.4	1368	OK
1737	     0	74.1	185.1	1401	OK
1738	     0	74.9	138.3	1374	OK
1739	     0	73.3	138.3	1382	OK
1740	     0	73.2	142.2	1350	OK
1741	     0	72.6	135.5	1363	OK
1742	     0	73.6	136.2	1372	OK
1743	     0	73.1	138.4	1388	OK
1744	     0	74.0	135.4	1369	OK
1745	     0	72.8	134.9	1380	OK
1746	     0	71.8	133.6	1405	OK
1747	     0	73.9	134.7	1382	OK
1748	     0	72.6	136.4	1396	OK
1749	     0	72.6	134.7	1367	OK
1750	     0	71.6	133.4	1390	OK
1751	     0	71.7	133.2	1374	OK
1752	     0	72.2	133.5	1350	OK
1753	     0	71.4	133.5	1388	OK
1754	     0	72.0	134.9	1379	OK
1755	     0	73.4	136.1	1374	OK
1756	     0	72.9	136.6	1391	OK
1757	     0	71.4	131.2	1376	OK
1758	     0	71.3	131.0	1376	OK
1759	     0	71.4	132.2	1389	OK
1760	     0	72.9	136.5	1356	OK
1761	     0	73.9	136.6	1392	OK
1762	     0	74.4	138.0	1374	OK
1763	     0	72.9	137.9	1378	OK
1764	     0	73.2	137.9	1374	OK
1765	     0	70.6	129.0	1366	OK
1766	     0	70.9	130.0	1393	OK
1767	     0	73.5	145.2	1353	OK
1768	     0	70.0	129.8	1386	OK
1769	     0	73.8	133.6	1377	OK
1770	     0	72.5	133.9	1382	OK
1771	     0	72.2	136.9	1365	OK
1772	     0	73.0	143.3	1361	OK
1773	     0	72.2	136.1	1394	OK
1774	     0	73.7	139.1	1367	OK
1775	     0	73.2	137.6	1370	OK
1776	     0	72.6	139.7	1376	OK
1777	     0	74.1	138.1	1373	OK
1778	     0	73.0	137.7	1378	OK
1779	     0	72.0	134.6	1384	OK
1780	     0	74.7	140.7	1374	OK
1781	     0	70.9	134.1	1376	OK
1782	     0	71.1	131.7	1403	OK
1783	     0	73.9	135.2	1378	OK
1784	     0	74.0	138.0	1366	OK
1785	     0	73.4	136.6	1367	OK
1786	     0	74.0	136.2	1377	OK
1787	     0	74.2	140.0	1397	OK
1788	     0	73.6	135.6	1374	OK
1789	     0	73.6	137.6	1376	OK
1790	     0	73.0	138.4	1390	OK
1791	     0	71.8	133.3	1360	OK
1792	     0	73.7	135.3	1412	OK
1793	     0	74.1	138.9	1378	OK
1794	     0	72.5	141.4	1380	OK
1795	     0	73.0	138.6	1387	OK
1796	     0	69.6	133.3	1389	OK
1797	     0	73.1	140.7	1364	OK
1798	     0	70.7	131.7	1404	OK
1799	     0	72.1	136.2	1383	OK
1800	     0	69.2	129.0	1393	OK
1801	     0	72.3	137.6	1383	OK
1802	     0	71.3	131.3	1414	OK
1803	     0	69.9	132.2	1367	OK
1804	     0	71.8	132.1	1396	OK
1805	     0	72.3	136.3	1390	OK
1806	     0	71.4	134.2	1402	OK
1807	     0	71.9	131.8	1405	OK
1808	     0	70.2	130.3	1392	OK
1809	     0	69.2	131.3	1384	OK
1810	     0	73.1	137.5	1419	OK
1811	     0	72.9	143.9	1366	OK
1812	     0	72.0	133.8	1413	OK
1813	     0	73.4	137.9	1410	OK
1814	     0	71.8	126.2	1419	OK
1815	     0	71.3	131.4	1371	OK
1816	     0	71.9	134.8	1405	OK
1817	     0	69.4	126.8	1415	OK
1818	     0	70.1	130.5	1411	OK
1819	     0	70.2	131.2	1430	OK
1820	     0	72.2	134.1	1398	OK
1821	     0	72.2	140.5	1420	OK
1822	     0	72.1	132.8	1396	OK
1823	     0	72.4	135.2	1409	OK
1824	     0	69.8	134.1	1421	OK
1825	     0	72.6	135.1	1423	OK
1826	     0	72.9	137.1	1408	OK
1827	     0	70.4	128.6	1410	OK
1828	     0	72.5	136.6	1408	OK
1829	     0	70.2	150.6	1394	OK
1830	     0	73.2	144.1	1404	OK
1831	     0	71.4	132.8	1432	OK
1832	     0	71.6	133.1	1432	OK
1833	     0	73.4	134.4	1430	OK
1834	     0	72.7	132.7	1430	OK
1835	     0	72.9	139.9	1421	OK
1836	     0	73.5	134.2	1451	OK
1837	     0	75.1	140.4	1432	OK
1838	     0	70.5	130.6	1447	OK
1839	     0	71.4	132.5	1431	OK
1840	     0	70.4	130.0	1462	OK
1841	     0	70.7	133.5	1431	OK
1842	     0	70.1	138.1	1416	OK
1843	     0	71.0	127.8	1448	OK
1844	     0	71.8	134.6	1423	OK
1845	     0	68.9	128.8	1418	OK
1846	     0	70.6	131.8	1419	OK
1847	     0	70.5	130.8	1449	OK
1848	     0	69.7	131.9	1429	OK
1849	     0	69.7	129.2	1445	OK
1850	     0	71.4	132.4	1444	OK
1851	     0	72.1	140.2	1428	OK
1852	     0	71.5	132.4	1421	OK
1853	     0	68.7	130.6	1429	OK
1854	     0	72.5	136.5	1430	OK
1855	     0	72.6	135.1	1446	OK
1856	     0	73.4	137.3	1449	OK
1857	     0	74.6	142.4	1453	OK
1858	     0	70.6	133.9	1444	OK
1859	     0	69.7	130.8	1465	OK
1860	     0	70.1	131.8	1473	OK
1861	     0	71.2	133.6	1431	OK
1862	     0	69.8	132.5	1479	OK
1863	     0	69.8	128.9	1464	OK
1864	     0	72.7	136.4	1470	OK
1865	     0	72.1	132.4	1473	OK
1866	     0	71.8	134.7	1476	OK
1867	     0	72.7	136.5	1465	OK
1868	     0	72.6	136.9	1488	OK
1869	     0	71.9	135.2	1459	OK
1870	     0	70.5	134.7	1468	OK
1871	     0	72.7	134.4	1463	OK
1872	     0	70.5	122.7	1508	OK
1873	     0	70.2	128.9	1472	OK
1874	     0	72.5	137.5	1476	OK
1875	     0	71.9	132.6	1488	OK
1876	     0	69.0	127.0	1487	OK
1877	     0	71.6	134.5	1469	OK
1878	     0	71.5	134.6	1461	OK
1879	     0	69.8	135.6	1479	OK
1880	     0	70.2	131.8	1469	OK
1881	     0	70.3	131.8	1509	OK
1882	     0	70.7	137.2	1476	OK
1883	     0	71.7	129.5	1489	OK
1884	     0	72.5	134.9	1491	OK
1885	     0	70.4	129.9	1503	OK
1886	     0	71.6	129.9	1486	OK
1887	     0	70.5	133.0	1461	OK
1888	     0	70.2	131.7	1494	OK
1889	     0	69.9	134.9	1482	OK
1890	     0	68.8	135.0	1463	OK
1891	     0	71.7	131.2	1512	OK
1892	     0	72.0	136.9	1459	OK
1893	     0	72.0	131.4	1508	OK
1894	     0	68.9	124.6	1505	OK
1895	     0	71.7	133.7	1468	OK
1896	 80000	66.5	97.2	1893	very high noise
1897	     0	72.6	134.0	1486	OK
1898	     0	69.8	128.8	1473	OK
1899	 80000	67.2	90.7	2036	very high noise
1900	     0	70.0	129.9	1510	OK
1901	     0	70.0	130.9	1501	OK
1902	     0	70.3	130.6	1501	OK
1903	     0	72.1	135.6	1485	OK
1904	     0	71.9	130.2	1496	OK
1905	     0	68.6	126.6	1495	OK
1906	     0	72.6	132.2	1520	OK
1907	     0	71.3	134.0	1491	OK
1908	     0	69.8	131.7	1505	OK
1909	     0	70.1	131.3	1485	OK
1910	     0	73.9	140.0	1504	OK
1911	     0	71.5	131.2	1507	OK
1912	     0	72.6	135.0	1496	OK
1913	     0	73.7	140.2	1489	OK
1914	     0	70.1	131.5	1501	OK
1915	     0	70.8	130.0	1479	OK
1916	     0	73.2	132.6	1506	OK
1917	     0	73.4	135.3	1507	OK
1918	  4000	73.7	139.4	1531	high noise
1919	     0	73.7	137.8	1514	OK
1920	     0	71.0	128.8	1594	OK
1921	     0	74.9	146.2	1528	OK
1922	     0	70.8	136.2	1544	OK
1923	     0	70.9	131.9	1567	OK
1924	     0	71.4	135.4	1574	OK
1925	     0	72.4	135.9	1557	OK
1926	     0	69.1	131.0	1566	OK
1927	     0	69.9	129.9	1590	OK
1928	     0	69.8	131.8	1581	OK
1929	     0	68.2	129.0	1580	OK
1930	     0	71.0	130.3	1558	OK
1931	     0	69.9	128.2	1569	OK
1932	     0	70.9	138.3	1570	OK
1933	     0	70.7	133.1	1561	OK
1934	     0	72.2	137.8	1543	OK
1935	     0	69.4	129.7	1550	OK
1936	     0	70.0	136.2	1567	OK
1937	     0	72.2	135.0	1583	OK
1938	     0	72.1	134.5	1589	OK
1939	     0	71.8	137.5	1568	OK
1940	     0	73.6	134.3	1611	OK
1941	     0	71.6	130.8	1623	OK
1942	     0	69.4	134.4	1581	OK
1943	     0	69.1	128.4	1587	OK
1944	     0	71.2	132.4	1588	OK
1945	     0	70.2	129.6	1574	OK
1946	     0	72.1	132.9	1618	OK
1947	     0	70.6	131.8	1566	OK
1948	     0	70.2	134.9	1587	OK
1949	     0	70.1	130.2	1591	OK
1950	     0	68.4	124.2	1631	OK
1951	     0	69.1	129.8	1581	OK
1952	     0	70.3	131.5	1575	OK
1953	     0	70.9	133.3	1571	OK
1954	     0	70.9	140.3	1577	OK
1955	     0	70.1	134.9	1565	OK
1956	     0	69.5	129.7	1571	OK
1957	     0	71.7	132.8	1570	OK
1958	     0	69.6	131.9	1599	OK
1959	     0	72.5	153.5	1589	OK
1960	     0	69.7	132.0	1589	OK
1961	     0	69.0	129.0	1609	OK
1962	     0	68.4	120.9	1610	OK
1963	     0	70.2	135.0	1547	OK
1964	     0	69.3	129.7	1563	OK
1965	     0	69.3	129.1	1566	OK
1966	     0	72.7	133.7	1562	OK
1967	     0	70.2	140.3	1569	OK
1968	     0	69.6	129.2	1552	OK
1969	     0	72.9	133.5	1584	OK
1970	     0	72.5	136.1	1574	OK
1971	     0	71.1	133.1	1596	OK
1972	     0	70.9	131.7	1596	OK
1973	     0	69.6	126.9	1600	OK
1974	     0	70.2	134.8	1562	OK
1975	     0	70.0	130.7	1611	OK
1976	     0	69.0	126.4	1573	OK
1977	     0	70.6	130.3	1615	OK
1978	     0	70.8	131.2	1585	OK
1979	     0	69.1	125.9	1611	OK
1980	     0	70.7	127.2	1579	OK
1981	     0	69.7	126.7	1622	OK
1982	     0	70.5	131.8	1556	OK
1983	     0	72.3	133.7	1567	OK
1984	     0	71.9	135.7	1575	OK
1985	     0	73.0	138.7	1540	OK
1986	     0	71.3	133.5	1549	OK
1987	     0	70.5	131.0	1567	OK
1988	     0	72.8	134.8	1558	OK
1989	     0	70.3	133.6	1560	OK
1990	     0	72.2	143.4	1550	OK
1991	     0	71.3	129.8	1582	OK
1992	     0	73.1	126.2	1590	OK
1993	     0	69.5	132.1	1575	OK
1994	     0	73.2	141.6	1576	OK
1995	     0	70.4	134.5	1554	OK
1996	     0	68.4	118.1	1617	OK
1997	     0	71.9	136.1	1551	OK
1998	     0	72.4	156.7	1557	OK
1999	     0	72.1	141.1	1538	OK
2000	     0	70.4	133.3	1560	OK
2001	     0	69.3	127.1	1558	OK
2002	     0	71.9	133.9	1570	OK
2003	     0	69.7	130.3	1584	OK
2004	     0	69.6	129.8	1552	OK
2005	     0	72.2	133.6	1567	OK
2006	     0	71.0	131.9	1546	OK
2007	     0	71.6	175.8	1582	OK
2008	  4000	69.9	114.9	1674	high noise
2009	     0	71.6	132.8	1569	OK
2010	     0	71.1	123.5	1601	OK
2011	     0	71.4	137.1	1555	OK
2012	     0	72.3	135.8	1592	OK
2013	     0	72.1	138.4	1593	OK
2014	     0	72.0	139.2	1541	OK
2015	     0	69.9	129.0	1581	OK
2016	     0	69.6	127.7	1595	OK
2017	     0	70.7	131.1	1568	OK
2018	     0	70.1	129.7	1577	OK
2019	     0	69.7	129.4	1580	OK
2020	     0	73.0	135.9	1592	OK
2021	     0	72.6	139.3	1572	OK
2022	     0	72.6	142.1	1571	OK
2023	     0	71.5	132.4	1578	OK
2024	     0	70.4	132.0	1605	OK
2025	     0	71.6	140.1	1576	OK
2026	     0	72.9	131.3	1592	OK
2027	     0	71.0	134.9	1571	OK
2028	     0	70.1	127.7	1605	OK
2029	     0	72.8	142.0	1585	OK
2030	     0	72.9	135.8	1590	OK
2031	     0	72.0	143.1	1539	OK
2032	     0	73.9	136.6	1579	OK
2033	     0	73.3	143.9	1598	OK
2034	     0	73.4	138.9	1591	OK
2035	     0	71.7	125.3	1633	OK
2036	     0	73.2	135.5	1551	OK
2037	     0	72.8	134.3	1578	OK
2038	     0	70.4	131.0	1594	OK
2039	     0	72.7	134.0	1592	OK
2040	     0	74.1	163.5	1584	OK
2041	     0	72.8	129.5	1599	OK
2042	     0	73.3	136.4	1571	OK
2043	     0	71.7	134.2	1592	OK
2044	     0	73.6	135.9	1590	OK
2045	     0	71.8	131.4	1573	OK
2046	     0	72.0	133.2	1587	OK
2047	     0	72.7	133.5	1599	OK
2048	     0	74.3	137.4	1551	OK
2049	     0	71.2	132.9	1560	OK
2050	     0	75.0	135.2	1576	OK
2051	     0	73.6	133.8	1554	OK
2052	     0	72.9	133.0	1576	OK
2053	     0	72.9	136.6	1559	OK
2054	     0	72.6	166.7	1571	OK
2055	  4000	72.9	114.2	1697	high noise
2056	     0	75.3	160.2	1557	OK
2057	     0	73.9	136.2	1567	OK
2058	     0	74.9	138.9	1562	OK
2059	     0	72.5	136.3	1555	OK
2060	     0	73.0	135.9	1530	OK
2061	     0	73.7	137.1	1547	OK
2062	     0	74.6	135.7	1568	OK
2063	     0	74.4	134.4	1561	OK
2064	     0	73.9	136.7	1554	OK
2065	     0	75.2	138.5	1569	OK
2066	     0	73.0	135.3	1570	OK
2067	     0	72.3	135.2	1547	OK
2068	     0	72.6	132.3	1577	OK
2069	     0	71.3	130.8	1576	OK
2070	     0	71.1	133.3	1560	OK
2071	     0	74.5	134.8	1569	OK
2072	     0	74.0	136.0	1556	OK
2073	     0	74.0	137.3	1541	OK
2074	     0	73.9	149.3	1554	OK
2075	     0	72.5	132.3	1570	OK
2076	     0	73.5	128.3	1577	OK
2077	     0	75.0	144.0	1540	OK
2078	     0	73.6	144.4	1552	OK
2079	     0	74.4	138.0	1549	OK
2080	     0	72.6	132.7	1563	OK
2081	     0	75.7	139.6	1561	OK
2082	     0	71.7	129.2	1567	OK
2083	     0	72.0	131.5	1541	OK
2084	     0	73.1	134.6	1582	OK
2085	     0	73.3	135.6	1591	OK
2086	     0	71.6	136.5	1552	OK
2087	     0	70.7	127.0	1599	OK
2088	     0	73.7	135.7	1580	OK
2089	     0	75.5	142.9	1573	OK
2090	     0	74.0	135.0	1573	OK
2091	     0	71.8	133.5	1582	OK
2092	     0	73.0	138.9	1562	OK
2093	 80000	68.8	97.6	2101	very high noise
2094	     0	73.0	134.5	1592	OK
2095	     0	72.7	136.1	1549	OK
2096	     0	73.2	137.1	1571	OK
2097	     0	75.9	140.0	1571	OK
2098	     0	73.0	137.2	1551	OK
2099	     0	73.7	138.4	1554	OK
2100	 80000	70.9	112.9	1749	very high noise
2101	     0	72.0	132.5	1595	OK
2102	     0	76.3	141.1	1581	OK
2103	     0	71.5	184.2	1628	OK
2104	     0	69.8	130.2	1596	OK
2105	     0	74.9	151.5	1568	OK
2106	     0	71.8	131.4	1599	OK
2107	     0	73.5	134.5	1553	OK
2108	     0	74.4	137.3	1572	OK
2109	     0	74.0	137.7	1558	OK
2110	     0	73.8	136.0	1571	OK
2111	     0	76.3	144.0	1545	OK
2112	     0	71.1	132.1	1593	OK
2113	     0	75.0	139.3	1564	OK
2114	     0	73.0	136.6	1577	OK
2115	     0	74.2	138.1	1582	OK
2116	     0	73.4	134.7	1549	OK
2117	     0	74.1	141.3	1575	OK
2118	     0	74.9	140.1	1576	OK
2119	     0	73.8	138.8	1568	OK
2120	     0	73.5	132.5	1599	OK
2121	     0	75.1	158.4	1582	OK
2122	     0	72.2	124.3	1631	OK
2123	     0	73.3	131.9	1579	OK
2124	     0	74.6	135.0	1584	OK
2125	     0	72.6	135.3	1546	OK
2126	     0	74.6	134.1	1585	OK
2127	     0	75.5	142.3	1557	OK
2128	     0	74.6	137.0	1567	OK
2129	     0	74.1	135.6	1587	OK
2130	     0	74.0	135.7	1603	OK
2131	     0	74.7	136.3	1557	OK
2132	     0	76.4	141.0	1559	OK
2133	     0	75.5	152.1	1565	OK
2134	     0	74.4	142.1	1551	OK
2135	     0	73.8	135.1	1558	OK
2136	     0	74.5	136.4	1558	OK
2137	     0	76.5	140.3	1557	OK
2138	     0	78.1	153.7	1557	OK
2139	     0	73.9	136.8	1575	OK
2140	     0	75.8	150.4	1553	OK
2141	     0	75.3	138.8	1578	OK
2142	     0	75.9	146.4	1560	OK
2143	     0	74.5	137.6	1555	OK
2144	     0	75.6	137.6	1596	OK
2145	     0	76.0	140.6	1546	OK
2146	     0	73.3	134.7	1555	OK
2147	     0	72.9	134.9	1584	OK
2148	     0	73.3	132.7	1534	OK
2149	     0	74.3	139.6	1566	OK
2150	     0	74.5	134.7	1574	OK
2151	     0	73.2	135.3	1568	OK
2152	  4000	72.1	120.1	1652	high noise
2153	     0	73.5	131.6	1568	OK
2154	     0	74.5	159.0	1559	OK
2155	     0	73.0	136.7	1569	OK
2156	     0	73.6	136.3	1562	OK
2157	     0	73.4	138.2	1572	OK
2158	     0	73.4	141.7	1571	OK
2159	     0	73.1	129.4	1603	OK
2160	     0	75.5	140.4	1603	OK
2161	     0	72.3	131.5	1594	OK
2162	     0	72.4	131.6	1584	OK
2163	     0	72.3	138.5	1588	OK
2164	     0	74.6	137.4	1581	OK
2165	     0	74.5	137.2	1590	OK
2166	     0	72.0	134.7	1579	OK
2167	     0	74.9	129.2	1602	OK
2168	     0	73.5	136.5	1555	OK
2169	     0	75.4	137.6	1592	OK
2170	     0	74.3	135.8	1585	OK
2171	     0	74.4	136.9	1596	OK
2172	  4000	72.9	122.6	1676	high noise
2173	     0	77.2	143.7	1580	OK
2174	     0	75.8	134.3	1609	OK
2175	     0	73.9	134.8	1575	OK
2176	     0	69.9	126.0	1680	OK
2177	     0	71.8	138.9	1647	OK
2178	     0	70.6	127.5	1636	OK
2179	     0	69.7	128.4	1684	OK
2180	 80000	68.6	114.4	1768	very high noise
2181	     0	73.2	133.9	1622	OK
2182	     0	70.5	130.6	1661	OK
2183	     0	69.5	134.0	1648	OK
2184	     0	69.3	126.5	1677	OK
2185	     0	71.1	131.7	1617	OK
2186	     0	69.9	129.4	1647	OK
2187	     0	70.7	130.6	1628	OK
2188	     0	73.3	142.9	1649	OK
2189	     0	69.6	133.0	1615	OK
2190	     0	69.7	130.2	1667	OK
2191	     0	69.7	130.0	1643	OK
2192	     0	69.8	127.4	1670	OK
2193	     0	71.1	139.0	1636	OK
2194	     0	72.4	132.5	1682	OK
2195	     0	69.9	129.9	1653	OK
2196	     0	72.2	134.6	1638	OK
2197	     0	70.3	132.8	1648	OK
2198	     0	68.9	126.3	1680	OK
2199	     0	66.9	123.5	1642	OK
2200	     0	69.3	128.3	1675	OK
2201	     0	72.9	136.4	1640	OK
2202	     0	68.4	125.8	1679	OK
2203	     0	69.3	132.4	1629	OK
2204	     0	68.6	124.5	1695	OK
2205	     0	70.9	130.6	1651	OK
2206	     0	70.9	134.4	1652	OK
2207	     0	71.8	128.5	1664	OK
2208	     0	72.5	131.4	1665	OK
2209	 80000	71.7	127.7	1723	very high noise
2210	     0	67.8	123.8	1674	OK
2211	     0	70.6	129.4	1674	OK
2212	     0	68.6	138.0	1636	OK
2213	     0	72.1	133.6	1640	OK
2214	     0	72.2	132.8	1680	OK
2215	     0	69.8	129.7	1649	OK
2216	     0	70.5	134.8	1658	OK
2217	     0	70.4	130.5	1635	OK
2218	     0	69.4	133.9	1639	OK
2219	     0	69.5	131.0	1653	OK
2220	     0	70.0	134.0	1635	OK
2221	     0	72.9	132.2	1691	OK
2222	     0	69.8	126.5	1668	OK
2223	     0	68.1	125.5	1667	OK
2224	     0	72.7	135.6	1679	OK
2225	     0	69.1	126.3	1693	OK
2226	     0	69.5	125.7	1694	OK
2227	     0	72.0	134.6	1666	OK
2228	     0	72.6	134.3	1662	OK
2229	     0	72.2	139.4	1628	OK
2230	     0	72.8	131.2	1683	OK
2231	     0	71.6	132.1	1659	OK
2232	     0	70.0	130.9	1658	OK
2233	     0	68.1	124.0	1660	OK
2234	     0	72.0	133.5	1658	OK
2235	     0	68.6	128.8	1655	OK
2236	     0	70.4	129.0	1693	OK
2237	     0	71.2	132.4	1683	OK
2238	     0	72.5	138.9	1650	OK
2239	     0	69.9	126.1	1681	OK
2240	     0	70.6	130.4	1669	OK
2241	     0	71.2	122.3	1699	OK
2242	     0	69.8	135.3	1637	OK
2243	     0	67.9	125.9	1669	OK
2244	     0	69.3	128.2	1658	OK
2245	     0	69.8	129.4	1679	OK
2246	     0	72.3	132.1	1643	OK
2247	     0	71.2	156.6	1673	OK
2248	     0	70.1	129.7	1672	OK
2249	 80000	62.3	90.3	2427	very high noise
2250	 80000	69.2	123.5	1730	very high noise
2251	     0	71.1	129.2	1684	OK
2252	     0	70.9	141.8	1666	OK
2253	     0	71.3	133.0	1676	OK
2254	 80000	70.9	127.8	1705	very high noise
2255	     0	69.9	132.1	1652	OK
2256	 80000	69.7	131.3	1703	very high noise
2257	     0	68.9	127.3	1690	OK
2258	     0	69.4	136.5	1667	OK
2259	     0	70.3	130.8	1674	OK
2260	     0	68.8	123.5	1690	OK
2261	 80000	69.9	126.0	1703	very high noise
2262	     0	68.5	159.6	1674	OK
2263	     0	69.9	128.7	1691	OK
2264	 80000	67.4	88.8	2499	very high noise
2265	 80000	70.5	127.9	1704	very high noise
2266	     0	72.3	133.6	1681	OK
2267	     0	71.7	134.5	1683	OK
2268	     0	69.4	127.1	1680	OK
2269	 80000	71.1	129.6	1721	very high noise
2270	 80000	69.5	127.8	1715	very high noise
2271	 80000	69.0	124.7	1707	very high noise
2272	     0	70.8	134.5	1672	OK
2273	     0	70.8	130.6	1678	OK
2274	     0	70.8	135.5	1643	OK
2275	     0	71.1	141.3	1656	OK
2276	 80000	68.8	121.1	1720	very high noise
2277	 80000	71.6	131.8	1703	very high noise
2278	     0	71.7	134.2	1670	OK
2279	     0	71.7	133.3	1664	OK
2280	     0	70.0	132.6	1669	OK
2281	     0	70.1	130.4	1676	OK
2282	     0	68.6	128.4	1664	OK
2283	     0	66.8	123.7	1683	OK
2284	 80000	68.9	119.0	1776	very high noise
2285	 80000	67.4	123.9	1749	very high noise
2286	     0	70.1	129.9	1678	OK
2287	     0	70.5	129.1	1689	OK
2288	     0	69.0	126.7	1692	OK
2289	     0	70.1	129.6	1676	OK
2290	     0	68.9	126.1	1682	OK
2291	 80000	69.0	128.7	1707	very high noise
2292	     0	70.1	130.4	1679	OK
2293	 80000	67.3	110.9	1884	very high noise
2294	     0	68.6	127.6	1673	OK
2295	     0	71.0	131.2	1684	OK
2296	 80000	68.5	125.6	1712	very high noise
2297	     0	71.2	134.9	1657	OK
2298	     0	68.1	131.4	1649	OK
2299	     0	70.2	127.0	1683	OK
2300	 80000	69.4	151.9	1711	very high noise
2301	     0	71.7	136.1	1681	OK
2302	     0	68.8	125.7	1695	OK
2303	     0	68.8	127.1	1700	OK
2304	     0	75.4	139.6	1616	OK
2305	     0	78.9	150.6	1604	OK
2306	     0	74.0	142.4	1611	OK
2307	     0	70.1	122.3	1653	OK
2308	     0	73.5	137.4	1623	OK
2309	     0	75.1	138.8	1613	OK
2310	  4000	72.6	122.4	1672	high noise
2311	     0	76.1	155.0	1608	OK
2312	     0	73.6	138.7	1631	OK
2313	     0	77.3	145.3	1624	OK
2314	     0	74.5	133.9	1627	OK
2315	     0	73.9	136.1	1608	OK
2316	     0	74.8	142.2	1604	OK
2317	     0	71.7	134.7	1559	OK
2318	     0	76.2	134.5	1595	OK
2319	     0	75.2	155.5	1610	OK
2320	     0	75.4	151.0	1610	OK
2321	     0	75.2	148.3	1608	OK
2322	     0	75.1	136.9	1631	OK
2323	     0	72.8	135.0	1647	OK
2324	     0	75.4	141.5	1622	OK
2325	     0	75.9	139.1	1620	OK
2326	     0	74.5	137.1	1602	OK
2327	     0	73.5	132.5	1621	OK
2328	     0	75.1	141.5	1591	OK
2329	     0	72.9	143.3	1602	OK
2330	     0	75.8	147.4	1629	OK
2331	     0	75.1	138.2	1607	OK
2332	     0	74.1	137.2	1636	OK
2333	     0	75.6	139.0	1623	OK
2334	     0	73.5	136.6	1619	OK
2335	     0	73.6	174.5	1626	OK
2336	     0	73.2	130.6	1591	OK
2337	     0	72.8	135.3	1620	OK
2338	     0	75.0	141.3	1617	OK
2339	     0	74.6	137.2	1611	OK
2340	     0	76.0	152.9	1602	OK
2341	     0	74.5	140.3	1618	OK
2342	  4000	74.5	124.8	1673	high noise
2343	     0	72.6	133.3	1620	OK
2344	     0	74.6	139.8	1636	OK
2345	     0	73.4	137.5	1620	OK
2346	     0	76.7	142.6	1598	OK
2347	     0	71.8	130.8	1622	OK
2348	     0	73.0	134.7	1612	OK
2349	     0	73.5	139.1	1584	OK
2350	     0	73.5	139.1	1624	OK
2351	     0	75.3	137.0	1624	OK
2352	     0	74.0	137.9	1624	OK
2353	     0	73.3	161.3	1643	OK
2354	     0	73.9	133.9	1637	OK
2355	     0	75.2	143.4	1586	OK
2356	     0	73.7	134.5	1631	OK
2357	     0	75.5	165.5	1635	OK
2358	     0	72.8	132.7	1633	OK
2359	     0	75.9	151.7	1618	OK
2360	     0	75.0	136.4	1606	OK
2361	     0	74.3	136.9	1622	OK
2362	     0	72.8	156.2	1612	OK
2363	     0	72.9	133.7	1633	OK
2364	     0	77.6	140.9	1606	OK
2365	     0	75.8	140.1	1594	OK
2366	     0	73.6	131.2	1647	OK
2367	     0	76.0	143.9	1607	OK
2368	     0	72.7	134.4	1620	OK
2369	 80000	71.2	105.1	2003	very high noise
2370	     0	72.8	133.4	1604	OK
2371	     0	75.9	149.1	1596	OK
2372	     0	75.2	139.0	1615	OK
2373	     0	75.0	136.2	1604	OK
2374	     0	73.8	135.7	1595	OK
2375	     0	75.1	136.6	1604	OK
2376	     0	73.4	163.6	1626	OK
2377	     0	72.8	137.5	1610	OK
2378	     0	74.7	138.1	1615	OK
2379	     0	76.1	145.7	1601	OK
2380	     0	74.9	142.8	1598	OK
2381	     0	75.7	141.8	1612	OK
2382	     0	73.5	136.6	1609	OK
2383	     0	75.4	139.7	1640	OK
2384	     0	73.1	129.0	1619	OK
2385	     0	75.5	139.3	1602	OK
2386	     0	74.1	136.6	1635	OK
2387	     0	74.6	142.1	1597	OK
2388	     0	74.6	138.0	1608	OK
2389	     0	75.3	140.8	1624	OK
2390	     0	76.4	139.3	1598	OK
2391	     0	75.4	139.0	1593	OK
2392	     0	74.1	136.1	1614	OK
2393	     0	76.2	140.8	1593	OK
2394	     0	75.5	140.9	1623	OK
2395	     0	75.4	139.5	1610	OK
2396	     0	73.7	133.8	1616	OK
2397	     0	75.4	138.7	1618	OK
2398	     0	75.6	139.6	1610	OK
2399	     0	76.4	139.1	1570	OK
2400	     0	75.4	142.2	1614	OK
2401	     0	76.0	150.4	1607	OK
2402	     0	73.9	135.5	1619	OK
2403	     0	73.2	138.6	1600	OK
2404	     0	75.6	141.1	1614	OK
2405	     0	75.0	138.4	1599	OK
2406	     0	74.3	140.0	1589	OK
2407	     0	76.8	147.1	1592	OK
2408	     0	75.9	141.3	1604	OK
2409	     0	76.9	145.3	1581	OK
2410	     0	75.3	138.3	1613	OK
2411	     0	74.7	135.8	1597	OK
2412	     0	74.4	136.0	1610	OK
2413	     0	75.6	139.9	1606	OK
2414	     0	76.0	139.6	1611	OK
2415	     0	71.5	130.7	1637	OK
2416	     0	74.4	137.3	1610	OK
2417	     0	77.4	141.6	1584	OK
2418	     0	74.1	171.9	1619	OK
2419	     0	76.4	162.6	1602	OK
2420	     0	76.0	140.7	1601	OK
2421	     0	75.1	164.8	1625	OK
2422	     0	73.6	135.4	1617	OK
2423	     0	73.8	136.3	1597	OK
2424	     0	74.1	136.3	1610	OK
2425	     0	76.9	134.5	1622	OK
2426	     0	75.3	135.3	1602	OK
2427	     0	76.0	140.8	1598	OK
2428	 80000	74.1	110.3	1849	very high noise
2429	     0	74.2	136.9	1617	OK
2430	     0	74.4	139.8	1617	OK
2431	     0	75.6	141.6	1603	OK
2432	     0	75.2	146.0	1671	OK
2433	     0	76.0	144.1	1660	OK
2434	     0	77.0	150.4	1661	OK
2435	     0	75.9	143.8	1652	OK
2436	 80000	74.6	134.6	1701	very high noise
2437	     0	76.4	144.9	1646	OK
2438	     0	74.8	158.4	1636	OK
2439	     0	75.2	135.4	1677	OK
2440	     0	71.8	130.4	1674	OK
2441	     0	74.1	137.6	1649	OK
2442	     0	75.6	139.5	1668	OK
2443	     0	74.9	139.6	1659	OK
2444	     0	75.7	142.0	1656	OK
2445	     0	74.4	137.6	1629	OK
2446	     0	74.5	138.1	1664	OK
2447	     0	74.3	137.4	1660	OK
2448	     0	72.1	130.8	1696	OK
2449	     0	73.0	134.1	1633	OK
2450	     0	74.4	135.9	1685	OK
2451	     0	73.8	139.8	1646	OK
2452	     0	75.7	137.5	1657	OK
2453	     0	75.1	142.4	1679	OK
2454	     0	72.0	131.7	1641	OK
2455	 80000	73.2	120.0	1781	very high noise
2456	     0	71.8	132.6	1666	OK
2457	     0	73.4	138.5	1672	OK
2458	     0	75.3	160.5	1643	OK
2459	     0	72.1	133.2	1678	OK
2460	     0	72.4	130.9	1684	OK
2461	     0	72.2	134.8	1664	OK
2462	     0	73.7	136.0	1681	OK
2463	     0	73.1	136.6	1646	OK
2464	     0	72.2	133.8	1669	OK
2465	     0	72.4	134.8	1660	OK
2466	     0	71.6	130.7	1689	OK
2467	     0	73.0	136.2	1662	OK
2468	     0	74.4	138.3	1672	OK
2469	     0	72.9	134.4	1635	OK
2470	     0	73.5	134.3	1673	OK
2471	     0	74.1	152.7	1670	OK
2472	     0	73.4	139.2	1662	OK
2473	     0	75.5	141.5	1650	OK
2474	     0	73.5	135.9	1667	OK
2475	     0	75.0	139.5	1683	OK
2476	 80000	71.2	112.1	1897	very high noise
2477	     0	73.8	137.1	1674	OK
2478	     0	76.3	161.3	1664	OK
2479	     0	75.2	154.6	1660	OK
2480	 80000	73.8	136.5	1702	very high noise
2481	     0	76.3	152.1	1664	OK
2482	     0	74.5	147.3	1663	OK
2483	     0	74.2	136.0	1648	OK
2484	     0	73.4	138.7	1655	OK
2485	     0	73.0	134.2	1650	OK
2486	     0	74.6	139.6	1656	OK
2487	     0	72.2	135.3	1659	OK
2488	     0	74.9	139.7	1644	OK
2489	     0	73.6	135.8	1678	OK
2490	     0	72.2	136.8	1665	OK
2491	     0	69.6	129.6	1676	OK
2492	     0	73.2	139.3	1691	OK
2493	     0	75.1	139.7	1682	OK
2494	     0	73.9	135.6	1667	OK
2495	     0	73.3	133.8	1637	OK
2496	     0	71.8	134.6	1683	OK
2497	     0	74.2	138.1	1679	OK
2498	     0	71.5	132.9	1677	OK
2499	     0	74.5	136.8	1653	OK
2500	     0	74.7	154.5	1679	OK
2501	     0	74.4	136.5	1639	OK
2502	     0	76.0	145.3	1662	OK
2503	     0	74.9	139.3	1660	OK
2504	     0	73.2	144.5	1640	OK
2505	     0	73.1	132.7	1675	OK
2506	     0	73.0	133.2	1669	OK
2507	     0	71.8	138.3	1659	OK
2508	     0	72.6	133.5	1668	OK
2509	     0	73.5	136.3	1679	OK
2510	     0	72.4	128.0	1694	OK
2511	     0	73.5	133.5	1675	OK
2512	     0	73.5	134.5	1667	OK
2513	     0	73.3	145.4	1635	OK
2514	 80000	74.0	124.8	1747	very high noise
2515	     0	73.5	147.3	1642	OK
2516	     0	71.6	130.9	1643	OK
2517	     0	72.6	172.6	1682	OK
2518	     0	73.7	137.6	1632	OK
2519	     0	73.7	140.5	1652	OK
2520	     0	73.3	142.2	1652	OK
2521	     0	74.8	141.6	1650	OK
2522	     0	75.0	137.5	1660	OK
2523	     0	75.4	136.4	1663	OK
2524	     0	71.7	138.6	1627	OK
2525	     0	74.4	135.0	1646	OK
2526	     0	73.7	144.1	1656	OK
2527	     0	72.8	135.5	1654	OK
2528	     0	76.4	148.4	1669	OK
2529	     0	73.4	133.1	1665	OK
2530	     0	75.2	138.8	1670	OK
2531	     0	72.4	130.5	1650	OK
2532	     0	74.4	141.9	1648	OK
2533	     0	72.0	131.9	1686	OK
2534	     0	74.1	161.1	1622	OK
2535	     0	70.6	131.3	1652	OK
2536	     0	73.5	135.1	1657	OK
2537	     0	71.4	152.5	1657	OK
2538	     0	74.4	138.3	1647	OK
2539	     0	75.6	144.4	1642	OK
2540	     0	73.8	136.4	1641	OK
2541	     0	74.9	146.2	1613	OK
2542	     0	72.8	135.1	1647	OK
2543	     0	73.4	136.2	1652	OK
2544	     0	74.2	137.4	1658	OK
2545	     0	76.0	141.6	1622	OK
2546	     0	71.9	135.8	1619	OK
2547	     0	74.0	136.8	1590	OK
2548	     0	75.8	140.1	1638	OK
2549	     0	73.4	136.1	1646	OK
2550	     0	74.9	144.6	1658	OK
2551	     0	76.0	141.2	1639	OK
2552	     0	72.3	139.6	1610	OK
2553	     0	73.8	129.0	1676	OK
2554	     0	73.3	135.0	1642	OK
2555	 80000	72.4	181.9	1702	very high noise
2556	     0	71.6	132.1	1625	OK
2557	     0	75.8	144.4	1617	OK
2558	     0	75.3	136.6	1638	OK
2559	   200	80.6	139.9	1586	high gain
