#chan	code	gain	vt50	innse	comment
   0	   200	80.7	67.5	 824	high gain
   1	     0	72.0	68.4	 834	OK
   2	     0	72.1	47.5	 856	OK
   3	     0	78.2	77.9	 820	OK
   4	     0	75.6	74.7	 831	OK
   5	 20000	211.3	31.0	 318	very high gain
   6	     0	74.7	64.7	 803	OK
   7	     0	72.0	67.7	 773	OK
   8	     0	77.1	77.8	 732	OK
   9	     0	72.4	65.2	 763	OK
  10	     0	70.3	71.3	 852	OK
  11	     0	74.2	69.8	 830	OK
  12	     0	74.3	55.7	 897	OK
  13	     0	75.8	59.3	 825	OK
  14	     0	71.2	57.0	 909	OK
  15	     0	74.9	41.2	 797	OK
  16	     0	72.8	57.1	 897	OK
  17	     0	71.5	84.1	 802	OK
  18	     0	72.9	79.6	 903	OK
  19	     0	73.2	85.0	 745	OK
  20	     0	74.5	61.3	 882	OK
  21	     0	76.0	64.4	 946	OK
  22	     0	74.4	77.3	 929	OK
  23	     0	74.5	57.1	 944	OK
  24	     0	75.4	74.3	 811	OK
  25	     0	75.5	81.0	 924	OK
  26	     0	73.9	76.0	 849	OK
  27	     0	74.6	71.3	 935	OK
  28	     0	70.1	70.6	 873	OK
  29	     0	71.9	58.3	 780	OK
  30	     0	71.7	57.5	 779	OK
  31	     0	74.6	83.2	 819	OK
  32	     0	72.0	59.9	 945	OK
  33	     0	69.8	85.5	 893	OK
  34	     0	75.5	57.1	 894	OK
  35	     0	73.1	69.3	 937	OK
  36	     0	72.4	54.1	 926	OK
  37	     0	71.4	64.0	 894	OK
  38	 20000	156.9	29.1	 457	very high gain
  39	     0	74.1	68.9	 837	OK
  40	     0	78.7	55.8	 855	OK
  41	     0	72.1	91.8	 929	OK
  42	     0	73.9	69.3	 958	OK
  43	     0	71.5	58.7	 937	OK
  44	     0	71.6	61.2	 854	OK
  45	     0	73.5	72.5	 781	OK
  46	     0	72.4	59.3	 773	OK
  47	     0	72.6	43.8	 964	OK
  48	     0	71.6	63.5	 884	OK
  49	     0	71.1	43.8	 922	OK
  50	     0	76.6	38.3	 932	OK
  51	     0	72.5	67.4	 920	OK
  52	     0	71.7	71.5	 876	OK
  53	     0	76.2	50.4	 936	OK
  54	     0	73.9	57.8	 820	OK
  55	  4000	72.1	96.1	1032	high noise
  56	     0	70.3	75.3	 923	OK
  57	     0	73.8	63.6	 924	OK
  58	     0	70.2	69.9	 960	OK
  59	     0	69.7	51.5	 954	OK
  60	     0	74.4	60.5	 932	OK
  61	  4000	69.8	57.1	1025	high noise
  62	  4000	71.0	74.7	1068	high noise
  63	     0	71.5	50.0	 963	OK
  64	  4000	73.2	66.6	1021	high noise
  65	     0	73.8	64.3	 867	OK
  66	     0	74.5	81.8	 887	OK
  67	     0	72.6	56.1	 936	OK
  68	     0	71.9	60.5	 985	OK
  69	     0	69.5	73.1	 990	OK
  70	     0	72.5	72.0	 964	OK
  71	     0	72.0	63.1	 820	OK
  72	     0	71.5	77.4	 959	OK
  73	     0	70.9	77.6	 958	OK
  74	     0	73.7	54.8	 868	OK
  75	     0	71.4	56.8	 952	OK
  76	     0	70.9	83.2	 846	OK
  77	     0	68.9	61.0	 871	OK
  78	     0	71.8	54.8	 934	OK
  79	     0	73.3	55.4	 878	OK
  80	     0	70.7	72.6	 934	OK
  81	     0	70.3	63.5	 922	OK
  82	     0	66.7	48.2	 884	OK
  83	     0	73.3	61.4	 938	OK
  84	     0	70.0	44.3	 975	OK
  85	     0	71.2	48.3	 951	OK
  86	     0	72.8	37.0	 938	OK
  87	  4000	72.1	65.3	1049	high noise
  88	     0	74.5	77.8	 838	OK
  89	     0	70.2	64.4	 902	OK
  90	     0	68.9	68.2	 967	OK
  91	     0	73.3	53.6	 954	OK
  92	     0	71.7	57.9	 811	OK
  93	     0	71.4	74.5	 799	OK
  94	     0	72.1	68.3	 901	OK
  95	     0	71.9	58.1	 901	OK
  96	     0	70.7	65.7	 845	OK
  97	     0	67.9	65.7	 895	OK
  98	     0	69.0	48.6	 857	OK
  99	  4000	71.8	51.0	1055	high noise
 100	     0	71.4	45.6	 995	OK
 101	     0	73.6	67.1	 899	OK
 102	     0	75.1	37.0	 911	OK
 103	     0	72.3	70.0	 942	OK
 104	     0	73.2	80.6	 860	OK
 105	     0	76.4	60.5	 976	OK
 106	     0	75.4	69.4	 961	OK
 107	     0	71.9	85.1	 962	OK
 108	  4000	73.7	50.1	1038	high noise
 109	     0	69.7	58.2	 874	OK
 110	     0	73.6	67.1	 843	OK
 111	     0	66.6	43.1	 900	OK
 112	     0	69.8	48.9	 974	OK
 113	     0	68.6	77.2	1010	OK
 114	     0	70.9	86.4	 959	OK
 115	     0	69.3	86.9	 927	OK
 116	     0	73.3	66.2	 939	OK
 117	     0	73.3	81.4	 832	OK
 118	     0	71.5	54.6	 904	OK
 119	     0	72.0	57.6	 885	OK
 120	     0	72.8	89.7	 794	OK
 121	     0	72.8	73.4	1005	OK
 122	     0	73.6	68.6	 985	OK
 123	     0	74.1	89.2	 906	OK
 124	     0	74.2	67.9	 855	OK
 125	     0	70.7	71.1	 791	OK
 126	     0	71.7	73.2	 906	OK
 127	     0	71.5	76.7	 957	OK
 128	     0	75.2	57.5	 905	OK
 129	     0	73.2	52.4	 985	OK
 130	  4000	68.2	40.8	1081	high noise
 131	     0	72.9	66.4	 818	OK
 132	     0	70.8	56.9	 989	OK
 133	     0	71.9	73.0	 893	OK
 134	  4000	70.3	76.7	1018	high noise
 135	     0	70.4	57.6	 963	OK
 136	     0	72.0	70.5	 943	OK
 137	     0	73.8	63.6	 892	OK
 138	     0	71.0	75.3	 959	OK
 139	     0	71.2	59.2	 909	OK
 140	     0	70.7	68.2	 911	OK
 141	  4000	70.4	58.0	1099	high noise
 142	     0	70.9	46.5	 931	OK
 143	     0	68.2	62.0	 955	OK
 144	     0	70.5	47.8	 925	OK
 145	     0	69.9	55.6	 990	OK
 146	     0	67.4	49.2	 868	OK
 147	     0	72.2	52.4	 845	OK
 148	     0	73.2	67.6	 880	OK
 149	     0	70.3	73.0	 813	OK
 150	     0	70.5	69.8	 901	OK
 151	     0	74.2	53.3	 867	OK
 152	     0	66.6	59.4	 834	OK
 153	     0	71.6	50.4	 842	OK
 154	     0	68.2	64.9	 765	OK
 155	     0	68.6	54.1	1000	OK
 156	     0	67.9	67.8	 864	OK
 157	     0	72.2	59.3	 984	OK
 158	     0	69.4	74.8	 955	OK
 159	     0	71.7	66.9	 994	OK
 160	     0	67.4	54.4	 880	OK
 161	     0	68.1	60.8	 944	OK
 162	     0	68.4	73.8	 976	OK
 163	     0	70.6	76.5	 986	OK
 164	     0	69.6	55.8	 891	OK
 165	  4000	66.2	46.4	1016	high noise
 166	     0	70.5	63.1	 852	OK
 167	     0	69.0	57.0	 884	OK
 168	  4000	73.5	74.7	1048	high noise
 169	     0	74.2	67.1	 914	OK
 170	     0	73.8	83.6	 938	OK
 171	     0	70.9	60.9	 977	OK
 172	     0	69.7	46.3	 914	OK
 173	  4000	69.1	72.7	1020	high noise
 174	     0	71.5	55.5	 974	OK
 175	     0	70.2	56.4	 926	OK
 176	     0	71.8	49.4	 871	OK
 177	     0	70.5	56.9	 914	OK
 178	     0	67.1	56.7	 905	OK
 179	     0	69.0	59.9	 865	OK
 180	     0	74.7	67.3	 744	OK
 181	     0	69.3	81.0	 836	OK
 182	     0	74.3	67.9	 953	OK
 183	     0	72.9	55.4	 918	OK
 184	     0	71.9	46.1	 961	OK
 185	     0	68.4	45.1	 893	OK
 186	     0	70.3	63.3	 867	OK
 187	  4000	74.4	52.0	1027	high noise
 188	     0	72.5	62.7	 986	OK
 189	     0	69.8	66.2	 850	OK
 190	  4000	72.7	55.8	1027	high noise
 191	     0	70.9	50.6	 929	OK
 192	     0	70.2	66.7	 924	OK
 193	     0	70.2	55.8	 857	OK
 194	     0	68.9	56.5	 927	OK
 195	     0	68.9	58.3	 922	OK
 196	     0	67.6	68.7	 840	OK
 197	     0	71.8	37.0	 903	OK
 198	  4000	70.3	63.2	1055	high noise
 199	     0	74.7	63.1	 861	OK
 200	     0	68.0	70.5	 869	OK
 201	     0	68.0	54.2	 787	OK
 202	  4000	71.0	52.3	1038	high noise
 203	     0	69.2	63.9	 886	OK
 204	     0	71.4	70.5	 783	OK
 205	     0	68.5	72.4	 841	OK
 206	     0	65.5	38.7	 969	OK
 207	     0	70.1	47.8	 819	OK
 208	     0	71.2	53.5	 917	OK
 209	     0	70.3	46.5	 929	OK
 210	     0	67.9	50.5	 979	OK
 211	     0	71.5	74.8	 919	OK
 212	     0	69.9	48.1	 968	OK
 213	     0	67.7	47.5	 866	OK
 214	  4000	69.0	44.8	1041	high noise
 215	     0	68.8	53.3	 903	OK
 216	     0	68.9	48.7	 880	OK
 217	     0	67.4	72.7	 963	OK
 218	     0	69.1	60.9	 887	OK
 219	  4000	68.3	67.8	1042	high noise
 220	     0	74.0	49.0	 861	OK
 221	     0	68.2	65.1	 946	OK
 222	 20000	196.4	35.8	 347	very high gain
 223	     0	67.3	66.7	 896	OK
 224	     0	70.4	62.6	 879	OK
 225	     0	68.0	60.8	 771	OK
 226	     0	66.3	47.4	 942	OK
 227	     0	69.0	57.9	 864	OK
 228	     0	68.5	59.7	 888	OK
 229	     0	73.3	65.0	 918	OK
 230	     0	70.8	61.9	 886	OK
 231	     0	69.4	67.3	 806	OK
 232	     0	70.8	65.9	 902	OK
 233	     0	74.0	43.5	 871	OK
 234	     0	69.7	59.7	 951	OK
 235	     0	70.9	63.3	 925	OK
 236	     0	68.0	56.2	 944	OK
 237	     0	68.1	50.5	 769	OK
 238	     0	67.5	44.0	 970	OK
 239	     0	71.7	69.1	 811	OK
 240	     0	69.6	59.5	 786	OK
 241	     0	70.0	56.8	 815	OK
 242	     0	70.4	41.6	 992	OK
 243	     0	70.5	63.1	 887	OK
 244	     0	70.2	69.3	 854	OK
 245	     0	67.7	73.1	 917	OK
 246	     0	69.5	65.5	 915	OK
 247	     0	68.2	53.8	 873	OK
 248	     0	68.7	65.0	 937	OK
 249	     0	73.8	73.3	 964	OK
 250	     0	74.4	66.6	 829	OK
 251	     0	70.0	62.9	 897	OK
 252	  4000	73.0	65.8	1015	high noise
 253	     0	71.0	70.2	 954	OK
 254	     0	72.1	68.2	 828	OK
 255	     0	69.0	65.2	 827	OK
 256	     0	70.1	77.3	1040	OK
 257	     0	68.8	64.7	 995	OK
 258	     0	71.4	57.3	1012	OK
 259	     0	70.0	68.6	 886	OK
 260	     0	70.8	60.2	 841	OK
 261	     0	71.7	62.8	 964	OK
 262	     0	69.7	54.5	 946	OK
 263	     0	70.9	48.8	 921	OK
 264	     0	71.4	58.2	 884	OK
 265	     0	69.8	58.0	1019	OK
 266	     0	72.9	56.8	 891	OK
 267	     0	67.2	52.4	 963	OK
 268	     0	69.4	48.4	 878	OK
 269	     0	67.3	74.2	 916	OK
 270	     0	68.6	70.8	1041	OK
 271	     0	67.2	54.8	 980	OK
 272	     0	68.1	57.0	 883	OK
 273	     0	70.0	34.8	 909	OK
 274	     0	69.7	71.2	 856	OK
 275	     0	67.4	38.0	 767	OK
 276	     0	67.5	48.4	1040	OK
 277	     0	68.6	51.9	 802	OK
 278	  4000	69.5	51.5	1101	high noise
 279	     0	69.9	54.6	 797	OK
 280	     0	66.3	49.9	 833	OK
 281	     0	68.0	57.8	 891	OK
 282	     0	70.3	58.7	 996	OK
 283	     0	66.7	79.6	 828	OK
 284	     0	69.7	56.4	 937	OK
 285	     0	68.6	62.5	 879	OK
 286	     0	70.6	64.1	1057	OK
 287	     0	69.1	48.3	 961	OK
 288	     0	70.5	37.3	 811	OK
 289	     0	70.1	68.1	 869	OK
 290	     0	68.5	58.9	 833	OK
 291	     0	68.7	47.6	 886	OK
 292	     0	68.6	46.9	 933	OK
 293	     0	67.0	56.5	 938	OK
 294	     0	69.5	56.2	1055	OK
 295	     0	68.8	67.0	 871	OK
 296	     0	69.1	50.7	 926	OK
 297	     0	68.0	63.1	 914	OK
 298	     0	69.5	56.4	 933	OK
 299	     0	66.8	54.4	 970	OK
 300	     0	65.8	51.1	 942	OK
 301	     0	67.8	60.0	 880	OK
 302	     0	68.7	58.4	 804	OK
 303	     0	69.0	63.8	 932	OK
 304	     0	71.2	72.6	 903	OK
 305	     0	67.5	54.2	 911	OK
 306	     0	67.9	32.7	 968	OK
 307	     0	69.2	49.1	1040	OK
 308	     0	69.2	65.9	 826	OK
 309	     0	69.8	55.7	 919	OK
 310	     0	67.4	59.6	 747	OK
 311	     0	70.1	50.3	 887	OK
 312	     0	68.4	68.8	 922	OK
 313	 60000	201.6	24.1	 299	very high gain
 314	     0	66.5	63.1	 847	OK
 315	     0	72.4	64.6	 832	OK
 316	     0	70.4	64.7	1002	OK
 317	     0	67.3	66.4	 918	OK
 318	     0	71.0	39.4	1058	OK
 319	     0	69.0	41.5	 925	OK
 320	     0	67.8	63.2	 960	OK
 321	     0	73.1	53.4	 984	OK
 322	     0	70.6	67.1	 985	OK
 323	     0	65.2	64.8	 965	OK
 324	     0	68.4	44.4	 951	OK
 325	  4000	67.3	38.9	1157	high noise
 326	     0	67.5	42.0	 935	OK
 327	     0	65.7	34.3	 947	OK
 328	     0	68.1	67.0	 967	OK
 329	     0	68.0	53.3	 978	OK
 330	 20000	199.4	29.1	 351	very high gain
 331	     0	64.4	54.0	 982	OK
 332	     0	67.8	65.4	 933	OK
 333	  4000	66.2	40.9	1075	high noise
 334	  4000	63.3	50.9	1091	high noise
 335	     0	67.2	58.8	 937	OK
 336	     0	66.3	57.4	 870	OK
 337	     0	62.9	57.8	 983	OK
 338	     0	68.2	62.2	 975	OK
 339	  4000	66.3	63.1	1087	high noise
 340	     0	67.5	52.3	 787	OK
 341	     0	66.0	48.2	1018	OK
 342	     0	69.6	64.5	 921	OK
 343	     0	70.4	54.9	 951	OK
 344	     0	68.6	62.3	 927	OK
 345	     0	66.7	62.6	 977	OK
 346	     0	69.8	55.0	 897	OK
 347	     0	70.2	48.4	 711	OK
 348	     0	64.9	48.2	 935	OK
 349	     0	66.3	38.1	 916	OK
 350	     0	70.3	65.0	 919	OK
 351	     0	68.7	71.5	1023	OK
 352	     0	65.1	54.2	 875	OK
 353	     0	66.3	67.1	 963	OK
 354	     0	66.3	65.2	 971	OK
 355	     0	67.0	49.7	1059	OK
 356	     0	62.0	52.0	 911	OK
 357	     0	65.7	69.3	 917	OK
 358	     0	69.6	64.1	 965	OK
 359	     0	65.8	51.0	 818	OK
 360	     0	64.9	60.7	 839	OK
 361	     0	67.0	47.8	 852	OK
 362	     0	65.4	48.7	1017	OK
 363	     0	65.2	54.2	1047	OK
 364	     0	69.7	64.5	 848	OK
 365	     0	67.0	58.8	 782	OK
 366	     0	63.5	65.2	 772	OK
 367	     0	67.0	54.5	1009	OK
 368	     0	68.0	69.5	 822	OK
 369	     0	66.2	45.6	 915	OK
 370	     0	70.6	63.1	 914	OK
 371	     0	69.5	52.7	 750	OK
 372	     0	70.8	69.7	 862	OK
 373	     0	65.5	47.7	 818	OK
 374	     0	67.1	59.8	 964	OK
 375	     0	68.8	61.9	 930	OK
 376	     0	69.2	69.3	1004	OK
 377	     0	66.6	69.5	 904	OK
 378	     0	70.4	57.0	 842	OK
 379	     0	65.7	46.9	 845	OK
 380	     0	65.1	63.3	 942	OK
 381	     0	69.1	55.5	 901	OK
 382	     0	69.2	59.7	 844	OK
 383	     0	68.2	53.5	 703	OK
 384	  4000	70.7	54.7	1048	high noise
 385	     0	76.9	73.7	 709	OK
 386	     0	76.4	56.3	 866	OK
 387	  4000	74.2	64.2	1090	high noise
 388	     0	74.4	58.3	 922	OK
 389	     0	71.5	52.7	 818	OK
 390	     0	74.0	75.4	 780	OK
 391	     0	72.6	68.8	 866	OK
 392	     0	73.6	43.2	 941	OK
 393	     0	71.9	62.8	 957	OK
 394	     0	72.4	52.4	 806	OK
 395	     0	75.6	69.7	 866	OK
 396	     0	70.6	57.1	 833	OK
 397	     0	71.6	61.0	 890	OK
 398	     0	73.9	63.9	 752	OK
 399	     0	69.3	55.3	 781	OK
 400	     0	74.8	63.1	 850	OK
 401	     0	70.3	40.0	 988	OK
 402	     0	73.3	67.7	 839	OK
 403	     0	71.2	81.7	 832	OK
 404	     0	74.1	59.4	 952	OK
 405	     0	72.9	46.8	1003	OK
 406	     0	69.9	66.0	1027	OK
 407	     0	73.7	58.8	 761	OK
 408	     0	70.6	65.3	 979	OK
 409	     0	72.7	70.1	 913	OK
 410	     0	70.4	56.7	 824	OK
 411	     0	74.4	65.7	 815	OK
 412	     0	73.6	36.6	 784	OK
 413	     0	73.7	70.2	 811	OK
 414	     0	73.8	51.2	 944	OK
 415	     0	72.8	42.0	 937	OK
 416	     0	72.6	39.9	 812	OK
 417	     0	71.2	52.9	 823	OK
 418	     0	77.0	62.6	 824	OK
 419	     0	71.6	78.2	 949	OK
 420	     0	71.5	53.0	 764	OK
 421	     0	73.9	74.0	 863	OK
 422	     0	73.0	76.6	 779	OK
 423	     0	70.1	32.4	 762	OK
 424	     0	70.1	70.5	 962	OK
 425	     0	72.2	68.4	 809	OK
 426	     0	70.8	70.0	 837	OK
 427	     0	71.5	48.1	 908	OK
 428	     0	74.1	49.3	 834	OK
 429	     0	73.7	60.1	 834	OK
 430	     0	72.9	72.7	 926	OK
 431	     0	72.8	53.4	 902	OK
 432	     0	70.4	75.0	 813	OK
 433	     0	74.2	65.3	 911	OK
 434	     0	71.6	47.5	1003	OK
 435	     0	77.4	76.2	 902	OK
 436	     0	71.4	50.9	 981	OK
 437	     0	73.4	68.7	 874	OK
 438	     0	69.2	56.5	 797	OK
 439	     0	78.1	63.8	 816	OK
 440	     0	72.2	55.0	 737	OK
 441	     0	69.3	54.2	 877	OK
 442	     0	72.3	65.6	 846	OK
 443	     0	77.5	73.2	 934	OK
 444	     0	67.9	52.1	 889	OK
 445	     0	72.4	56.8	 901	OK
 446	     0	77.1	75.8	 816	OK
 447	     0	72.8	60.0	 902	OK
 448	     0	72.1	68.7	 851	OK
 449	     0	70.7	67.6	 761	OK
 450	     0	73.9	53.2	 898	OK
 451	     0	71.7	59.2	 925	OK
 452	 20000	223.8	34.0	 350	very high gain
 453	  4000	70.1	49.4	1106	high noise
 454	     0	74.1	62.9	 932	OK
 455	     0	70.2	63.2	 952	OK
 456	     0	71.8	62.6	 826	OK
 457	     0	70.6	78.4	 843	OK
 458	     0	72.1	66.0	 886	OK
 459	     0	74.4	55.4	 803	OK
 460	     0	70.7	55.1	 997	OK
 461	     0	72.5	41.3	 790	OK
 462	     0	71.1	65.9	 935	OK
 463	     0	70.9	51.9	 880	OK
 464	     0	74.1	70.0	 830	OK
 465	     0	72.3	54.4	 959	OK
 466	     0	69.9	58.0	 876	OK
 467	     0	68.4	63.9	 945	OK
 468	     0	71.4	47.0	 933	OK
 469	     0	70.5	68.1	 931	OK
 470	     0	71.6	63.4	 735	OK
 471	     0	73.8	51.1	 864	OK
 472	     0	74.7	43.1	 970	OK
 473	     0	71.4	34.0	 952	OK
 474	  4000	72.5	38.7	1069	high noise
 475	     0	70.8	44.7	1008	OK
 476	     0	71.8	60.9	 976	OK
 477	     0	74.7	58.1	 993	OK
 478	 60000	188.4	30.1	 297	very high gain
 479	     0	72.8	79.4	 943	OK
 480	     0	77.7	39.3	 932	OK
 481	     0	71.0	69.0	 965	OK
 482	     0	68.5	56.1	 933	OK
 483	     0	74.0	61.2	 931	OK
 484	     0	71.2	63.2	1005	OK
 485	     0	70.4	52.7	 947	OK
 486	     0	71.0	55.0	 840	OK
 487	  4000	77.4	57.0	1032	high noise
 488	     0	73.0	62.3	 979	OK
 489	     0	73.5	52.3	 999	OK
 490	     0	72.3	72.9	 996	OK
 491	 20000	209.6	31.7	 340	very high gain
 492	     0	70.2	83.0	 952	OK
 493	     0	73.5	51.1	 820	OK
 494	  4000	70.2	49.8	1092	high noise
 495	     0	75.9	63.0	 993	OK
 496	     0	69.3	67.0	 991	OK
 497	     0	71.6	47.9	 919	OK
 498	     0	71.2	70.0	 939	OK
 499	  4000	72.8	43.2	1057	high noise
 500	     0	75.0	57.8	 953	OK
 501	     0	71.4	54.8	 909	OK
 502	     0	71.3	41.5	 933	OK
 503	     0	73.9	57.0	 940	OK
 504	  4000	76.2	70.9	1036	high noise
 505	     0	74.3	76.2	 873	OK
 506	     0	73.1	67.4	 888	OK
 507	     0	74.5	52.5	 935	OK
 508	 60000	233.2	27.8	 273	very high gain
 509	     0	77.6	63.5	 944	OK
 510	     0	71.8	66.9	 842	OK
 511	     0	70.0	81.1	 831	OK
 512	     0	75.6	61.1	 846	OK
 513	     0	70.2	68.3	 970	OK
 514	     0	73.7	58.7	 945	OK
 515	     0	72.4	65.1	 910	OK
 516	     0	71.3	73.1	 946	OK
 517	     0	69.8	76.0	 831	OK
 518	     0	75.3	69.6	 991	OK
 519	     0	73.1	73.9	 886	OK
 520	     0	69.1	71.8	 951	OK
 521	     0	69.7	60.3	 815	OK
 522	     0	69.8	58.3	 769	OK
 523	     0	72.3	67.1	 884	OK
 524	     0	69.7	49.0	 973	OK
 525	     0	72.2	36.7	 771	OK
 526	     0	71.5	60.3	 967	OK
 527	     0	71.8	36.9	 866	OK
 528	     0	66.6	51.9	 903	OK
 529	     0	71.4	52.5	 775	OK
 530	     0	73.7	58.8	 788	OK
 531	     0	68.5	56.0	 872	OK
 532	     0	71.9	66.4	 825	OK
 533	     0	70.2	67.7	 770	OK
 534	     0	70.2	70.9	 847	OK
 535	     0	71.0	52.0	 991	OK
 536	     0	70.3	60.8	 820	OK
 537	     0	67.7	52.2	 958	OK
 538	     0	71.2	70.5	 850	OK
 539	     0	68.1	59.5	 935	OK
 540	     0	70.4	42.1	1000	OK
 541	     0	67.8	53.2	 806	OK
 542	     0	70.5	39.8	 875	OK
 543	     0	66.8	32.2	 896	OK
 544	     0	71.5	50.2	 856	OK
 545	     0	70.5	71.2	 914	OK
 546	     0	68.6	66.0	 774	OK
 547	     0	72.1	52.1	 959	OK
 548	     0	70.3	50.8	 933	OK
 549	     0	72.5	65.0	 937	OK
 550	     0	68.6	63.1	 831	OK
 551	     0	68.6	49.1	 881	OK
 552	     0	70.9	55.9	 789	OK
 553	     0	74.5	57.7	 936	OK
 554	     0	69.5	82.0	 915	OK
 555	     0	67.6	46.8	 960	OK
 556	     0	71.4	51.2	 897	OK
 557	     0	71.5	42.5	 899	OK
 558	     0	71.0	51.5	 783	OK
 559	     0	73.4	60.0	 776	OK
 560	     0	71.6	54.0	 935	OK
 561	     0	70.9	63.0	 876	OK
 562	     0	70.0	39.2	 959	OK
 563	     0	73.3	53.2	 933	OK
 564	     0	71.1	48.0	 912	OK
 565	     0	65.2	29.9	 960	OK
 566	     0	68.1	42.2	 963	OK
 567	     0	68.3	65.5	 712	OK
 568	     0	70.5	35.3	 882	OK
 569	     0	70.9	55.6	 773	OK
 570	     0	69.0	76.7	 861	OK
 571	     0	69.8	55.6	 889	OK
 572	     0	71.7	68.0	 824	OK
 573	     0	67.8	67.4	 836	OK
 574	     0	68.2	46.5	 913	OK
 575	     0	68.5	38.1	 809	OK
 576	     0	72.1	69.9	 921	OK
 577	     0	71.5	69.3	 705	OK
 578	     0	73.2	63.0	 819	OK
 579	     0	68.3	45.9	 924	OK
 580	     0	68.8	34.2	 824	OK
 581	     0	67.7	56.1	 767	OK
 582	     0	68.6	44.9	 840	OK
 583	     0	69.2	43.3	 951	OK
 584	     0	68.2	86.4	 960	OK
 585	     0	69.5	48.7	 981	OK
 586	     0	71.5	63.7	 839	OK
 587	     0	72.8	66.2	 843	OK
 588	     0	73.3	48.8	 850	OK
 589	     0	70.5	73.5	 997	OK
 590	     0	73.4	44.7	1012	OK
 591	     0	71.1	47.9	 938	OK
 592	     0	73.6	62.5	 829	OK
 593	     0	69.0	56.6	 954	OK
 594	     0	66.9	56.5	 935	OK
 595	     0	68.5	58.6	 863	OK
 596	     0	69.9	52.1	 950	OK
 597	     0	72.8	61.6	 935	OK
 598	     0	68.8	41.9	 919	OK
 599	     0	72.0	70.0	 787	OK
 600	     0	69.6	59.0	 858	OK
 601	     0	67.3	61.6	 904	OK
 602	     0	73.6	63.9	 753	OK
 603	     0	70.8	61.3	 846	OK
 604	     0	73.5	69.6	 862	OK
 605	  4000	68.5	63.2	1076	high noise
 606	     0	74.5	55.8	 682	OK
 607	     0	72.6	66.9	 931	OK
 608	     0	69.4	40.6	 889	OK
 609	     0	69.8	45.7	 954	OK
 610	     0	65.7	38.2	 879	OK
 611	     0	70.8	66.5	 836	OK
 612	     0	67.5	40.2	1002	OK
 613	 60000	226.8	23.3	 259	very high gain
 614	     0	71.2	54.2	 906	OK
 615	     0	73.4	79.5	 861	OK
 616	     0	70.1	52.9	 877	OK
 617	     0	70.9	54.8	 974	OK
 618	     0	72.2	65.3	 921	OK
 619	     0	69.2	65.2	 958	OK
 620	     0	69.2	59.5	 814	OK
 621	     0	73.9	59.5	 846	OK
 622	     0	71.8	59.8	 961	OK
 623	     0	71.2	81.8	 812	OK
 624	     0	69.5	64.2	 902	OK
 625	     0	70.0	59.2	 966	OK
 626	     0	67.3	39.8	 956	OK
 627	     0	73.0	79.1	 880	OK
 628	     0	66.7	26.8	 845	OK
 629	     0	68.1	66.1	 848	OK
 630	     0	73.8	62.4	 795	OK
 631	     0	73.7	68.4	 867	OK
 632	     0	72.7	73.5	 860	OK
 633	     0	72.3	59.3	 956	OK
 634	     0	76.3	53.4	 780	OK
 635	     0	70.8	65.2	 898	OK
 636	     0	70.8	75.0	 948	OK
 637	     0	69.7	51.3	 952	OK
 638	     0	72.1	55.6	 898	OK
 639	  4000	70.9	65.6	1029	high noise
 640	     0	75.9	95.0	 836	OK
 641	     0	74.6	84.3	 907	OK
 642	     0	71.4	85.7	 924	OK
 643	     0	71.9	69.1	 942	OK
 644	     0	72.9	84.5	 840	OK
 645	     0	71.4	73.9	 898	OK
 646	     0	69.9	65.8	1023	OK
 647	     0	72.5	77.9	 920	OK
 648	     0	73.1	65.3	 946	OK
 649	     0	75.5	57.8	 932	OK
 650	     0	67.4	93.0	 964	OK
 651	     0	71.4	80.1	 879	OK
 652	     0	71.7	80.5	 934	OK
 653	     0	71.2	65.4	 923	OK
 654	     0	69.2	76.5	 946	OK
 655	     0	70.2	75.0	 948	OK
 656	     0	70.6	84.5	 971	OK
 657	     0	71.1	72.4	 802	OK
 658	     0	69.9	54.7	 890	OK
 659	     0	71.5	61.8	 853	OK
 660	     0	73.1	44.4	 998	OK
 661	     0	70.4	65.9	 860	OK
 662	     0	71.1	67.1	 901	OK
 663	     0	73.7	65.4	 932	OK
 664	     0	73.5	52.4	 983	OK
 665	     0	70.2	57.0	 823	OK
 666	     0	69.1	73.5	 912	OK
 667	     0	72.9	47.7	 838	OK
 668	     0	69.8	63.5	1019	OK
 669	     0	65.4	83.4	 764	OK
 670	     0	70.2	44.3	 904	OK
 671	     0	69.5	71.9	 855	OK
 672	     0	71.2	58.4	 925	OK
 673	     0	68.6	65.2	 826	OK
 674	     0	70.8	58.5	1026	OK
 675	     0	67.3	73.7	 871	OK
 676	     0	68.8	62.2	 888	OK
 677	     4	220.3	28.4	 327	inefficient
 678	     0	68.3	71.1	 978	OK
 679	     0	69.8	63.5	 889	OK
 680	     0	70.1	43.5	 948	OK
 681	     0	68.4	52.8	 966	OK
 682	     0	67.2	64.1	 831	OK
 683	     0	67.9	63.7	 938	OK
 684	     0	67.8	59.4	 905	OK
 685	     0	69.2	46.3	1004	OK
 686	     0	68.4	95.8	 926	OK
 687	     0	68.4	78.2	 900	OK
 688	     0	68.6	52.4	 964	OK
 689	     0	69.4	64.2	 772	OK
 690	     0	70.6	61.2	 959	OK
 691	     0	65.8	56.5	 901	OK
 692	     0	71.0	73.9	1004	OK
 693	     0	69.3	79.3	 902	OK
 694	     0	71.1	77.0	 967	OK
 695	     0	69.8	71.9	 805	OK
 696	     0	68.0	75.5	 734	OK
 697	     0	70.2	79.0	 985	OK
 698	     0	67.6	59.0	 973	OK
 699	     0	69.3	59.1	 960	OK
 700	     0	71.5	73.6	 886	OK
 701	     0	69.6	68.0	 839	OK
 702	     0	72.3	72.7	 870	OK
 703	     0	68.7	63.0	 835	OK
 704	     0	71.0	63.3	 827	OK
 705	     0	68.7	48.3	 899	OK
 706	     0	64.5	68.7	 978	OK
 707	     0	70.7	56.0	 770	OK
 708	     0	68.2	62.5	 844	OK
 709	     0	68.1	75.6	1035	OK
 710	     0	68.9	57.7	 885	OK
 711	     0	65.4	56.7	1003	OK
 712	     0	70.7	54.2	 940	OK
 713	     0	65.6	79.8	1037	OK
 714	     0	68.5	71.8	 903	OK
 715	     0	67.7	62.7	 820	OK
 716	     0	69.0	55.1	 839	OK
 717	     0	63.5	54.0	 731	OK
 718	  4000	66.5	46.7	1067	high noise
 719	     0	67.2	65.7	 957	OK
 720	     0	66.1	31.9	 997	OK
 721	     0	68.7	69.7	 802	OK
 722	     0	66.2	38.6	 936	OK
 723	     0	67.9	59.4	 801	OK
 724	     0	66.8	56.7	 989	OK
 725	     0	65.2	57.8	 702	OK
 726	     0	67.5	53.1	 928	OK
 727	     0	66.6	75.8	 981	OK
 728	     0	65.6	61.8	 913	OK
 729	     0	63.8	50.6	 811	OK
 730	     0	65.0	67.3	 919	OK
 731	     0	66.8	62.7	 740	OK
 732	     0	65.6	62.5	 962	OK
 733	     0	64.1	52.3	 845	OK
 734	     0	66.9	64.8	 995	OK
 735	     0	66.4	55.0	 806	OK
 736	     0	68.0	47.8	1008	OK
 737	     0	61.4	48.3	 942	OK
 738	     0	69.5	66.8	 818	OK
 739	     0	67.6	88.6	 884	OK
 740	     0	66.8	54.0	 922	OK
 741	     0	67.4	57.8	 657	OK
 742	     0	63.3	55.1	 887	OK
 743	     0	68.5	72.2	 924	OK
 744	     0	66.2	66.8	 971	OK
 745	     0	68.1	66.4	 903	OK
 746	     0	64.7	84.3	 886	OK
 747	     0	65.3	56.2	 698	OK
 748	     0	65.6	69.2	 908	OK
 749	     0	67.0	61.6	 865	OK
 750	     0	68.6	41.0	 941	OK
 751	     0	64.9	67.9	 937	OK
 752	     0	68.9	42.8	 988	OK
 753	     0	69.2	58.5	 836	OK
 754	     0	66.5	55.3	 923	OK
 755	     0	65.3	48.7	 870	OK
 756	     0	67.6	72.8	 855	OK
 757	     0	68.3	63.6	 815	OK
 758	     0	67.7	63.1	 944	OK
 759	     0	68.2	62.1	 837	OK
 760	     0	68.9	68.2	 891	OK
 761	     0	68.6	52.6	 995	OK
 762	     0	69.0	62.9	 687	OK
 763	     0	67.9	67.9	 755	OK
 764	     0	68.8	48.8	1010	OK
 765	     0	68.1	61.2	 987	OK
 766	     0	67.5	58.0	 965	OK
 767	     0	71.2	70.5	 863	OK
 768	     0	72.3	68.8	 893	OK
 769	  4000	70.3	61.9	1140	high noise
 770	     0	70.1	48.3	 939	OK
 771	     0	71.2	59.1	 966	OK
 772	  4000	67.6	55.4	1088	high noise
 773	     0	64.4	60.3	 997	OK
 774	     0	70.9	53.2	 981	OK
 775	     0	68.1	77.7	 972	OK
 776	     0	71.9	64.9	 993	OK
 777	     0	67.0	48.9	1051	OK
 778	     0	66.9	41.4	 965	OK
 779	     0	68.8	64.1	1076	OK
 780	     0	70.1	56.5	 913	OK
 781	     0	67.0	49.1	 953	OK
 782	     0	64.6	37.1	1027	OK
 783	     0	64.7	54.8	 975	OK
 784	     0	67.6	84.6	 877	OK
 785	     0	65.9	55.4	 872	OK
 786	     0	68.1	54.8	 948	OK
 787	     0	69.7	74.7	 814	OK
 788	     0	71.5	55.8	 986	OK
 789	     0	68.1	54.3	1025	OK
 790	     0	72.3	68.5	 912	OK
 791	     0	63.0	42.1	 970	OK
 792	     0	70.0	55.2	 772	OK
 793	     0	69.5	57.3	1033	OK
 794	     0	68.1	57.3	 980	OK
 795	     0	66.6	49.5	1053	OK
 796	     0	67.5	55.6	 926	OK
 797	     0	65.8	37.0	 934	OK
 798	     0	68.4	60.5	 866	OK
 799	     0	67.4	72.0	1014	OK
 800	     0	65.4	46.9	 910	OK
 801	 20000	173.2	28.0	 380	very high gain
 802	     0	67.8	54.0	 951	OK
 803	     0	67.0	52.0	 774	OK
 804	     0	68.0	53.5	1067	OK
 805	     0	66.3	42.7	 890	OK
 806	     0	70.5	53.5	 884	OK
 807	 60000	206.0	31.1	 282	very high gain
 808	     0	67.3	48.8	1037	OK
 809	     0	69.0	60.3	 882	OK
 810	     0	68.9	50.7	 988	OK
 811	     0	70.3	56.2	 906	OK
 812	     0	69.6	66.0	 923	OK
 813	     0	69.3	55.0	 951	OK
 814	     0	67.4	66.2	1050	OK
 815	     0	69.1	64.0	 804	OK
 816	     0	66.2	61.3	 960	OK
 817	     0	64.2	51.4	 913	OK
 818	     0	65.0	45.5	1064	OK
 819	     0	66.6	63.5	 962	OK
 820	     0	71.0	49.9	 892	OK
 821	     0	66.6	54.9	 891	OK
 822	     0	67.2	64.7	 814	OK
 823	     0	66.7	64.8	1052	OK
 824	     0	66.7	47.3	 973	OK
 825	     0	67.8	57.9	 916	OK
 826	     0	69.2	65.7	 863	OK
 827	     0	65.0	40.9	1040	OK
 828	     0	69.0	49.5	 920	OK
 829	     0	68.2	47.9	1000	OK
 830	     0	69.3	67.4	 932	OK
 831	     0	71.2	69.9	 948	OK
 832	     0	71.6	49.2	 969	OK
 833	     0	70.8	40.7	 963	OK
 834	     0	69.6	66.9	 847	OK
 835	     0	72.6	72.5	 841	OK
 836	     0	65.8	43.1	 976	OK
 837	     0	64.6	61.4	 929	OK
 838	     0	65.3	75.1	1029	OK
 839	     0	69.8	49.4	 971	OK
 840	     0	66.7	63.7	 904	OK
 841	     0	69.8	52.2	 821	OK
 842	     0	64.8	44.5	 886	OK
 843	     0	69.2	51.3	 802	OK
 844	     0	66.6	32.0	 916	OK
 845	     0	65.8	47.4	1045	OK
 846	  4000	67.1	42.5	1094	high noise
 847	     0	67.9	76.5	1034	OK
 848	     0	69.4	67.1	 978	OK
 849	     0	64.4	43.9	1006	OK
 850	     0	66.1	49.5	1032	OK
 851	     0	66.4	64.6	1080	OK
 852	     0	70.8	67.1	 897	OK
 853	     0	68.5	51.3	 922	OK
 854	  4000	68.1	61.3	1094	high noise
 855	     0	70.8	69.0	 933	OK
 856	     0	71.2	48.0	 900	OK
 857	     0	68.1	65.9	 864	OK
 858	     0	69.1	58.7	 914	OK
 859	     0	66.7	55.5	1054	OK
 860	     0	66.0	61.1	 792	OK
 861	     0	65.5	65.1	 971	OK
 862	     0	68.9	49.7	1020	OK
 863	     0	72.4	56.1	1047	OK
 864	     0	69.1	52.7	 971	OK
 865	     0	69.4	60.0	1012	OK
 866	     0	69.5	52.1	 974	OK
 867	     0	68.2	72.6	 933	OK
 868	     0	70.1	56.0	 783	OK
 869	     0	66.1	54.8	 948	OK
 870	     0	66.6	65.6	 889	OK
 871	     0	70.9	48.0	1015	OK
 872	     0	67.8	59.8	 923	OK
 873	     0	70.7	51.6	 771	OK
 874	     0	67.2	65.9	 970	OK
 875	     0	69.6	69.7	 952	OK
 876	     0	70.7	66.9	 906	OK
 877	     0	66.5	57.1	 989	OK
 878	     0	68.7	55.8	 869	OK
 879	     0	71.9	53.4	 862	OK
 880	     0	68.1	60.5	 889	OK
 881	     0	71.3	62.3	 893	OK
 882	     0	68.4	46.9	 990	OK
 883	     0	71.9	68.5	1080	OK
 884	 60000	234.4	28.4	 283	very high gain
 885	     0	65.2	57.6	 984	OK
 886	     0	70.3	61.2	 874	OK
 887	     0	68.0	60.2	 819	OK
 888	     0	68.9	54.7	 898	OK
 889	     0	70.3	49.8	 905	OK
 890	     0	68.5	48.8	 781	OK
 891	     0	70.3	43.4	1041	OK
 892	     0	70.8	45.4	 807	OK
 893	     0	69.7	48.0	 980	OK
 894	     0	70.7	55.4	 982	OK
 895	     0	75.2	66.4	 846	OK
 896	     0	69.0	73.0	1020	OK
 897	     0	76.1	60.0	1024	OK
 898	     0	72.8	63.4	 882	OK
 899	     0	70.5	69.5	 977	OK
 900	     0	74.4	60.6	 904	OK
 901	  4000	75.2	59.6	1101	high noise
 902	     0	71.2	69.9	 980	OK
 903	     0	68.1	53.4	 950	OK
 904	  4000	72.4	41.0	1061	high noise
 905	     0	71.3	56.8	 912	OK
 906	     0	72.1	70.9	 824	OK
 907	     0	71.5	55.4	 927	OK
 908	     0	73.4	71.8	 985	OK
 909	     0	75.1	75.7	 984	OK
 910	     0	71.8	61.9	1001	OK
 911	  4000	69.1	47.4	1052	high noise
 912	     0	72.4	62.8	 918	OK
 913	     0	74.2	50.0	 959	OK
 914	     0	73.1	77.3	 913	OK
 915	  4000	71.5	57.3	1064	high noise
 916	     0	71.7	67.9	 944	OK
 917	     0	69.9	70.7	 894	OK
 918	     0	70.0	62.5	 948	OK
 919	     0	71.5	67.3	 942	OK
 920	     0	68.4	76.6	 930	OK
 921	     0	69.2	91.8	 852	OK
 922	     0	72.2	58.1	 822	OK
 923	     0	73.8	61.1	1003	OK
 924	     0	71.1	58.9	 982	OK
 925	     0	74.1	57.8	 925	OK
 926	     0	72.8	68.0	 953	OK
 927	     0	74.1	66.1	 874	OK
 928	 60000	228.7	26.8	 283	very high gain
 929	     0	74.4	50.8	 881	OK
 930	  4000	73.8	46.7	1051	high noise
 931	  4000	70.8	57.2	1101	high noise
 932	     0	72.6	63.4	 947	OK
 933	  4000	73.6	77.1	1049	high noise
 934	     0	75.4	54.9	 875	OK
 935	     0	75.4	52.1	 920	OK
 936	     0	70.9	69.7	 965	OK
 937	     0	75.2	63.1	 956	OK
 938	     0	74.9	58.2	 932	OK
 939	     0	71.3	44.8	 902	OK
 940	     0	71.2	47.3	 965	OK
 941	     0	74.9	51.2	 930	OK
 942	  4000	75.9	81.2	1040	high noise
 943	     0	73.2	69.6	 873	OK
 944	     0	73.6	64.8	 894	OK
 945	     0	74.0	64.8	 976	OK
 946	     0	73.8	64.3	 689	OK
 947	     0	72.1	70.9	 931	OK
 948	     0	73.3	63.7	 848	OK
 949	     0	75.7	54.7	 830	OK
 950	     0	77.1	53.0	 887	OK
 951	     0	72.5	57.9	1011	OK
 952	     0	71.7	91.7	 818	OK
 953	     0	74.4	58.9	 974	OK
 954	     0	72.9	64.5	 803	OK
 955	     0	75.5	76.8	 921	OK
 956	     0	72.7	57.5	 806	OK
 957	     0	77.4	58.9	 911	OK
 958	     0	74.0	64.4	 836	OK
 959	     0	71.8	46.9	 754	OK
 960	     0	77.6	74.0	 851	OK
 961	     0	77.3	47.5	 817	OK
 962	     0	76.5	65.0	 945	OK
 963	     0	73.9	71.5	 869	OK
 964	     0	74.5	74.5	 834	OK
 965	     0	77.8	63.2	 792	OK
 966	     0	70.7	60.9	 914	OK
 967	     0	74.3	56.7	 963	OK
 968	     0	74.5	66.0	 851	OK
 969	     0	71.8	73.3	 843	OK
 970	     0	70.8	59.0	 814	OK
 971	  4000	74.3	57.3	1051	high noise
 972	     0	74.5	80.5	 966	OK
 973	     0	75.6	52.8	 896	OK
 974	     0	72.3	61.2	 950	OK
 975	     0	74.6	58.6	 822	OK
 976	     0	71.5	55.9	 942	OK
 977	     0	75.4	59.4	 859	OK
 978	     0	72.2	84.0	 934	OK
 979	     0	74.1	52.6	 898	OK
 980	     0	73.3	65.6	 962	OK
 981	     0	74.1	60.4	 908	OK
 982	     0	68.9	50.1	 875	OK
 983	     0	71.3	74.3	 887	OK
 984	     0	71.3	83.8	 973	OK
 985	     0	75.2	57.9	 881	OK
 986	     0	73.6	81.4	 843	OK
 987	     0	75.3	73.1	 885	OK
 988	     0	76.0	55.9	 947	OK
 989	     0	74.5	87.2	 852	OK
 990	     0	75.0	57.3	 729	OK
 991	     0	71.4	54.8	 847	OK
 992	     0	73.6	54.3	 873	OK
 993	     0	75.8	57.9	 929	OK
 994	     0	77.3	69.2	 861	OK
 995	     0	77.8	62.0	 819	OK
 996	     0	77.1	57.7	 782	OK
 997	     0	77.9	58.4	 959	OK
 998	     0	75.8	53.9	 795	OK
 999	     0	76.4	54.4	 820	OK
1000	     0	77.8	65.0	 873	OK
1001	     0	74.5	69.3	 875	OK
1002	     0	72.6	70.7	 832	OK
1003	     0	76.5	65.9	 853	OK
1004	     0	76.3	52.1	 936	OK
1005	     0	75.2	65.1	 877	OK
1006	     0	75.3	43.6	1011	OK
1007	     0	77.5	66.3	 707	OK
1008	     0	75.9	79.9	 780	OK
1009	     0	75.7	57.4	 745	OK
1010	     0	75.1	59.8	 844	OK
1011	     0	73.7	78.1	 894	OK
1012	     0	77.1	38.3	 796	OK
1013	     0	77.0	59.9	 881	OK
1014	     0	76.6	51.0	 849	OK
1015	     0	75.4	60.7	 959	OK
1016	     0	75.4	56.9	 681	OK
1017	     0	76.9	65.9	 840	OK
1018	     0	81.2	67.0	 856	OK
1019	     0	75.9	67.6	 779	OK
1020	     0	79.7	64.7	 855	OK
1021	 20000	223.8	27.5	 333	very high gain
1022	     0	73.9	37.9	 972	OK
1023	     0	75.6	70.3	 727	OK
1024	     0	73.0	63.0	 922	OK
1025	     0	68.3	45.5	 864	OK
1026	     0	68.7	44.3	 978	OK
1027	     0	66.0	53.3	 938	OK
1028	     0	68.8	38.7	 804	OK
1029	     0	66.6	50.1	 829	OK
1030	     0	66.6	57.8	 906	OK
1031	     0	69.3	64.5	 733	OK
1032	     0	70.4	34.2	 806	OK
1033	     0	67.8	49.7	 851	OK
1034	     0	68.1	53.8	 999	OK
1035	     0	67.3	67.0	 931	OK
1036	     0	66.7	40.0	 981	OK
1037	     0	72.4	51.0	 939	OK
1038	     0	69.7	60.0	 915	OK
1039	     0	67.8	53.1	 771	OK
1040	     0	67.4	52.6	 729	OK
1041	     0	68.1	65.1	 960	OK
1042	     0	68.5	62.3	 792	OK
1043	     0	67.7	38.1	 907	OK
1044	     0	69.9	53.5	 988	OK
1045	     0	68.1	59.1	 821	OK
1046	     0	68.7	61.6	 813	OK
1047	     0	70.0	39.9	 905	OK
1048	     0	68.0	71.5	 894	OK
1049	     0	64.8	46.8	 992	OK
1050	     0	70.9	49.6	 744	OK
1051	     0	68.9	57.9	 887	OK
1052	     0	65.8	49.9	 844	OK
1053	     0	66.7	49.3	 877	OK
1054	     0	67.9	60.1	 876	OK
1055	     0	66.2	56.5	 954	OK
1056	     0	69.9	34.8	 734	OK
1057	     0	68.9	48.9	 811	OK
1058	     0	71.6	79.5	 896	OK
1059	     0	68.1	78.5	 929	OK
1060	     0	69.6	57.0	 843	OK
1061	     0	69.4	57.9	 929	OK
1062	     0	67.1	51.5	 948	OK
1063	     0	67.6	65.6	 977	OK
1064	     0	71.2	66.5	 943	OK
1065	     0	65.4	48.1	 875	OK
1066	     0	65.4	69.2	 914	OK
1067	     0	67.5	64.6	 855	OK
1068	 60000	187.8	25.6	 249	very high gain
1069	     0	68.5	67.0	1005	OK
1070	     0	68.4	73.3	 912	OK
1071	     0	68.5	40.5	 977	OK
1072	     0	65.1	58.2	1024	OK
1073	     0	67.4	56.5	 923	OK
1074	     0	67.4	58.7	 922	OK
1075	     0	72.2	33.5	 926	OK
1076	     0	72.5	69.4	 893	OK
1077	     0	69.1	54.3	 951	OK
1078	     0	66.4	36.3	 829	OK
1079	  4000	64.8	43.4	1101	high noise
1080	     0	66.8	52.8	 911	OK
1081	     0	69.2	75.5	 908	OK
1082	     0	68.7	65.1	 903	OK
1083	     0	67.3	58.7	 845	OK
1084	     0	69.3	43.5	 884	OK
1085	 60000	228.1	33.5	 296	very high gain
1086	     0	72.8	53.5	1000	OK
1087	     0	64.9	51.6	 935	OK
1088	     0	70.8	39.5	 878	OK
1089	  4000	68.2	54.6	1035	high noise
1090	     0	69.8	63.8	 959	OK
1091	     0	69.3	53.5	 998	OK
1092	     0	69.6	54.7	 904	OK
1093	     0	68.3	55.7	 863	OK
1094	 60000	226.1	21.6	 218	very high gain
1095	     0	68.4	60.4	 880	OK
1096	     0	65.2	53.0	 897	OK
1097	     0	67.9	70.4	 849	OK
1098	 60000	188.6	30.8	 298	very high gain
1099	     0	67.4	45.3	 936	OK
1100	     0	66.1	58.1	 875	OK
1101	     0	69.2	58.8	 927	OK
1102	     0	66.7	56.3	 855	OK
1103	     0	67.2	53.3	 937	OK
1104	  4000	62.8	40.3	1062	high noise
1105	     0	67.7	35.1	 952	OK
1106	     0	65.3	56.4	 808	OK
1107	     0	68.6	55.1	 867	OK
1108	     0	64.1	36.5	 957	OK
1109	     0	67.3	52.2	 916	OK
1110	     0	67.6	52.4	 981	OK
1111	  4000	67.5	39.6	1059	high noise
1112	     0	71.5	49.3	 912	OK
1113	     0	66.3	34.5	 738	OK
1114	     0	65.4	61.5	 767	OK
1115	  4000	69.5	44.2	1078	high noise
1116	 60000	206.9	28.0	 279	very high gain
1117	  4000	61.3	25.8	1066	high noise
1118	     0	62.7	51.5	 995	OK
1119	  4000	62.7	54.5	1097	high noise
1120	     0	66.0	59.8	 904	OK
1121	     0	69.3	64.0	 849	OK
1122	     0	65.5	35.8	 944	OK
1123	     0	66.8	64.6	 861	OK
1124	  4000	64.7	45.9	1078	high noise
1125	     0	65.1	46.6	 761	OK
1126	     0	66.4	44.7	 924	OK
1127	     0	67.9	55.7	 922	OK
1128	     0	71.9	64.8	 838	OK
1129	     0	66.4	66.5	 988	OK
1130	     0	67.2	62.4	 901	OK
1131	     0	71.5	63.3	 893	OK
1132	     0	70.7	74.0	 944	OK
1133	     0	67.2	52.9	 948	OK
1134	     0	70.0	60.8	 952	OK
1135	     0	67.6	54.7	 866	OK
1136	  4000	68.7	48.8	1076	high noise
1137	     0	69.2	78.4	 899	OK
1138	     0	71.1	62.2	 823	OK
1139	     0	65.6	52.8	 915	OK
1140	     0	67.6	41.8	 898	OK
1141	     0	65.5	45.8	1014	OK
1142	  4000	67.8	43.3	1072	high noise
1143	     0	64.0	55.3	 900	OK
1144	     0	66.8	42.3	 963	OK
1145	  4000	66.5	57.6	1061	high noise
1146	     0	67.5	33.5	 893	OK
1147	     0	70.1	65.6	 993	OK
1148	     0	69.3	44.2	 970	OK
1149	  4000	73.1	43.5	1046	high noise
1150	     0	72.2	63.1	 902	OK
1151	     0	69.1	35.1	 870	OK
1152	     0	73.9	65.2	 803	OK
1153	     0	76.5	61.4	 846	OK
1154	     0	78.3	55.5	 954	OK
1155	     0	72.0	71.8	 789	OK
1156	     0	73.2	64.7	 892	OK
1157	     0	72.6	53.0	 865	OK
1158	     0	67.7	52.8	 914	OK
1159	 20000	194.5	35.9	 330	very high gain
1160	  4000	70.6	66.3	1025	high noise
1161	  4000	76.7	68.2	1009	high noise
1162	     0	69.0	57.3	 984	OK
1163	     0	75.3	58.3	 925	OK
1164	     0	73.0	51.1	 916	OK
1165	     0	74.8	64.5	 803	OK
1166	 20000	194.9	34.2	 331	very high gain
1167	     0	73.5	74.7	 908	OK
1168	     0	74.0	75.6	 896	OK
1169	  4000	72.6	50.6	1038	high noise
1170	     0	71.5	44.1	 971	OK
1171	     0	76.4	65.5	 903	OK
1172	     0	77.3	56.4	 935	OK
1173	     0	71.8	61.7	 968	OK
1174	     0	73.1	53.5	 899	OK
1175	     0	71.4	46.4	 959	OK
1176	     0	72.9	47.1	 854	OK
1177	  4000	76.1	48.6	1012	high noise
1178	     0	72.3	88.0	 902	OK
1179	     0	73.8	60.2	 779	OK
1180	     0	71.5	50.0	 810	OK
1181	     0	74.9	53.1	 873	OK
1182	     0	74.0	67.0	 962	OK
1183	     0	78.1	72.5	 920	OK
1184	     0	70.3	62.8	 928	OK
1185	     0	77.0	77.5	 837	OK
1186	     0	76.2	61.4	 949	OK
1187	     0	69.8	76.6	 980	OK
1188	     0	73.6	82.7	 806	OK
1189	     0	73.4	83.2	 884	OK
1190	     0	72.6	62.6	 762	OK
1191	     0	75.1	65.9	 889	OK
1192	     0	72.9	64.8	 900	OK
1193	     0	75.4	52.0	 868	OK
1194	     0	76.0	71.4	 875	OK
1195	     0	77.1	47.0	 896	OK
1196	     0	73.4	62.9	 672	OK
1197	     0	71.3	49.4	 898	OK
1198	     0	75.6	72.7	 789	OK
1199	     0	73.3	59.4	 812	OK
1200	     0	72.8	70.9	 975	OK
1201	     0	75.6	65.7	 822	OK
1202	     0	71.8	66.4	 904	OK
1203	     0	76.3	76.0	 940	OK
1204	     0	75.1	51.9	 650	OK
1205	     0	76.4	73.7	 899	OK
1206	     0	70.4	70.0	 961	OK
1207	     0	77.5	55.6	 953	OK
1208	     0	74.5	73.2	 824	OK
1209	     0	74.8	55.9	 748	OK
1210	     0	71.4	83.8	 829	OK
1211	     0	75.6	73.6	 965	OK
1212	     0	76.0	73.3	 860	OK
1213	     0	70.1	59.0	 970	OK
1214	     0	75.6	59.1	 917	OK
1215	     0	73.5	56.4	 887	OK
1216	  4000	72.7	69.2	1015	high noise
1217	     0	74.3	52.2	 980	OK
1218	     0	74.8	69.0	 813	OK
1219	     0	71.4	71.1	 756	OK
1220	     0	71.1	29.7	 773	OK
1221	     0	74.9	60.2	 915	OK
1222	     0	71.7	45.2	 807	OK
1223	     0	76.5	37.7	 901	OK
1224	     0	74.5	65.6	 822	OK
1225	     0	74.5	61.2	 855	OK
1226	     0	70.1	70.8	 884	OK
1227	  4000	71.9	64.1	1054	high noise
1228	     0	72.7	60.6	 873	OK
1229	     0	76.5	60.5	 925	OK
1230	     0	73.6	71.7	 746	OK
1231	     0	72.1	65.4	 863	OK
1232	  4000	73.9	80.3	1091	high noise
1233	     0	76.9	60.7	 872	OK
1234	     0	73.6	63.6	 872	OK
1235	     0	71.3	62.9	 875	OK
1236	     0	72.5	48.8	 875	OK
1237	     0	76.1	76.8	 809	OK
1238	     0	72.1	64.6	 894	OK
1239	     0	70.6	46.3	 985	OK
1240	     0	77.4	62.7	 837	OK
1241	     0	75.2	71.2	 951	OK
1242	     0	74.3	56.7	 936	OK
1243	     0	76.0	73.9	 772	OK
1244	     0	72.5	62.5	 884	OK
1245	     0	73.3	54.7	 813	OK
1246	     0	71.9	65.9	 790	OK
1247	     0	70.3	70.7	 901	OK
1248	     0	75.2	65.8	 703	OK
1249	     0	72.2	61.5	 911	OK
1250	     0	76.8	69.5	 907	OK
1251	     0	72.8	52.3	 893	OK
1252	     0	74.7	65.1	 737	OK
1253	     0	75.9	59.6	 862	OK
1254	     0	75.4	72.2	 882	OK
1255	     0	71.7	58.9	 859	OK
1256	     0	72.3	55.7	 797	OK
1257	     0	73.1	63.3	 933	OK
1258	     0	77.9	73.3	 801	OK
1259	     0	75.7	68.9	 830	OK
1260	     0	70.8	45.9	 923	OK
1261	     0	72.8	58.0	 894	OK
1262	     0	68.1	47.5	 947	OK
1263	     0	76.0	51.0	 809	OK
1264	     0	75.7	62.6	1002	OK
1265	     0	72.6	54.8	 872	OK
1266	     0	73.5	53.3	 770	OK
1267	     0	73.8	76.1	 842	OK
1268	     0	74.3	63.1	 771	OK
1269	     0	75.7	45.8	 931	OK
1270	     0	70.9	56.3	 874	OK
1271	     0	74.5	67.0	 783	OK
1272	     0	76.7	68.7	 754	OK
1273	     0	76.1	87.2	 733	OK
1274	     0	76.6	54.3	 869	OK
1275	     0	78.4	58.9	 759	OK
1276	     0	76.0	83.8	 851	OK
1277	     0	77.2	61.2	 773	OK
1278	     0	77.0	77.8	 855	OK
1279	     0	77.2	74.6	 816	OK
1280	     0	75.8	79.5	 720	OK
1281	     0	73.4	62.6	 786	OK
1282	     0	74.3	62.5	 714	OK
1283	     0	75.6	64.6	 813	OK
1284	     0	72.8	40.8	 812	OK
1285	     0	72.6	83.2	 804	OK
1286	     0	74.2	68.9	 702	OK
1287	     0	71.4	81.4	 756	OK
1288	     0	74.6	79.2	 737	OK
1289	     0	71.1	67.3	 789	OK
1290	     0	73.2	67.2	 706	OK
1291	     0	73.0	63.3	 671	OK
1292	     0	72.6	62.8	 841	OK
1293	     0	73.8	74.6	 894	OK
1294	     0	75.6	92.6	 629	OK
1295	     0	73.5	69.3	 695	OK
1296	  4000	72.7	71.5	 911	high noise
1297	     0	76.4	56.6	 848	OK
1298	     0	77.3	49.2	 639	OK
1299	  4000	72.4	49.1	 909	high noise
1300	     0	74.8	65.4	 800	OK
1301	     0	74.2	53.9	 783	OK
1302	  4000	73.6	59.5	 926	high noise
1303	     0	73.2	53.2	 820	OK
1304	     0	73.4	74.6	 733	OK
1305	     0	74.3	61.2	 724	OK
1306	     0	73.6	67.0	 807	OK
1307	  4000	72.2	67.9	 928	high noise
1308	     0	75.2	69.4	 819	OK
1309	     0	73.0	81.8	 747	OK
1310	     0	72.5	73.0	 765	OK
1311	     0	74.6	47.7	 845	OK
1312	     0	75.8	59.7	 735	OK
1313	     0	73.9	94.9	 779	OK
1314	     0	73.3	51.5	 800	OK
1315	     0	73.9	80.6	 752	OK
1316	     0	72.0	59.8	 734	OK
1317	     0	69.9	72.4	 696	OK
1318	     0	74.5	63.3	 784	OK
1319	     0	73.3	65.7	 730	OK
1320	     0	73.7	67.0	 804	OK
1321	     0	72.5	84.4	 773	OK
1322	     0	74.2	61.8	 886	OK
1323	     0	73.6	57.2	 797	OK
1324	     0	69.9	65.3	 805	OK
1325	     0	75.3	76.8	 837	OK
1326	     0	72.1	40.8	 798	OK
1327	     0	72.6	53.8	 877	OK
1328	  4000	71.2	46.4	 910	high noise
1329	     0	74.6	58.3	 814	OK
1330	     0	71.0	70.5	 804	OK
1331	     0	78.0	61.2	 794	OK
1332	     0	72.4	66.1	 749	OK
1333	     0	72.6	62.0	 795	OK
1334	     0	73.5	61.3	 887	OK
1335	     0	73.1	92.9	 773	OK
1336	     0	70.1	51.8	 767	OK
1337	     0	73.8	78.0	 801	OK
1338	     0	70.4	64.2	 769	OK
1339	     0	71.6	48.8	 676	OK
1340	     0	72.1	74.8	 783	OK
1341	     0	72.8	70.6	 868	OK
1342	 20000	164.8	31.9	 372	very high gain
1343	     0	77.2	75.2	 773	OK
1344	     0	70.4	60.5	 762	OK
1345	     0	73.6	89.0	 685	OK
1346	     0	72.0	83.2	 741	OK
1347	     0	71.2	73.0	 794	OK
1348	  4000	69.8	58.6	 931	high noise
1349	     0	71.4	73.4	 837	OK
1350	     0	69.7	46.3	 817	OK
1351	     0	72.1	79.3	 893	OK
1352	     0	69.8	61.0	 896	OK
1353	     0	70.7	64.1	 781	OK
1354	     0	73.7	57.7	 802	OK
1355	     0	71.0	40.9	 860	OK
1356	     0	69.4	63.1	 739	OK
1357	  4000	70.4	46.5	 918	high noise
1358	     0	74.4	61.9	 732	OK
1359	  4000	71.1	61.0	 935	high noise
1360	     0	71.7	70.0	 850	OK
1361	     0	71.2	59.0	 797	OK
1362	     0	70.8	62.3	 769	OK
1363	     0	71.7	51.6	 767	OK
1364	     0	72.4	51.2	 869	OK
1365	     0	72.3	47.9	 869	OK
1366	     0	72.6	68.3	 752	OK
1367	     0	70.2	48.6	 811	OK
1368	     0	69.4	45.8	 843	OK
1369	     0	69.6	61.8	 717	OK
1370	     0	71.3	62.7	 674	OK
1371	  4000	72.1	54.9	 942	high noise
1372	     0	72.7	72.9	 835	OK
1373	     0	67.0	50.8	 800	OK
1374	     0	69.8	47.9	 880	OK
1375	     0	75.6	69.7	 882	OK
1376	     0	70.1	68.5	 831	OK
1377	     0	71.1	75.1	 778	OK
1378	     0	71.5	56.5	 648	OK
1379	     0	70.3	60.5	 889	OK
1380	     0	70.8	46.4	 818	OK
1381	     0	75.1	52.0	 842	OK
1382	     0	72.7	57.9	 783	OK
1383	     0	72.2	74.5	 862	OK
1384	     0	70.1	59.0	 717	OK
1385	     0	72.5	50.5	 832	OK
1386	     0	72.1	56.2	 895	OK
1387	     0	69.5	67.7	 831	OK
1388	     0	70.4	75.3	 853	OK
1389	     0	72.2	72.2	 853	OK
1390	     0	70.7	57.6	 758	OK
1391	     0	70.2	53.2	 821	OK
1392	     0	70.1	41.2	 860	OK
1393	     0	68.5	75.1	 800	OK
1394	     0	73.8	72.1	 719	OK
1395	     0	68.8	55.1	 763	OK
1396	     0	69.5	71.4	 781	OK
1397	     0	72.0	60.9	 731	OK
1398	  4000	68.5	59.8	 928	high noise
1399	     0	72.5	74.6	 779	OK
1400	     0	73.3	67.1	 816	OK
1401	     0	72.9	71.1	 771	OK
1402	     0	73.0	64.9	 860	OK
1403	     0	72.6	58.5	 692	OK
1404	     0	71.2	61.4	 835	OK
1405	     0	75.0	58.9	 754	OK
1406	     0	76.0	45.7	 733	OK
1407	     0	71.2	62.2	 851	OK
1408	     0	71.5	62.9	 719	OK
1409	     0	75.3	73.9	 891	OK
1410	     0	70.3	67.4	 829	OK
1411	     0	72.0	66.4	 818	OK
1412	     0	75.3	55.0	 909	OK
1413	     0	70.7	56.4	 801	OK
1414	  4000	69.5	81.4	 978	high noise
1415	     0	72.8	56.7	 914	OK
1416	     0	68.6	59.5	 728	OK
1417	     0	71.9	51.6	 913	OK
1418	     0	69.2	49.8	 827	OK
1419	     0	69.7	58.1	 768	OK
1420	  4000	67.7	71.4	 927	high noise
1421	     0	72.0	76.6	 859	OK
1422	     0	71.9	50.9	 808	OK
1423	     0	68.9	54.4	 788	OK
1424	     0	70.3	59.3	 797	OK
1425	     0	66.7	31.4	 838	OK
1426	     0	67.5	43.4	 872	OK
1427	     0	70.6	74.6	 734	OK
1428	     0	70.8	46.6	 722	OK
1429	     0	71.1	57.0	 738	OK
1430	     0	73.1	50.0	 787	OK
1431	     0	69.4	48.3	 904	OK
1432	     0	70.5	73.8	 859	OK
1433	     0	67.9	79.8	 656	OK
1434	     0	70.4	63.0	 775	OK
1435	     0	69.4	52.2	 732	OK
1436	     0	66.9	43.6	 759	OK
1437	     0	68.5	74.7	 781	OK
1438	     0	69.7	81.1	 775	OK
1439	     0	68.1	55.6	 847	OK
1440	     0	72.9	58.0	 777	OK
1441	     0	68.9	55.0	 898	OK
1442	     0	69.3	60.6	 794	OK
1443	     0	70.8	46.7	 775	OK
1444	     0	69.5	76.0	 821	OK
1445	     0	65.6	61.5	 903	OK
1446	     0	72.1	57.8	 817	OK
1447	     0	72.5	70.5	 861	OK
1448	     0	71.6	72.6	 693	OK
1449	     0	68.0	67.2	 833	OK
1450	     0	68.9	60.5	 802	OK
1451	     0	70.7	66.3	 797	OK
1452	     0	67.3	68.4	 739	OK
1453	     0	68.8	53.5	 815	OK
1454	     0	70.4	44.6	 837	OK
1455	     0	69.9	53.5	 808	OK
1456	     0	74.4	70.0	 836	OK
1457	     0	68.0	70.9	 761	OK
1458	     0	72.8	61.3	 855	OK
1459	  4000	68.3	47.4	 965	high noise
1460	     0	72.9	45.8	 800	OK
1461	     0	68.8	61.5	 820	OK
1462	     0	74.2	70.5	 812	OK
1463	     0	67.8	56.8	 803	OK
1464	  4000	69.0	77.8	 938	high noise
1465	  4000	69.9	48.8	 920	high noise
1466	     0	69.9	43.2	 907	OK
1467	     0	69.6	68.9	 766	OK
1468	  4000	70.4	63.5	 997	high noise
1469	     0	68.0	64.4	 884	OK
1470	  4000	69.5	48.5	 947	high noise
1471	     0	72.5	57.7	 862	OK
1472	     0	71.6	58.5	 813	OK
1473	     0	67.5	60.2	 794	OK
1474	     0	68.3	69.9	 819	OK
1475	     0	70.0	81.9	 753	OK
1476	     0	71.5	71.1	 723	OK
1477	     0	67.2	64.2	 719	OK
1478	     0	69.2	44.9	 829	OK
1479	     0	69.5	59.0	 810	OK
1480	     0	72.0	61.8	 808	OK
1481	     0	71.5	74.2	 810	OK
1482	     0	69.4	47.4	 887	OK
1483	     0	74.8	72.9	 799	OK
1484	     0	69.3	41.1	 795	OK
1485	     0	69.2	68.7	 832	OK
1486	     0	67.8	59.3	 802	OK
1487	     0	72.7	74.9	 796	OK
1488	     0	71.1	62.3	 845	OK
1489	     0	74.4	68.7	 718	OK
1490	     0	69.7	59.8	 772	OK
1491	     0	69.8	55.6	 822	OK
1492	     0	68.7	58.5	 701	OK
1493	     0	71.4	77.8	 651	OK
1494	     0	67.9	71.0	 909	OK
1495	     0	69.8	72.0	 862	OK
1496	     0	69.9	53.4	 781	OK
1497	  4000	65.8	46.8	 925	high noise
1498	     0	71.2	85.9	 873	OK
1499	     0	67.4	62.6	 856	OK
1500	     0	69.9	64.0	 854	OK
1501	     0	72.8	54.5	 850	OK
1502	     0	68.3	49.9	 879	OK
1503	     0	67.0	39.8	 822	OK
1504	     0	70.2	79.9	 734	OK
1505	     0	73.6	40.1	 855	OK
1506	     0	67.8	70.6	 896	OK
1507	     0	71.2	79.6	 819	OK
1508	     0	69.7	73.5	 789	OK
1509	     0	69.7	81.3	 783	OK
1510	     0	72.8	59.4	 856	OK
1511	     0	70.3	44.2	 797	OK
1512	     0	67.2	65.9	 743	OK
1513	     0	71.0	61.2	 878	OK
1514	     0	63.8	38.6	 841	OK
1515	     0	69.5	62.9	 887	OK
1516	     0	68.4	61.5	 814	OK
1517	     0	72.3	66.9	 803	OK
1518	     0	72.3	60.0	 784	OK
1519	     0	68.1	76.3	 686	OK
1520	     0	69.3	61.7	 789	OK
1521	     0	69.8	78.8	 882	OK
1522	     0	69.5	72.9	 770	OK
1523	     0	73.7	69.8	 778	OK
1524	     0	72.3	76.3	 889	OK
1525	     0	68.7	67.2	 815	OK
1526	  4000	69.5	44.3	1021	high noise
1527	     0	68.4	52.9	 785	OK
1528	  4000	67.7	61.5	 940	high noise
1529	     0	69.4	74.9	 792	OK
1530	     0	73.2	58.6	 780	OK
1531	     0	72.2	59.9	 814	OK
1532	     0	73.5	61.3	 842	OK
1533	     0	75.2	74.8	 742	OK
1534	     0	69.4	53.2	 712	OK
1535	     0	74.4	51.7	 835	OK
1536	     0	69.5	63.8	 814	OK
1537	     0	72.1	50.6	 815	OK
1538	     0	68.3	47.9	 843	OK
1539	     0	66.7	31.6	 780	OK
1540	     0	70.5	46.8	 796	OK
1541	     0	69.2	73.1	 893	OK
1542	     0	71.4	68.8	 643	OK
1543	     0	72.3	62.0	 858	OK
1544	     0	67.3	50.2	 846	OK
1545	     0	67.5	62.1	 680	OK
1546	     0	70.2	58.1	 937	OK
1547	     0	70.7	48.1	 853	OK
1548	     0	68.4	44.9	 932	OK
1549	     0	68.9	61.7	 756	OK
1550	     0	73.4	53.6	 914	OK
1551	     0	70.6	59.7	 794	OK
1552	     0	65.9	52.2	 870	OK
1553	     0	67.6	65.1	 778	OK
1554	     0	67.4	57.0	 898	OK
1555	     0	69.9	64.6	 853	OK
1556	     0	66.1	48.1	 868	OK
1557	     0	65.2	73.8	 785	OK
1558	     0	67.4	40.2	 952	OK
1559	     0	71.5	62.1	 752	OK
1560	  4000	71.3	76.8	 957	high noise
1561	     0	68.5	53.4	 796	OK
1562	     0	71.1	62.9	 817	OK
1563	     0	67.7	52.2	 851	OK
1564	     0	66.6	37.0	 735	OK
1565	     0	68.8	55.3	 773	OK
1566	     0	66.9	51.3	 839	OK
1567	     0	71.3	57.3	 822	OK
1568	     0	69.3	37.6	 762	OK
1569	 60000	186.9	33.4	 296	very high gain
1570	     0	67.4	53.9	 820	OK
1571	     0	67.0	60.1	 876	OK
1572	     0	67.3	41.7	 910	OK
1573	     0	65.2	55.5	 835	OK
1574	     0	68.7	56.1	 793	OK
1575	     0	68.2	49.5	 946	OK
1576	     0	68.5	79.9	 755	OK
1577	     0	67.4	45.1	 802	OK
1578	     0	68.7	61.7	 890	OK
1579	     0	69.5	56.3	 819	OK
1580	     0	71.7	67.9	 872	OK
1581	     0	67.1	61.8	 854	OK
1582	     0	66.4	52.9	 864	OK
1583	     0	68.1	45.5	 696	OK
1584	     0	68.0	60.1	 851	OK
1585	     0	68.3	45.2	 933	OK
1586	     0	68.8	62.9	 857	OK
1587	     0	67.5	55.2	 785	OK
1588	     0	70.3	45.7	 765	OK
1589	     0	66.2	63.0	 795	OK
1590	     0	69.3	67.1	 777	OK
1591	     0	67.8	56.2	 811	OK
1592	     0	69.3	66.2	 798	OK
1593	     0	64.4	31.5	 892	OK
1594	     0	67.9	61.8	 792	OK
1595	     0	67.7	62.1	 874	OK
1596	     0	69.4	56.5	 824	OK
1597	     0	67.4	84.9	 940	OK
1598	     0	67.1	36.4	 836	OK
1599	     0	68.5	69.9	 827	OK
1600	     0	70.2	49.3	 863	OK
1601	  4000	67.4	42.3	1008	high noise
1602	     0	66.0	56.4	 846	OK
1603	     0	67.2	87.4	 833	OK
1604	     0	66.4	63.6	 858	OK
1605	     0	69.2	54.9	 821	OK
1606	     0	65.6	54.0	 821	OK
1607	  4000	66.6	48.0	 969	high noise
1608	     0	67.0	78.3	 859	OK
1609	     0	67.9	54.0	 806	OK
1610	  4000	67.8	57.8	 989	high noise
1611	     0	67.6	60.0	 771	OK
1612	     0	65.9	53.3	 810	OK
1613	     0	64.5	63.5	 913	OK
1614	     0	66.8	41.6	 847	OK
1615	     0	66.7	51.4	 928	OK
1616	     0	68.6	59.9	 864	OK
1617	     0	64.4	44.9	 757	OK
1618	     0	68.6	55.5	 765	OK
1619	     0	66.2	48.0	 882	OK
1620	     0	68.6	62.9	 831	OK
1621	     0	66.2	45.7	 925	OK
1622	     0	66.0	65.1	 813	OK
1623	     0	70.1	39.6	 948	OK
1624	     0	67.2	40.7	 891	OK
1625	     0	62.7	37.3	 793	OK
1626	     0	67.5	56.2	 686	OK
1627	     0	67.6	50.5	 919	OK
1628	     0	67.2	53.4	 871	OK
1629	     0	68.2	64.5	 922	OK
1630	     0	71.3	65.5	 821	OK
1631	     0	64.2	55.1	 847	OK
1632	     0	66.8	51.9	 811	OK
1633	     0	64.5	32.1	 856	OK
1634	     0	67.1	47.6	 815	OK
1635	     0	64.1	59.3	 875	OK
1636	     0	68.1	53.7	 901	OK
1637	     0	67.5	52.2	 765	OK
1638	     0	62.1	38.8	 755	OK
1639	     0	69.2	61.8	 761	OK
1640	     0	68.6	58.1	 949	OK
1641	     0	67.2	55.0	 769	OK
1642	     0	65.3	43.7	 837	OK
1643	  4000	66.8	70.4	 960	high noise
1644	     0	65.7	61.6	 898	OK
1645	     0	68.2	56.1	 593	OK
1646	     0	67.9	59.6	 805	OK
1647	     0	69.9	70.0	 874	OK
1648	     0	68.6	55.5	 916	OK
1649	     0	67.0	56.5	 708	OK
1650	     0	64.8	60.8	 796	OK
1651	     0	69.3	61.7	 797	OK
1652	     0	65.4	63.7	 821	OK
1653	     0	67.0	69.5	 744	OK
1654	     0	69.2	67.8	 808	OK
1655	     0	65.1	50.6	 905	OK
1656	     0	67.9	53.2	 786	OK
1657	     0	69.4	75.1	 745	OK
1658	     0	65.3	60.5	 783	OK
1659	     0	70.7	64.2	 824	OK
1660	     0	69.7	63.4	 821	OK
1661	     0	70.4	50.6	 778	OK
1662	     0	70.7	53.0	 898	OK
1663	     0	73.1	59.6	 705	OK
1664	     0	75.0	55.4	 884	OK
1665	     0	75.5	43.2	 871	OK
1666	     0	71.9	49.3	 856	OK
1667	     0	76.3	51.0	 835	OK
1668	     0	73.9	49.9	 827	OK
1669	 60000	253.9	23.5	 199	very high gain
1670	     0	73.3	67.3	 914	OK
1671	     0	74.9	49.4	 905	OK
1672	     0	70.8	81.0	 756	OK
1673	     0	71.1	71.6	 772	OK
1674	     0	73.7	49.0	 853	OK
1675	     0	72.3	44.9	 951	OK
1676	     0	73.2	78.6	 788	OK
1677	     0	73.8	54.4	 796	OK
1678	     0	72.4	61.9	 836	OK
1679	     0	76.7	70.8	 850	OK
1680	     0	71.0	61.7	 882	OK
1681	     0	72.0	51.7	 876	OK
1682	     0	71.2	58.0	 810	OK
1683	     0	72.0	52.3	 796	OK
1684	     0	72.0	62.1	 905	OK
1685	     0	67.6	67.3	 807	OK
1686	     0	72.8	63.0	 873	OK
1687	     0	73.1	75.2	 771	OK
1688	     0	74.1	68.9	 811	OK
1689	     0	74.6	52.4	 808	OK
1690	     0	70.9	54.4	 757	OK
1691	     0	72.5	73.6	 813	OK
1692	     0	74.1	52.8	 817	OK
1693	     0	67.6	43.7	 829	OK
1694	     0	71.2	62.7	 736	OK
1695	     0	74.4	61.7	 835	OK
1696	     0	66.7	38.7	 925	OK
1697	 60000	223.1	34.4	 298	very high gain
1698	     0	73.0	71.4	 769	OK
1699	     0	74.5	52.3	 810	OK
1700	     0	75.3	73.8	 764	OK
1701	     0	73.9	62.4	 904	OK
1702	     0	74.1	67.0	 751	OK
1703	     0	75.7	48.2	 856	OK
1704	     0	70.5	41.5	 912	OK
1705	     0	73.1	56.2	 746	OK
1706	     0	70.0	73.7	 690	OK
1707	     0	73.9	67.7	 800	OK
1708	     0	74.6	58.1	 783	OK
1709	     0	74.1	62.9	 848	OK
1710	     0	73.3	42.1	 867	OK
1711	     0	76.0	38.4	 947	OK
1712	     0	75.1	67.0	 842	OK
1713	     0	69.6	68.2	 795	OK
1714	     0	74.6	61.8	 815	OK
1715	     0	73.1	60.9	 770	OK
1716	     0	73.7	54.4	 837	OK
1717	     0	76.3	46.4	 723	OK
1718	     0	72.7	78.8	 949	OK
1719	     0	74.5	50.6	 877	OK
1720	     0	75.0	57.9	 955	OK
1721	     0	73.7	49.6	 850	OK
1722	  4000	74.7	49.0	1012	high noise
1723	     0	73.2	56.4	 901	OK
1724	     0	74.3	66.4	 748	OK
1725	     0	72.0	57.1	 941	OK
1726	     0	73.1	60.3	 801	OK
1727	     0	74.6	66.4	 629	OK
1728	     0	76.8	55.7	 902	OK
1729	     0	74.9	64.1	 875	OK
1730	     0	73.4	62.5	 692	OK
1731	     0	73.6	55.2	 833	OK
1732	     0	72.1	49.1	 737	OK
1733	     0	74.0	57.9	 776	OK
1734	     0	70.8	62.2	 929	OK
1735	     0	73.5	51.9	 615	OK
1736	     0	72.3	55.1	 789	OK
1737	     0	74.4	53.8	 784	OK
1738	     0	73.6	61.7	 766	OK
1739	     0	71.7	35.8	 854	OK
1740	     0	71.9	61.3	 766	OK
1741	     0	75.1	62.7	 819	OK
1742	     0	75.5	79.4	 697	OK
1743	     0	72.3	55.5	 792	OK
1744	     0	69.9	64.2	 890	OK
1745	     0	75.0	63.1	 803	OK
1746	  4000	70.4	73.8	 965	high noise
1747	     0	70.7	54.6	 952	OK
1748	   100	64.1	25.4	 733	low gain
1749	     0	68.8	41.1	 799	OK
1750	     0	68.6	48.6	 854	OK
1751	     0	77.1	51.4	 778	OK
1752	     0	72.7	46.9	 868	OK
1753	     0	69.3	60.3	 863	OK
1754	     0	69.4	47.0	 809	OK
1755	     0	72.8	61.3	 767	OK
1756	     0	69.0	58.3	 933	OK
1757	     0	76.5	60.0	 829	OK
1758	     0	72.6	54.6	 812	OK
1759	     0	71.4	52.2	 852	OK
1760	     0	74.7	51.2	 847	OK
1761	     0	70.3	70.6	 897	OK
1762	     0	72.7	63.7	 813	OK
1763	     0	73.4	53.7	 886	OK
1764	     0	70.9	46.7	 927	OK
1765	     0	72.6	78.9	 870	OK
1766	     0	73.4	65.9	 695	OK
1767	     0	76.1	39.5	 880	OK
1768	     0	72.5	82.7	 848	OK
1769	     0	73.6	73.7	 739	OK
1770	     0	73.8	54.4	 906	OK
1771	     0	73.7	82.4	 696	OK
1772	     0	72.9	69.3	 842	OK
1773	     0	75.5	64.8	 690	OK
1774	     0	71.7	56.8	 807	OK
1775	     0	74.9	66.1	 779	OK
1776	     0	72.3	57.6	 901	OK
1777	     0	73.5	44.2	 818	OK
1778	  4000	71.0	55.4	1011	high noise
1779	     0	72.5	72.4	 865	OK
1780	     0	72.1	68.6	 824	OK
1781	     0	71.6	59.1	 782	OK
1782	     0	68.8	54.2	 805	OK
1783	  4000	73.1	65.7	 970	high noise
1784	     0	73.0	45.0	 810	OK
1785	     0	73.4	80.8	 847	OK
1786	     0	76.4	86.9	 715	OK
1787	     0	75.0	74.0	 933	OK
1788	  4000	76.4	49.2	1003	high noise
1789	     0	73.0	68.7	 767	OK
1790	     0	74.9	71.8	 802	OK
1791	     0	71.2	66.9	 819	OK
1792	     0	74.2	39.2	 730	OK
1793	     0	73.8	73.0	 806	OK
1794	     0	69.1	62.8	 818	OK
1795	     0	74.4	69.8	 768	OK
1796	     0	70.1	52.3	 866	OK
1797	     0	70.2	60.8	 744	OK
1798	     0	70.5	67.5	 730	OK
1799	     0	70.4	49.6	 911	OK
1800	     0	71.7	57.2	 542	OK
1801	     0	70.5	55.7	 822	OK
1802	     0	70.1	47.2	 802	OK
1803	     0	68.6	50.7	 886	OK
1804	     0	74.1	57.7	 754	OK
1805	     0	66.6	65.2	 835	OK
1806	     0	72.0	36.3	 795	OK
1807	     0	71.6	54.5	 910	OK
1808	     0	70.6	61.3	 676	OK
1809	     0	75.7	51.4	 826	OK
1810	     0	71.9	86.5	 704	OK
1811	     0	66.7	56.2	 785	OK
1812	     0	69.0	65.7	 792	OK
1813	     0	75.3	60.1	 698	OK
1814	     0	71.5	50.2	 825	OK
1815	     0	71.4	68.4	 803	OK
1816	     0	71.3	63.4	 742	OK
1817	     0	68.4	51.9	 764	OK
1818	     0	70.3	56.0	 693	OK
1819	     0	69.0	71.8	 822	OK
1820	     0	66.6	46.4	 841	OK
1821	     0	73.1	65.8	 769	OK
1822	     0	69.6	68.8	 904	OK
1823	     0	70.0	72.6	 796	OK
1824	     0	70.7	49.7	 838	OK
1825	     0	71.0	73.5	 707	OK
1826	     0	70.9	59.3	 768	OK
1827	     0	71.6	49.5	 829	OK
1828	     0	71.7	80.1	 720	OK
1829	     0	72.2	49.6	 825	OK
1830	     0	71.9	47.0	 813	OK
1831	     0	73.1	60.4	 773	OK
1832	     0	70.3	57.5	 898	OK
1833	     0	71.0	52.5	 880	OK
1834	     0	70.5	60.8	 828	OK
1835	     0	68.5	52.1	 780	OK
1836	     0	69.4	51.9	 742	OK
1837	     0	69.6	64.2	 751	OK
1838	     0	69.5	52.4	 909	OK
1839	     0	69.0	43.6	 820	OK
1840	     0	73.7	53.1	 810	OK
1841	     0	68.8	49.8	 826	OK
1842	     0	69.6	73.2	 723	OK
1843	     0	71.1	63.5	 875	OK
1844	     0	69.5	50.8	 729	OK
1845	     0	70.5	46.2	 813	OK
1846	     0	74.2	63.4	 876	OK
1847	     0	68.6	47.2	 844	OK
1848	     0	69.2	47.5	 838	OK
1849	     0	71.0	55.3	 742	OK
1850	     0	68.6	68.9	 903	OK
1851	     0	72.0	54.4	 832	OK
1852	     0	70.6	54.6	 781	OK
1853	     0	71.8	61.1	 864	OK
1854	     0	75.2	57.3	 751	OK
1855	     0	71.4	55.6	 700	OK
1856	     0	68.7	43.0	 890	OK
1857	     0	73.5	61.0	 697	OK
1858	     0	71.7	65.1	 741	OK
1859	     0	70.4	78.5	 773	OK
1860	     0	69.2	48.5	 878	OK
1861	     0	65.5	40.9	 885	OK
1862	     0	69.3	72.1	 738	OK
1863	     0	70.1	59.7	 684	OK
1864	     0	70.4	71.5	 843	OK
1865	     0	69.3	58.9	 764	OK
1866	     0	71.2	47.2	 754	OK
1867	     0	70.5	67.9	 754	OK
1868	     0	66.6	55.6	 879	OK
1869	     0	72.6	52.7	 709	OK
1870	     0	72.6	68.6	 782	OK
1871	     0	69.3	72.4	 807	OK
1872	     0	71.6	46.2	 733	OK
1873	     0	68.2	46.2	 877	OK
1874	     0	72.4	57.6	 823	OK
1875	     0	72.2	62.1	 685	OK
1876	     0	69.7	37.9	 847	OK
1877	     0	69.0	60.5	 851	OK
1878	     0	72.9	70.0	 828	OK
1879	     0	71.4	43.1	 783	OK
1880	     0	71.4	66.4	 710	OK
1881	     0	71.0	49.7	 791	OK
1882	     0	66.7	55.1	 783	OK
1883	     0	69.3	55.4	 659	OK
1884	     0	70.1	40.1	 742	OK
1885	     0	70.7	51.9	 857	OK
1886	     0	68.9	47.7	 799	OK
1887	     0	68.0	38.7	 836	OK
1888	     0	68.4	61.4	 825	OK
1889	     0	69.7	59.7	 800	OK
1890	     0	70.7	53.6	 656	OK
1891	     0	67.9	62.7	 746	OK
1892	     0	67.3	39.4	 795	OK
1893	     0	75.2	70.0	 758	OK
1894	     0	70.9	65.1	 809	OK
1895	     0	71.4	63.3	 848	OK
1896	     0	71.3	71.4	 840	OK
1897	     0	71.0	55.5	 751	OK
1898	     0	72.7	55.8	 740	OK
1899	     0	71.7	63.1	 823	OK
1900	     0	70.2	56.2	 776	OK
1901	     0	72.8	68.1	 791	OK
1902	     0	72.2	44.6	 863	OK
1903	     0	74.8	61.4	 698	OK
1904	     0	72.7	50.9	 749	OK
1905	     0	69.7	39.1	 879	OK
1906	     0	73.1	64.3	 752	OK
1907	     0	73.3	63.1	 689	OK
1908	     0	72.1	60.0	 807	OK
1909	     0	72.3	78.6	 743	OK
1910	     0	70.9	51.1	 832	OK
1911	     0	71.9	75.3	 743	OK
1912	     0	70.3	33.2	 793	OK
1913	     0	68.5	80.4	 686	OK
1914	     0	76.3	39.9	 785	OK
1915	     0	73.3	75.6	 677	OK
1916	     0	69.3	68.0	 829	OK
1917	     0	70.7	55.3	 820	OK
1918	     0	75.6	78.8	 740	OK
1919	     0	72.9	72.3	 766	OK
1920	   200	78.8	74.5	 765	high gain
1921	   200	77.5	64.0	 739	high gain
1922	     0	76.8	83.6	 819	OK
1923	     0	72.0	81.0	 806	OK
1924	     0	72.3	71.8	 714	OK
1925	     0	72.8	82.6	 787	OK
1926	     0	75.0	44.9	 909	OK
1927	     0	73.3	71.1	 838	OK
1928	     0	73.6	66.5	 741	OK
1929	     0	70.6	64.1	 769	OK
1930	     0	72.8	64.0	 765	OK
1931	   200	77.4	63.9	 814	high gain
1932	     0	70.7	94.5	 618	OK
1933	     0	75.4	60.6	 814	OK
1934	     0	70.2	76.2	 750	OK
1935	     0	72.5	58.2	 768	OK
1936	     0	72.9	60.6	 793	OK
1937	     0	68.1	78.0	 629	OK
1938	     0	69.8	52.3	 685	OK
1939	     0	68.4	58.2	 758	OK
1940	     0	70.2	76.9	 688	OK
1941	     0	71.3	47.7	 873	OK
1942	     0	67.7	64.0	 772	OK
1943	     0	68.0	59.5	 786	OK
1944	     0	72.3	48.3	 795	OK
1945	     0	71.4	58.9	 864	OK
1946	     0	70.6	67.9	 779	OK
1947	     0	72.4	77.3	 829	OK
1948	     0	70.9	71.0	 808	OK
1949	  4000	69.0	67.3	 942	high noise
1950	  4000	69.5	75.9	1005	high noise
1951	     0	66.6	76.1	 742	OK
1952	     0	70.9	60.8	 785	OK
1953	     0	70.6	66.8	 760	OK
1954	     0	69.9	62.7	 793	OK
1955	     0	72.8	67.0	 775	OK
1956	     0	67.8	58.0	 617	OK
1957	     0	70.0	72.1	 829	OK
1958	     0	69.0	73.3	 905	OK
1959	     0	70.2	62.3	 797	OK
1960	     0	67.0	53.5	 836	OK
1961	     0	72.4	83.0	 662	OK
1962	     0	70.6	40.9	 786	OK
1963	     0	71.3	81.1	 691	OK
1964	     0	69.1	72.3	 788	OK
1965	     0	71.2	40.6	 608	OK
1966	     0	70.7	58.9	 762	OK
1967	     0	68.9	65.6	 821	OK
1968	     0	69.8	49.2	 793	OK
1969	  4000	71.1	73.3	 951	high noise
1970	     0	67.0	54.0	 749	OK
1971	     0	66.7	56.4	 700	OK
1972	     0	66.1	23.5	 893	OK
1973	     0	68.5	66.2	 659	OK
1974	     0	64.8	69.6	 851	OK
1975	     0	70.9	56.1	 854	OK
1976	     0	70.4	71.4	 812	OK
1977	     0	74.1	52.7	 674	OK
1978	     0	67.4	55.4	 833	OK
1979	     0	72.6	55.2	 674	OK
1980	     0	68.0	74.8	 838	OK
1981	     0	69.3	69.0	 715	OK
1982	     0	72.1	59.9	 760	OK
1983	 60000	209.3	31.9	 294	very high gain
1984	     0	68.8	52.6	 828	OK
1985	     0	65.4	56.1	 786	OK
1986	  4000	64.7	43.3	 934	high noise
1987	     0	70.3	65.6	 769	OK
1988	     0	68.6	52.5	 728	OK
1989	     0	67.2	52.5	 774	OK
1990	     0	66.4	77.2	 833	OK
1991	     0	67.1	75.2	 832	OK
1992	  4000	62.8	48.3	 928	high noise
1993	     0	66.4	71.6	 831	OK
1994	     0	66.5	67.8	 771	OK
1995	  4000	65.9	42.2	 914	high noise
1996	     0	67.7	47.1	 743	OK
1997	     0	67.1	46.2	 905	OK
1998	     0	65.0	60.7	 838	OK
1999	     0	64.6	72.1	 857	OK
2000	     0	67.0	67.7	 691	OK
2001	  4000	69.0	61.0	 966	high noise
2002	     0	69.3	53.4	 721	OK
2003	     0	70.1	72.1	 821	OK
2004	     0	69.4	59.6	 678	OK
2005	     0	66.2	47.1	 909	OK
2006	     0	69.2	45.5	 855	OK
2007	     0	68.7	54.2	 761	OK
2008	     0	63.3	60.2	 736	OK
2009	     0	66.2	38.6	 797	OK
2010	     0	66.8	55.9	 868	OK
2011	     0	67.8	59.4	 751	OK
2012	     0	65.7	44.9	 822	OK
2013	     0	65.1	59.1	 803	OK
2014	     0	64.7	68.6	 880	OK
2015	     0	69.2	63.3	 679	OK
2016	     0	67.4	58.1	 734	OK
2017	     0	66.1	56.1	 768	OK
2018	  4000	66.5	37.4	 983	high noise
2019	     0	64.2	79.5	 812	OK
2020	     0	67.6	54.4	 691	OK
2021	     0	69.5	58.6	 673	OK
2022	     0	67.0	46.1	 832	OK
2023	     0	66.1	43.1	 840	OK
2024	     0	69.2	65.4	 887	OK
2025	     0	65.7	60.8	 713	OK
2026	     0	66.4	56.0	 806	OK
2027	     0	65.8	62.2	 755	OK
2028	     0	65.4	52.0	 883	OK
2029	     0	66.1	73.5	 642	OK
2030	 60000	141.9	29.7	 265	very high gain
2031	     0	69.8	67.0	 795	OK
2032	     0	63.7	80.2	 780	OK
2033	     0	70.1	56.2	 846	OK
2034	     0	69.7	58.6	 817	OK
2035	     0	69.1	47.1	 734	OK
2036	     0	69.9	66.1	 775	OK
2037	     0	65.0	50.0	 785	OK
2038	     0	67.9	41.5	 828	OK
2039	     0	68.0	51.1	 706	OK
2040	     0	68.3	67.1	 877	OK
2041	     0	67.8	51.4	 854	OK
2042	     0	68.5	59.4	 650	OK
2043	     0	71.9	37.8	 751	OK
2044	     0	72.0	55.2	 722	OK
2045	     0	70.4	70.6	 692	OK
2046	     0	70.2	62.0	 756	OK
2047	     0	70.3	66.5	 763	OK
2048	     0	68.4	56.3	 873	OK
2049	     0	71.0	77.3	 752	OK
2050	     0	66.8	66.3	 815	OK
2051	     0	68.7	46.4	 861	OK
2052	     0	70.3	50.8	 856	OK
2053	     0	70.3	54.7	 831	OK
2054	     0	67.6	49.2	 771	OK
2055	     0	67.4	45.7	 837	OK
2056	     0	70.5	56.4	 827	OK
2057	     0	68.5	68.9	 876	OK
2058	     0	63.5	41.4	 945	OK
2059	     0	69.2	55.4	 909	OK
2060	     0	68.3	49.6	 898	OK
2061	     0	65.2	51.3	 782	OK
2062	     0	67.8	31.4	 805	OK
2063	     0	67.0	61.6	 839	OK
2064	     0	70.6	61.0	 800	OK
2065	 60000	230.1	28.7	 212	very high gain
2066	     0	67.5	56.8	 854	OK
2067	     0	66.2	40.9	 861	OK
2068	     0	69.8	58.1	 720	OK
2069	     0	64.9	34.3	 684	OK
2070	     0	70.6	34.3	 800	OK
2071	     0	70.1	82.8	 819	OK
2072	  4000	65.8	46.9	 953	high noise
2073	     0	65.3	75.7	 889	OK
2074	     0	69.5	65.7	 708	OK
2075	     0	66.6	52.7	 802	OK
2076	     0	67.9	60.1	 815	OK
2077	     0	67.4	52.4	 862	OK
2078	  4000	63.3	44.0	 984	high noise
2079	     0	64.8	77.6	 844	OK
2080	     0	66.8	47.0	 878	OK
2081	     0	69.2	83.4	 723	OK
2082	     0	69.2	66.7	 821	OK
2083	     0	70.7	46.6	 841	OK
2084	     0	66.5	49.0	 803	OK
2085	     0	66.9	39.2	 813	OK
2086	     0	68.1	65.1	 895	OK
2087	     0	70.0	46.4	 849	OK
2088	     0	67.1	43.8	 938	OK
2089	     0	64.6	66.0	 870	OK
2090	     0	65.4	46.2	 837	OK
2091	     0	68.5	36.5	 823	OK
2092	     0	67.4	62.0	 791	OK
2093	     0	68.2	61.1	 826	OK
2094	     0	67.6	46.4	 763	OK
2095	     0	68.0	51.1	 838	OK
2096	     0	68.6	72.2	 889	OK
2097	     0	69.7	70.5	 900	OK
2098	     0	68.0	62.0	 849	OK
2099	     0	68.2	55.0	 871	OK
2100	     0	68.2	53.2	 742	OK
2101	     0	68.2	56.7	 778	OK
2102	     0	66.9	67.5	 843	OK
2103	     0	70.6	51.1	 932	OK
2104	     0	64.7	58.0	 742	OK
2105	     0	66.4	68.3	 754	OK
2106	     0	66.2	53.5	 877	OK
2107	     0	70.2	78.3	 821	OK
2108	     0	70.0	52.2	 716	OK
2109	     0	66.7	51.5	 749	OK
2110	     0	67.1	42.0	 885	OK
2111	     0	70.7	62.6	 892	OK
2112	     0	71.0	40.8	 847	OK
2113	     0	66.1	82.3	 877	OK
2114	     0	68.4	59.1	 791	OK
2115	     0	65.9	38.4	 828	OK
2116	     0	65.8	73.4	 806	OK
2117	     0	66.5	48.0	 790	OK
2118	     0	72.1	46.5	 930	OK
2119	     0	65.9	45.6	 803	OK
2120	     0	69.4	35.6	 780	OK
2121	     0	68.9	58.5	 935	OK
2122	     0	68.2	44.8	 943	OK
2123	     0	68.4	59.4	 819	OK
2124	     0	69.5	45.0	 869	OK
2125	     0	66.8	55.5	 554	OK
2126	     0	69.9	60.4	 837	OK
2127	     0	69.3	52.8	 776	OK
2128	     0	69.1	71.1	 753	OK
2129	     0	68.2	49.0	 818	OK
2130	     0	68.9	42.9	 769	OK
2131	     0	70.4	59.0	 772	OK
2132	     0	67.8	67.4	 932	OK
2133	     0	67.9	52.5	 822	OK
2134	 20000	147.9	32.9	 349	very high gain
2135	     0	65.6	46.9	 891	OK
2136	     0	67.8	65.4	 853	OK
2137	     0	68.0	58.7	 752	OK
2138	     0	71.0	58.6	 782	OK
2139	     0	67.9	52.3	 840	OK
2140	     0	69.2	86.3	 757	OK
2141	     0	67.8	66.0	 799	OK
2142	     0	68.3	52.0	 841	OK
2143	     0	75.3	56.7	 779	OK
2144	     0	66.1	44.9	 820	OK
2145	     0	70.4	67.8	 842	OK
2146	     0	66.2	60.6	 771	OK
2147	     0	66.9	68.3	 876	OK
2148	  4000	70.5	43.8	 999	high noise
2149	     0	65.2	54.0	 818	OK
2150	     0	70.2	51.6	 829	OK
2151	     0	68.3	50.6	 714	OK
2152	     0	68.7	58.3	 835	OK
2153	     0	71.2	51.1	 825	OK
2154	     0	69.1	64.0	 752	OK
2155	     0	66.9	44.4	 878	OK
2156	     0	67.3	43.7	 827	OK
2157	     0	70.0	70.6	 926	OK
2158	  4000	67.1	53.9	 967	high noise
2159	     0	66.4	49.8	 927	OK
2160	     0	70.0	49.3	 851	OK
2161	     0	68.1	55.0	 734	OK
2162	     0	66.6	31.2	 929	OK
2163	     0	70.7	67.6	 803	OK
2164	     0	70.3	67.6	 823	OK
2165	     0	70.8	53.9	 917	OK
2166	  4000	69.9	46.2	 986	high noise
2167	     0	67.0	47.3	 765	OK
2168	     0	74.8	61.0	 820	OK
2169	     0	67.4	36.6	 867	OK
2170	     0	69.0	59.4	 878	OK
2171	     0	72.5	70.3	 922	OK
2172	     0	69.6	50.9	 761	OK
2173	     0	68.0	42.1	 880	OK
2174	     0	70.0	74.1	 846	OK
2175	     0	71.5	63.0	 859	OK
2176	     0	71.7	88.7	 833	OK
2177	     0	74.4	64.7	 764	OK
2178	     0	73.9	63.8	 811	OK
2179	     0	77.1	39.3	 789	OK
2180	     0	77.4	59.5	 798	OK
2181	     0	74.2	56.6	 718	OK
2182	     0	75.3	59.6	 864	OK
2183	     0	73.7	49.0	 788	OK
2184	     0	74.6	48.8	 848	OK
2185	     0	73.0	56.2	 780	OK
2186	 60000	198.9	32.6	 277	very high gain
2187	     0	78.0	66.0	 850	OK
2188	     0	75.8	52.4	 810	OK
2189	     0	71.9	57.4	 936	OK
2190	     0	74.9	54.6	 885	OK
2191	     0	74.7	62.0	 899	OK
2192	     0	76.1	54.0	 748	OK
2193	     0	76.1	56.2	 859	OK
2194	     0	70.4	61.0	 885	OK
2195	     0	73.7	44.0	 850	OK
2196	     0	73.7	62.7	 817	OK
2197	     0	73.2	79.2	 754	OK
2198	     0	72.7	54.8	 814	OK
2199	     0	72.0	31.7	 836	OK
2200	     0	71.2	54.6	 914	OK
2201	     0	75.3	35.2	 766	OK
2202	     0	72.6	49.6	 821	OK
2203	     0	70.1	63.6	 802	OK
2204	     0	73.8	56.2	 843	OK
2205	     0	74.0	63.1	 759	OK
2206	     0	71.0	63.0	 834	OK
2207	     0	70.4	50.0	 810	OK
2208	     0	71.9	64.4	 828	OK
2209	     0	73.5	71.8	 747	OK
2210	     0	71.7	63.3	 883	OK
2211	     0	73.8	75.1	 935	OK
2212	     0	72.9	63.9	 877	OK
2213	     0	70.9	43.0	 746	OK
2214	     0	76.1	60.3	 765	OK
2215	     0	73.1	51.3	 779	OK
2216	     0	71.0	66.8	 754	OK
2217	     0	72.1	78.4	 777	OK
2218	     0	76.7	70.5	 825	OK
2219	     0	72.5	71.4	 823	OK
2220	     0	71.6	61.0	 767	OK
2221	     0	75.1	79.2	 914	OK
2222	     0	71.5	56.9	 728	OK
2223	     0	76.3	68.9	 834	OK
2224	     0	71.5	52.5	 846	OK
2225	     0	71.9	65.7	 918	OK
2226	     0	76.7	71.6	 790	OK
2227	     0	74.7	76.7	 858	OK
2228	     0	72.5	46.9	 832	OK
2229	     0	74.7	65.7	 910	OK
2230	     0	75.1	55.8	 783	OK
2231	     0	74.9	71.3	 762	OK
2232	     0	73.6	68.2	 814	OK
2233	     0	75.5	56.2	 640	OK
2234	     0	74.4	60.5	 840	OK
2235	     0	72.7	65.1	 943	OK
2236	     0	76.0	61.9	 823	OK
2237	     0	69.1	60.5	 883	OK
2238	     0	70.6	43.0	 915	OK
2239	     0	74.0	75.4	 834	OK
2240	     0	77.9	52.6	 813	OK
2241	     0	73.5	86.2	 857	OK
2242	     0	77.3	74.3	 940	OK
2243	     0	79.0	56.5	 787	OK
2244	     0	71.6	56.7	 856	OK
2245	     0	70.9	43.6	 822	OK
2246	 60000	239.9	32.4	 275	very high gain
2247	     0	75.6	80.1	 805	OK
2248	     0	75.6	54.5	 844	OK
2249	     0	78.0	60.3	 748	OK
2250	     0	78.7	89.1	 767	OK
2251	     0	77.2	71.7	 821	OK
2252	     0	76.8	54.4	 859	OK
2253	     0	74.9	61.5	 724	OK
2254	     0	74.2	53.5	 869	OK
2255	     0	75.1	71.6	 830	OK
2256	     0	76.8	48.5	 800	OK
2257	     0	74.0	60.4	 644	OK
2258	  4000	74.7	63.2	 982	high noise
2259	     0	71.2	64.6	 740	OK
2260	     0	75.2	47.2	 927	OK
2261	     0	72.9	65.1	 868	OK
2262	     0	69.6	60.1	 756	OK
2263	     0	76.5	76.3	 851	OK
2264	  4000	71.7	38.8	 974	high noise
2265	     0	75.2	53.7	 669	OK
2266	     0	72.8	48.0	 861	OK
2267	     0	74.9	68.1	 934	OK
2268	     0	73.2	56.1	 910	OK
2269	     0	71.9	43.5	 894	OK
2270	     0	73.2	70.4	 772	OK
2271	     0	71.5	66.1	 755	OK
2272	     0	76.3	64.7	 884	OK
2273	     0	76.9	58.2	 824	OK
2274	     0	72.3	90.0	 783	OK
2275	     0	74.1	71.3	 897	OK
2276	     0	73.8	69.6	 939	OK
2277	     0	74.5	57.6	 856	OK
2278	     0	77.0	61.7	 863	OK
2279	     0	72.8	60.2	 817	OK
2280	     0	75.6	58.7	 738	OK
2281	     0	71.8	56.6	 812	OK
2282	     0	75.1	57.0	 844	OK
2283	     0	73.4	62.7	 826	OK
2284	     0	76.8	66.0	 925	OK
2285	     0	73.7	50.9	 733	OK
2286	     0	76.0	60.9	 921	OK
2287	     0	73.6	44.5	 864	OK
2288	     0	77.8	63.4	 732	OK
2289	     0	81.1	68.4	 802	OK
2290	     0	76.4	46.1	 852	OK
2291	     0	76.5	74.6	 813	OK
2292	     0	74.8	66.7	 873	OK
2293	     0	75.2	66.7	 629	OK
2294	     0	75.2	58.2	 826	OK
2295	     0	75.1	64.8	 861	OK
2296	     0	80.8	56.2	 785	OK
2297	     0	77.2	61.7	 741	OK
2298	     0	77.0	58.8	 753	OK
2299	     0	74.9	64.4	 730	OK
2300	     0	76.0	70.0	 924	OK
2301	     0	81.3	46.1	 853	OK
2302	     0	77.2	47.3	 887	OK
2303	     0	77.1	57.9	 807	OK
2304	     0	73.6	80.5	 800	OK
2305	     0	69.5	58.5	 767	OK
2306	     0	69.5	63.8	 697	OK
2307	     0	67.3	52.4	 701	OK
2308	     0	70.2	66.1	 752	OK
2309	     0	65.2	48.7	 784	OK
2310	     0	65.9	63.4	 813	OK
2311	     0	67.0	62.4	 722	OK
2312	     0	68.0	56.7	 839	OK
2313	     0	69.8	56.5	 773	OK
2314	     0	65.7	45.3	 806	OK
2315	     0	66.7	33.1	 781	OK
2316	     0	68.6	75.4	 900	OK
2317	     0	68.5	57.7	 888	OK
2318	     0	68.1	65.5	 661	OK
2319	     0	66.5	45.0	 860	OK
2320	     0	65.7	55.7	 886	OK
2321	     0	69.2	52.5	 797	OK
2322	     0	65.5	46.2	 918	OK
2323	     0	69.4	56.4	 855	OK
2324	     0	69.5	45.6	 849	OK
2325	     0	70.8	69.9	 790	OK
2326	     0	67.5	44.0	 892	OK
2327	     0	70.6	54.6	 750	OK
2328	     0	70.8	64.8	 798	OK
2329	     0	67.0	77.9	 848	OK
2330	     0	66.4	56.0	 840	OK
2331	     0	70.1	56.5	 907	OK
2332	     0	69.8	49.0	 957	OK
2333	     0	64.4	42.9	 897	OK
2334	     0	66.6	53.1	 835	OK
2335	     0	68.9	63.2	 894	OK
2336	     0	66.8	42.1	 966	OK
2337	     0	68.6	62.0	 794	OK
2338	     0	67.9	50.9	 743	OK
2339	  4000	69.0	46.1	 992	high noise
2340	     0	66.9	44.9	 907	OK
2341	     0	65.2	52.2	 844	OK
2342	     0	67.1	64.5	 893	OK
2343	  4000	70.7	46.1	1032	high noise
2344	     0	67.7	72.0	 728	OK
2345	     0	69.9	72.9	 968	OK
2346	     0	68.1	66.3	 865	OK
2347	     0	67.4	69.8	 804	OK
2348	     0	67.2	57.5	 781	OK
2349	     0	67.1	50.9	 723	OK
2350	 20000	177.9	30.2	 327	very high gain
2351	     0	67.7	40.2	 734	OK
2352	     0	68.1	54.8	 746	OK
2353	     0	68.1	80.9	 697	OK
2354	     0	69.1	64.6	 942	OK
2355	     0	67.5	70.0	 910	OK
2356	     0	68.0	63.5	 747	OK
2357	     0	70.4	34.6	 798	OK
2358	     0	67.4	60.8	 939	OK
2359	     0	67.2	64.5	 879	OK
2360	     0	70.1	34.3	 767	OK
2361	     0	68.0	66.2	 947	OK
2362	     0	69.3	51.6	 936	OK
2363	     0	70.3	71.6	 744	OK
2364	     0	69.5	78.5	 952	OK
2365	     0	66.4	35.9	 801	OK
2366	     0	68.3	67.7	 889	OK
2367	     0	69.6	59.2	 744	OK
2368	     0	68.3	70.7	 791	OK
2369	     0	67.7	49.3	 873	OK
2370	     0	65.8	58.7	 907	OK
2371	 20000	185.1	31.6	 360	very high gain
2372	     0	69.5	59.5	 709	OK
2373	     0	69.0	37.3	 919	OK
2374	     0	68.0	59.5	 866	OK
2375	     0	66.4	57.3	 721	OK
2376	  4000	68.0	46.6	1010	high noise
2377	     0	66.1	69.7	 854	OK
2378	     0	70.2	34.6	 835	OK
2379	     0	68.3	54.1	 851	OK
2380	     0	67.2	53.3	 850	OK
2381	     0	68.0	55.7	 814	OK
2382	     0	65.6	50.4	 929	OK
2383	     0	69.0	37.0	 860	OK
2384	     0	64.7	56.9	 936	OK
2385	     0	63.6	50.1	 829	OK
2386	     0	65.0	41.5	 841	OK
2387	     0	66.0	61.1	 790	OK
2388	     0	66.9	45.2	 749	OK
2389	  4000	69.0	50.3	1007	high noise
2390	     0	70.0	67.6	 783	OK
2391	     0	66.5	59.6	 821	OK
2392	     0	65.9	43.6	 823	OK
2393	     0	65.2	54.2	 767	OK
2394	     0	66.5	43.3	 868	OK
2395	     0	67.0	66.3	 866	OK
2396	     0	66.3	39.1	 933	OK
2397	     0	68.2	59.5	 720	OK
2398	     0	67.1	44.8	 903	OK
2399	     0	67.4	70.5	 931	OK
2400	  4000	69.7	62.6	1025	high noise
2401	     0	71.3	50.1	 851	OK
2402	     0	70.2	57.2	 823	OK
2403	     0	70.7	68.0	 847	OK
2404	  4000	65.9	48.4	 992	high noise
2405	     0	65.8	64.5	 900	OK
2406	     0	70.5	59.8	 913	OK
2407	     0	67.5	70.2	 774	OK
2408	     0	67.2	56.1	 866	OK
2409	  4000	67.7	51.0	 981	high noise
2410	     0	65.6	59.9	 895	OK
2411	     0	67.3	71.1	 785	OK
2412	     0	69.3	61.7	 767	OK
2413	     0	68.2	66.2	 840	OK
2414	  4000	68.6	61.8	 979	high noise
2415	     0	63.8	39.4	 940	OK
2416	     0	67.2	37.5	 804	OK
2417	     0	67.4	58.7	 817	OK
2418	     0	67.0	56.6	 756	OK
2419	     0	66.9	55.5	 841	OK
2420	     0	67.3	34.6	 734	OK
2421	     0	69.7	51.3	 763	OK
2422	     0	69.4	65.6	 949	OK
2423	     0	65.3	52.9	 800	OK
2424	     0	63.6	33.2	 929	OK
2425	     0	64.7	46.7	 911	OK
2426	     0	69.1	65.5	 826	OK
2427	     0	69.7	49.4	 931	OK
2428	     0	69.5	49.2	 886	OK
2429	     0	66.7	38.3	 831	OK
2430	     0	70.9	44.7	 836	OK
2431	     0	71.5	68.7	 816	OK
2432	     0	77.9	60.4	 766	OK
2433	     0	75.2	67.3	 888	OK
2434	     0	75.8	57.4	 795	OK
2435	     0	72.6	74.3	 895	OK
2436	     0	74.7	60.7	 819	OK
2437	     0	77.0	53.0	 690	OK
2438	  4000	77.0	64.8	 946	high noise
2439	     0	75.1	67.6	 856	OK
2440	     0	77.5	55.3	 805	OK
2441	     0	69.8	66.4	 896	OK
2442	     0	73.5	52.5	 748	OK
2443	     0	79.1	59.1	 749	OK
2444	     0	70.3	84.1	 765	OK
2445	     0	73.5	48.1	 735	OK
2446	     0	75.1	54.6	 730	OK
2447	  4000	73.1	63.6	 913	high noise
2448	     0	73.8	67.1	 791	OK
2449	     0	73.4	61.7	 757	OK
2450	     0	75.4	76.8	 844	OK
2451	  4000	73.3	69.5	 975	high noise
2452	  4000	74.7	63.6	 953	high noise
2453	     0	73.4	72.6	 843	OK
2454	     0	75.3	54.1	 806	OK
2455	     0	73.6	63.3	 758	OK
2456	     0	72.5	66.5	 873	OK
2457	     0	72.1	91.0	 882	OK
2458	     0	72.0	43.0	 836	OK
2459	     0	71.9	65.9	 787	OK
2460	     0	75.4	60.9	 860	OK
2461	     0	72.9	56.0	 822	OK
2462	     0	74.6	55.0	 796	OK
2463	     0	72.0	78.3	 836	OK
2464	     0	72.1	54.5	 757	OK
2465	     0	74.8	52.4	 827	OK
2466	     0	73.8	58.1	 849	OK
2467	     0	73.8	58.1	 791	OK
2468	     0	73.2	68.5	 719	OK
2469	     0	76.6	69.6	 757	OK
2470	     0	74.4	56.9	 807	OK
2471	     0	72.8	66.5	 868	OK
2472	     0	72.3	67.8	 842	OK
2473	     0	71.2	58.9	 752	OK
2474	     0	74.7	65.9	 781	OK
2475	     0	71.9	82.5	 885	OK
2476	     0	74.8	77.8	 852	OK
2477	     0	75.2	43.2	 905	OK
2478	     0	74.7	62.0	 780	OK
2479	     0	72.6	55.8	 736	OK
2480	     0	71.1	63.8	 889	OK
2481	     0	73.4	57.1	 689	OK
2482	  4000	68.3	45.0	 979	high noise
2483	     0	73.9	54.0	 822	OK
2484	     0	72.1	77.0	 844	OK
2485	     0	72.0	41.7	 829	OK
2486	     0	73.3	60.1	 803	OK
2487	     0	74.5	64.5	 853	OK
2488	     0	73.1	74.2	 778	OK
2489	     0	76.1	65.2	 816	OK
2490	     0	73.3	69.3	 785	OK
2491	     0	76.1	59.2	 807	OK
2492	     0	74.8	100.2	 837	OK
2493	  4000	73.6	61.2	 912	high noise
2494	     0	76.0	53.0	 889	OK
2495	  4000	75.9	84.1	 951	high noise
2496	     0	75.8	53.0	 742	OK
2497	     0	73.9	65.1	 818	OK
2498	     0	74.0	67.5	 885	OK
2499	     0	70.2	41.2	 878	OK
2500	     0	71.5	59.4	 743	OK
2501	     0	74.0	74.3	 798	OK
2502	     0	72.5	55.7	 785	OK
2503	     0	74.8	70.4	 782	OK
2504	     0	75.5	57.2	 744	OK
2505	     0	75.4	61.4	 867	OK
2506	     0	76.0	67.9	 788	OK
2507	     0	73.5	61.2	 702	OK
2508	     0	76.1	44.0	 759	OK
2509	     0	73.8	74.8	 741	OK
2510	     0	74.7	78.1	 789	OK
2511	     0	72.5	67.8	 804	OK
2512	  4000	74.1	44.6	 919	high noise
2513	     0	73.2	45.6	 884	OK
2514	     0	73.9	49.6	 840	OK
2515	     0	74.8	58.1	 789	OK
2516	     0	75.6	73.2	 814	OK
2517	     0	73.0	80.6	 873	OK
2518	     0	73.4	72.8	 880	OK
2519	     0	74.4	64.2	 771	OK
2520	     0	72.4	54.9	 808	OK
2521	     0	72.3	70.6	 789	OK
2522	     0	70.5	60.8	 734	OK
2523	     0	72.3	77.6	 734	OK
2524	     0	72.0	57.7	 768	OK
2525	     0	71.5	58.0	 837	OK
2526	     0	72.7	51.5	 778	OK
2527	     0	72.5	55.0	 890	OK
2528	     0	72.5	71.0	 870	OK
2529	     0	75.5	73.6	 759	OK
2530	     0	74.3	59.5	 805	OK
2531	  4000	71.5	43.6	 931	high noise
2532	     0	76.2	84.9	 809	OK
2533	     0	72.3	65.5	 850	OK
2534	     0	73.5	53.9	 757	OK
2535	     0	72.1	47.8	 807	OK
2536	     0	71.7	70.5	 763	OK
2537	     0	75.5	63.6	 819	OK
2538	     0	74.5	64.3	 831	OK
2539	     0	76.9	61.6	 798	OK
2540	     0	75.0	69.4	 754	OK
2541	     0	72.9	66.1	 820	OK
2542	     0	73.9	55.5	 781	OK
2543	     0	73.6	71.0	 843	OK
2544	     0	71.3	53.6	 672	OK
2545	     0	72.4	70.4	 782	OK
2546	     0	73.2	69.1	 756	OK
2547	     0	76.8	58.4	 874	OK
2548	     0	73.7	63.0	 816	OK
2549	     0	76.4	56.8	 876	OK
2550	 60000	220.4	35.7	 263	very high gain
2551	     0	76.2	45.7	 877	OK
2552	     0	72.9	58.1	 881	OK
2553	     0	75.8	52.2	 839	OK
2554	     0	73.5	60.9	 814	OK
2555	     0	70.8	74.2	 837	OK
2556	     0	76.6	55.6	 752	OK
2557	     0	75.8	72.6	 885	OK
2558	     0	78.0	72.4	 775	OK
2559	   200	80.8	61.2	 797	high gain
